0.0	54.82349853515625
1.0	54.78274841308594
2.0	54.77287292480469
3.0	54.71989135742187
4.0	54.600286865234374
5.0	54.50108032226562
6.0	54.625634765625
7.0	54.729067993164065
8.0	54.473333740234374
9.0	54.359231567382814
10.0	54.51845092773438
11.0	54.3359619140625
12.0	54.245733642578124
13.0	54.287158203125
14.0	54.36878662109375
15.0	54.17137451171875
16.0	54.213861083984376
17.0	54.10160827636719
18.0	54.19761657714844
19.0	54.1571044921875
20.0	54.1126220703125
21.0	54.029421997070315
22.0	54.067849731445314
23.0	54.04388427734375
24.0	53.95699768066406
25.0	54.09624328613281
26.0	53.958868408203124
27.0	53.98294677734375
28.0	53.94129638671875
29.0	53.9835693359375
30.0	53.85463256835938
31.0	53.80081787109375
32.0	53.680511474609375
33.0	53.80567321777344
34.0	53.85451965332031
35.0	53.82881469726563
36.0	53.70635986328125
37.0	53.785552978515625
38.0	53.792623901367186
39.0	53.75718994140625
40.0	53.79429931640625
41.0	53.53710021972656
42.0	53.671505737304685
43.0	53.757110595703125
44.0	53.60144958496094
45.0	53.50907897949219
46.0	53.6135009765625
47.0	53.7189697265625
48.0	53.649349975585935
49.0	53.59026184082031
50.0	53.714959716796876
51.0	53.5758544921875
52.0	53.552267456054686
53.0	53.62052001953125
54.0	53.556600952148436
55.0	53.49800109863281
56.0	53.47294616699219
57.0	53.50213623046875
58.0	53.56833190917969
59.0	53.46078186035156
60.0	53.49320678710937
61.0	53.51434326171875
62.0	53.49443054199219
63.0	53.32095947265625
64.0	53.36983947753906
65.0	53.414117431640626
66.0	53.322628784179685
67.0	53.39949951171875
68.0	53.30796813964844
69.0	53.212548828125
70.0	53.348193359375
71.0	53.37186889648437
72.0	53.357366943359374
73.0	53.229608154296876
74.0	53.27428283691406
75.0	53.41726379394531
76.0	53.28255920410156
77.0	53.290200805664064
78.0	53.22444458007813
79.0	53.250421142578126
80.0	53.32187194824219
81.0	53.270077514648435
82.0	53.2495361328125
83.0	53.303411865234374
84.0	53.292172241210935
85.0	53.22049255371094
86.0	53.3042724609375
87.0	53.19251403808594
88.0	53.18739318847656
89.0	53.25719299316406
90.0	53.222711181640626
91.0	53.33170776367187
92.0	53.15919494628906
93.0	53.28502502441406
94.0	53.198272705078125
95.0	53.282373046875
96.0	53.141928100585936
97.0	53.32398986816406
98.0	53.273501586914065
99.0	53.147787475585936
100.0	53.15603942871094
101.0	53.19285888671875
102.0	53.185052490234376
103.0	53.12308349609375
104.0	53.162966918945315
105.0	53.16609497070313
106.0	53.18711853027344
107.0	53.216741943359374
108.0	53.12893981933594
109.0	53.15545654296875
110.0	53.122555541992185
111.0	53.15516662597656
112.0	53.1855712890625
113.0	53.125308227539065
114.0	53.086639404296875
115.0	53.14613647460938
116.0	53.241326904296876
117.0	53.15304260253906
118.0	53.20352478027344
119.0	54.29344177246094
120.0	60.105517578125
121.0	60.12564392089844
122.0	60.18334045410156
123.0	60.34072265625
124.0	60.21768493652344
125.0	60.240786743164065
126.0	60.10734558105469
127.0	60.29622192382813
128.0	60.245355224609376
129.0	60.308554077148436
130.0	60.33271484375
131.0	60.3309326171875
132.0	60.12971801757813
133.0	60.25618286132813
134.0	60.233282470703124
135.0	60.3018310546875
136.0	60.21278381347656
137.0	60.252630615234374
138.0	60.330078125
139.0	60.161337280273436
140.0	60.04701538085938
141.0	60.11576538085937
142.0	60.18541259765625
143.0	60.242550659179685
144.0	60.19814758300781
145.0	60.16544799804687
146.0	60.21809387207031
147.0	60.17662048339844
148.0	60.20896606445312
149.0	60.220236206054686
150.0	60.22669982910156
151.0	60.12060546875
152.0	60.18004455566406
153.0	60.134335327148435
154.0	60.20948486328125
155.0	60.11222839355469
156.0	60.0745361328125
157.0	60.19815673828125
158.0	60.07227783203125
159.0	60.116241455078125
160.0	60.06770629882813
161.0	60.121270751953126
162.0	60.09129638671875
163.0	60.03709716796875
164.0	60.19959716796875
165.0	60.03390197753906
166.0	59.97232666015625
167.0	60.17308349609375
168.0	59.996377563476564
169.0	60.152520751953126
170.0	60.12757568359375
171.0	60.07108764648437
172.0	59.98915100097656
173.0	60.07405090332031
174.0	60.01451110839844
175.0	60.09120483398438
176.0	59.99851684570312
177.0	60.0208984375
178.0	59.99168395996094
179.0	60.13895874023437
180.0	60.02981872558594
181.0	59.95077819824219
182.0	60.01102294921875
183.0	59.89919738769531
184.0	59.97744140625
185.0	59.89028625488281
186.0	59.988973999023436
187.0	59.98818359375
188.0	59.915087890625
189.0	59.910491943359375
190.0	59.98949279785156
191.0	59.80863952636719
192.0	59.922708129882814
193.0	59.86963806152344
194.0	59.87271423339844
195.0	59.878570556640625
196.0	59.889898681640624
197.0	59.846438598632815
198.0	59.96778869628906
199.0	60.006195068359375
200.0	59.792041015625
201.0	59.91201477050781
202.0	59.819183349609375
203.0	59.766232299804685
204.0	59.799957275390625
205.0	59.900274658203124
206.0	59.88816833496094
207.0	59.70841064453125
208.0	59.80030822753906
209.0	59.7316162109375
210.0	59.83884887695312
211.0	59.74002685546875
212.0	59.754754638671876
213.0	59.805154418945314
214.0	59.76419677734375
215.0	59.813427734375
216.0	59.640725708007814
217.0	59.795999145507814
218.0	59.77759704589844
219.0	59.789205932617186
220.0	59.7752685546875
221.0	59.821981811523436
222.0	59.668609619140625
223.0	59.724588012695314
224.0	59.740414428710935
225.0	59.775637817382815
226.0	59.726254272460935
227.0	59.69310302734375
228.0	59.78156433105469
229.0	59.763421630859376
230.0	59.71456604003906
231.0	59.80754089355469
232.0	59.719033813476564
233.0	59.76042785644531
234.0	59.71658630371094
235.0	59.87251586914063
236.0	59.746157836914065
237.0	59.763250732421874
238.0	59.787539672851565
239.0	59.707559204101564
240.0	59.74906921386719
241.0	59.841372680664065
242.0	59.7428955078125
243.0	59.726565551757815
244.0	59.703512573242186
245.0	59.78023681640625
246.0	59.78140869140625
247.0	59.798623657226564
248.0	59.775701904296874
249.0	59.778204345703124
250.0	59.80013732910156
251.0	59.77232055664062
252.0	59.80093078613281
253.0	59.73979797363281
254.0	59.952639770507815
255.0	59.90489501953125
256.0	59.71990966796875
257.0	59.96120910644531
258.0	59.84648742675781
259.0	59.81146240234375
260.0	59.73515930175781
261.0	59.770693969726565
262.0	59.6252685546875
263.0	59.69422302246094
264.0	59.78738098144531
265.0	59.739645385742186
266.0	59.79194641113281
267.0	59.884420776367186
268.0	59.875238037109376
269.0	59.80693664550781
270.0	59.77527770996094
271.0	59.82173156738281
272.0	59.81806640625
273.0	59.99124450683594
274.0	59.84416809082031
275.0	59.960610961914064
276.0	59.83641357421875
277.0	59.943179321289065
278.0	60.0167236328125
279.0	59.96227111816406
280.0	59.95094299316406
281.0	59.908078002929685
282.0	59.685122680664065
283.0	59.84429016113281
284.0	59.86101379394531
285.0	59.978912353515625
286.0	59.91630249023437
287.0	59.886959838867185
288.0	59.92238159179688
289.0	59.806671142578125
290.0	59.93612976074219
291.0	59.933892822265626
292.0	59.864071655273435
293.0	59.97289123535156
294.0	59.95775146484375
295.0	59.924826049804686
296.0	59.868081665039064
297.0	59.94595031738281
298.0	59.97142333984375
299.0	59.866781616210936
300.0	59.88907470703125
301.0	59.85080261230469
302.0	59.783599853515625
303.0	59.88951416015625
304.0	59.876303100585936
305.0	59.83631286621094
306.0	59.82213134765625
307.0	59.85160827636719
308.0	59.871542358398436
309.0	59.92684326171875
310.0	59.874673461914064
311.0	59.92330322265625
312.0	60.00693054199219
313.0	59.9001953125
314.0	59.971273803710936
315.0	59.968658447265625
316.0	59.98182678222656
317.0	59.85816345214844
318.0	59.901641845703125
319.0	59.851052856445314
320.0	59.914990234375
321.0	59.79588928222656
322.0	59.85842590332031
323.0	59.80218505859375
324.0	60.02451782226562
325.0	59.91019897460937
326.0	59.8469970703125
327.0	59.92164611816406
328.0	59.963766479492186
329.0	60.01358337402344
330.0	59.9708984375
331.0	59.98819274902344
332.0	59.88003234863281
333.0	59.975146484375
334.0	59.890838623046875
335.0	59.93067626953125
336.0	59.95155334472656
337.0	59.93763732910156
338.0	59.989013671875
339.0	59.954489135742186
340.0	59.868438720703125
341.0	59.860659790039065
342.0	59.85634155273438
343.0	59.898065185546876
344.0	59.85347290039063
345.0	60.042138671875
346.0	60.03917541503906
347.0	59.99375610351562
348.0	60.01719970703125
349.0	60.04104919433594
350.0	59.9027587890625
351.0	59.97413024902344
352.0	60.01998596191406
353.0	59.951681518554686
354.0	59.97847290039063
355.0	59.975100708007815
356.0	59.959780883789065
357.0	60.02362976074219
358.0	60.029763793945314
359.0	59.978582763671874
360.0	59.93181457519531
361.0	59.955633544921874
362.0	59.990963745117185
363.0	59.90791625976563
364.0	59.928497314453125
365.0	60.0319091796875
366.0	60.0133056640625
367.0	60.11954956054687
368.0	60.088568115234374
369.0	60.12056274414063
370.0	60.1248291015625
371.0	60.071319580078125
372.0	59.92948913574219
373.0	59.97768859863281
374.0	59.98444519042969
375.0	59.963525390625
376.0	60.00833740234375
377.0	59.97654724121094
378.0	60.06796569824219
379.0	60.04493408203125
380.0	59.9043701171875
381.0	59.98030395507813
382.0	59.877261352539065
383.0	60.01474609375
384.0	59.96540222167969
385.0	60.117147827148436
386.0	60.135214233398436
387.0	60.02576904296875
388.0	60.06520385742188
389.0	60.102691650390625
390.0	59.93431396484375
391.0	59.999505615234376
392.0	59.89494018554687
393.0	60.08821411132813
394.0	60.01072692871094
395.0	60.01156005859375
396.0	60.05465393066406
397.0	59.96987609863281
398.0	59.98533325195312
399.0	59.95939636230469
400.0	59.98477783203125
401.0	59.90309448242188
402.0	59.79728698730469
403.0	59.92689514160156
404.0	59.90257263183594
405.0	60.149957275390626
406.0	60.078634643554686
407.0	60.026065063476565
408.0	59.90513916015625
409.0	59.98060913085938
410.0	60.07334899902344
411.0	59.966390991210936
412.0	59.96604614257812
413.0	60.071066284179686
414.0	60.019552612304686
415.0	59.999697875976565
416.0	59.951541137695315
417.0	59.83257141113281
418.0	59.85499572753906
419.0	59.877566528320315
420.0	59.79866943359375
421.0	59.78938293457031
422.0	59.82991943359375
423.0	59.83177795410156
424.0	59.75920104980469
425.0	59.92327880859375
426.0	59.877157592773436
427.0	59.89030456542969
428.0	59.87303161621094
429.0	59.85304565429688
430.0	59.839898681640626
431.0	59.84266662597656
432.0	59.771969604492185
433.0	59.78956909179688
434.0	59.75168151855469
435.0	59.77596740722656
436.0	59.87166137695313
437.0	59.79377746582031
438.0	59.723245239257814
439.0	59.54527587890625
440.0	59.6292236328125
441.0	59.70009765625
442.0	59.57713012695312
443.0	59.60663757324219
444.0	59.56952819824219
445.0	59.7185791015625
446.0	59.675439453125
447.0	59.77477111816406
448.0	59.60359191894531
449.0	59.542501831054686
450.0	59.643515014648436
451.0	59.74850158691406
452.0	59.66145324707031
453.0	59.544464111328125
454.0	59.627951049804686
455.0	59.650262451171876
456.0	59.52339477539063
457.0	59.65718078613281
458.0	59.488119506835936
459.0	59.50682373046875
460.0	59.52061462402344
461.0	59.496429443359375
462.0	59.473333740234374
463.0	59.55787658691406
464.0	59.52245178222656
465.0	59.553680419921875
466.0	59.49288330078125
467.0	59.5302734375
468.0	59.589840698242185
469.0	59.420709228515626
470.0	59.40057373046875
471.0	59.59129028320312
472.0	59.51742858886719
473.0	59.494921875
474.0	59.439178466796875
475.0	59.35823974609375
476.0	59.514443969726564
477.0	59.432150268554686
478.0	59.30549011230469
479.0	59.318197631835936
480.0	59.30264587402344
481.0	59.34678344726562
482.0	59.3147216796875
483.0	59.31348876953125
484.0	59.275323486328126
485.0	59.25318603515625
486.0	59.348638916015624
487.0	59.317962646484375
488.0	59.33650207519531
489.0	59.30186767578125
490.0	59.35252380371094
491.0	59.35254821777344
492.0	59.36606140136719
493.0	59.31790466308594
494.0	59.187258911132815
495.0	59.2228515625
496.0	59.12021179199219
497.0	59.18477783203125
498.0	59.15728759765625
499.0	59.02716064453125
500.0	59.136480712890624
501.0	59.11759033203125
502.0	59.139093017578126
503.0	59.06657104492187
504.0	59.04522705078125
505.0	59.091162109375
506.0	59.125726318359376
507.0	59.111767578125
508.0	59.02939453125
509.0	59.019186401367186
510.0	59.0531005859375
511.0	59.05964050292969
512.0	58.98702392578125
513.0	59.1649658203125
514.0	59.08834228515625
515.0	59.11228942871094
516.0	58.95049133300781
517.0	59.029473876953126
518.0	58.97560424804688
519.0	58.94759826660156
520.0	59.057901000976564
521.0	58.82634582519531
522.0	58.91187438964844
523.0	59.0306640625
524.0	58.793145751953126
525.0	58.99622497558594
526.0	58.83943481445313
527.0	58.80132141113281
528.0	58.83887939453125
529.0	58.825112915039064
530.0	58.811065673828125
531.0	58.805258178710936
532.0	58.74840393066406
533.0	58.79996948242187
534.0	58.88638000488281
535.0	58.78193664550781
536.0	58.784478759765626
537.0	58.72996826171875
538.0	58.669244384765626
539.0	58.834231567382815
540.0	58.76817626953125
541.0	58.7272705078125
542.0	58.642181396484375
543.0	58.74488220214844
544.0	58.784429931640624
545.0	58.819888305664065
546.0	58.7585693359375
547.0	58.80849609375
548.0	58.7556396484375
549.0	58.76731567382812
550.0	58.74036560058594
551.0	58.83739013671875
552.0	58.87948913574219
553.0	58.796270751953124
554.0	58.80526428222656
555.0	58.87806091308594
556.0	58.64921569824219
557.0	58.712582397460935
558.0	58.68949584960937
559.0	58.731832885742186
560.0	58.75533752441406
561.0	58.758111572265626
562.0	58.72622375488281
563.0	58.816122436523436
564.0	58.82606201171875
565.0	58.89814147949219
566.0	58.73393859863281
567.0	58.80728759765625
568.0	58.731640625
569.0	58.806704711914065
570.0	58.90931091308594
571.0	58.752481079101564
572.0	58.833447265625
573.0	58.78766784667969
574.0	58.831512451171875
575.0	58.721337890625
576.0	58.64753723144531
577.0	58.6621826171875
578.0	58.59212951660156
579.0	58.68211059570312
580.0	58.634527587890624
581.0	58.6675048828125
582.0	58.797113037109376
583.0	58.74735717773437
584.0	58.73055725097656
585.0	58.74772338867187
586.0	58.7126953125
587.0	58.773641967773436
588.0	58.79720764160156
589.0	58.631124877929686
590.0	58.70640258789062
591.0	58.75850219726563
592.0	58.678900146484374
593.0	58.73248291015625
594.0	58.7774658203125
595.0	58.622372436523435
596.0	58.66193542480469
597.0	58.53072814941406
598.0	58.59375915527344
599.0	58.67311096191406
600.0	58.59278564453125
601.0	58.7408447265625
602.0	58.58951416015625
603.0	58.68312377929688
604.0	58.46769714355469
605.0	58.60921020507813
606.0	58.697018432617185
607.0	58.518060302734376
608.0	58.61038818359375
609.0	58.600286865234374
610.0	58.581781005859376
611.0	58.569451904296876
612.0	58.62894287109375
613.0	58.634796142578125
614.0	58.54947204589844
615.0	58.528750610351565
616.0	58.55152893066406
617.0	58.59383544921875
618.0	58.65114135742188
619.0	58.64293212890625
620.0	58.59524230957031
621.0	58.591461181640625
622.0	58.64230041503906
623.0	58.61001892089844
624.0	58.69105529785156
625.0	58.69729919433594
626.0	58.625668334960935
627.0	58.700784301757814
628.0	58.61925048828125
629.0	58.6334228515625
630.0	58.7024169921875
631.0	58.67054443359375
632.0	58.69619445800781
633.0	58.64302978515625
634.0	58.67441101074219
635.0	58.67689514160156
636.0	58.663623046875
637.0	58.64836730957031
638.0	58.776678466796874
639.0	58.758673095703124
640.0	58.74623413085938
641.0	58.70350036621094
642.0	58.80410461425781
643.0	58.80628356933594
644.0	58.698910522460935
645.0	58.85926818847656
646.0	58.741845703125
647.0	58.6154052734375
648.0	58.78243408203125
649.0	58.721002197265626
650.0	58.773318481445315
651.0	58.861898803710936
652.0	58.69827880859375
653.0	58.792886352539064
654.0	58.661138916015624
655.0	58.86893310546875
656.0	58.736593627929686
657.0	58.74088134765625
658.0	58.832025146484376
659.0	58.909356689453126
660.0	58.78641967773437
661.0	58.730368041992186
662.0	58.96474609375
663.0	58.857666015625
664.0	58.80119323730469
665.0	58.888275146484375
666.0	58.844775390625
667.0	58.967062377929686
668.0	58.86715087890625
669.0	58.872119140625
670.0	58.806646728515624
671.0	58.848974609375
672.0	58.85443115234375
673.0	58.85474548339844
674.0	58.89645690917969
675.0	58.77225341796875
676.0	58.93185119628906
677.0	58.807318115234374
678.0	58.984912109375
679.0	58.8036376953125
680.0	58.812295532226564
681.0	58.84587097167969
682.0	58.84538269042969
683.0	58.871951293945315
684.0	58.85138854980469
685.0	58.94635925292969
686.0	58.939578247070315
687.0	58.86740417480469
688.0	58.827169799804686
689.0	59.00056457519531
690.0	58.90460205078125
691.0	58.91435241699219
692.0	58.887518310546874
693.0	58.98495788574219
694.0	58.9762939453125
695.0	59.0439453125
696.0	58.81636352539063
697.0	58.78403015136719
698.0	58.838626098632815
699.0	58.907876586914064
700.0	58.97175903320313
701.0	58.918023681640626
702.0	58.9284912109375
703.0	59.06202697753906
704.0	58.982723999023435
705.0	58.950540161132814
706.0	59.03026123046875
707.0	59.04716796875
708.0	58.84162902832031
709.0	58.981866455078126
710.0	58.985940551757814
711.0	58.86763916015625
712.0	58.98468933105469
713.0	58.9900634765625
714.0	58.974240112304685
715.0	59.01304626464844
716.0	58.97105102539062
717.0	58.967047119140624
718.0	58.93332214355469
719.0	58.85206909179688
720.0	59.01045227050781
721.0	59.04637756347656
722.0	58.802859497070315
723.0	59.035369873046875
724.0	59.04142456054687
725.0	58.91193542480469
726.0	58.8467529296875
727.0	58.8711181640625
728.0	58.89071960449219
729.0	58.883078002929686
730.0	58.85420532226563
731.0	58.96636047363281
732.0	58.91161193847656
733.0	59.05374755859375
734.0	58.87823486328125
735.0	59.000979614257815
736.0	58.94236450195312
737.0	58.9010498046875
738.0	58.97392883300781
739.0	59.101251220703126
740.0	58.8851806640625
741.0	58.889523315429685
742.0	58.90456848144531
743.0	59.01579895019531
744.0	59.008297729492185
745.0	58.9794677734375
746.0	58.958010864257815
747.0	59.0828369140625
748.0	58.94295043945313
749.0	59.09290771484375
750.0	59.02752685546875
751.0	58.896218872070314
752.0	58.97242126464844
753.0	58.984292602539064
754.0	59.02347106933594
755.0	59.108969116210936
756.0	59.14312744140625
757.0	58.947836303710936
758.0	58.918460083007815
759.0	59.03382873535156
760.0	59.0165283203125
761.0	59.02127380371094
762.0	58.89845275878906
763.0	58.939755249023435
764.0	59.12086181640625
765.0	59.01850280761719
766.0	58.97795104980469
767.0	59.01912231445313
768.0	58.9646240234375
769.0	58.99705200195312
770.0	59.069985961914064
771.0	59.020077514648435
772.0	59.117181396484376
773.0	59.09659118652344
774.0	59.125546264648435
775.0	59.108279418945315
776.0	59.10429992675781
777.0	59.056539916992186
778.0	59.05997924804687
779.0	59.065576171875
780.0	58.94083251953125
781.0	59.00465393066406
782.0	59.11417236328125
783.0	58.9728515625
784.0	59.092855834960936
785.0	59.08572692871094
786.0	58.98235168457031
787.0	58.9872314453125
788.0	58.98415832519531
789.0	58.98240966796875
790.0	58.94179077148438
791.0	59.040582275390626
792.0	59.00965270996094
793.0	58.95164184570312
794.0	59.04521484375
795.0	59.04261474609375
796.0	58.966973876953126
797.0	59.04237060546875
798.0	58.8328857421875
799.0	59.090423583984375
800.0	59.11510314941406
801.0	58.964804077148436
802.0	58.985476684570315
803.0	58.97872619628906
804.0	58.978424072265625
805.0	59.00410766601563
806.0	58.98391418457031
807.0	58.930154418945314
808.0	58.89936828613281
809.0	58.89741516113281
810.0	59.0063232421875
811.0	58.87352294921875
812.0	58.991302490234375
813.0	58.939239501953125
814.0	58.931243896484375
815.0	59.05295104980469
816.0	58.96150207519531
817.0	58.912158203125
818.0	59.01774291992187
819.0	58.922280883789064
820.0	58.929263305664065
821.0	58.886044311523435
822.0	58.944699096679685
823.0	58.87496643066406
824.0	58.942788696289064
825.0	58.84645080566406
826.0	58.8598388671875
827.0	58.93734130859375
828.0	58.950906372070314
829.0	58.94752197265625
830.0	58.979067993164065
831.0	58.938653564453126
832.0	58.865231323242185
833.0	58.89732055664062
834.0	58.928076171875
835.0	58.946615600585936
836.0	58.849649047851564
837.0	58.87381591796875
838.0	58.957376098632814
839.0	58.86800537109375
840.0	58.92135925292969
841.0	58.955902099609375
842.0	58.9615234375
843.0	58.863931274414064
844.0	58.77435302734375
845.0	58.88339538574219
846.0	58.80509033203125
847.0	58.83408813476562
848.0	58.817108154296875
849.0	58.892617797851564
850.0	58.79779052734375
851.0	58.821572875976564
852.0	58.8140625
853.0	58.702093505859374
854.0	58.81116943359375
855.0	58.76885986328125
856.0	58.81565856933594
857.0	58.76620178222656
858.0	58.933694458007814
859.0	58.74331970214844
860.0	58.81397705078125
861.0	58.68681945800781
862.0	59.003274536132814
863.0	58.8111328125
864.0	58.73422546386719
865.0	58.838644409179686
866.0	58.87234802246094
867.0	58.82989501953125
868.0	58.744921875
869.0	58.7347900390625
870.0	58.77507019042969
871.0	58.931497192382814
872.0	58.799676513671876
873.0	58.716522216796875
874.0	58.8605224609375
875.0	58.81989440917969
876.0	58.67485656738281
877.0	58.68485107421875
878.0	58.755975341796876
879.0	58.79881286621094
880.0	58.648373413085935
881.0	58.840423583984375
882.0	58.67109680175781
883.0	58.51475830078125
884.0	58.65781860351562
885.0	58.78660888671875
886.0	58.81076354980469
887.0	58.622781372070314
888.0	58.61074523925781
889.0	58.696295166015624
890.0	58.721380615234374
891.0	58.731390380859374
892.0	58.77161560058594
893.0	58.60958251953125
894.0	58.710757446289065
895.0	58.86815185546875
896.0	58.832696533203126
897.0	58.651712036132814
898.0	58.658575439453124
899.0	58.697732543945314
900.0	58.602761840820314
901.0	58.67190246582031
902.0	58.565484619140626
903.0	58.63363342285156
904.0	58.69774475097656
905.0	58.61005859375
906.0	58.66004333496094
907.0	58.69355773925781
908.0	58.59634094238281
909.0	58.60580749511719
910.0	58.66698303222656
911.0	58.51856689453125
912.0	58.59823913574219
913.0	58.5978515625
914.0	58.52339172363281
915.0	58.60475463867188
916.0	58.48365783691406
917.0	58.620819091796875
918.0	58.51838073730469
919.0	58.51339416503906
920.0	58.43387451171875
921.0	58.47068786621094
922.0	58.42637939453125
923.0	58.50955810546875
924.0	58.49502868652344
925.0	58.52146606445312
926.0	58.45960388183594
927.0	58.43022766113281
928.0	58.45821533203125
929.0	58.45905456542969
930.0	58.45445861816406
931.0	58.47378234863281
932.0	58.45335998535156
933.0	58.48222351074219
934.0	58.49910888671875
935.0	58.50227355957031
936.0	58.44602661132812
937.0	58.43050537109375
938.0	58.438192749023436
939.0	58.4404052734375
940.0	58.4842529296875
941.0	58.38499145507812
942.0	58.47268981933594
943.0	58.60362854003906
944.0	58.33511657714844
945.0	58.48463134765625
946.0	58.57642822265625
947.0	58.309384155273435
948.0	58.49434204101563
949.0	58.525421142578125
950.0	58.44529724121094
951.0	58.42298583984375
952.0	58.3668701171875
953.0	58.370233154296876
954.0	58.34829406738281
955.0	58.37237548828125
956.0	58.37437744140625
957.0	58.387838745117186
958.0	58.52256469726562
959.0	58.36219787597656
960.0	58.47745056152344
961.0	58.44512939453125
962.0	58.31790771484375
963.0	58.4336669921875
964.0	58.436895751953124
965.0	58.46751403808594
966.0	58.4204833984375
967.0	58.450338745117186
968.0	58.392269897460935
969.0	58.396337890625
970.0	58.42896423339844
971.0	58.48316650390625
972.0	58.32124633789063
973.0	58.482382202148436
974.0	58.38291931152344
975.0	58.30000305175781
976.0	58.40953369140625
977.0	58.298248291015625
978.0	58.34500732421875
979.0	58.26401977539062
980.0	58.40531616210937
981.0	58.21749267578125
982.0	58.39680786132813
983.0	58.31322021484375
984.0	58.32980041503906
985.0	58.3460693359375
986.0	58.32786865234375
987.0	58.31495361328125
988.0	58.41044311523437
989.0	58.25566101074219
990.0	58.2450439453125
991.0	58.31175231933594
992.0	58.21299438476562
993.0	58.28643798828125
994.0	58.255068969726565
995.0	58.298797607421875
996.0	58.37275695800781
997.0	58.16462097167969
998.0	58.065069580078124
999.0	58.22609252929688
1000.0	58.2125244140625
1001.0	58.22724609375
1002.0	58.1841796875
1003.0	58.2433837890625
1004.0	58.17919921875
1005.0	58.26369018554688
1006.0	58.175482177734374
1007.0	58.20872802734375
1008.0	58.2037841796875
1009.0	58.2073486328125
1010.0	58.235757446289064
1011.0	58.253509521484375
1012.0	58.18128662109375
1013.0	58.2991455078125
1014.0	58.20785827636719
1015.0	58.224978637695315
1016.0	58.177285766601564
1017.0	58.25374145507813
1018.0	58.32510986328125
1019.0	58.377847290039064
1020.0	58.27207946777344
1021.0	58.26412658691406
1022.0	58.221377563476565
1023.0	58.16963195800781
1024.0	58.24551696777344
1025.0	58.318408203125
1026.0	58.2246826171875
1027.0	58.45003967285156
1028.0	58.2036865234375
1029.0	58.298825073242185
1030.0	58.15859375
1031.0	58.25613708496094
1032.0	58.19354248046875
1033.0	58.33714294433594
1034.0	58.26292419433594
1035.0	58.390969848632814
1036.0	58.28956298828125
1037.0	58.244503784179685
1038.0	58.302178955078126
1039.0	58.336639404296875
1040.0	58.249359130859375
1041.0	58.17362976074219
1042.0	58.243655395507815
1043.0	58.27918701171875
1044.0	58.236480712890625
1045.0	58.292153930664064
1046.0	58.31130676269531
1047.0	58.22923583984375
1048.0	58.2411376953125
1049.0	58.379766845703124
1050.0	58.171746826171876
1051.0	58.283792114257814
1052.0	58.338232421875
1053.0	58.21938781738281
1054.0	58.2376953125
1055.0	58.29031066894531
1056.0	58.283233642578125
1057.0	58.2135009765625
1058.0	58.142449951171876
1059.0	58.30482177734375
1060.0	58.29111938476562
1061.0	58.24554443359375
1062.0	58.15696411132812
1063.0	58.34841613769531
1064.0	58.21007385253906
1065.0	58.34176025390625
1066.0	58.12596435546875
1067.0	58.323663330078126
1068.0	58.177490234375
1069.0	58.27114562988281
1070.0	58.16541442871094
1071.0	58.324462890625
1072.0	58.26246032714844
1073.0	58.288262939453126
1074.0	58.235357666015624
1075.0	58.373025512695314
1076.0	58.3598388671875
1077.0	58.222897338867185
1078.0	58.25834350585937
1079.0	58.30610656738281
1080.0	58.243569946289064
1081.0	58.338232421875
1082.0	58.261355590820315
1083.0	58.278628540039065
1084.0	58.34156494140625
1085.0	58.404119873046874
1086.0	58.16745300292969
1087.0	58.22474365234375
1088.0	58.30753173828125
1089.0	58.286764526367186
1090.0	58.31983642578125
1091.0	58.149227905273435
1092.0	58.315283203125
1093.0	58.318609619140624
1094.0	58.257119750976564
1095.0	58.2471923828125
1096.0	58.259814453125
1097.0	58.312930297851565
1098.0	58.220037841796874
1099.0	58.20498352050781
1100.0	58.241946411132815
1101.0	58.322802734375
1102.0	58.278778076171875
1103.0	58.300393676757814
1104.0	58.25209350585938
1105.0	58.333563232421874
1106.0	58.33829040527344
1107.0	58.3929931640625
1108.0	58.354974365234376
1109.0	58.407415771484374
1110.0	58.292196655273436
1111.0	58.37530517578125
1112.0	58.347634887695314
1113.0	58.28171081542969
1114.0	58.41114807128906
1115.0	58.45614929199219
1116.0	58.35988159179688
1117.0	58.4138427734375
1118.0	58.28062744140625
1119.0	58.34115295410156
1120.0	58.33216552734375
1121.0	58.273904418945314
1122.0	58.311135864257814
1123.0	58.44695129394531
1124.0	58.33643493652344
1125.0	58.43543701171875
1126.0	58.269415283203124
1127.0	58.39669189453125
1128.0	58.40746154785156
1129.0	58.34151000976563
1130.0	58.45304870605469
1131.0	58.3400390625
1132.0	58.34874572753906
1133.0	58.4106689453125
1134.0	58.3155517578125
1135.0	58.39713134765625
1136.0	58.327108764648436
1137.0	58.32184753417969
1138.0	58.23243713378906
1139.0	58.302188110351565
1140.0	58.23142700195312
1141.0	58.3448486328125
1142.0	58.3312744140625
1143.0	58.416290283203125
1144.0	58.37034606933594
1145.0	58.23231201171875
1146.0	58.421450805664065
1147.0	58.498025512695314
1148.0	58.40998229980469
1149.0	58.34429931640625
1150.0	58.259481811523436
1151.0	58.41209716796875
1152.0	58.37233276367188
1153.0	58.42239990234375
1154.0	58.36824340820313
1155.0	58.40916748046875
1156.0	58.38926391601562
1157.0	58.36922912597656
1158.0	58.43516845703125
1159.0	58.41792602539063
1160.0	58.560784912109376
1161.0	58.462460327148435
1162.0	58.41974792480469
1163.0	58.4566162109375
1164.0	58.418270874023435
1165.0	58.526068115234374
1166.0	58.494940185546874
1167.0	58.557369995117185
1168.0	58.390008544921876
1169.0	58.452911376953125
1170.0	58.51827392578125
1171.0	58.39761962890625
1172.0	58.449652099609374
1173.0	58.46697082519531
1174.0	58.52401428222656
1175.0	58.41712646484375
1176.0	58.56080932617188
1177.0	58.376898193359374
1178.0	58.51225891113281
1179.0	58.50010375976562
1180.0	58.378912353515624
1181.0	58.51295166015625
1182.0	58.476437377929685
1183.0	58.52584228515625
1184.0	58.493814086914064
1185.0	58.49993896484375
1186.0	58.425262451171875
1187.0	58.639306640625
1188.0	58.498834228515626
1189.0	58.567633056640624
1190.0	58.521646118164064
1191.0	58.509646606445315
1192.0	58.56333618164062
1193.0	58.61671447753906
1194.0	58.700189208984376
1195.0	58.4747802734375
1196.0	58.6111083984375
1197.0	58.48653869628906
1198.0	58.567559814453126
1199.0	58.55306396484375
1200.0	58.49639892578125
1201.0	58.63119812011719
1202.0	58.58115844726562
1203.0	58.62562866210938
1204.0	58.54130859375
1205.0	58.54634094238281
1206.0	58.60365600585938
1207.0	58.55518798828125
1208.0	58.460122680664064
1209.0	58.515185546875
1210.0	58.531805419921874
1211.0	58.576080322265625
1212.0	58.50491638183594
1213.0	58.535684204101564
1214.0	58.4921630859375
1215.0	58.61882629394531
1216.0	58.51583557128906
1217.0	58.5947265625
1218.0	58.53996887207031
1219.0	58.51109313964844
1220.0	58.500677490234374
1221.0	58.53511047363281
1222.0	58.46111145019531
1223.0	58.411163330078125
1224.0	58.454446411132814
1225.0	58.615716552734376
1226.0	58.54472351074219
1227.0	58.54071960449219
1228.0	58.40707092285156
1229.0	58.55287170410156
1230.0	58.530950927734374
1231.0	58.603762817382815
1232.0	58.49943237304687
1233.0	58.553411865234374
1234.0	58.576760864257814
1235.0	58.602297973632815
1236.0	58.45170288085937
1237.0	58.43272399902344
1238.0	58.48524475097656
1239.0	58.493655395507815
1240.0	58.560665893554685
1241.0	58.556820678710935
1242.0	58.522769165039065
1243.0	58.59382934570313
1244.0	58.4383056640625
1245.0	58.67210388183594
1246.0	58.469451904296875
1247.0	58.50157165527344
1248.0	58.539773559570314
1249.0	58.428070068359375
1250.0	58.59845886230469
1251.0	58.60549621582031
1252.0	58.5380615234375
1253.0	58.52454833984375
1254.0	58.52158813476562
1255.0	58.5201416015625
1256.0	58.368142700195314
1257.0	58.634002685546875
1258.0	58.536807250976565
1259.0	58.60551147460937
1260.0	58.528524780273436
1261.0	58.58035583496094
1262.0	58.611306762695314
1263.0	58.560333251953125
1264.0	58.52639465332031
1265.0	58.48966674804687
1266.0	58.636495971679686
1267.0	58.57197265625
1268.0	58.5712158203125
1269.0	58.622354125976564
1270.0	58.48252563476562
1271.0	58.63265380859375
1272.0	58.58802795410156
1273.0	58.55191650390625
1274.0	58.56700134277344
1275.0	58.52439880371094
1276.0	58.636566162109375
1277.0	58.59183959960937
1278.0	58.594601440429685
1279.0	58.482843017578126
1280.0	58.506719970703124
1281.0	58.65155029296875
1282.0	58.43843383789063
1283.0	58.55289001464844
1284.0	58.63162536621094
1285.0	58.58149719238281
1286.0	58.606747436523435
1287.0	58.61083984375
1288.0	58.47502746582031
1289.0	58.629275512695315
1290.0	58.56198425292969
1291.0	58.51561279296875
1292.0	58.566259765625
1293.0	58.54744873046875
1294.0	58.56031799316406
1295.0	58.68966979980469
1296.0	58.603155517578124
1297.0	58.639608764648436
1298.0	58.61326599121094
1299.0	58.540008544921875
1300.0	58.599847412109376
1301.0	58.5983642578125
1302.0	58.618341064453126
1303.0	58.584408569335935
1304.0	58.67770690917969
1305.0	58.544107055664064
1306.0	58.551876831054685
1307.0	58.77528686523438
1308.0	58.6210693359375
1309.0	58.60185852050781
1310.0	58.70169372558594
1311.0	58.55850524902344
1312.0	58.6082763671875
1313.0	58.66755676269531
1314.0	58.67301025390625
1315.0	58.61917724609375
1316.0	58.58655700683594
1317.0	58.710601806640625
1318.0	58.622344970703125
1319.0	58.63003845214844
1320.0	58.80268249511719
1321.0	58.597775268554685
1322.0	58.69614868164062
1323.0	58.760382080078124
1324.0	58.60915832519531
1325.0	58.72706298828125
1326.0	58.7220947265625
1327.0	58.69345703125
1328.0	58.75630187988281
1329.0	58.767312622070314
1330.0	58.62220764160156
1331.0	58.76261901855469
1332.0	58.765350341796875
1333.0	58.64797668457031
1334.0	58.839501953125
1335.0	58.647640991210935
1336.0	58.62662048339844
1337.0	58.65042419433594
1338.0	58.772821044921876
1339.0	58.80417175292969
1340.0	58.717770385742185
1341.0	58.672750854492186
1342.0	58.7001953125
1343.0	58.711465454101564
1344.0	58.6641845703125
1345.0	58.81977844238281
1346.0	58.74116516113281
1347.0	58.72162780761719
1348.0	58.64994812011719
1349.0	58.729800415039065
1350.0	58.712338256835935
1351.0	58.82770690917969
1352.0	58.72978820800781
1353.0	58.61806640625
1354.0	58.771295166015626
1355.0	58.619265747070315
1356.0	58.70189208984375
1357.0	58.75661010742188
1358.0	58.66843872070312
1359.0	58.765557861328126
1360.0	58.81181030273437
1361.0	58.750003051757815
1362.0	58.81718444824219
1363.0	58.78013305664062
1364.0	58.82994689941406
1365.0	58.79270935058594
1366.0	58.77571105957031
1367.0	58.70866088867187
1368.0	58.794708251953125
1369.0	58.87710876464844
1370.0	58.818115234375
1371.0	58.91295471191406
1372.0	58.81101684570312
1373.0	58.82150573730469
1374.0	58.747311401367185
1375.0	58.90403747558594
1376.0	58.780419921875
1377.0	58.798806762695314
1378.0	58.870809936523436
1379.0	58.717123413085936
1380.0	58.840460205078124
1381.0	58.9167724609375
1382.0	58.867678833007815
1383.0	58.88570861816406
1384.0	58.87452392578125
1385.0	58.886279296875
1386.0	58.84140625
1387.0	58.93464965820313
1388.0	58.845941162109376
1389.0	58.90658264160156
1390.0	58.926318359375
1391.0	58.8651123046875
1392.0	58.898748779296874
1393.0	58.84023742675781
1394.0	58.8419677734375
1395.0	59.02220153808594
1396.0	58.92958374023438
1397.0	58.96363525390625
1398.0	58.857110595703126
1399.0	58.93582763671875
1400.0	58.98268432617188
1401.0	59.040167236328124
1402.0	59.02228698730469
1403.0	58.97172546386719
1404.0	59.02768249511719
1405.0	58.98630981445312
1406.0	59.075375366210935
1407.0	59.02529296875
1408.0	58.93617248535156
1409.0	58.87198181152344
1410.0	58.984808349609374
1411.0	59.06111145019531
1412.0	59.069403076171874
1413.0	59.00797119140625
1414.0	58.97548828125
1415.0	59.005697631835936
1416.0	58.97604064941406
1417.0	59.10151977539063
1418.0	58.95729370117188
1419.0	59.03317565917969
1420.0	58.95823974609375
1421.0	58.95394592285156
1422.0	59.01798095703125
1423.0	59.07967834472656
1424.0	58.9150146484375
1425.0	58.97786865234375
1426.0	58.993927001953125
1427.0	59.089700317382814
1428.0	58.96152954101562
1429.0	59.08128356933594
1430.0	58.99785461425781
1431.0	59.06715698242188
1432.0	58.933615112304686
1433.0	59.06430358886719
1434.0	59.042398071289064
1435.0	59.059417724609375
1436.0	59.040582275390626
1437.0	59.01807556152344
1438.0	59.071685791015625
1439.0	59.085321044921876
1440.0	59.09536437988281
1441.0	59.103692626953126
1442.0	58.925079345703125
1443.0	59.13887329101563
1444.0	58.959619140625
1445.0	58.93924255371094
1446.0	59.104067993164065
1447.0	59.08499755859375
1448.0	59.0057373046875
1449.0	59.14875183105469
1450.0	59.011087036132814
1451.0	59.07427062988281
1452.0	59.0364013671875
1453.0	59.01768493652344
1454.0	58.94218444824219
1455.0	59.114157104492186
1456.0	59.16002502441406
1457.0	59.046383666992185
1458.0	59.01795959472656
1459.0	59.19686584472656
1460.0	59.052737426757815
1461.0	59.1660400390625
1462.0	59.08135070800781
1463.0	59.042120361328124
1464.0	59.09032287597656
1465.0	59.10751953125
1466.0	59.16435852050781
1467.0	59.230044555664065
1468.0	59.090151977539065
1469.0	59.07521057128906
1470.0	59.15999145507813
1471.0	59.21513671875
1472.0	59.26407165527344
1473.0	59.26852722167969
1474.0	59.199624633789064
1475.0	59.169342041015625
1476.0	59.126226806640624
1477.0	59.273336791992186
1478.0	59.155029296875
1479.0	59.189874267578126
1480.0	59.25067138671875
1481.0	59.175244140625
1482.0	59.196038818359376
1483.0	59.180337524414064
1484.0	59.21950988769531
1485.0	59.257562255859376
1486.0	59.25437622070312
1487.0	59.30941162109375
1488.0	59.29609985351563
1489.0	59.406253051757815
1490.0	59.21723327636719
1491.0	59.178497314453125
1492.0	59.30726623535156
1493.0	59.30726928710938
1494.0	59.33602294921875
1495.0	59.31459350585938
1496.0	59.31099853515625
1497.0	59.32716369628906
1498.0	59.285955810546874
1499.0	59.330746459960935
1500.0	59.267941284179685
1501.0	59.27527770996094
1502.0	59.343414306640625
1503.0	59.32838439941406
1504.0	59.289605712890626
1505.0	59.26443176269531
1506.0	59.284088134765625
1507.0	59.2546875
1508.0	59.246804809570314
1509.0	59.30177001953125
1510.0	59.286886596679686
1511.0	59.21910400390625
1512.0	59.309017944335935
1513.0	59.289187622070315
1514.0	59.436328125
1515.0	59.422784423828126
1516.0	59.471249389648435
1517.0	59.21417236328125
1518.0	59.469122314453124
1519.0	59.376651000976565
1520.0	59.289938354492186
1521.0	59.32279968261719
1522.0	59.3014404296875
1523.0	59.33819580078125
1524.0	59.372518920898436
1525.0	59.35587158203125
1526.0	59.362353515625
1527.0	59.49107666015625
1528.0	59.336691284179686
1529.0	59.449310302734375
1530.0	59.37151184082031
1531.0	59.478109741210936
1532.0	59.35985412597656
1533.0	59.37669677734375
1534.0	59.35453491210937
1535.0	59.4030029296875
1536.0	59.398626708984374
1537.0	59.37496643066406
1538.0	59.40325012207031
1539.0	59.345578002929685
1540.0	59.340939331054685
1541.0	59.3943359375
1542.0	59.374017333984376
1543.0	59.44314270019531
1544.0	59.40964050292969
1545.0	59.47694091796875
1546.0	59.393853759765626
1547.0	59.29825439453125
1548.0	59.254180908203125
1549.0	59.36357727050781
1550.0	59.53275146484375
1551.0	59.404483032226565
1552.0	59.36311340332031
1553.0	59.351663208007814
1554.0	59.40547485351563
1555.0	59.40033874511719
1556.0	59.38211669921875
1557.0	59.33203125
1558.0	59.527285766601565
1559.0	59.428680419921875
1560.0	59.38931884765625
1561.0	59.502166748046875
1562.0	59.424356079101564
1563.0	59.447122192382814
1564.0	59.29023742675781
1565.0	59.4802001953125
1566.0	59.413336181640624
1567.0	59.3950927734375
1568.0	59.50621337890625
1569.0	59.4047607421875
1570.0	59.44038391113281
1571.0	59.46696166992187
1572.0	59.345751953125
1573.0	59.38703918457031
1574.0	59.42916564941406
1575.0	59.47868041992187
1576.0	59.436676025390625
1577.0	59.381002807617186
1578.0	59.445309448242185
1579.0	59.47640686035156
1580.0	59.47032165527344
1581.0	59.4102783203125
1582.0	59.406253051757815
1583.0	59.36106872558594
1584.0	59.36448669433594
1585.0	59.43087463378906
1586.0	59.45136413574219
1587.0	59.41261596679688
1588.0	59.44073486328125
1589.0	59.37505187988281
1590.0	59.47738037109375
1591.0	59.47687683105469
1592.0	59.37295837402344
1593.0	59.483154296875
1594.0	59.46977233886719
1595.0	59.366424560546875
1596.0	59.416665649414064
1597.0	59.35347900390625
1598.0	59.3837890625
1599.0	59.47452392578125
1600.0	59.467828369140626
1601.0	59.37551574707031
1602.0	59.49032897949219
1603.0	59.532650756835935
1604.0	59.395626831054685
1605.0	59.41925048828125
1606.0	59.48529052734375
1607.0	59.51289367675781
1608.0	59.418548583984375
1609.0	59.424249267578126
1610.0	59.47068481445312
1611.0	59.52214660644531
1612.0	59.33955688476563
1613.0	59.42933654785156
1614.0	59.476541137695314
1615.0	59.572723388671875
1616.0	59.42888488769531
1617.0	59.5542724609375
1618.0	59.483489990234375
1619.0	59.37928466796875
1620.0	59.454638671875
1621.0	59.40202026367187
1622.0	59.488702392578126
1623.0	59.41297912597656
1624.0	59.4983642578125
1625.0	59.360986328125
1626.0	59.562451171875
1627.0	59.41407775878906
1628.0	59.467333984375
1629.0	59.525634765625
1630.0	59.512796020507814
1631.0	59.44212036132812
1632.0	59.44046630859375
1633.0	59.473043823242186
1634.0	59.470639038085935
1635.0	59.51419677734375
1636.0	59.3901123046875
1637.0	59.47730407714844
1638.0	59.48023376464844
1639.0	59.544805908203124
1640.0	59.390447998046874
1641.0	59.439389038085935
1642.0	59.43727111816406
1643.0	59.46066589355469
1644.0	59.35692443847656
1645.0	59.32441711425781
1646.0	59.391448974609375
1647.0	59.454348754882815
1648.0	59.40989685058594
1649.0	59.434033203125
1650.0	59.45901794433594
1651.0	59.47420959472656
1652.0	59.46665649414062
1653.0	59.42808532714844
1654.0	59.477899169921876
1655.0	59.42550048828125
1656.0	59.489053344726564
1657.0	59.303369140625
1658.0	59.36751708984375
1659.0	59.38700561523437
1660.0	59.452999877929685
1661.0	59.339666748046874
1662.0	59.384762573242185
1663.0	59.40255126953125
1664.0	59.463623046875
1665.0	59.2633544921875
1666.0	59.305853271484374
1667.0	59.37793884277344
1668.0	59.40202026367187
1669.0	59.35710754394531
1670.0	59.35519104003906
1671.0	59.326480102539065
1672.0	59.218692016601565
1673.0	59.26282958984375
1674.0	59.30438232421875
1675.0	59.38334655761719
1676.0	59.30961303710937
1677.0	59.328616333007815
1678.0	59.349462890625
1679.0	59.224484252929685
1680.0	59.33889465332031
1681.0	59.40780029296875
1682.0	59.28066711425781
1683.0	59.24659729003906
1684.0	59.399993896484375
1685.0	59.397396850585935
1686.0	59.284454345703125
1687.0	59.341827392578125
1688.0	59.26441650390625
1689.0	59.303121948242186
1690.0	59.23543701171875
1691.0	59.38681640625
1692.0	59.330056762695314
1693.0	59.2501708984375
1694.0	59.1978271484375
1695.0	59.348977661132814
1696.0	59.33345947265625
1697.0	59.27548522949219
1698.0	59.351385498046874
1699.0	59.37919311523437
1700.0	59.24037170410156
1701.0	59.33429870605469
1702.0	59.37974853515625
1703.0	59.241217041015624
1704.0	59.35688171386719
1705.0	59.21364135742188
1706.0	59.35074462890625
1707.0	59.379458618164065
1708.0	59.40329284667969
1709.0	59.204168701171874
1710.0	59.29652099609375
1711.0	59.26617431640625
1712.0	59.26591796875
1713.0	59.25370483398437
1714.0	59.35795288085937
1715.0	59.30558471679687
1716.0	59.38200988769531
1717.0	59.30303039550781
1718.0	59.39283447265625
1719.0	59.3013916015625
1720.0	59.32060546875
1721.0	59.28450317382813
1722.0	59.35419921875
1723.0	59.26004333496094
1724.0	59.106527709960936
1725.0	59.16371154785156
1726.0	59.24482421875
1727.0	59.276513671875
1728.0	59.28817138671875
1729.0	59.19854736328125
1730.0	59.24785461425781
1731.0	59.295953369140626
1732.0	59.28475646972656
1733.0	59.25440368652344
1734.0	59.209024047851564
1735.0	59.21152954101562
1736.0	59.243048095703124
1737.0	59.23106079101562
1738.0	59.220156860351565
1739.0	59.26224365234375
1740.0	59.1729248046875
1741.0	59.201437377929686
1742.0	59.324853515625
1743.0	59.298825073242185
1744.0	59.1788818359375
1745.0	59.289486694335935
1746.0	59.17969970703125
1747.0	59.19829406738281
1748.0	59.348785400390625
1749.0	59.311318969726564
1750.0	59.198324584960936
1751.0	59.34996337890625
1752.0	59.30723266601562
1753.0	59.22471923828125
1754.0	59.31619567871094
1755.0	59.2813232421875
1756.0	59.291815185546874
1757.0	59.33707885742187
1758.0	59.20304870605469
1759.0	59.368124389648436
1760.0	59.23111267089844
1761.0	59.26707763671875
1762.0	59.2334716796875
1763.0	59.21634521484375
1764.0	59.1520263671875
1765.0	59.198614501953124
1766.0	59.21785278320313
1767.0	59.1994384765625
1768.0	59.226324462890624
1769.0	59.34288024902344
1770.0	59.26509094238281
1771.0	59.26293029785156
1772.0	59.225344848632815
1773.0	59.149636840820314
1774.0	59.19154357910156
1775.0	59.23304138183594
1776.0	59.3415283203125
1777.0	59.210165405273436
1778.0	59.28995056152344
1779.0	59.31278686523437
1780.0	59.17477722167969
1781.0	59.20297546386719
1782.0	59.296533203125
1783.0	59.19146728515625
1784.0	59.167327880859375
1785.0	59.290960693359374
1786.0	59.164013671875
1787.0	59.239312744140626
1788.0	59.198873901367186
1789.0	59.30558776855469
1790.0	59.271234130859376
1791.0	59.26081237792969
1792.0	59.32493896484375
1793.0	59.39201354980469
1794.0	59.24202880859375
1795.0	59.25153503417969
1796.0	59.32091064453125
1797.0	59.3230224609375
1798.0	59.315087890625
1799.0	59.317623901367185
1800.0	59.381167602539065
1801.0	59.28315734863281
1802.0	59.25535583496094
1803.0	59.29252319335937
1804.0	59.203369140625
1805.0	59.23306884765625
1806.0	59.23536376953125
1807.0	59.22830810546875
1808.0	59.20238037109375
1809.0	59.25491638183594
1810.0	59.156378173828124
1811.0	59.248846435546874
1812.0	59.22006530761719
1813.0	59.27142333984375
1814.0	59.27572937011719
1815.0	59.13960266113281
1816.0	59.188052368164065
1817.0	59.16025085449219
1818.0	59.18563232421875
1819.0	59.314892578125
1820.0	59.259210205078126
1821.0	59.305145263671875
1822.0	59.37397155761719
1823.0	59.22189636230469
1824.0	59.318023681640625
1825.0	59.214813232421875
1826.0	59.18856506347656
1827.0	59.219058227539065
1828.0	59.273379516601565
1829.0	59.121728515625
1830.0	59.068914794921874
1831.0	59.08312072753906
1832.0	59.21199951171875
1833.0	59.14284973144531
1834.0	59.135763549804686
1835.0	59.1156982421875
1836.0	59.170266723632814
1837.0	59.101507568359374
1838.0	59.12757873535156
1839.0	59.09449768066406
1840.0	59.19264221191406
1841.0	59.220733642578125
1842.0	59.057351684570314
1843.0	59.14049072265625
1844.0	59.150262451171876
1845.0	59.188760375976564
1846.0	59.0045654296875
1847.0	59.133541870117185
1848.0	59.041046142578125
1849.0	59.11325378417969
1850.0	59.15853576660156
1851.0	59.07536315917969
1852.0	59.05270080566406
1853.0	59.097283935546876
1854.0	59.00898132324219
1855.0	59.03134460449219
1856.0	59.0269775390625
1857.0	59.122918701171876
1858.0	59.12669372558594
1859.0	59.12034912109375
1860.0	59.098672485351564
1861.0	59.03302917480469
1862.0	59.15723876953125
1863.0	59.111270141601565
1864.0	59.043820190429685
1865.0	59.088662719726564
1866.0	59.0663818359375
1867.0	59.179830932617186
1868.0	58.995077514648436
1869.0	59.09463195800781
1870.0	59.00517272949219
1871.0	59.134762573242185
1872.0	59.03642272949219
1873.0	59.03179931640625
1874.0	58.987814331054686
1875.0	59.194271850585935
1876.0	59.0189697265625
1877.0	58.947201538085935
1878.0	59.09024353027344
1879.0	58.95366516113281
1880.0	59.056661987304686
1881.0	59.074700927734376
1882.0	58.967828369140626
1883.0	59.092431640625
1884.0	58.9590087890625
1885.0	59.0498291015625
1886.0	59.02263488769531
1887.0	59.00223999023437
1888.0	58.88804931640625
1889.0	59.00101318359375
1890.0	59.03163452148438
1891.0	59.01336669921875
1892.0	59.02890319824219
1893.0	58.94786071777344
1894.0	59.0531982421875
1895.0	58.989376831054685
1896.0	59.006231689453124
1897.0	59.08699951171875
1898.0	59.08664245605469
1899.0	58.9666259765625
1900.0	58.987081909179686
1901.0	58.905029296875
1902.0	59.04661254882812
1903.0	58.97529296875
1904.0	58.99482727050781
1905.0	59.02870178222656
1906.0	58.978509521484376
1907.0	58.85734558105469
1908.0	58.982583618164064
1909.0	58.96499938964844
1910.0	58.964517211914064
1911.0	58.91801147460937
1912.0	58.834652709960935
1913.0	58.919027709960936
1914.0	58.938009643554686
1915.0	58.93724365234375
1916.0	58.90485534667969
1917.0	58.97568969726562
1918.0	58.8564208984375
1919.0	59.06376342773437
1920.0	58.99836120605469
1921.0	58.928713989257815
1922.0	59.05738220214844
1923.0	59.0337890625
1924.0	58.981588745117186
1925.0	59.024993896484375
1926.0	58.90457763671875
1927.0	58.9214599609375
1928.0	58.95783386230469
1929.0	58.97308349609375
1930.0	58.987796020507815
1931.0	59.05103454589844
1932.0	58.91883544921875
1933.0	58.96446228027344
1934.0	59.0461669921875
1935.0	59.018899536132814
1936.0	59.03547058105469
1937.0	59.01512145996094
1938.0	58.90229187011719
1939.0	58.90169677734375
1940.0	59.021661376953126
1941.0	58.94028015136719
1942.0	59.048028564453126
1943.0	58.964315795898436
1944.0	59.0038330078125
1945.0	59.14639587402344
1946.0	59.018218994140625
1947.0	59.052069091796874
1948.0	58.987884521484375
1949.0	59.009881591796876
1950.0	58.961544799804685
1951.0	59.03278503417969
1952.0	59.07408752441406
1953.0	59.116180419921875
1954.0	59.028167724609375
1955.0	58.97841186523438
1956.0	58.969573974609375
1957.0	58.963653564453125
1958.0	58.95838317871094
1959.0	58.8668701171875
1960.0	59.07030334472656
1961.0	58.87940979003906
1962.0	59.019998168945314
1963.0	59.05436401367187
1964.0	59.05113525390625
1965.0	58.948663330078126
1966.0	58.864453125
1967.0	58.877996826171874
1968.0	59.01165771484375
1969.0	58.92608642578125
1970.0	59.034185791015624
1971.0	59.10130920410156
1972.0	58.944601440429686
1973.0	59.04781799316406
1974.0	59.07498779296875
1975.0	59.006838989257815
1976.0	58.968344116210936
1977.0	58.926614379882814
1978.0	59.032003784179686
1979.0	59.04189758300781
1980.0	58.97816772460938
1981.0	59.06252746582031
1982.0	59.022830200195315
1983.0	58.95625
1984.0	59.00712890625
1985.0	58.882720947265625
1986.0	58.9898193359375
1987.0	59.0649169921875
1988.0	59.014337158203126
1989.0	58.979000854492185
1990.0	59.048336791992185
1991.0	58.97929077148437
1992.0	58.96480102539063
1993.0	58.966302490234376
1994.0	58.994140625
1995.0	58.94339294433594
1996.0	58.98698120117187
1997.0	58.935675048828124
1998.0	58.865936279296875
1999.0	59.032186889648436
2000.0	58.97899475097656
2001.0	58.989810180664065
2002.0	59.119119262695314
2003.0	59.008758544921875
2004.0	59.051446533203126
2005.0	59.004937744140626
2006.0	59.045751953125
2007.0	59.04867858886719
2008.0	58.954339599609376
2009.0	59.035952758789065
2010.0	58.961282348632814
2011.0	58.952972412109375
2012.0	58.99613952636719
2013.0	59.002313232421876
2014.0	59.007974243164064
2015.0	59.1763671875
2016.0	59.02632141113281
2017.0	58.99815368652344
2018.0	58.9751953125
2019.0	59.039404296875
2020.0	58.96006774902344
2021.0	58.98269348144531
2022.0	58.979559326171874
2023.0	59.1540283203125
2024.0	59.007025146484374
2025.0	58.97200317382813
2026.0	59.002685546875
2027.0	58.96406555175781
2028.0	59.0243408203125
2029.0	58.99197998046875
2030.0	58.970550537109375
2031.0	59.00468444824219
2032.0	59.03354187011719
2033.0	59.018490600585935
2034.0	59.061328125
2035.0	59.02173767089844
2036.0	59.029718017578126
2037.0	58.922543334960935
2038.0	58.963525390625
2039.0	58.96366577148437
2040.0	58.882040405273436
2041.0	58.99778747558594
2042.0	58.81951904296875
2043.0	58.81851806640625
2044.0	58.833734130859376
2045.0	58.920318603515625
2046.0	58.765499877929685
2047.0	58.82384338378906
2048.0	58.96043090820312
2049.0	58.84782409667969
2050.0	58.87999267578125
2051.0	58.84523010253906
2052.0	58.97121887207031
2053.0	58.773040771484375
2054.0	58.92444763183594
2055.0	58.927197265625
2056.0	58.737847900390626
2057.0	58.948977661132815
2058.0	58.809628295898435
2059.0	58.94691467285156
2060.0	58.76175231933594
2061.0	58.9509765625
2062.0	58.839907836914065
2063.0	58.975833129882815
2064.0	58.843258666992185
2065.0	59.00424499511719
2066.0	58.88106994628906
2067.0	58.88197326660156
2068.0	58.71279602050781
2069.0	58.857171630859376
2070.0	58.76739501953125
2071.0	58.90111389160156
2072.0	58.81016845703125
2073.0	58.798464965820315
2074.0	58.83232116699219
2075.0	58.74989013671875
2076.0	58.76846618652344
2077.0	58.89554138183594
2078.0	58.75543212890625
2079.0	58.81694030761719
2080.0	58.7708740234375
2081.0	58.75343017578125
2082.0	58.6768310546875
2083.0	58.743777465820315
2084.0	58.725363159179686
2085.0	58.81650390625
2086.0	58.69944763183594
2087.0	58.770651245117186
2088.0	58.57262268066406
2089.0	58.640585327148436
2090.0	58.60263671875
2091.0	58.72184448242187
2092.0	58.581765747070314
2093.0	58.728823852539065
2094.0	58.720147705078126
2095.0	58.71815795898438
2096.0	58.704229736328124
2097.0	58.720452880859376
2098.0	58.72264709472656
2099.0	58.683740234375
2100.0	58.57372131347656
2101.0	58.75047607421875
2102.0	58.65828247070313
2103.0	58.632144165039065
2104.0	58.696206665039064
2105.0	58.52309875488281
2106.0	58.67204284667969
2107.0	58.614599609375
2108.0	58.75108032226562
2109.0	58.703369140625
2110.0	58.63037109375
2111.0	58.657858276367186
2112.0	58.723123168945314
2113.0	58.65047912597656
2114.0	58.57994079589844
2115.0	58.676535034179686
2116.0	58.63023071289062
2117.0	58.742498779296874
2118.0	58.625518798828125
2119.0	58.70921020507812
2120.0	58.59700927734375
2121.0	58.73119201660156
2122.0	58.60513000488281
2123.0	58.70852355957031
2124.0	58.61614990234375
2125.0	58.747674560546876
2126.0	58.68022766113281
2127.0	58.6877197265625
2128.0	58.658206176757815
2129.0	58.71693420410156
2130.0	58.718695068359374
2131.0	58.74437255859375
2132.0	58.662530517578126
2133.0	58.77247924804688
2134.0	58.64117431640625
2135.0	58.67491760253906
2136.0	58.66409912109375
2137.0	58.750244140625
2138.0	58.657736206054686
2139.0	58.81425476074219
2140.0	58.730282592773435
2141.0	58.69454345703125
2142.0	58.66811828613281
2143.0	58.66926879882813
2144.0	58.67660217285156
2145.0	58.682089233398436
2146.0	58.682107543945314
2147.0	58.631289672851565
2148.0	58.765576171875
2149.0	58.68040161132812
2150.0	58.75618286132813
2151.0	58.77204895019531
2152.0	58.680914306640624
2153.0	58.736532592773436
2154.0	58.726806640625
2155.0	58.72720642089844
2156.0	58.75169982910156
2157.0	58.68089294433594
2158.0	58.72443542480469
2159.0	58.659722900390626
2160.0	58.68400573730469
2161.0	58.748480224609374
2162.0	58.75665283203125
2163.0	58.72279663085938
2164.0	58.820367431640626
2165.0	58.71373291015625
2166.0	58.77254943847656
2167.0	58.75147399902344
2168.0	58.76881103515625
2169.0	58.794149780273436
2170.0	58.774392700195314
2171.0	58.789599609375
2172.0	58.721319580078124
2173.0	58.6762939453125
2174.0	58.77125244140625
2175.0	58.73908386230469
2176.0	58.72637023925781
2177.0	58.70453796386719
2178.0	58.715902709960936
2179.0	58.67259826660156
2180.0	58.616363525390625
2181.0	58.7036865234375
2182.0	58.70896606445312
2183.0	58.72519226074219
2184.0	58.55213623046875
2185.0	58.514950561523435
2186.0	58.65040893554688
2187.0	58.639566040039064
2188.0	58.558224487304685
2189.0	58.58295593261719
2190.0	58.72821960449219
2191.0	58.724911499023435
2192.0	58.625997924804686
2193.0	58.70179748535156
2194.0	58.64529113769531
2195.0	58.640341186523436
2196.0	58.549530029296875
2197.0	58.748556518554686
2198.0	58.6317138671875
2199.0	58.61068420410156
2200.0	58.61455078125
2201.0	58.67692260742187
2202.0	58.555722045898435
2203.0	58.755621337890624
2204.0	58.65980529785156
2205.0	58.40728759765625
2206.0	58.588644409179686
2207.0	58.63181762695312
2208.0	58.45445556640625
2209.0	58.518865966796874
2210.0	58.481607055664064
2211.0	58.62747497558594
2212.0	58.757260131835935
2213.0	58.60546875
2214.0	58.69059448242187
2215.0	58.64436645507813
2216.0	58.6553466796875
2217.0	58.59745788574219
2218.0	58.588076782226565
2219.0	58.60127258300781
2220.0	58.5790283203125
2221.0	58.6191162109375
2222.0	58.60224304199219
2223.0	58.618536376953124
2224.0	58.53996887207031
2225.0	58.704254150390625
2226.0	58.51766662597656
2227.0	58.699990844726564
2228.0	58.6348388671875
2229.0	58.743368530273436
2230.0	58.50630187988281
2231.0	58.60838928222656
2232.0	58.55161743164062
2233.0	58.631884765625
2234.0	58.55879211425781
2235.0	58.638162231445314
2236.0	58.610986328125
2237.0	58.54649658203125
2238.0	58.68156127929687
2239.0	58.608941650390626
2240.0	58.549078369140624
2241.0	58.630593872070314
2242.0	58.72261962890625
2243.0	58.59646911621094
2244.0	58.544290161132814
2245.0	58.69518127441406
2246.0	58.56818542480469
2247.0	58.604306030273435
2248.0	58.71560974121094
2249.0	58.74152526855469
2250.0	58.677825927734375
2251.0	58.651617431640624
2252.0	58.65619812011719
2253.0	58.669317626953124
2254.0	58.783773803710936
2255.0	58.632110595703125
2256.0	58.637994384765626
2257.0	58.705377197265626
2258.0	58.63167114257813
2259.0	58.820306396484376
2260.0	58.62916564941406
2261.0	58.62424926757812
2262.0	58.79872436523438
2263.0	58.616278076171874
2264.0	58.6322021484375
2265.0	58.654876708984375
2266.0	58.6902587890625
2267.0	58.760922241210935
2268.0	58.67658386230469
2269.0	58.656735229492185
2270.0	58.66209411621094
2271.0	58.670858764648436
2272.0	58.65898132324219
2273.0	58.68900146484375
2274.0	58.66451416015625
2275.0	58.61348266601563
2276.0	58.666986083984376
2277.0	58.65835876464844
2278.0	58.657046508789065
2279.0	58.77969055175781
2280.0	58.62008361816406
2281.0	58.644082641601564
2282.0	58.50009765625
2283.0	58.67219848632813
2284.0	58.503424072265624
2285.0	58.586428833007815
2286.0	58.6012939453125
2287.0	58.616397094726565
2288.0	58.62388916015625
2289.0	58.583621215820315
2290.0	58.7887451171875
2291.0	58.73533325195312
2292.0	58.658819580078124
2293.0	58.66414184570313
2294.0	58.67459716796875
2295.0	58.673797607421875
2296.0	58.68392333984375
2297.0	58.72829895019531
2298.0	58.669088745117186
2299.0	58.78280944824219
2300.0	58.631893920898435
2301.0	58.59425659179688
2302.0	58.73466796875
2303.0	58.609030151367186
2304.0	58.57194213867187
2305.0	58.680145263671875
2306.0	58.639913940429686
2307.0	58.612841796875
2308.0	58.75862121582031
2309.0	58.624636840820315
2310.0	58.68682861328125
2311.0	58.71761779785156
2312.0	58.62442321777344
2313.0	58.69285583496094
2314.0	58.648193359375
2315.0	58.70559997558594
2316.0	58.70199279785156
2317.0	58.69899291992188
2318.0	58.70771484375
2319.0	58.660525512695315
2320.0	58.60688171386719
2321.0	58.59336547851562
2322.0	58.63685607910156
2323.0	58.579010009765625
2324.0	58.557830810546875
2325.0	58.6364013671875
2326.0	58.592831420898435
2327.0	58.62452697753906
2328.0	58.73759155273437
2329.0	58.667886352539064
2330.0	58.72951049804688
2331.0	58.71473999023438
2332.0	58.710498046875
2333.0	58.663229370117186
2334.0	58.620181274414065
2335.0	58.71656188964844
2336.0	58.61641845703125
2337.0	58.54120788574219
2338.0	58.724972534179685
2339.0	58.707269287109376
2340.0	58.62751159667969
2341.0	58.642276000976565
2342.0	58.57264099121094
2343.0	58.647332763671876
2344.0	58.687136840820315
2345.0	58.584432983398436
2346.0	58.682229614257814
2347.0	58.733236694335936
2348.0	58.617617797851565
2349.0	58.66312866210937
2350.0	58.61553955078125
2351.0	58.70030822753906
2352.0	58.621847534179686
2353.0	58.531674194335935
2354.0	58.66683654785156
2355.0	58.681558227539064
2356.0	58.69430847167969
2357.0	58.613650512695315
2358.0	58.712274169921876
2359.0	58.73399353027344
2360.0	58.64542236328125
2361.0	58.500537109375
2362.0	58.62303466796875
2363.0	58.634213256835935
2364.0	58.59410705566406
2365.0	58.595986938476564
2366.0	58.57726135253906
2367.0	58.72783508300781
2368.0	58.69356994628906
2369.0	58.645285034179686
2370.0	58.70054321289062
2371.0	58.563534545898435
2372.0	58.83065185546875
2373.0	58.76808166503906
2374.0	58.614193725585935
2375.0	58.74437561035156
2376.0	58.643768310546875
2377.0	58.5796875
2378.0	58.79850769042969
2379.0	58.71891479492187
2380.0	58.61067504882813
2381.0	58.70017700195312
2382.0	58.735208129882814
2383.0	58.69559936523437
2384.0	58.6330078125
2385.0	58.58256530761719
2386.0	58.681460571289065
2387.0	58.66563415527344
2388.0	58.76273803710937
2389.0	58.65093994140625
2390.0	58.66599731445312
2391.0	58.613198852539064
2392.0	58.61494445800781
2393.0	58.601922607421876
2394.0	58.76258850097656
2395.0	58.67046203613281
2396.0	58.75712280273437
2397.0	58.605508422851564
2398.0	58.602789306640624
2399.0	58.7687255859375
2400.0	58.70073547363281
2401.0	58.55272521972656
2402.0	58.64497680664063
2403.0	58.666455078125
2404.0	58.535089111328126
2405.0	58.70030212402344
2406.0	58.63094482421875
2407.0	58.731719970703125
2408.0	58.642462158203124
2409.0	58.78538208007812
2410.0	58.65714721679687
2411.0	58.709564208984375
2412.0	58.63840942382812
2413.0	58.89543762207031
2414.0	58.624874877929685
2415.0	58.702273559570315
2416.0	58.849725341796876
2417.0	58.63068542480469
2418.0	58.6936279296875
2419.0	58.70370788574219
2420.0	58.64809875488281
2421.0	58.65995483398437
2422.0	58.627627563476565
2423.0	58.60682678222656
2424.0	58.595095825195315
2425.0	58.695001220703126
2426.0	58.603372192382814
2427.0	58.75052185058594
2428.0	58.75029296875
2429.0	58.73127746582031
2430.0	58.68211059570312
2431.0	58.7932373046875
2432.0	58.71873474121094
2433.0	58.76615905761719
2434.0	58.6538330078125
2435.0	58.718048095703125
2436.0	58.75202331542969
2437.0	58.64537353515625
2438.0	58.798727416992186
2439.0	58.6773193359375
2440.0	58.62852783203125
2441.0	58.57899780273438
2442.0	58.587643432617185
2443.0	58.767059326171875
2444.0	58.613037109375
2445.0	58.6562255859375
2446.0	58.660919189453125
2447.0	58.709423828125
2448.0	58.566653442382815
2449.0	58.66595458984375
2450.0	58.680661010742185
2451.0	58.670040893554685
2452.0	58.63138427734375
2453.0	58.6499755859375
2454.0	58.76614685058594
2455.0	58.877566528320315
2456.0	58.66104431152344
2457.0	58.683709716796876
2458.0	58.75004272460937
2459.0	58.758724975585935
2460.0	58.64186401367188
2461.0	58.66883850097656
2462.0	58.551580810546874
2463.0	58.61457824707031
2464.0	58.71175842285156
2465.0	58.68138122558594
2466.0	58.720156860351565
2467.0	58.76274719238281
2468.0	58.75986328125
2469.0	58.668878173828126
2470.0	58.8085693359375
2471.0	58.586831665039064
2472.0	58.69877624511719
2473.0	58.74124450683594
2474.0	58.675473022460935
2475.0	58.71365661621094
2476.0	58.64738159179687
2477.0	58.693844604492185
2478.0	58.739321899414065
2479.0	58.66147155761719
2480.0	58.56663208007812
2481.0	58.54629211425781
2482.0	58.598696899414065
2483.0	58.6783935546875
2484.0	58.689398193359374
2485.0	58.48567504882813
2486.0	58.68326110839844
2487.0	58.77778015136719
2488.0	58.665069580078125
2489.0	58.81880493164063
2490.0	58.59940795898437
2491.0	58.77387390136719
2492.0	58.705386352539065
2493.0	58.70457458496094
2494.0	58.731527709960936
2495.0	58.73495788574219
2496.0	58.676535034179686
2497.0	58.6400390625
2498.0	58.596432495117185
2499.0	58.657955932617185
2500.0	58.55296020507812
2501.0	58.61489562988281
2502.0	58.63658752441406
2503.0	58.509344482421874
2504.0	58.648687744140624
2505.0	58.61008911132812
2506.0	58.67412109375
2507.0	58.597991943359375
2508.0	58.71605529785156
2509.0	58.69570617675781
2510.0	58.717410278320315
2511.0	58.75235595703125
2512.0	58.5898193359375
2513.0	58.73367004394531
2514.0	58.681112670898436
2515.0	58.711370849609374
2516.0	58.63871459960937
2517.0	58.71077880859375
2518.0	58.70791015625
2519.0	58.62783508300781
2520.0	58.54477233886719
2521.0	58.629983520507814
2522.0	58.565371704101565
2523.0	58.63069458007813
2524.0	58.67982177734375
2525.0	58.6287841796875
2526.0	58.66018371582031
2527.0	58.72995300292969
2528.0	58.64366760253906
2529.0	58.64210205078125
2530.0	58.62500915527344
2531.0	58.761138916015625
2532.0	58.633175659179685
2533.0	58.73055419921875
2534.0	58.65041809082031
2535.0	58.55271911621094
2536.0	58.517626953125
2537.0	58.599893188476564
2538.0	58.644476318359374
2539.0	58.496514892578126
2540.0	58.514974975585936
2541.0	58.49385070800781
2542.0	58.586483764648435
2543.0	58.48392028808594
2544.0	58.48861083984375
2545.0	58.51860046386719
2546.0	58.64337158203125
2547.0	58.58450927734375
2548.0	58.59812622070312
2549.0	58.534060668945315
2550.0	58.58219604492187
2551.0	58.57388000488281
2552.0	58.52529296875
2553.0	58.613372802734375
2554.0	58.57108764648437
2555.0	58.638909912109376
2556.0	58.51870422363281
2557.0	58.60798645019531
2558.0	58.53537292480469
2559.0	58.55008239746094
2560.0	58.4871337890625
2561.0	58.490789794921874
2562.0	58.46953125
2563.0	58.52705078125
2564.0	58.60029602050781
2565.0	58.60999450683594
2566.0	58.515753173828124
2567.0	58.64459228515625
2568.0	58.53867797851562
2569.0	58.592138671875
2570.0	58.552130126953124
2571.0	58.59699401855469
2572.0	58.61857604980469
2573.0	58.52863464355469
2574.0	58.63500061035156
2575.0	58.547430419921874
2576.0	58.55510559082031
2577.0	58.59550476074219
2578.0	58.43252868652344
2579.0	58.50123291015625
2580.0	58.38925476074219
2581.0	58.58375854492188
2582.0	58.51992492675781
2583.0	58.52859802246094
2584.0	58.614044189453125
2585.0	58.604086303710936
2586.0	58.48993835449219
2587.0	58.639923095703125
2588.0	58.58152770996094
2589.0	58.54090881347656
2590.0	58.53203125
2591.0	58.58765563964844
2592.0	58.630715942382814
2593.0	58.64754943847656
2594.0	58.64912719726563
2595.0	58.671084594726565
2596.0	58.51766662597656
2597.0	58.611639404296874
2598.0	58.48759460449219
2599.0	58.5952392578125
2600.0	58.514443969726564
2601.0	58.66865234375
2602.0	58.63505859375
2603.0	58.63157958984375
2604.0	58.56027526855469
2605.0	58.640576171875
2606.0	58.6376220703125
2607.0	58.708489990234376
2608.0	58.737728881835935
2609.0	58.597442626953125
2610.0	58.70802001953125
2611.0	58.721929931640624
2612.0	58.799496459960935
2613.0	58.571527099609376
2614.0	58.673614501953125
2615.0	58.72395629882813
2616.0	58.68069152832031
2617.0	58.684512329101565
2618.0	58.68245849609375
2619.0	58.66160583496094
2620.0	58.655697631835935
2621.0	58.775439453125
2622.0	58.687646484375
2623.0	58.792535400390626
2624.0	58.652096557617185
2625.0	58.764035034179685
2626.0	58.59169921875
2627.0	58.70169677734375
2628.0	58.740542602539065
2629.0	58.557159423828125
2630.0	58.70834045410156
2631.0	58.70686645507813
2632.0	58.72272644042969
2633.0	58.71304931640625
2634.0	58.776300048828126
2635.0	58.81686706542969
2636.0	58.81175231933594
2637.0	58.67293701171875
2638.0	58.69160766601563
2639.0	58.7214111328125
2640.0	58.76320190429688
2641.0	58.7134521484375
2642.0	58.653289794921875
2643.0	58.76941833496094
2644.0	58.786590576171875
2645.0	58.764312744140625
2646.0	58.805661010742185
2647.0	58.771661376953126
2648.0	58.69358520507812
2649.0	58.74374694824219
2650.0	58.74040832519531
2651.0	58.75963134765625
2652.0	58.654110717773435
2653.0	58.79320068359375
2654.0	58.78928833007812
2655.0	58.68886108398438
2656.0	58.689413452148436
2657.0	58.75027160644531
2658.0	58.80728454589844
2659.0	58.693115234375
2660.0	58.752828979492186
2661.0	58.812158203125
2662.0	58.821469116210935
2663.0	58.82412109375
2664.0	58.7744384765625
2665.0	58.910214233398435
2666.0	58.74540710449219
2667.0	58.88648376464844
2668.0	58.761251831054686
2669.0	58.76832885742188
2670.0	58.72453918457031
2671.0	58.787960815429685
2672.0	58.76762084960937
2673.0	58.662384033203125
2674.0	58.900692749023435
2675.0	58.84430847167969
2676.0	58.79540100097656
2677.0	58.813421630859374
2678.0	58.8771728515625
2679.0	58.73063659667969
2680.0	58.790478515625
2681.0	58.709375
2682.0	58.767156982421874
2683.0	58.708193969726565
2684.0	58.710687255859376
2685.0	58.830386352539065
2686.0	58.9263916015625
2687.0	58.81684265136719
2688.0	58.810342407226564
2689.0	58.799862670898435
2690.0	58.8905517578125
2691.0	59.00361328125
2692.0	58.928228759765624
2693.0	58.92245178222656
2694.0	58.99082946777344
2695.0	59.01155090332031
2696.0	58.973794555664064
2697.0	58.94620361328125
2698.0	58.86347351074219
2699.0	58.98636169433594
2700.0	58.915167236328124
2701.0	58.8681640625
2702.0	58.84259948730469
2703.0	59.0200439453125
2704.0	58.979006958007815
2705.0	58.96694641113281
2706.0	58.904119873046874
2707.0	58.90391845703125
2708.0	58.98895263671875
2709.0	58.881280517578126
2710.0	59.01614074707031
2711.0	59.014529418945315
2712.0	58.868463134765626
2713.0	58.92256164550781
2714.0	58.892642211914065
2715.0	58.88017272949219
2716.0	58.96473388671875
2717.0	58.84807434082031
2718.0	58.913330078125
2719.0	58.819366455078125
2720.0	58.965328979492185
2721.0	58.8391357421875
2722.0	58.895773315429686
2723.0	58.92464599609375
2724.0	58.900448608398435
2725.0	58.94749755859375
2726.0	58.945263671875
2727.0	58.917538452148435
2728.0	58.888180541992185
2729.0	58.90882568359375
2730.0	58.888937377929686
2731.0	58.89500732421875
2732.0	58.891845703125
2733.0	58.907928466796875
2734.0	58.87821044921875
2735.0	58.94770812988281
2736.0	58.850772094726565
2737.0	58.94938659667969
2738.0	58.95529479980469
2739.0	58.84930419921875
2740.0	58.830404663085936
2741.0	58.85005187988281
2742.0	58.974786376953126
2743.0	58.97859497070313
2744.0	58.94717712402344
2745.0	58.825018310546874
2746.0	58.87748413085937
2747.0	58.943817138671875
2748.0	58.819647216796874
2749.0	58.84190063476562
2750.0	58.86776123046875
2751.0	58.885589599609375
2752.0	58.92843322753906
2753.0	58.94145812988281
2754.0	58.91997375488281
2755.0	58.946408081054685
2756.0	58.922158813476564
2757.0	58.865090942382814
2758.0	58.94192810058594
2759.0	58.931829833984374
2760.0	58.802734375
2761.0	58.9513916015625
2762.0	59.04727478027344
2763.0	58.99154968261719
2764.0	58.80155029296875
2765.0	59.07871704101562
2766.0	58.95009155273438
2767.0	58.96165161132812
2768.0	58.98649597167969
2769.0	58.9043212890625
2770.0	58.92161560058594
2771.0	58.922238159179685
2772.0	58.964971923828124
2773.0	58.908880615234374
2774.0	58.992306518554685
2775.0	58.940670776367185
2776.0	58.90483093261719
2777.0	58.924276733398436
2778.0	59.01505126953125
2779.0	58.92267761230469
2780.0	58.941915893554686
2781.0	58.81120300292969
2782.0	58.888204956054686
2783.0	59.013058471679685
2784.0	58.99221496582031
2785.0	59.01331787109375
2786.0	58.85032958984375
2787.0	59.009466552734374
2788.0	58.88414611816406
2789.0	58.984616088867185
2790.0	58.923883056640626
2791.0	58.916036987304686
2792.0	58.87540283203125
2793.0	58.88865661621094
2794.0	58.88948974609375
2795.0	58.852899169921876
2796.0	58.951516723632814
2797.0	58.97527160644531
2798.0	58.95849609375
2799.0	58.958978271484376
2800.0	58.86592407226563
2801.0	58.88386535644531
2802.0	58.85221862792969
2803.0	59.01801452636719
2804.0	58.88103332519531
2805.0	58.85186767578125
2806.0	58.91897888183594
2807.0	58.992575073242186
2808.0	58.93397216796875
2809.0	58.987362670898435
2810.0	58.97127075195313
2811.0	58.99136962890625
2812.0	58.94511413574219
2813.0	58.936074829101564
2814.0	59.00395202636719
2815.0	59.054962158203125
2816.0	59.06962890625
2817.0	59.02515563964844
2818.0	59.002706909179686
2819.0	59.03408508300781
2820.0	59.06226501464844
2821.0	59.08851013183594
2822.0	58.94039611816406
2823.0	58.993115234375
2824.0	59.059698486328124
2825.0	59.09117736816406
2826.0	59.05462646484375
2827.0	58.98436584472656
2828.0	59.084896850585935
2829.0	59.06120300292969
2830.0	58.94803466796875
2831.0	59.043765258789065
2832.0	59.11394348144531
2833.0	59.09158935546875
2834.0	59.03010864257813
2835.0	58.98682556152344
2836.0	58.97946472167969
2837.0	59.170404052734376
2838.0	59.09721374511719
2839.0	59.1483642578125
2840.0	59.099429321289065
2841.0	59.003176879882815
2842.0	59.06128845214844
2843.0	59.129641723632815
2844.0	59.017721557617186
2845.0	58.996456909179685
2846.0	59.012942504882815
2847.0	58.983883666992185
2848.0	58.987667846679685
2849.0	59.219842529296876
2850.0	59.11005554199219
2851.0	59.07120056152344
2852.0	59.132818603515624
2853.0	59.1303955078125
2854.0	59.015481567382814
2855.0	59.121560668945314
2856.0	59.15281982421875
2857.0	59.13385925292969
2858.0	59.04051208496094
2859.0	59.06580505371094
2860.0	59.04902648925781
2861.0	59.07331848144531
2862.0	59.07030334472656
2863.0	59.09178161621094
2864.0	59.031158447265625
2865.0	59.17936706542969
2866.0	59.11177978515625
2867.0	59.01439208984375
2868.0	59.106198120117185
2869.0	59.11756896972656
2870.0	59.12266845703125
2871.0	59.01497802734375
2872.0	59.09689636230469
2873.0	59.083203125
2874.0	59.12447814941406
2875.0	59.04459228515625
2876.0	59.11348876953125
2877.0	59.128790283203124
2878.0	59.030374145507814
2879.0	59.08842468261719
2880.0	59.11927490234375
2881.0	59.110800170898436
2882.0	59.03702087402344
2883.0	59.09158020019531
2884.0	59.184967041015625
2885.0	59.0544677734375
2886.0	59.12379150390625
2887.0	59.20411987304688
2888.0	59.099850463867185
2889.0	59.188726806640624
2890.0	59.134185791015625
2891.0	59.12444152832031
2892.0	59.17518615722656
2893.0	59.00436096191406
2894.0	59.19881591796875
2895.0	59.17503662109375
2896.0	59.10059509277344
2897.0	59.12556762695313
2898.0	59.170404052734376
2899.0	59.18341979980469
2900.0	59.156307983398435
2901.0	59.10550231933594
2902.0	59.2412109375
2903.0	59.10181579589844
2904.0	59.04051513671875
2905.0	59.200750732421874
2906.0	59.26329650878906
2907.0	59.100711059570315
2908.0	59.138546752929685
2909.0	59.129205322265626
2910.0	59.284423828125
2911.0	59.122476196289064
2912.0	59.21583862304688
2913.0	59.19281921386719
2914.0	59.2613037109375
2915.0	59.1250244140625
2916.0	59.099996948242186
2917.0	59.09324340820312
2918.0	59.20180053710938
2919.0	59.079855346679686
2920.0	59.15273742675781
2921.0	59.19642333984375
2922.0	59.17379150390625
2923.0	59.136660766601565
2924.0	59.11107177734375
2925.0	59.10609436035156
2926.0	59.083639526367186
2927.0	59.137017822265626
2928.0	59.117898559570314
2929.0	59.26045532226563
2930.0	59.20692443847656
2931.0	59.172726440429685
2932.0	59.049215698242186
2933.0	59.23930969238281
2934.0	59.05781860351563
2935.0	59.145913696289064
2936.0	59.26029663085937
2937.0	59.12489318847656
2938.0	59.179342651367186
2939.0	59.09530029296875
2940.0	59.21216735839844
2941.0	59.14881591796875
2942.0	59.19053955078125
2943.0	59.12244873046875
2944.0	59.07229309082031
2945.0	59.124603271484375
2946.0	59.18440246582031
2947.0	59.177182006835935
2948.0	59.032003784179686
2949.0	59.1252197265625
2950.0	59.07774963378906
2951.0	59.155877685546876
2952.0	59.00496826171875
2953.0	59.06993408203125
2954.0	59.15135192871094
2955.0	59.27289733886719
2956.0	59.16352233886719
2957.0	59.03075256347656
2958.0	59.125753784179686
2959.0	59.229251098632815
2960.0	59.24690551757813
2961.0	59.14950866699219
2962.0	59.157989501953125
2963.0	59.13290710449219
2964.0	59.204351806640624
2965.0	59.210052490234375
2966.0	59.22502746582031
2967.0	59.18824462890625
2968.0	59.10194396972656
2969.0	59.139520263671876
2970.0	59.22093200683594
2971.0	59.28273010253906
2972.0	59.22423400878906
2973.0	59.211709594726564
2974.0	59.19966430664063
2975.0	59.13525390625
2976.0	59.135189819335935
2977.0	59.1864990234375
2978.0	59.15879821777344
2979.0	59.26017456054687
2980.0	59.139443969726564
2981.0	59.30038757324219
2982.0	59.191220092773435
2983.0	59.23600769042969
2984.0	59.1690185546875
2985.0	59.237997436523436
2986.0	59.23635559082031
2987.0	59.22049255371094
2988.0	59.18958435058594
2989.0	59.322296142578125
2990.0	59.15247802734375
2991.0	59.186404418945315
2992.0	59.21635131835937
2993.0	59.09591979980469
2994.0	59.18101806640625
2995.0	59.210183715820314
2996.0	59.209600830078124
2997.0	59.2093505859375
2998.0	59.27579345703125
2999.0	59.325076293945315
3000.0	59.29818420410156
3001.0	59.177548217773435
3002.0	59.26997375488281
3003.0	59.1566650390625
3004.0	59.11312255859375
3005.0	59.262115478515625
3006.0	59.254693603515626
3007.0	59.28055419921875
3008.0	59.3271240234375
3009.0	59.24085998535156
3010.0	59.18146667480469
3011.0	59.212973022460936
3012.0	59.135980224609376
3013.0	59.043695068359376
3014.0	59.24705200195312
3015.0	59.25827331542969
3016.0	59.227960205078126
3017.0	59.19230346679687
3018.0	59.25135498046875
3019.0	59.16495361328125
3020.0	59.30320434570312
3021.0	59.25056457519531
3022.0	59.17887878417969
3023.0	59.197930908203126
3024.0	59.23304748535156
3025.0	59.23097229003906
3026.0	59.168191528320314
3027.0	59.22894287109375
3028.0	59.070977783203126
3029.0	59.23774108886719
3030.0	59.159881591796875
3031.0	59.06551513671875
3032.0	59.26750793457031
3033.0	59.21896057128906
3034.0	59.315853881835935
3035.0	59.355096435546876
3036.0	59.145120239257814
3037.0	59.197122192382814
3038.0	59.242251586914065
3039.0	59.17869567871094
3040.0	59.25159912109375
3041.0	59.1140869140625
3042.0	59.061911010742186
3043.0	59.226742553710935
3044.0	59.1985107421875
3045.0	59.20809631347656
3046.0	59.14501953125
3047.0	59.14527893066406
3048.0	59.202423095703125
3049.0	59.2369140625
3050.0	59.14966735839844
3051.0	59.337869262695314
3052.0	59.233438110351564
3053.0	59.21833190917969
3054.0	59.236209106445315
3055.0	59.133843994140626
3056.0	59.08243103027344
3057.0	59.19078063964844
3058.0	59.19855651855469
3059.0	59.115725708007815
3060.0	59.232662963867185
3061.0	59.26752624511719
3062.0	59.163330078125
3063.0	59.18862609863281
3064.0	59.11158142089844
3065.0	59.13800964355469
3066.0	59.259100341796874
3067.0	59.230288696289065
3068.0	59.07394104003906
3069.0	59.19552307128906
3070.0	59.111236572265625
3071.0	59.272308349609375
3072.0	59.13668518066406
3073.0	59.271484375
3074.0	59.20530700683594
3075.0	59.284033203125
3076.0	59.35440673828125
3077.0	59.23331909179687
3078.0	59.14360046386719
3079.0	59.125729370117185
3080.0	59.114682006835935
3081.0	59.171136474609376
3082.0	59.17137756347656
3083.0	59.24818725585938
3084.0	59.12931518554687
3085.0	59.210693359375
3086.0	59.176885986328124
3087.0	59.21842956542969
3088.0	59.12195739746094
3089.0	59.27845458984375
3090.0	59.19234008789063
3091.0	59.23741760253906
3092.0	59.325347900390625
3093.0	59.21198425292969
3094.0	59.29678955078125
3095.0	59.27931213378906
3096.0	59.169308471679685
3097.0	59.17117614746094
3098.0	59.29093933105469
3099.0	59.267086791992185
3100.0	59.19081420898438
3101.0	59.15524597167969
3102.0	59.20021362304688
3103.0	59.265380859375
3104.0	59.18982849121094
3105.0	59.166900634765625
3106.0	59.146975708007815
3107.0	59.24356384277344
3108.0	59.20509643554688
3109.0	59.37891540527344
3110.0	59.218963623046875
3111.0	59.301693725585935
3112.0	59.31259460449219
3113.0	59.30331115722656
3114.0	59.30480041503906
3115.0	59.119320678710935
3116.0	59.29630737304687
3117.0	59.25191650390625
3118.0	59.14137573242188
3119.0	59.236532592773436
3120.0	59.079345703125
3121.0	59.1997314453125
3122.0	59.162802124023436
3123.0	59.22320556640625
3124.0	59.265576171875
3125.0	59.14277038574219
3126.0	59.146966552734376
3127.0	59.24532775878906
3128.0	59.233856201171875
3129.0	59.20372009277344
3130.0	59.27245178222656
3131.0	59.256689453125
3132.0	59.241757202148435
3133.0	59.37008361816406
3134.0	59.21309814453125
3135.0	59.18281555175781
3136.0	59.17593688964844
3137.0	59.1775390625
3138.0	59.24773254394531
3139.0	59.12153930664063
3140.0	59.1442626953125
3141.0	59.1520751953125
3142.0	59.11951904296875
3143.0	59.114358520507814
3144.0	59.201568603515625
3145.0	59.246969604492186
3146.0	59.23627624511719
3147.0	59.34048156738281
3148.0	59.162078857421875
3149.0	59.188507080078125
3150.0	59.104733276367185
3151.0	59.328851318359376
3152.0	59.16925048828125
3153.0	59.18812866210938
3154.0	59.1764404296875
3155.0	59.19455261230469
3156.0	59.087832641601565
3157.0	59.26943359375
3158.0	59.257904052734375
3159.0	59.131005859375
3160.0	59.11832885742187
3161.0	59.25458984375
3162.0	59.2917236328125
3163.0	59.20309143066406
3164.0	59.14734802246094
3165.0	59.22640686035156
3166.0	59.258819580078125
3167.0	59.085296630859375
3168.0	59.09837951660156
3169.0	59.22562255859375
3170.0	59.17510070800781
3171.0	59.26303405761719
3172.0	59.295407104492185
3173.0	59.08548583984375
3174.0	59.09428405761719
3175.0	59.200408935546875
3176.0	59.223016357421876
3177.0	59.1070556640625
3178.0	59.19874877929688
3179.0	59.12864685058594
3180.0	59.07935791015625
3181.0	59.23381652832031
3182.0	59.130252075195315
3183.0	59.217001342773436
3184.0	59.16844787597656
3185.0	59.220175170898436
3186.0	59.21499938964844
3187.0	59.06656494140625
3188.0	59.123443603515625
3189.0	59.153298950195314
3190.0	59.180206298828125
3191.0	59.182928466796874
3192.0	59.237481689453126
3193.0	59.149838256835935
3194.0	59.08994140625
3195.0	59.162750244140625
3196.0	59.106512451171874
3197.0	59.10729064941406
3198.0	59.2245849609375
3199.0	59.139181518554686
3200.0	59.15937805175781
3201.0	59.13785400390625
3202.0	59.2975341796875
3203.0	59.16078186035156
3204.0	59.119265747070315
3205.0	59.057577514648436
3206.0	59.206320190429686
3207.0	59.000753784179686
3208.0	59.13326721191406
3209.0	59.177310180664065
3210.0	59.167919921875
3211.0	59.3065185546875
3212.0	59.164736938476565
3213.0	59.20085144042969
3214.0	59.147457885742185
3215.0	59.25880126953125
3216.0	59.22242126464844
3217.0	59.1289306640625
3218.0	59.18697509765625
3219.0	59.18102111816406
3220.0	59.25475158691406
3221.0	59.171383666992185
3222.0	59.229592895507814
3223.0	59.2108154296875
3224.0	59.18624267578125
3225.0	59.22952880859375
3226.0	59.17677307128906
3227.0	59.16883544921875
3228.0	59.10160827636719
3229.0	59.21895141601563
3230.0	59.2068115234375
3231.0	59.20588684082031
3232.0	59.15169677734375
3233.0	59.24434814453125
3234.0	59.178533935546874
3235.0	59.269351196289065
3236.0	59.26041870117187
3237.0	59.195648193359375
3238.0	59.298651123046874
3239.0	59.181488037109375
3240.0	59.173583984375
3241.0	59.23930358886719
3242.0	59.230316162109375
3243.0	59.191064453125
3244.0	59.23200988769531
3245.0	59.190423583984376
3246.0	59.15225524902344
3247.0	59.175726318359374
3248.0	59.1662109375
3249.0	59.32626647949219
3250.0	59.15934753417969
3251.0	59.17164306640625
3252.0	59.14938049316406
3253.0	59.25326843261719
3254.0	59.34358215332031
3255.0	59.257693481445315
3256.0	59.170013427734375
3257.0	59.17530517578125
3258.0	59.2005615234375
3259.0	59.200537109375
3260.0	59.1357666015625
3261.0	59.247021484375
3262.0	59.19508361816406
3263.0	59.20338745117188
3264.0	59.14781799316406
3265.0	59.177783203125
3266.0	59.211203002929686
3267.0	59.31507263183594
3268.0	59.286154174804686
3269.0	59.18162231445312
3270.0	59.15601806640625
3271.0	59.208230590820314
3272.0	59.21281127929687
3273.0	59.2728271484375
3274.0	59.28680419921875
3275.0	59.4295166015625
3276.0	59.18691711425781
3277.0	59.22276306152344
3278.0	59.19113464355469
3279.0	59.241845703125
3280.0	59.25649719238281
3281.0	59.175958251953126
3282.0	59.298703002929685
3283.0	59.26224365234375
3284.0	59.30451354980469
3285.0	59.24715881347656
3286.0	59.131716918945315
3287.0	59.35294799804687
3288.0	59.20054626464844
3289.0	59.13868103027344
3290.0	59.27201843261719
3291.0	59.20936889648438
3292.0	59.255227661132814
3293.0	59.21185302734375
3294.0	59.161767578125
3295.0	59.22236328125
3296.0	59.28370056152344
3297.0	59.208859252929685
3298.0	59.27534484863281
3299.0	59.22781982421875
3300.0	59.20106201171875
3301.0	59.07518310546875
3302.0	59.195376586914065
3303.0	59.22663269042969
3304.0	59.21237487792969
3305.0	59.179986572265626
3306.0	59.25680236816406
3307.0	59.10372314453125
3308.0	59.274209594726564
3309.0	59.203799438476565
3310.0	59.27589111328125
3311.0	59.1877685546875
3312.0	59.18351440429687
3313.0	59.166073608398435
3314.0	59.4478271484375
3315.0	59.25959777832031
3316.0	59.22523193359375
3317.0	59.21209716796875
3318.0	59.2747314453125
3319.0	59.17890625
3320.0	59.20381164550781
3321.0	59.219207763671875
3322.0	59.11094970703125
3323.0	59.320550537109376
3324.0	59.12789306640625
3325.0	59.21917724609375
3326.0	59.16617126464844
3327.0	59.2398193359375
3328.0	59.1613525390625
3329.0	59.23844909667969
3330.0	59.101992797851565
3331.0	59.24628601074219
3332.0	59.11021728515625
3333.0	59.137872314453126
3334.0	59.11629638671875
3335.0	59.066070556640625
3336.0	59.15833435058594
3337.0	59.18431396484375
3338.0	59.04971923828125
3339.0	59.19417724609375
3340.0	59.17695922851563
3341.0	59.09794921875
3342.0	59.186300659179686
3343.0	59.28316650390625
3344.0	59.21512145996094
3345.0	59.129330444335935
3346.0	59.09561767578125
3347.0	59.13727722167969
3348.0	59.03633117675781
3349.0	59.057586669921875
3350.0	59.26493530273437
3351.0	59.06458435058594
3352.0	59.23497619628906
3353.0	59.25348815917969
3354.0	59.070916748046876
3355.0	59.234625244140624
3356.0	59.2029052734375
3357.0	59.08696594238281
3358.0	59.239892578125
3359.0	59.16953125
3360.0	59.03861999511719
3361.0	59.18879089355469
3362.0	59.250274658203125
3363.0	59.1880126953125
3364.0	59.173095703125
3365.0	59.126214599609376
3366.0	59.15531616210937
3367.0	59.08575439453125
3368.0	59.04732971191406
3369.0	59.174337768554686
3370.0	59.12131042480469
3371.0	59.210751342773435
3372.0	59.192324829101565
3373.0	59.12748718261719
3374.0	59.162783813476565
3375.0	59.14723205566406
3376.0	59.161276245117186
3377.0	59.132650756835936
3378.0	59.15916442871094
3379.0	59.228128051757814
3380.0	59.127749633789065
3381.0	59.08522338867188
3382.0	59.177853393554685
3383.0	59.21582946777344
3384.0	59.130429077148435
3385.0	59.12101745605469
3386.0	59.168304443359375
3387.0	59.06461181640625
3388.0	59.064492797851564
3389.0	59.17940673828125
3390.0	59.210113525390625
3391.0	59.23341064453125
3392.0	59.03854675292969
3393.0	59.223583984375
3394.0	59.14157409667969
3395.0	59.27234802246094
3396.0	59.179046630859375
3397.0	59.14311218261719
3398.0	59.203512573242186
3399.0	59.086962890625
3400.0	59.09410400390625
3401.0	59.1731689453125
3402.0	59.08274536132812
3403.0	59.2386962890625
3404.0	59.18923645019531
3405.0	59.186459350585935
3406.0	59.122320556640624
3407.0	59.172918701171874
3408.0	59.18901062011719
3409.0	59.15437622070313
3410.0	59.2298583984375
3411.0	59.133306884765624
3412.0	59.162881469726564
3413.0	59.145263671875
3414.0	59.12510681152344
3415.0	59.16277160644531
3416.0	59.253509521484375
3417.0	59.224676513671874
3418.0	59.241354370117186
3419.0	59.14561157226562
3420.0	59.20411682128906
3421.0	59.06153869628906
3422.0	59.094522094726564
3423.0	59.180667114257815
3424.0	59.14925842285156
3425.0	59.11398010253906
3426.0	59.233883666992185
3427.0	59.12176513671875
3428.0	59.18944091796875
3429.0	59.15662841796875
3430.0	59.22073059082031
3431.0	59.18553771972656
3432.0	59.23522033691406
3433.0	59.17890319824219
3434.0	59.077334594726565
3435.0	59.17684631347656
3436.0	59.181600952148436
3437.0	59.180337524414064
3438.0	59.156683349609374
3439.0	59.14223937988281
3440.0	59.1251708984375
3441.0	59.175384521484375
3442.0	59.11860046386719
3443.0	59.16128845214844
3444.0	59.06315612792969
3445.0	59.066244506835936
3446.0	59.241021728515626
3447.0	59.21544189453125
3448.0	59.05113830566406
3449.0	59.02510070800781
3450.0	59.230490112304686
3451.0	59.138458251953125
3452.0	59.202325439453126
3453.0	59.19300842285156
3454.0	59.245294189453126
3455.0	59.15013122558594
3456.0	59.18739624023438
3457.0	59.160064697265625
3458.0	59.213262939453124
3459.0	59.12251586914063
3460.0	59.19474487304687
3461.0	59.26040344238281
3462.0	59.08924560546875
3463.0	59.13642578125
3464.0	59.10774230957031
3465.0	59.231912231445314
3466.0	59.19436950683594
3467.0	59.229638671875
3468.0	59.156768798828125
3469.0	59.04581298828125
3470.0	59.23545837402344
3471.0	59.053530883789065
3472.0	59.131448364257814
3473.0	59.19893798828125
3474.0	59.10270385742187
3475.0	59.11771850585937
3476.0	58.976953125
3477.0	59.09993286132813
3478.0	59.13827819824219
3479.0	59.24008483886719
3480.0	59.02250671386719
3481.0	59.120706176757814
3482.0	59.11414489746094
3483.0	59.192498779296876
3484.0	59.089813232421875
3485.0	59.18006896972656
3486.0	59.15198669433594
3487.0	59.29841003417969
3488.0	59.155459594726565
3489.0	59.13517456054687
3490.0	59.10465698242187
3491.0	59.10031433105469
3492.0	59.155303955078125
3493.0	59.19662780761719
3494.0	59.19385681152344
3495.0	59.22244873046875
3496.0	59.21668701171875
3497.0	59.09577941894531
3498.0	59.185971069335935
3499.0	59.272064208984375
3500.0	59.186334228515626
3501.0	59.147576904296876
3502.0	59.199273681640626
3503.0	59.0821044921875
3504.0	59.214898681640626
3505.0	59.136260986328125
3506.0	58.98201293945313
3507.0	59.21937866210938
3508.0	59.0775634765625
3509.0	59.09819030761719
3510.0	59.072216796875
3511.0	59.24296264648437
3512.0	59.05721435546875
3513.0	59.146932983398436
3514.0	59.100164794921874
3515.0	59.123583984375
3516.0	59.10434265136719
3517.0	59.11226196289063
3518.0	59.06074523925781
3519.0	59.16965026855469
3520.0	59.08710632324219
3521.0	59.15824584960937
3522.0	59.15389404296875
3523.0	59.16304931640625
3524.0	59.074560546875
3525.0	59.061911010742186
3526.0	59.179327392578124
3527.0	59.19497985839844
3528.0	59.0912353515625
3529.0	59.199624633789064
3530.0	59.12105712890625
3531.0	59.18360900878906
3532.0	59.143853759765626
3533.0	59.33115234375
3534.0	59.15244750976562
3535.0	59.22457580566406
3536.0	59.11705017089844
3537.0	59.18814392089844
3538.0	59.122833251953125
3539.0	59.14229736328125
3540.0	59.24812316894531
3541.0	59.15750427246094
3542.0	59.313507080078125
3543.0	59.176141357421876
3544.0	59.21005859375
3545.0	59.386663818359374
3546.0	59.13630981445313
3547.0	59.25816650390625
3548.0	59.252227783203125
3549.0	59.21758117675781
3550.0	59.300042724609376
3551.0	59.196893310546876
3552.0	59.28786010742188
3553.0	59.16546630859375
3554.0	59.146240234375
3555.0	59.18247985839844
3556.0	59.19715881347656
3557.0	59.30650939941406
3558.0	59.18983764648438
3559.0	59.18696899414063
3560.0	59.12431945800781
3561.0	59.195794677734376
3562.0	59.14677429199219
3563.0	59.358541870117186
3564.0	59.161032104492186
3565.0	59.24079895019531
3566.0	59.256143188476564
3567.0	59.242669677734376
3568.0	59.20402221679687
3569.0	59.220401000976565
3570.0	59.353668212890625
3571.0	59.17694091796875
3572.0	59.20189514160156
3573.0	59.23160095214844
3574.0	59.279119873046874
3575.0	59.3032958984375
3576.0	59.36016845703125
3577.0	59.200634765625
3578.0	59.279302978515624
3579.0	59.163519287109374
3580.0	59.18728942871094
3581.0	59.34761047363281
3582.0	59.35758666992187
3583.0	59.26317138671875
3584.0	59.187643432617186
3585.0	59.220761108398435
3586.0	59.21399841308594
3587.0	59.30085144042969
3588.0	59.2195068359375
3589.0	59.2201416015625
3590.0	59.3389404296875
3591.0	59.14339904785156
3592.0	59.30201416015625
3593.0	59.29510498046875
3594.0	59.244137573242185
3595.0	59.2995361328125
3596.0	59.265725708007814
3597.0	59.351217651367186
3598.0	59.1492431640625
3599.0	59.298831176757815
3600.0	59.17286682128906
3601.0	59.28571472167969
3602.0	59.307183837890626
3603.0	59.19343872070313
3604.0	59.30757446289063
3605.0	59.1955810546875
3606.0	59.12465209960938
3607.0	59.191796875
3608.0	59.278900146484375
3609.0	59.19050598144531
3610.0	59.21102294921875
3611.0	59.20512084960937
3612.0	59.278466796875
3613.0	59.139773559570315
3614.0	59.03874816894531
3615.0	59.23420104980469
3616.0	59.0666015625
3617.0	59.237158203125
3618.0	59.196817016601564
3619.0	59.12833862304687
3620.0	59.22098083496094
3621.0	59.15841369628906
3622.0	59.313534545898435
3623.0	59.192535400390625
3624.0	59.25652160644531
3625.0	59.204525756835935
3626.0	59.15008544921875
3627.0	59.22161865234375
3628.0	59.26420593261719
3629.0	59.18727416992188
3630.0	59.22992858886719
3631.0	59.255487060546876
3632.0	59.196835327148435
3633.0	59.218692016601565
3634.0	59.18457946777344
3635.0	59.27498168945313
3636.0	59.186318969726564
3637.0	59.20154724121094
3638.0	59.309075927734376
3639.0	59.221456909179686
3640.0	59.32729797363281
3641.0	59.209259033203125
3642.0	59.26704406738281
3643.0	59.30846252441406
3644.0	59.25541687011719
3645.0	59.2359375
3646.0	59.21322021484375
3647.0	59.26187744140625
3648.0	59.23359069824219
3649.0	59.289736938476565
3650.0	59.18202514648438
3651.0	59.139862060546875
3652.0	59.260067749023435
3653.0	59.33406372070313
3654.0	59.213873291015624
3655.0	59.25678405761719
3656.0	59.34054260253906
3657.0	59.221893310546875
3658.0	59.0964599609375
3659.0	59.176361083984375
3660.0	59.147073364257814
3661.0	59.13599548339844
3662.0	59.125006103515624
3663.0	59.164572143554686
3664.0	59.16087951660156
3665.0	59.18264465332031
3666.0	59.20313720703125
3667.0	59.21277770996094
3668.0	59.1351806640625
3669.0	59.16221923828125
3670.0	59.160397338867185
3671.0	59.173806762695314
3672.0	59.124322509765626
3673.0	59.153314208984376
3674.0	59.20386657714844
3675.0	59.093292236328125
3676.0	59.20438842773437
3677.0	59.159603881835935
3678.0	59.27861633300781
3679.0	59.114932250976565
3680.0	59.18830261230469
3681.0	59.156796264648435
3682.0	59.201727294921874
3683.0	59.17813415527344
3684.0	59.06203918457031
3685.0	59.218283081054686
3686.0	59.24702453613281
3687.0	59.05361328125
3688.0	59.09449157714844
3689.0	59.200225830078125
3690.0	59.158450317382815
3691.0	59.25014953613281
3692.0	59.235113525390624
3693.0	59.255548095703126
3694.0	59.160360717773436
3695.0	59.27009582519531
3696.0	59.192135620117185
3697.0	59.25611267089844
3698.0	59.18409423828125
3699.0	59.214691162109375
3700.0	59.134716796875
3701.0	59.17271423339844
3702.0	59.19527587890625
3703.0	59.199221801757815
3704.0	59.215667724609375
3705.0	59.1806640625
3706.0	59.184234619140625
3707.0	59.181173706054686
3708.0	59.18514709472656
3709.0	59.25180358886719
3710.0	59.24992065429687
3711.0	59.29005737304688
3712.0	59.194873046875
3713.0	59.301736450195314
3714.0	59.2130859375
3715.0	59.13621215820312
3716.0	59.22991943359375
3717.0	59.180667114257815
3718.0	59.203573608398436
3719.0	59.28457336425781

