0.0	38.6698974609375
1.0	38.68858642578125
2.0	38.584405517578126
3.0	38.753787231445315
4.0	38.745748901367186
5.0	38.584075927734375
6.0	38.767822265625
7.0	38.64155578613281
8.0	38.64400024414063
9.0	38.740087890625
10.0	38.59866027832031
11.0	38.645712280273436
12.0	38.671304321289064
13.0	38.792233276367185
14.0	38.732479858398435
15.0	38.68624267578125
16.0	38.882632446289065
17.0	38.648904418945314
18.0	38.84647827148437
19.0	38.67542419433594
20.0	38.73052062988281
21.0	38.75422668457031
22.0	38.7659423828125
23.0	38.733892822265624
24.0	38.79367370605469
25.0	38.81379089355469
26.0	38.794305419921876
27.0	38.73397216796875
28.0	38.778070068359376
29.0	38.74308776855469
30.0	38.754486083984375
31.0	38.77049865722656
32.0	38.7421875
33.0	38.86239929199219
34.0	38.807342529296875
35.0	38.76390380859375
36.0	38.94019470214844
37.0	38.854025268554686
38.0	38.80559387207031
39.0	38.830230712890625
40.0	38.935296630859376
41.0	38.96547241210938
42.0	38.976052856445314
43.0	38.984307861328126
44.0	38.934930419921876
45.0	38.971099853515625
46.0	38.93299560546875
47.0	38.83859558105469
48.0	38.93975830078125
49.0	38.997686767578124
50.0	38.85310668945313
51.0	38.87029113769531
52.0	38.98879699707031
53.0	39.08167724609375
54.0	38.890664672851564
55.0	38.95938720703125
56.0	38.94001159667969
57.0	39.012936401367185
58.0	38.99546813964844
59.0	38.86942138671875
60.0	38.99513244628906
61.0	39.0172119140625
62.0	39.03056640625
63.0	38.942864990234376
64.0	39.178271484375
65.0	39.03745727539062
66.0	39.07084350585937
67.0	39.113104248046874
68.0	39.06224670410156
69.0	39.12215881347656
70.0	39.0828369140625
71.0	39.19439697265625
72.0	39.18892822265625
73.0	39.067987060546876
74.0	39.17178039550781
75.0	39.05803527832031
76.0	39.22590942382813
77.0	39.13465270996094
78.0	39.26136169433594
79.0	39.166690063476565
80.0	39.16572875976563
81.0	39.2309814453125
82.0	39.135501098632815
83.0	39.291961669921875
84.0	39.170693969726564
85.0	39.216192626953124
86.0	39.22616882324219
87.0	39.29368896484375
88.0	39.242034912109375
89.0	39.212930297851564
90.0	39.27018432617187
91.0	39.24998474121094
92.0	39.32175903320312
93.0	39.379730224609375
94.0	39.251199340820314
95.0	39.23084716796875
96.0	39.327032470703124
97.0	39.34065246582031
98.0	39.22312927246094
99.0	39.2835693359375
100.0	39.21713562011719
101.0	39.18955993652344
102.0	39.189202880859376
103.0	39.22946472167969
104.0	39.34455261230469
105.0	39.38539123535156
106.0	39.19295043945313
107.0	39.1971435546875
108.0	39.24991149902344
109.0	39.264764404296876
110.0	39.27182312011719
111.0	39.30021667480469
112.0	39.31593627929688
113.0	39.19066162109375
114.0	39.24592895507813
115.0	39.10487060546875
116.0	39.15174560546875
117.0	39.221377563476565
118.0	39.050173950195315
119.0	39.119833374023436
120.0	40.39661560058594
121.0	42.71836547851562
122.0	42.73963928222656
123.0	42.740814208984375
124.0	42.95140686035156
125.0	42.83311462402344
126.0	42.88717346191406
127.0	42.91838684082031
128.0	42.7635986328125
129.0	42.86986083984375
130.0	42.751034545898435
131.0	42.72999572753906
132.0	42.9404541015625
133.0	42.859414672851564
134.0	42.785360717773436
135.0	42.882528686523436
136.0	42.93499755859375
137.0	42.85042114257813
138.0	42.85282897949219
139.0	42.9275390625
140.0	42.925881958007814
141.0	42.939202880859376
142.0	42.89110412597656
143.0	43.02354736328125
144.0	42.77769165039062
145.0	42.878012084960936
146.0	42.702911376953125
147.0	42.80061340332031
148.0	42.78892822265625
149.0	42.827328491210935
150.0	42.796121215820314
151.0	42.74033813476562
152.0	42.933099365234376
153.0	42.82081909179688
154.0	42.905340576171874
155.0	42.767721557617186
156.0	42.78278503417969
157.0	42.81586608886719
158.0	42.76868896484375
159.0	42.80263061523438
160.0	42.908059692382814
161.0	42.94673461914063
162.0	42.87376098632812
163.0	42.88059997558594
164.0	42.90641784667969
165.0	42.68669738769531
166.0	42.74379272460938
167.0	42.8998779296875
168.0	42.804098510742186
169.0	42.81257019042969
170.0	42.849169921875
171.0	42.887936401367185
172.0	42.867105102539064
173.0	42.787603759765624
174.0	42.75474243164062
175.0	42.91817016601563
176.0	42.91787414550781
177.0	42.92742919921875
178.0	42.818722534179685
179.0	42.825830078125
180.0	42.84736022949219
181.0	42.791143798828124
182.0	42.77989501953125
183.0	42.79688415527344
184.0	42.885400390625
185.0	42.829595947265624
186.0	42.68131713867187
187.0	42.72480163574219
188.0	42.786929321289065
189.0	42.84379577636719
190.0	42.76273803710937
191.0	42.7610107421875
192.0	42.925515747070314
193.0	43.00521545410156
194.0	42.93775939941406
195.0	42.77682800292969
196.0	42.90595703125
197.0	42.84022827148438
198.0	42.93791198730469
199.0	43.014810180664064
200.0	42.83121337890625
201.0	42.904901123046876
202.0	42.919097900390625
203.0	42.85480651855469
204.0	42.66299743652344
205.0	42.772927856445314
206.0	42.63877563476562
207.0	42.69908447265625
208.0	42.74882202148437
209.0	43.03562927246094
210.0	43.0503662109375
211.0	43.06778259277344
212.0	42.97083435058594
213.0	42.87996826171875
214.0	42.96317138671875
215.0	42.91869201660156
216.0	42.965020751953126
217.0	42.892843627929686
218.0	42.835690307617185
219.0	42.85817260742188
220.0	42.889505004882814
221.0	42.898965454101564
222.0	42.91190185546875
223.0	42.963800048828126
224.0	43.09957275390625
225.0	43.09724426269531
226.0	43.171075439453126
227.0	42.98033142089844
228.0	42.58220520019531
229.0	42.6397705078125
230.0	42.230096435546876
231.0	41.768960571289064
232.0	42.378173828125
233.0	42.801901245117186
234.0	42.7712890625
235.0	42.902191162109375
236.0	42.937060546875
237.0	43.02608947753906
238.0	42.92558288574219
239.0	43.03535766601563
240.0	43.08570251464844
241.0	43.017843627929686
242.0	43.008114624023435
243.0	42.89820556640625
244.0	43.05348510742188
245.0	42.99806213378906
246.0	42.91668701171875
247.0	42.91605224609375
248.0	43.03680419921875
249.0	42.97113952636719
250.0	42.960394287109374
251.0	43.04130554199219
252.0	42.97451477050781
253.0	43.10409240722656
254.0	43.02198486328125
255.0	43.07135925292969
256.0	43.05811767578125
257.0	42.87110290527344
258.0	42.978021240234376
259.0	42.967291259765624
260.0	42.91432495117188
261.0	42.968807983398435
262.0	42.96523742675781
263.0	42.80776672363281
264.0	42.90823974609375
265.0	43.0250244140625
266.0	42.998077392578125
267.0	42.89278869628906
268.0	42.91294555664062
269.0	42.89834899902344
270.0	42.87356872558594
271.0	42.998052978515624
272.0	42.97331237792969
273.0	43.04443359375
274.0	42.85884399414063
275.0	42.8897705078125
276.0	42.84147338867187
277.0	42.79530029296875
278.0	42.81791381835937
279.0	42.85498046875
280.0	42.941409301757815
281.0	42.867855834960935
282.0	42.82968444824219
283.0	42.77768249511719
284.0	42.849282836914064
285.0	42.65812377929687
286.0	42.760946655273436
287.0	42.81364440917969
288.0	42.68431396484375
289.0	42.784732055664065
290.0	42.83927612304687
291.0	42.81918029785156
292.0	42.80654296875
293.0	42.79129638671875
294.0	42.810491943359374
295.0	42.8128662109375
296.0	42.77088623046875
297.0	42.811398315429685
298.0	42.72214965820312
299.0	42.81627197265625
300.0	42.760589599609375
301.0	42.76853942871094
302.0	42.648922729492185
303.0	42.65522155761719
304.0	42.78657531738281
305.0	42.689334106445315
306.0	42.52328796386719
307.0	42.72113037109375
308.0	42.69100646972656
309.0	42.74214477539063
310.0	42.649435424804686
311.0	42.589028930664064
312.0	42.646566772460936
313.0	42.720367431640625
314.0	42.66514892578125
315.0	42.555657958984376
316.0	42.53703918457031
317.0	42.59510498046875
318.0	42.62022399902344
319.0	42.543759155273435
320.0	42.591513061523436
321.0	42.57386474609375
322.0	42.524716186523435
323.0	42.53364562988281
324.0	42.57039794921875
325.0	42.62286376953125
326.0	42.48289794921875
327.0	42.60647888183594
328.0	42.55497436523437
329.0	42.53804931640625
330.0	42.65788269042969
331.0	42.51753540039063
332.0	42.45742492675781
333.0	42.462118530273436
334.0	42.50639038085937
335.0	42.50602416992187
336.0	42.40473327636719
337.0	42.48904113769531
338.0	42.39310913085937
339.0	42.48575134277344
340.0	42.4390625
341.0	42.40587463378906
342.0	42.5165771484375
343.0	42.40467529296875
344.0	42.44288024902344
345.0	42.48516845703125
346.0	42.3543701171875
347.0	42.497640991210936
348.0	42.442691040039065
349.0	42.42654113769531
350.0	42.496697998046876
351.0	42.48307800292969
352.0	42.34918212890625
353.0	42.522900390625
354.0	42.46897888183594
355.0	42.49482421875
356.0	42.55811767578125
357.0	42.420468139648435
358.0	42.44619445800781
359.0	42.47658081054688
360.0	42.53329772949219
361.0	42.459417724609374
362.0	42.54075927734375
363.0	42.2806884765625
364.0	42.36331787109375
365.0	42.557769775390625
366.0	42.537130737304686
367.0	42.45548706054687
368.0	42.37369384765625
369.0	42.448141479492186
370.0	42.52561950683594
371.0	42.47108459472656
372.0	42.404580688476564
373.0	42.344931030273436
374.0	42.450128173828126
375.0	42.45635986328125
376.0	42.44792785644531
377.0	42.438592529296876
378.0	42.44168395996094
379.0	42.434695434570315
380.0	42.51117858886719
381.0	42.36924743652344
382.0	42.432318115234374
383.0	42.375973510742185
384.0	42.458370971679685
385.0	42.528567504882815
386.0	42.538412475585936
387.0	42.54988403320313
388.0	42.512115478515625
389.0	42.56123046875
390.0	42.60658569335938
391.0	42.623284912109376
392.0	42.602761840820314
393.0	42.536929321289065
394.0	42.636895751953126
395.0	42.554595947265625
396.0	42.47666015625
397.0	42.64539489746094
398.0	42.651495361328124
399.0	42.53609924316406
400.0	42.56553955078125
401.0	42.57479553222656
402.0	42.550970458984374
403.0	42.68409118652344
404.0	42.631002807617186
405.0	42.720062255859375
406.0	42.69501953125
407.0	42.610809326171875
408.0	42.621270751953126
409.0	42.68899841308594
410.0	42.662393188476564
411.0	42.64718933105469
412.0	42.504373168945314
413.0	42.678741455078125
414.0	42.687924194335935
415.0	42.71690673828125
416.0	42.651791381835935
417.0	42.6895751953125
418.0	42.69867858886719
419.0	42.69351806640625
420.0	42.557135009765624
421.0	42.661865234375
422.0	42.570648193359375
423.0	42.527520751953126
424.0	42.689141845703126
425.0	42.661373901367185
426.0	42.68723754882812
427.0	42.59877319335938
428.0	42.61988220214844
429.0	42.67532043457031
430.0	42.69495849609375
431.0	42.627236938476564
432.0	42.59482421875
433.0	42.7238525390625
434.0	42.681298828125
435.0	42.637158203125
436.0	42.593789672851564
437.0	42.71316223144531
438.0	42.63777160644531
439.0	42.524505615234375
440.0	42.741241455078125
441.0	42.741949462890624
442.0	42.671044921875
443.0	42.672769165039064
444.0	42.66367797851562
445.0	42.64053649902344
446.0	42.682455444335936
447.0	42.66616516113281
448.0	42.74564208984375
449.0	42.715274047851565
450.0	42.86875915527344
451.0	42.71427612304687
452.0	42.77677612304687
453.0	42.716094970703125
454.0	42.794091796875
455.0	42.780331420898435
456.0	42.69800720214844
457.0	42.700103759765625
458.0	42.75924987792969
459.0	42.718499755859376
460.0	42.714175415039065
461.0	42.832882690429685
462.0	42.727447509765625
463.0	42.730795288085936
464.0	42.791741943359376
465.0	42.70821838378906
466.0	42.84038391113281
467.0	42.781005859375
468.0	42.724578857421875
469.0	42.86892395019531
470.0	42.7444580078125
471.0	42.83134460449219
472.0	42.77257385253906
473.0	42.85741271972656
474.0	42.71546630859375
475.0	42.81029052734375
476.0	42.75892639160156
477.0	42.78407592773438
478.0	42.77851257324219
479.0	42.67648620605469
480.0	42.895599365234375
481.0	42.74412841796875
482.0	42.82215270996094
483.0	42.82412109375
484.0	42.728695678710935
485.0	42.75147399902344
486.0	42.781805419921874
487.0	42.811865234375
488.0	42.84175415039063
489.0	42.84520263671875
490.0	42.87816162109375
491.0	42.73392028808594
492.0	42.825418090820314
493.0	42.87724609375
494.0	42.751828002929685
495.0	42.81687927246094
496.0	42.80751342773438
497.0	42.744973754882814
498.0	42.76679382324219
499.0	42.732977294921874
500.0	42.877069091796876
501.0	42.784603881835935
502.0	42.791506958007815
503.0	42.78462524414063
504.0	42.6630615234375
505.0	42.810491943359374
506.0	42.73108825683594
507.0	42.73067016601563
508.0	42.79428405761719
509.0	42.72020568847656
510.0	42.78894958496094
511.0	42.72053833007813
512.0	42.80265808105469
513.0	42.80323791503906
514.0	42.62235107421875
515.0	42.71445007324219
516.0	42.75684509277344
517.0	42.74014892578125
518.0	42.79331970214844
519.0	42.79781799316406
520.0	42.759710693359374
521.0	42.75596313476562
522.0	42.69064025878906
523.0	42.54460754394531
524.0	42.707977294921875
525.0	42.700601196289064
526.0	42.673031616210935
527.0	42.78132629394531
528.0	42.669857788085935
529.0	42.69681396484375
530.0	42.642721557617186
531.0	42.6884765625
532.0	42.694540405273436
533.0	42.688348388671876
534.0	42.64103393554687
535.0	42.702734375
536.0	42.61229248046875
537.0	42.7790771484375
538.0	42.65171813964844
539.0	42.61172790527344
540.0	42.72115478515625
541.0	42.62593383789063
542.0	42.74287414550781
543.0	42.65300598144531
544.0	42.579263305664064
545.0	42.695306396484376
546.0	42.56991271972656
547.0	42.67654113769531
548.0	42.57310791015625
549.0	42.57804565429687
550.0	42.64793090820312
551.0	42.697900390625
552.0	42.436956787109374
553.0	42.605899047851565
554.0	42.540557861328125
555.0	42.661154174804686
556.0	42.60825805664062
557.0	42.701925659179686
558.0	42.54057312011719
559.0	42.65473937988281
560.0	42.519293212890624
561.0	42.578286743164064
562.0	42.68548583984375
563.0	42.5342041015625
564.0	42.513031005859375
565.0	42.541632080078124
566.0	42.532186889648436
567.0	42.52034912109375
568.0	42.5348876953125
569.0	42.57033996582031
570.0	42.54441833496094
571.0	42.546652221679686
572.0	42.541629028320315
573.0	42.44791259765625
574.0	42.464776611328126
575.0	42.5475341796875
576.0	42.43394165039062
577.0	42.50906066894531
578.0	42.45480041503906
579.0	42.526004028320315
580.0	42.431234741210936
581.0	42.42741394042969
582.0	42.43141174316406
583.0	42.48153381347656
584.0	42.57950439453125
585.0	42.497137451171874
586.0	42.44185180664063
587.0	42.37528686523437
588.0	42.416299438476564
589.0	42.51606750488281
590.0	42.30648193359375
591.0	42.41038513183594
592.0	42.44281921386719
593.0	42.429534912109375
594.0	42.51249694824219
595.0	42.46467895507813
596.0	42.450619506835935
597.0	42.434286499023436
598.0	42.412139892578125
599.0	42.39626770019531
600.0	42.428689575195314
601.0	42.58904113769531
602.0	42.461767578125
603.0	42.411373901367185
604.0	42.41517639160156
605.0	42.458438110351565
606.0	42.45792236328125
607.0	42.35728149414062
608.0	42.404153442382814
609.0	42.50005187988281
610.0	42.26969909667969
611.0	42.44562683105469
612.0	42.367147827148436
613.0	42.36224365234375
614.0	42.41797790527344
615.0	42.37925415039062
616.0	42.519354248046874
617.0	42.40964965820312
618.0	42.3525390625
619.0	42.305364990234374
620.0	42.32906799316406
621.0	42.5400634765625
622.0	42.347164916992185
623.0	42.33597106933594
624.0	42.40214233398437
625.0	42.535546875
626.0	42.349462890625
627.0	42.35227966308594
628.0	42.42003479003906
629.0	42.42888488769531
630.0	42.396853637695315
631.0	42.397821044921876
632.0	42.364505004882815
633.0	42.34735107421875
634.0	42.38038024902344
635.0	42.371743774414064
636.0	42.280157470703124
637.0	42.429745483398435
638.0	42.3745849609375
639.0	42.393792724609376
640.0	42.288323974609376
641.0	42.2832275390625
642.0	42.404074096679686
643.0	42.35177307128906
644.0	42.30908203125
645.0	42.31569213867188
646.0	42.23192138671875
647.0	42.46889953613281
648.0	42.37552185058594
649.0	42.457699584960935
650.0	42.291018676757815
651.0	42.386355590820315
652.0	42.390130615234376
653.0	42.37613525390625
654.0	42.369989013671876
655.0	42.36374206542969
656.0	42.33292846679687
657.0	42.30689697265625
658.0	42.292178344726565
659.0	42.275210571289065
660.0	42.357296752929685
661.0	42.3670654296875
662.0	42.263607788085935
663.0	42.3534912109375
664.0	42.361087036132815
665.0	42.45262756347656
666.0	42.282806396484375
667.0	42.31224670410156
668.0	42.3398681640625
669.0	42.297848510742185
670.0	42.273440551757815
671.0	42.362396240234375
672.0	42.37174072265625
673.0	42.45040588378906
674.0	42.289065551757815
675.0	42.26822204589844
676.0	42.265219116210936
677.0	42.432427978515626
678.0	42.447140502929685
679.0	42.43177795410156
680.0	42.248715209960935
681.0	42.309869384765626
682.0	42.404510498046875
683.0	42.345635986328126
684.0	42.16427917480469
685.0	42.35435180664062
686.0	42.288632202148435
687.0	42.36878356933594
688.0	42.338861083984376
689.0	42.43858337402344
690.0	42.418557739257814
691.0	42.32884216308594
692.0	42.36916809082031
693.0	42.45540771484375
694.0	42.32694091796875
695.0	42.33894653320313
696.0	42.355917358398436
697.0	42.395440673828126
698.0	42.26271057128906
699.0	42.28760986328125
700.0	42.560003662109374
701.0	42.34051513671875
702.0	42.43736572265625
703.0	42.37413024902344
704.0	42.418084716796876
705.0	42.358831787109374
706.0	42.42230224609375
707.0	42.375189208984374
708.0	42.44318542480469
709.0	42.410848999023436
710.0	42.396139526367186
711.0	42.39902038574219
712.0	42.47349853515625
713.0	42.45640563964844
714.0	42.41556396484375
715.0	42.42538146972656
716.0	42.54006652832031
717.0	42.41490173339844
718.0	42.25748901367187
719.0	42.45631408691406
720.0	42.47389526367188
721.0	42.42989807128906
722.0	42.45090026855469
723.0	42.405548095703125
724.0	42.35737609863281
725.0	42.37926330566406
726.0	42.385720825195314
727.0	42.49540710449219
728.0	42.548178100585936
729.0	42.512445068359376
730.0	42.438592529296876
731.0	42.4941162109375
732.0	42.4246337890625
733.0	42.51632080078125
734.0	42.38613586425781
735.0	42.47139282226563
736.0	42.490823364257814
737.0	42.431640625
738.0	42.505926513671874
739.0	42.48832397460937
740.0	42.4352783203125
741.0	42.54790344238281
742.0	42.45350952148438
743.0	42.43843078613281
744.0	42.66404418945312
745.0	42.55607604980469
746.0	42.589361572265624
747.0	42.520443725585935
748.0	42.54140014648438
749.0	42.48539428710937
750.0	42.62858581542969
751.0	42.532205200195314
752.0	42.474517822265625
753.0	42.63056945800781
754.0	42.635595703125
755.0	42.585653686523436
756.0	42.72738342285156
757.0	42.568841552734376
758.0	42.744110107421875
759.0	42.67796020507812
760.0	42.6367431640625
761.0	42.602230834960935
762.0	42.61300964355469
763.0	42.67018127441406
764.0	42.55502014160156
765.0	42.66126708984375
766.0	42.57481994628906
767.0	42.73067016601563
768.0	42.60427551269531
769.0	42.74253540039062
770.0	42.58939208984375
771.0	42.82046203613281
772.0	42.82762756347656
773.0	42.64545593261719
774.0	42.668206787109376
775.0	42.83253784179688
776.0	42.697784423828125
777.0	42.76663513183594
778.0	42.62838134765625
779.0	42.789791870117185
780.0	42.677633666992186
781.0	42.783197021484376
782.0	42.5955078125
783.0	42.74237976074219
784.0	42.73921203613281
785.0	42.7450927734375
786.0	42.669680786132815
787.0	42.644772338867185
788.0	42.821572875976564
789.0	42.72079162597656
790.0	42.68570251464844
791.0	42.81563110351563
792.0	42.71903991699219
793.0	42.70850830078125
794.0	42.766720581054685
795.0	42.830328369140624
796.0	42.792999267578125
797.0	42.758270263671875
798.0	42.83497924804688
799.0	42.7556396484375
800.0	42.793539428710936
801.0	42.829934692382814
802.0	42.739828491210936
803.0	42.940484619140626
804.0	42.862432861328124
805.0	42.809042358398436
806.0	42.87058715820312
807.0	42.947164916992186
808.0	42.84748840332031
809.0	42.846990966796874
810.0	42.94902038574219
811.0	42.8017333984375
812.0	42.83112487792969
813.0	42.92948913574219
814.0	42.909722900390626
815.0	42.898983764648435
816.0	43.01423034667969
817.0	42.913735961914064
818.0	42.86060485839844
819.0	42.94602661132812
820.0	42.8237060546875
821.0	42.95836486816406
822.0	42.96828918457031
823.0	42.882806396484376
824.0	42.97324829101562
825.0	42.917562866210936
826.0	43.05757446289063
827.0	42.8994140625
828.0	42.89395751953125
829.0	43.021453857421875
830.0	42.95171203613281
831.0	43.10037841796875
832.0	42.96962280273438
833.0	43.01512145996094
834.0	42.98826599121094
835.0	42.96622924804687
836.0	43.00595397949219
837.0	43.015011596679685
838.0	42.91767578125
839.0	43.13897705078125
840.0	42.9261962890625
841.0	43.04030151367188
842.0	42.93694152832031
843.0	42.968264770507815
844.0	43.005548095703126
845.0	43.02080383300781
846.0	43.01744079589844
847.0	42.93980102539062
848.0	43.00572509765625
849.0	42.950689697265624
850.0	42.934686279296876
851.0	43.08773498535156
852.0	42.93614196777344
853.0	42.9453369140625
854.0	42.979498291015624
855.0	42.97121887207031
856.0	43.002392578125
857.0	42.897393798828126
858.0	42.98509826660156
859.0	43.010885620117186
860.0	42.97217712402344
861.0	43.04193115234375
862.0	42.93949584960937
863.0	42.993157958984376
864.0	42.933084106445314
865.0	42.88200378417969
866.0	42.935479736328126
867.0	42.92787475585938
868.0	43.071112060546874
869.0	43.01258850097656
870.0	42.903195190429685
871.0	42.99852600097656
872.0	43.01420593261719
873.0	43.002496337890626
874.0	42.966189575195315
875.0	42.832785034179686
876.0	43.036932373046874
877.0	42.937985229492185
878.0	42.91139221191406
879.0	42.92903137207031
880.0	42.75654296875
881.0	42.555572509765625
882.0	42.049398803710936
883.0	41.64682312011719
884.0	42.22221984863281
885.0	42.408651733398436
886.0	42.694766235351565
887.0	42.66708984375
888.0	42.702127075195314
889.0	42.93778076171875
890.0	42.834780883789065
891.0	42.90492553710938
892.0	42.852227783203126
893.0	42.79106140136719
894.0	42.7767822265625
895.0	42.75902099609375
896.0	42.6712646484375
897.0	42.791839599609375
898.0	42.6619384765625
899.0	42.7039794921875
900.0	42.65655517578125
901.0	42.67830200195313
902.0	42.48139953613281
903.0	42.622317504882815
904.0	42.4760498046875
905.0	42.688681030273436
906.0	42.50505676269531
907.0	42.643682861328124
908.0	42.49451599121094
909.0	42.495565795898436
910.0	42.543313598632814
911.0	42.6583740234375
912.0	42.50425720214844
913.0	42.57681579589844
914.0	42.48368835449219
915.0	42.3840576171875
916.0	42.508026123046875
917.0	42.60690612792969
918.0	42.3268798828125
919.0	42.42010498046875
920.0	42.514556884765625
921.0	42.471682739257815
922.0	42.44015808105469
923.0	42.364007568359376
924.0	42.4036376953125
925.0	42.340457153320315
926.0	42.477447509765625
927.0	42.33884887695312
928.0	42.57007751464844
929.0	42.31226806640625
930.0	42.354058837890626
931.0	42.43263244628906
932.0	42.25975036621094
933.0	42.36215515136719
934.0	42.255523681640625
935.0	42.35853271484375
936.0	42.39897766113281
937.0	42.30882568359375
938.0	42.35205078125
939.0	42.32326049804688
940.0	42.3320068359375
941.0	42.37789611816406
942.0	42.247161865234375
943.0	42.292236328125
944.0	42.326840209960935
945.0	42.25151062011719
946.0	42.376214599609376
947.0	42.296304321289064
948.0	42.278961181640625
949.0	42.28831481933594
950.0	42.377349853515625
951.0	42.384317016601564
952.0	42.416201782226565
953.0	42.583309936523435
954.0	42.467132568359375
955.0	42.409173583984376
956.0	42.164675903320315
957.0	41.99277954101562
958.0	41.524835205078126
959.0	41.886819458007814
960.0	42.213174438476564
961.0	42.4779541015625
962.0	42.480123901367186
963.0	42.422607421875
964.0	42.37184448242188
965.0	42.51565246582031
966.0	42.455874633789065
967.0	42.40379638671875
968.0	42.37901306152344
969.0	42.50513610839844
970.0	42.45811157226562
971.0	42.402835083007815
972.0	42.422882080078125
973.0	42.46236572265625
974.0	42.360540771484374
975.0	42.471231079101564
976.0	42.51563720703125
977.0	42.48128662109375
978.0	42.564962768554686
979.0	42.47516784667969
980.0	42.52336120605469
981.0	42.52137756347656
982.0	42.389251708984375
983.0	42.394570922851564
984.0	42.55718994140625
985.0	42.463742065429685
986.0	42.49342041015625
987.0	42.38529052734375
988.0	42.481625366210935
989.0	42.46998596191406
990.0	42.486209106445315
991.0	42.476681518554685
992.0	42.373199462890625
993.0	42.39082336425781
994.0	42.41670227050781
995.0	42.48164672851563
996.0	42.41947937011719
997.0	42.56759338378906
998.0	42.41282653808594
999.0	42.390203857421874
1000.0	42.36758117675781
1001.0	42.431051635742186
1002.0	42.455197143554685
1003.0	42.55555419921875
1004.0	42.327822875976565
1005.0	42.4865966796875
1006.0	42.421139526367185
1007.0	42.52702941894531
1008.0	42.51527404785156
1009.0	42.494320678710935
1010.0	42.42161560058594
1011.0	42.51743774414062
1012.0	42.466879272460936
1013.0	42.446554565429686
1014.0	42.40620727539063
1015.0	42.457427978515625
1016.0	42.42880554199219
1017.0	42.563113403320315
1018.0	42.488671875
1019.0	42.58819580078125
1020.0	42.521670532226565
1021.0	42.525079345703126
1022.0	42.4406982421875
1023.0	42.60364990234375
1024.0	42.42769165039063
1025.0	42.52266235351563
1026.0	42.51563415527344
1027.0	42.444174194335936
1028.0	42.54949951171875
1029.0	42.54198303222656
1030.0	42.4392578125
1031.0	42.47920227050781
1032.0	42.41151428222656
1033.0	42.49163818359375
1034.0	42.534722900390626
1035.0	42.450070190429685
1036.0	42.415158081054685
1037.0	42.38216857910156
1038.0	42.421145629882815
1039.0	42.360226440429685
1040.0	42.49580078125
1041.0	42.396481323242185
1042.0	42.47287292480469
1043.0	42.444061279296875
1044.0	42.42757873535156
1045.0	42.43983459472656
1046.0	42.44206848144531
1047.0	42.47199401855469
1048.0	42.342709350585935
1049.0	42.2947265625
1050.0	42.429873657226565
1051.0	42.32259826660156
1052.0	42.4093994140625
1053.0	42.39659118652344
1054.0	42.45885314941406
1055.0	42.43809204101562
1056.0	42.3984375
1057.0	42.45008544921875
1058.0	42.346005249023435
1059.0	42.419140625
1060.0	42.538595581054686
1061.0	42.46405944824219
1062.0	42.44390869140625
1063.0	42.42079467773438
1064.0	42.550482177734374
1065.0	42.308746337890625
1066.0	42.293096923828124
1067.0	42.442361450195314
1068.0	42.46156616210938
1069.0	42.36082458496094
1070.0	42.30400085449219
1071.0	42.37361145019531
1072.0	42.371392822265626
1073.0	42.38291931152344
1074.0	42.395870971679685
1075.0	42.259805297851564
1076.0	42.40578918457031
1077.0	42.366943359375
1078.0	42.272702026367185
1079.0	42.32467346191406
1080.0	42.27021484375
1081.0	42.353939819335935
1082.0	42.30984802246094
1083.0	42.26280517578125
1084.0	42.41862487792969
1085.0	42.27713623046875
1086.0	42.26473388671875
1087.0	42.181845092773436
1088.0	42.344241333007815
1089.0	42.338818359375
1090.0	42.36422119140625
1091.0	42.237030029296875
1092.0	42.20429992675781
1093.0	42.29802551269531
1094.0	42.09618225097656
1095.0	42.315512084960936
1096.0	42.231231689453125
1097.0	42.405819702148435
1098.0	42.12854919433594
1099.0	42.34080810546875
1100.0	42.29454650878906
1101.0	42.295492553710936
1102.0	42.30671997070313
1103.0	42.21336059570312
1104.0	42.248687744140625
1105.0	42.35041198730469
1106.0	42.24891052246094
1107.0	42.41469116210938
1108.0	42.22390441894531
1109.0	42.275994873046876
1110.0	42.260797119140626
1111.0	42.301123046875
1112.0	42.25777893066406
1113.0	42.25367736816406
1114.0	42.25612182617188
1115.0	42.2874755859375
1116.0	42.23532409667969
1117.0	42.219906616210935
1118.0	42.30867919921875
1119.0	42.315972900390626
1120.0	42.3662353515625
1121.0	42.411581420898436
1122.0	42.285711669921874
1123.0	42.356109619140625
1124.0	42.30082397460937
1125.0	42.29476318359375
1126.0	42.255123901367185
1127.0	42.144509887695314
1128.0	42.39021606445313
1129.0	42.27852172851563
1130.0	42.2728271484375
1131.0	42.33942565917969
1132.0	42.2051025390625
1133.0	42.25626220703125
1134.0	42.25070495605469
1135.0	42.26725463867187
1136.0	42.24427185058594
1137.0	42.29679870605469
1138.0	42.30548095703125
1139.0	42.294281005859375
1140.0	42.30193176269531
1141.0	42.39992980957031
1142.0	42.24085693359375
1143.0	42.38228759765625
1144.0	42.332391357421876
1145.0	42.21690063476562
1146.0	42.1984619140625
1147.0	42.260458374023436
1148.0	42.250604248046876
1149.0	42.27490234375
1150.0	42.201165771484376
1151.0	42.320230102539064
1152.0	42.37009887695312
1153.0	42.401702880859375
1154.0	42.315704345703125
1155.0	42.296337890625
1156.0	42.1924072265625
1157.0	42.414068603515624
1158.0	42.26954956054688
1159.0	42.18363647460937
1160.0	42.25116882324219
1161.0	42.33280029296875
1162.0	42.277279663085935
1163.0	42.18577880859375
1164.0	42.27192993164063
1165.0	42.323019409179686
1166.0	42.203192138671874
1167.0	42.19371032714844
1168.0	42.1534912109375
1169.0	42.33836975097656
1170.0	42.14842224121094
1171.0	42.266073608398436
1172.0	42.21141357421875
1173.0	42.2877685546875
1174.0	42.299127197265626
1175.0	42.214108276367185
1176.0	42.16862487792969
1177.0	42.40766296386719
1178.0	42.24326782226562
1179.0	42.27339172363281
1180.0	42.293023681640626
1181.0	42.16476745605469
1182.0	42.27023010253906
1183.0	42.24128723144531
1184.0	42.251312255859375
1185.0	42.20773620605469
1186.0	42.28763122558594
1187.0	42.119650268554686
1188.0	42.34615783691406
1189.0	42.29713134765625
1190.0	42.27918395996094
1191.0	42.22322387695313
1192.0	42.325076293945315
1193.0	42.319732666015625
1194.0	42.22645263671875
1195.0	42.20130310058594
1196.0	42.32510986328125
1197.0	42.28288269042969
1198.0	42.265380859375
1199.0	42.25447387695313
1200.0	42.31549987792969
1201.0	42.331903076171876
1202.0	42.314022827148435
1203.0	42.207769775390624
1204.0	42.24617919921875
1205.0	42.18946838378906
1206.0	42.17825927734375
1207.0	42.23965148925781
1208.0	42.256753540039064
1209.0	42.35877685546875
1210.0	42.19387512207031
1211.0	42.236331176757815
1212.0	42.26820373535156
1213.0	42.29052734375
1214.0	42.31672973632813
1215.0	42.200521850585936
1216.0	42.181732177734375
1217.0	42.1603759765625
1218.0	42.323611450195315
1219.0	42.310769653320314
1220.0	42.214605712890624
1221.0	42.22871398925781
1222.0	42.28821716308594
1223.0	42.190435791015624
1224.0	42.262847900390625
1225.0	42.296347045898436
1226.0	42.317803955078126
1227.0	42.228292846679686
1228.0	42.261740112304686
1229.0	42.359719848632814
1230.0	42.20845336914063
1231.0	42.24483947753906
1232.0	42.2186279296875
1233.0	42.23482971191406
1234.0	42.19429016113281
1235.0	42.226202392578124
1236.0	42.2760498046875
1237.0	42.284420776367185
1238.0	42.18654174804688
1239.0	42.31037292480469
1240.0	42.329226684570315
1241.0	42.27482299804687
1242.0	42.246002197265625
1243.0	42.233209228515626
1244.0	42.294561767578124
1245.0	42.313479614257815
1246.0	42.225579833984376
1247.0	42.22736511230469
1248.0	42.151303100585935
1249.0	42.329898071289065
1250.0	42.17781982421875
1251.0	42.30954284667969
1252.0	42.26390075683594
1253.0	42.14309997558594
1254.0	42.19788818359375
1255.0	42.184521484375
1256.0	42.272332763671876
1257.0	42.126077270507814
1258.0	42.28089599609375
1259.0	42.19361267089844
1260.0	42.13747863769531
1261.0	42.231494140625
1262.0	42.078070068359374
1263.0	42.229391479492186
1264.0	42.049896240234375
1265.0	42.160971069335936
1266.0	42.169097900390625
1267.0	42.18061828613281
1268.0	42.16847534179688
1269.0	42.19920959472656
1270.0	42.19920349121094
1271.0	42.22489013671875
1272.0	42.17207336425781
1273.0	42.17274169921875
1274.0	42.08340148925781
1275.0	42.09200744628906
1276.0	42.23652954101563
1277.0	42.101922607421876
1278.0	42.08675842285156
1279.0	42.145144653320315
1280.0	42.08763122558594
1281.0	42.164431762695315
1282.0	42.19844055175781
1283.0	42.14430541992188
1284.0	42.108071899414064
1285.0	42.20368957519531
1286.0	42.19015808105469
1287.0	42.09756774902344
1288.0	42.14931945800781
1289.0	42.28938598632813
1290.0	42.05756530761719
1291.0	42.159671020507815
1292.0	42.16160583496094
1293.0	42.232949829101564
1294.0	42.177825927734375
1295.0	42.159368896484374
1296.0	42.222982788085936
1297.0	42.16801147460937
1298.0	42.216558837890624
1299.0	42.200460815429686
1300.0	42.092367553710936
1301.0	42.185055541992185
1302.0	42.19639282226562
1303.0	42.13724975585937
1304.0	42.124166870117186
1305.0	42.24325866699219
1306.0	42.05736389160156
1307.0	42.07952880859375
1308.0	42.177450561523436
1309.0	42.09782409667969
1310.0	42.181802368164064
1311.0	42.16642761230469
1312.0	42.066629028320314
1313.0	42.09456787109375
1314.0	42.177243041992185
1315.0	42.17847900390625
1316.0	42.157022094726564
1317.0	42.18233642578125
1318.0	42.14237976074219
1319.0	42.271942138671875
1320.0	42.20694274902344
1321.0	42.19736328125
1322.0	42.06315612792969
1323.0	42.12431030273437
1324.0	42.10185546875
1325.0	42.108184814453125
1326.0	42.1819091796875
1327.0	42.094235229492185
1328.0	42.09352111816406
1329.0	42.177572631835936
1330.0	42.13570861816406
1331.0	41.99248046875
1332.0	42.086273193359375
1333.0	42.16982727050781
1334.0	42.00673828125
1335.0	42.084259033203125
1336.0	42.14247131347656
1337.0	42.112161254882814
1338.0	42.007867431640626
1339.0	42.17924194335937
1340.0	42.08265075683594
1341.0	42.066650390625
1342.0	42.16978759765625
1343.0	42.175601196289065
1344.0	42.0204833984375
1345.0	42.04733581542969
1346.0	41.998147583007814
1347.0	42.1357177734375
1348.0	42.034759521484375
1349.0	42.122198486328124
1350.0	42.051815795898435
1351.0	42.02738037109375
1352.0	42.139529418945315
1353.0	42.17979125976562
1354.0	42.05079345703125
1355.0	42.01585693359375
1356.0	42.09449462890625
1357.0	42.22464599609375
1358.0	42.05234985351562
1359.0	42.176351928710936
1360.0	42.10651550292969
1361.0	42.046182250976564
1362.0	42.065365600585935
1363.0	42.059512329101565
1364.0	42.08864135742188
1365.0	42.21824951171875
1366.0	42.16531066894531
1367.0	42.11041259765625
1368.0	42.11519775390625
1369.0	42.15005187988281
1370.0	42.023876953125
1371.0	42.272763061523435
1372.0	42.19636535644531
1373.0	42.12508850097656
1374.0	42.1073974609375
1375.0	42.13303833007812
1376.0	42.11665344238281
1377.0	42.1290771484375
1378.0	42.052188110351565
1379.0	42.055548095703124
1380.0	42.0722900390625
1381.0	42.186032104492185
1382.0	42.084967041015624
1383.0	42.10328674316406
1384.0	42.08804016113281
1385.0	42.288125610351564
1386.0	42.07497863769531
1387.0	42.196896362304685
1388.0	42.09679260253906
1389.0	42.18345336914062
1390.0	42.090310668945314
1391.0	42.092620849609375
1392.0	42.097967529296874
1393.0	42.15043640136719
1394.0	42.110528564453126
1395.0	42.16023559570313
1396.0	42.21487731933594
1397.0	42.2537353515625
1398.0	42.07371520996094
1399.0	42.09436950683594
1400.0	42.08238830566406
1401.0	42.12799987792969
1402.0	42.26075439453125
1403.0	42.11322021484375
1404.0	42.070962524414064
1405.0	42.15019226074219
1406.0	42.117251586914065
1407.0	42.158468627929686
1408.0	42.123007202148436
1409.0	42.25238037109375
1410.0	42.01021118164063
1411.0	42.0236083984375
1412.0	42.186520385742185
1413.0	42.16490783691406
1414.0	42.086367797851565
1415.0	42.145965576171875
1416.0	42.13035888671875
1417.0	42.176568603515626
1418.0	42.09963684082031
1419.0	42.15849609375
1420.0	42.04090881347656
1421.0	42.113641357421876
1422.0	42.16373291015625
1423.0	42.042178344726565
1424.0	42.1445068359375
1425.0	41.98202209472656
1426.0	42.131674194335936
1427.0	42.10097045898438
1428.0	42.12916564941406
1429.0	42.263510131835936
1430.0	42.104940795898436
1431.0	42.16468505859375
1432.0	42.03306884765625
1433.0	42.028988647460935
1434.0	42.08450927734375
1435.0	42.05135498046875
1436.0	42.144552612304686
1437.0	42.22610778808594
1438.0	41.946844482421874
1439.0	42.169952392578125
1440.0	42.10849609375
1441.0	42.112631225585936
1442.0	42.0316162109375
1443.0	42.112603759765626
1444.0	42.09513549804687
1445.0	42.18547668457031
1446.0	42.040106201171874
1447.0	42.11544189453125
1448.0	42.232293701171876
1449.0	42.02524108886719
1450.0	42.10737609863281
1451.0	42.06462707519531
1452.0	42.15469665527344
1453.0	42.04157409667969
1454.0	42.21894836425781
1455.0	42.04837646484375
1456.0	42.140838623046875
1457.0	42.112161254882814
1458.0	42.06790771484375
1459.0	42.206503295898436
1460.0	42.1031494140625
1461.0	42.19842529296875
1462.0	42.133096313476564
1463.0	42.06184692382813
1464.0	42.278839111328125
1465.0	42.128536987304685
1466.0	42.027120971679686
1467.0	42.17738342285156
1468.0	42.130941772460936
1469.0	42.038995361328126
1470.0	42.04156494140625
1471.0	42.25960083007813
1472.0	42.108148193359376
1473.0	42.11090087890625
1474.0	42.248043823242185
1475.0	42.217010498046875
1476.0	42.165032958984376
1477.0	42.165774536132815
1478.0	42.09453125
1479.0	42.10530090332031
1480.0	42.22284851074219
1481.0	42.09642028808594
1482.0	41.997369384765626
1483.0	42.212887573242185
1484.0	42.177975463867185
1485.0	42.087216186523435
1486.0	42.14427490234375
1487.0	42.14185791015625
1488.0	42.14816589355469
1489.0	42.06651306152344
1490.0	42.086114501953126
1491.0	42.16453857421875
1492.0	42.12528076171875
1493.0	42.220556640625
1494.0	42.106527709960936
1495.0	42.08211975097656
1496.0	42.13761596679687
1497.0	42.094869995117186
1498.0	42.19743957519531
1499.0	42.26088256835938
1500.0	42.14444580078125
1501.0	42.08977355957031
1502.0	42.1406005859375
1503.0	42.19593200683594
1504.0	42.184201049804685
1505.0	42.224676513671874
1506.0	42.156378173828124
1507.0	42.26597900390625
1508.0	42.15154113769531
1509.0	42.20849609375
1510.0	42.23778076171875
1511.0	42.1703857421875
1512.0	42.06912536621094
1513.0	42.19119567871094
1514.0	42.04015197753906
1515.0	42.06087036132813
1516.0	42.1649169921875
1517.0	42.118630981445314
1518.0	42.17146606445313
1519.0	42.167608642578124
1520.0	42.17314453125
1521.0	42.233700561523435
1522.0	42.16200561523438
1523.0	42.176455688476565
1524.0	42.290960693359374
1525.0	42.24234313964844
1526.0	42.058197021484375
1527.0	42.179693603515624
1528.0	42.144467163085935
1529.0	42.187628173828124
1530.0	42.24959716796875
1531.0	42.22557678222656
1532.0	42.25028686523437
1533.0	42.26258850097656
1534.0	42.19631652832031
1535.0	42.051971435546875
1536.0	42.23037109375
1537.0	42.152951049804685
1538.0	42.14667663574219
1539.0	42.20762939453125
1540.0	42.153097534179686
1541.0	42.17050476074219
1542.0	42.151040649414064
1543.0	42.157415771484374
1544.0	42.063656616210935
1545.0	42.223941040039065
1546.0	42.26893005371094
1547.0	42.14541015625
1548.0	42.15390319824219
1549.0	42.252691650390624
1550.0	42.12371826171875
1551.0	42.14707946777344
1552.0	42.33555297851562
1553.0	42.17413330078125
1554.0	42.184408569335936
1555.0	42.29692687988281
1556.0	42.18282775878906
1557.0	42.24485473632812
1558.0	42.19021911621094
1559.0	42.275927734375
1560.0	42.23157653808594
1561.0	42.144064331054686
1562.0	42.276205444335936
1563.0	42.219216918945314
1564.0	42.1297119140625
1565.0	42.08164672851562
1566.0	42.212353515625
1567.0	42.12379150390625
1568.0	42.26163940429687
1569.0	42.2043701171875
1570.0	42.11067504882813
1571.0	42.268167114257814
1572.0	42.0453857421875
1573.0	42.25390625
1574.0	42.20046691894531
1575.0	42.22139892578125
1576.0	42.10072631835938
1577.0	42.26187744140625
1578.0	42.15238037109375
1579.0	42.16239624023437
1580.0	42.273764038085936
1581.0	42.239019775390624
1582.0	42.126824951171876
1583.0	42.277627563476564
1584.0	42.25263366699219
1585.0	42.12809448242187
1586.0	42.191751098632814
1587.0	42.09166564941406
1588.0	42.2586669921875
1589.0	42.13764343261719
1590.0	42.232608032226565
1591.0	42.183651733398435
1592.0	42.23391418457031
1593.0	42.19529724121094
1594.0	42.10547790527344
1595.0	42.19029846191406
1596.0	42.165750122070314
1597.0	42.221630859375
1598.0	42.137353515625
1599.0	42.12212219238281
1600.0	42.111029052734374
1601.0	42.205743408203126
1602.0	42.14618835449219
1603.0	42.23414306640625
1604.0	42.21846923828125
1605.0	42.200314331054685
1606.0	42.03612365722656
1607.0	42.165533447265624
1608.0	42.12928466796875
1609.0	42.14528198242188
1610.0	42.161370849609376
1611.0	42.158935546875
1612.0	42.14540100097656
1613.0	42.06995849609375
1614.0	42.0706787109375
1615.0	42.29011535644531
1616.0	42.14558715820313
1617.0	42.23561096191406
1618.0	42.093109130859375
1619.0	42.13238525390625
1620.0	42.272708129882815
1621.0	42.22454833984375
1622.0	42.27010803222656
1623.0	42.20063781738281
1624.0	42.220587158203124
1625.0	42.242340087890625
1626.0	42.20455322265625
1627.0	42.232666015625
1628.0	42.226318359375
1629.0	42.14570617675781
1630.0	42.21947021484375
1631.0	42.13616943359375
1632.0	42.18219909667969
1633.0	42.125909423828126
1634.0	42.184783935546875
1635.0	42.141937255859375
1636.0	42.14345092773438
1637.0	42.24158935546875
1638.0	42.16817626953125
1639.0	42.18760375976562
1640.0	42.11408996582031
1641.0	42.10713195800781
1642.0	42.10509033203125
1643.0	42.22075500488281
1644.0	42.135073852539065
1645.0	42.269866943359375
1646.0	42.1760009765625
1647.0	42.227362060546874
1648.0	42.231109619140625
1649.0	42.12612609863281
1650.0	42.15732116699219
1651.0	42.16385498046875
1652.0	42.355996704101564
1653.0	42.19765930175781
1654.0	42.2404541015625
1655.0	42.219180297851565
1656.0	42.10226745605469
1657.0	42.198849487304685
1658.0	42.20694580078125
1659.0	42.250344848632814
1660.0	42.246466064453124
1661.0	42.24107055664062
1662.0	42.244589233398436
1663.0	42.21182556152344
1664.0	42.206478881835935
1665.0	42.1254150390625
1666.0	42.12391967773438
1667.0	42.183102416992185
1668.0	42.27583312988281
1669.0	42.26519775390625
1670.0	42.33369445800781
1671.0	42.24360046386719
1672.0	42.339480590820315
1673.0	42.242428588867185
1674.0	42.27793579101562
1675.0	42.2369140625
1676.0	42.33118896484375
1677.0	42.35512084960938
1678.0	42.33233642578125
1679.0	42.396630859375
1680.0	42.306173706054686
1681.0	42.36531372070313
1682.0	42.28214721679687
1683.0	42.346923828125
1684.0	42.301971435546875
1685.0	42.29920349121094
1686.0	42.40058898925781
1687.0	42.32087097167969
1688.0	42.422314453125
1689.0	42.34678649902344
1690.0	42.43790893554687
1691.0	42.402444458007814
1692.0	42.39931030273438
1693.0	42.35382080078125
1694.0	42.38874816894531
1695.0	42.45006103515625
1696.0	42.436309814453125
1697.0	42.44302673339844
1698.0	42.43288879394531
1699.0	42.435464477539064
1700.0	42.503659057617185
1701.0	42.35714111328125
1702.0	42.33167419433594
1703.0	42.364254760742185
1704.0	42.495181274414065
1705.0	42.3688720703125
1706.0	42.45384216308594
1707.0	42.354949951171875
1708.0	42.4173095703125
1709.0	42.27781982421875
1710.0	42.378631591796875
1711.0	42.40284118652344
1712.0	42.45263671875
1713.0	42.49314575195312
1714.0	42.409036254882814
1715.0	42.479742431640624
1716.0	42.53432922363281
1717.0	42.412322998046875
1718.0	42.354931640625
1719.0	42.497802734375
1720.0	42.533758544921874
1721.0	42.4916748046875
1722.0	42.502264404296874
1723.0	42.433770751953126
1724.0	42.530364990234375
1725.0	42.47505187988281
1726.0	42.471273803710936
1727.0	42.4353759765625
1728.0	42.45891418457031
1729.0	42.354855346679685
1730.0	42.46134948730469
1731.0	42.47059020996094
1732.0	42.40029602050781
1733.0	42.44705810546875
1734.0	42.449526977539065
1735.0	42.58292846679687
1736.0	42.4515380859375
1737.0	42.62025146484375
1738.0	42.422845458984376
1739.0	42.40392150878906
1740.0	42.489569091796874
1741.0	42.530941772460935
1742.0	42.4695556640625
1743.0	42.490667724609374
1744.0	42.53990783691406
1745.0	42.46254272460938
1746.0	42.51808471679688
1747.0	42.54618530273437
1748.0	42.546084594726565
1749.0	42.56058959960937
1750.0	42.52896728515625
1751.0	42.521243286132815
1752.0	42.629913330078125
1753.0	42.47539367675781
1754.0	42.544683837890624
1755.0	42.602517700195314
1756.0	42.533566284179685
1757.0	42.43289489746094
1758.0	42.470831298828124
1759.0	42.47193603515625
1760.0	42.437286376953125
1761.0	42.416012573242185
1762.0	42.61256103515625
1763.0	42.54148864746094
1764.0	42.408013916015626
1765.0	42.55629272460938
1766.0	42.51980285644531
1767.0	42.395162963867186
1768.0	42.578427124023435
1769.0	42.62398986816406
1770.0	42.559225463867186
1771.0	42.59321899414063
1772.0	42.57859497070312
1773.0	42.5915771484375
1774.0	42.52607421875
1775.0	42.577880859375
1776.0	42.524932861328125
1777.0	42.60947265625
1778.0	42.55314331054687
1779.0	42.60883483886719
1780.0	42.59259033203125
1781.0	42.57516174316406
1782.0	42.475286865234374
1783.0	42.54128723144531
1784.0	42.485861206054686
1785.0	42.594296264648435
1786.0	42.5551513671875
1787.0	42.555841064453126
1788.0	42.57902526855469
1789.0	42.62699584960937
1790.0	42.523049926757814
1791.0	42.57459716796875
1792.0	42.46732788085937
1793.0	42.65775146484375
1794.0	42.52687072753906
1795.0	42.650637817382815
1796.0	42.55946655273438
1797.0	42.545074462890625
1798.0	42.52046508789063
1799.0	42.528341674804686
1800.0	42.525750732421876
1801.0	42.670501708984375
1802.0	42.630166625976564
1803.0	42.55596008300781
1804.0	42.512167358398436
1805.0	42.57223815917969
1806.0	42.50627746582031
1807.0	42.66978759765625
1808.0	42.578277587890625
1809.0	42.60203552246094
1810.0	42.46510009765625
1811.0	42.453070068359374
1812.0	42.636087036132814
1813.0	42.66257934570312
1814.0	42.675515747070314
1815.0	42.543707275390624
1816.0	42.54621276855469
1817.0	42.59042663574219
1818.0	42.661181640625
1819.0	42.63063049316406
1820.0	42.56358032226562
1821.0	42.63070068359375
1822.0	42.44833984375
1823.0	42.63901062011719
1824.0	42.631768798828126
1825.0	42.468630981445315
1826.0	42.5239990234375
1827.0	42.55274658203125
1828.0	42.56919555664062
1829.0	42.47355346679687
1830.0	42.532650756835935
1831.0	42.53885498046875
1832.0	42.682064819335935
1833.0	42.642791748046875
1834.0	42.67171630859375
1835.0	42.599508666992186
1836.0	42.58768920898437
1837.0	42.63704833984375
1838.0	42.48881225585937
1839.0	42.591983032226565
1840.0	42.47742614746094
1841.0	42.516571044921875
1842.0	42.452215576171874
1843.0	42.565924072265624
1844.0	42.620819091796875
1845.0	42.614437866210935
1846.0	42.72456665039063
1847.0	42.52909545898437
1848.0	42.49870300292969
1849.0	42.61874084472656
1850.0	42.569140625
1851.0	42.53878479003906
1852.0	42.63707275390625
1853.0	42.54258422851562
1854.0	42.53282165527344
1855.0	42.64723205566406
1856.0	42.618621826171875
1857.0	42.60098571777344
1858.0	42.563253784179686
1859.0	42.54132995605469
1860.0	42.57130126953125
1861.0	42.62506103515625
1862.0	42.49043579101563
1863.0	42.57027587890625
1864.0	42.59242248535156
1865.0	42.488119506835936
1866.0	42.462728881835936
1867.0	42.52626953125
1868.0	42.62086181640625
1869.0	42.58472595214844
1870.0	42.567938232421874
1871.0	42.454367065429686
1872.0	42.556329345703126
1873.0	42.70481567382812
1874.0	42.56651000976562
1875.0	42.5281005859375
1876.0	42.546728515625
1877.0	42.54859924316406
1878.0	42.50338439941406
1879.0	42.554141235351565
1880.0	42.54048461914063
1881.0	42.47926330566406
1882.0	42.42975769042969
1883.0	42.48876037597656
1884.0	42.50931091308594
1885.0	42.66636962890625
1886.0	42.621612548828125
1887.0	42.512472534179686
1888.0	42.51517028808594
1889.0	42.581488037109374
1890.0	42.608828735351565
1891.0	42.509063720703125
1892.0	42.67542419433594
1893.0	42.45418701171875
1894.0	42.537435913085936
1895.0	42.581704711914064
1896.0	42.551214599609374
1897.0	42.50953063964844
1898.0	42.44325561523438
1899.0	42.571502685546875
1900.0	42.53929138183594
1901.0	42.49039306640625
1902.0	42.41257934570312
1903.0	42.55427856445313
1904.0	42.526058959960935
1905.0	42.480709838867185
1906.0	42.44575500488281
1907.0	42.50599670410156
1908.0	42.47420043945313
1909.0	42.52035217285156
1910.0	42.54177551269531
1911.0	42.394491577148436
1912.0	42.44483642578125
1913.0	42.490869140625
1914.0	42.60747375488281
1915.0	42.481787109375
1916.0	42.631402587890626
1917.0	42.52741394042969
1918.0	42.55850830078125
1919.0	42.46998901367188
1920.0	42.40830078125
1921.0	42.414608764648435
1922.0	42.479818725585936
1923.0	42.45584411621094
1924.0	42.45753479003906
1925.0	42.586849975585935
1926.0	42.47529907226563
1927.0	42.4544189453125
1928.0	42.46529846191406
1929.0	42.544219970703125
1930.0	42.41553955078125
1931.0	42.46231689453125
1932.0	42.480648803710935
1933.0	42.41994934082031
1934.0	42.53152770996094
1935.0	42.53451232910156
1936.0	42.44797058105469
1937.0	42.539755249023436
1938.0	42.494683837890626
1939.0	42.447750854492185
1940.0	42.38606262207031
1941.0	42.4791259765625
1942.0	42.490029907226564
1943.0	42.47145385742188
1944.0	42.436911010742186
1945.0	42.38369140625
1946.0	42.42327880859375
1947.0	42.41233825683594
1948.0	42.57345275878906
1949.0	42.3383056640625
1950.0	42.57294921875
1951.0	42.404327392578125
1952.0	42.49013671875
1953.0	42.54786682128906
1954.0	42.37029113769531
1955.0	42.44255676269531
1956.0	42.428802490234375
1957.0	42.44965515136719
1958.0	42.384710693359374
1959.0	42.35536193847656
1960.0	42.4094970703125
1961.0	42.378030395507814
1962.0	42.433599853515624
1963.0	42.50087280273438
1964.0	42.40574645996094
1965.0	42.41812438964844
1966.0	42.46433715820312
1967.0	42.35536499023438
1968.0	42.45816650390625
1969.0	42.416571044921874
1970.0	42.49392395019531
1971.0	42.402651977539065
1972.0	42.406744384765624
1973.0	42.514340209960935
1974.0	42.525393676757815
1975.0	42.451995849609375
1976.0	42.476690673828124
1977.0	42.413998413085935
1978.0	42.445578002929686
1979.0	42.427365112304685
1980.0	42.425262451171875
1981.0	42.490237426757815
1982.0	42.39353942871094
1983.0	42.30241394042969
1984.0	42.52734375
1985.0	42.406655883789064
1986.0	42.42612915039062
1987.0	42.48469848632813
1988.0	42.44713439941406
1989.0	42.44449462890625
1990.0	42.53714294433594
1991.0	42.467349243164065
1992.0	42.409027099609375
1993.0	42.46162414550781
1994.0	42.39525146484375
1995.0	42.341070556640624
1996.0	42.439300537109375
1997.0	42.36408996582031
1998.0	42.42715759277344
1999.0	42.42770690917969
2000.0	42.41032104492187
2001.0	42.4532470703125
2002.0	42.309075927734376
2003.0	42.472189331054686
2004.0	42.46324462890625
2005.0	42.52171630859375
2006.0	42.36012268066406
2007.0	42.45264892578125
2008.0	42.44966125488281
2009.0	42.50321960449219
2010.0	42.426763916015624
2011.0	42.48857116699219
2012.0	42.36738891601563
2013.0	42.42532653808594
2014.0	42.45726623535156
2015.0	42.48102722167969
2016.0	42.464535522460935
2017.0	42.39931945800781
2018.0	42.47062683105469
2019.0	42.45303649902344
2020.0	42.45149536132813
2021.0	42.39775390625
2022.0	42.426229858398436
2023.0	42.33299255371094
2024.0	42.364166259765625
2025.0	42.38264465332031
2026.0	42.257266235351565
2027.0	42.4865234375
2028.0	42.32136840820313
2029.0	42.35706787109375
2030.0	42.27332763671875
2031.0	42.38819885253906
2032.0	42.285806274414064
2033.0	42.393438720703124
2034.0	42.30668640136719
2035.0	42.44959716796875
2036.0	42.51390686035156
2037.0	42.47581787109375
2038.0	42.34681396484375
2039.0	42.415948486328126
2040.0	42.415863037109375
2041.0	42.27783203125
2042.0	42.29004821777344
2043.0	42.44414367675781
2044.0	42.267547607421875
2045.0	42.408148193359374
2046.0	42.37650146484375
2047.0	42.399984741210936
2048.0	42.339691162109375
2049.0	42.375674438476565
2050.0	42.223681640625
2051.0	42.30812377929688
2052.0	42.45267333984375
2053.0	42.314352416992186
2054.0	42.2990234375
2055.0	42.360232543945315
2056.0	42.434381103515626
2057.0	42.3679931640625
2058.0	42.378378295898436
2059.0	42.31458435058594
2060.0	42.358392333984376
2061.0	42.36235656738281
2062.0	42.3353515625
2063.0	42.40670471191406
2064.0	42.43201904296875
2065.0	42.43418579101562
2066.0	42.271914672851565
2067.0	42.44526672363281
2068.0	42.400881958007815
2069.0	42.24306945800781
2070.0	42.382763671875
2071.0	42.4471923828125
2072.0	42.32557067871094
2073.0	42.40630187988281
2074.0	42.24195556640625
2075.0	42.39735717773438
2076.0	42.299337768554686
2077.0	42.36384582519531
2078.0	42.412603759765624
2079.0	42.34293212890625
2080.0	42.500360107421876
2081.0	42.29367370605469
2082.0	42.32963256835937
2083.0	42.26980285644531
2084.0	42.423406982421874
2085.0	42.23970336914063
2086.0	42.36831970214844
2087.0	42.321224975585935
2088.0	42.260711669921875
2089.0	42.46217041015625
2090.0	42.32225036621094
2091.0	42.37076110839844
2092.0	42.36891174316406
2093.0	42.22242126464844
2094.0	42.33011169433594
2095.0	42.34020080566406
2096.0	42.29539489746094
2097.0	42.33082275390625
2098.0	42.261026000976564
2099.0	42.293026733398435
2100.0	42.31935424804688
2101.0	42.33562316894531
2102.0	42.36205139160156
2103.0	42.303341674804685
2104.0	42.31208190917969
2105.0	42.2367919921875
2106.0	42.35261840820313
2107.0	42.35237426757813
2108.0	42.23446044921875
2109.0	42.354959106445314
2110.0	42.29957580566406
2111.0	42.340823364257815
2112.0	42.263308715820315
2113.0	42.38334655761719
2114.0	42.29369201660156
2115.0	42.20151062011719
2116.0	42.352178955078124
2117.0	42.38475341796875
2118.0	42.33045349121094
2119.0	42.38648681640625
2120.0	42.35687255859375
2121.0	42.32655639648438
2122.0	42.36990051269531
2123.0	42.23472900390625
2124.0	42.30116271972656
2125.0	42.23515319824219
2126.0	42.362387084960936
2127.0	42.18296813964844
2128.0	42.165496826171875
2129.0	42.36585388183594
2130.0	42.24305725097656
2131.0	42.34498291015625
2132.0	42.3451416015625
2133.0	42.24747314453125
2134.0	42.304421997070314
2135.0	42.338372802734376
2136.0	42.399609375
2137.0	42.32084655761719
2138.0	42.25570983886719
2139.0	42.31220703125
2140.0	42.27439575195312
2141.0	42.34165649414062
2142.0	42.21004943847656
2143.0	42.33619384765625
2144.0	42.34291076660156
2145.0	42.32297058105469
2146.0	42.29354553222656
2147.0	42.206658935546876
2148.0	42.26906127929688
2149.0	42.22965698242187
2150.0	42.232427978515624
2151.0	42.18833618164062
2152.0	42.22946472167969
2153.0	42.358978271484375
2154.0	42.38182067871094
2155.0	42.45064086914063
2156.0	42.190530395507814
2157.0	42.33990478515625
2158.0	42.392626953125
2159.0	42.23881225585937
2160.0	42.275048828125
2161.0	42.354443359375
2162.0	42.32144470214844
2163.0	42.3900146484375
2164.0	42.38349304199219
2165.0	42.290380859375
2166.0	42.334817504882814
2167.0	42.29402160644531
2168.0	42.275518798828124
2169.0	42.36245422363281
2170.0	42.313778686523435
2171.0	42.27989196777344
2172.0	42.303408813476565
2173.0	42.352090454101564
2174.0	42.289013671875
2175.0	42.27685546875
2176.0	42.23997497558594
2177.0	42.47980651855469
2178.0	42.29515380859375
2179.0	42.34101257324219
2180.0	42.2506591796875
2181.0	42.386480712890624
2182.0	42.327352905273436
2183.0	42.26859130859375
2184.0	42.41835021972656
2185.0	42.34714965820312
2186.0	42.3090576171875
2187.0	42.3775634765625
2188.0	42.36085205078125
2189.0	42.379721069335936
2190.0	42.39051513671875
2191.0	42.294717407226564
2192.0	42.32250061035156
2193.0	42.345977783203125
2194.0	42.37849731445313
2195.0	42.44459228515625
2196.0	42.312094116210936
2197.0	42.47023010253906
2198.0	42.48025207519531
2199.0	42.38780822753906
2200.0	42.378363037109374
2201.0	42.42984313964844
2202.0	42.42532653808594
2203.0	42.47723388671875
2204.0	42.509622192382814
2205.0	42.381045532226565
2206.0	42.316122436523436
2207.0	42.39541320800781
2208.0	42.4867919921875
2209.0	42.422064208984374
2210.0	42.354931640625
2211.0	42.460452270507815
2212.0	42.53920288085938
2213.0	42.521627807617186
2214.0	42.4831787109375
2215.0	42.398434448242185
2216.0	42.543801879882814
2217.0	42.42530517578125
2218.0	42.45033569335938
2219.0	42.51350708007813
2220.0	42.44396057128906
2221.0	42.37001342773438
2222.0	42.40111389160156
2223.0	42.37516479492187
2224.0	42.437774658203125
2225.0	42.35744018554688
2226.0	42.46926574707031
2227.0	42.447625732421876
2228.0	42.57428894042969
2229.0	42.50240783691406
2230.0	42.28721923828125
2231.0	42.52534484863281
2232.0	42.38822021484375
2233.0	42.511190795898436
2234.0	42.42481384277344
2235.0	42.451846313476565
2236.0	42.504974365234375
2237.0	42.47855224609375
2238.0	42.431646728515624
2239.0	42.35650634765625
2240.0	42.48246765136719
2241.0	42.48833312988281
2242.0	42.40460205078125
2243.0	42.46251525878906
2244.0	42.3078857421875
2245.0	42.411886596679686
2246.0	42.35915832519531
2247.0	42.35530090332031
2248.0	42.3811279296875
2249.0	42.457666015625
2250.0	42.331607055664065
2251.0	42.39361572265625
2252.0	42.60633239746094
2253.0	42.55963134765625
2254.0	42.47120361328125
2255.0	42.5390625
2256.0	42.597930908203125
2257.0	42.55938720703125
2258.0	42.40464477539062
2259.0	42.48085021972656
2260.0	42.421514892578124
2261.0	42.3797607421875
2262.0	42.36558837890625
2263.0	42.40739135742187
2264.0	42.448489379882815
2265.0	42.36280517578125
2266.0	42.375668334960935
2267.0	42.404562377929686
2268.0	42.47970275878906
2269.0	42.370166015625
2270.0	42.44124755859375
2271.0	42.43851318359375
2272.0	42.54429626464844
2273.0	42.43154296875
2274.0	42.428680419921875
2275.0	42.52155456542969
2276.0	42.45903625488281
2277.0	42.54214172363281
2278.0	42.55433959960938
2279.0	42.50040893554687
2280.0	42.37755126953125
2281.0	42.387979125976564
2282.0	42.415060424804686
2283.0	42.35835266113281
2284.0	42.362066650390624
2285.0	42.436456298828126
2286.0	42.46064758300781
2287.0	42.374716186523436
2288.0	42.48271179199219
2289.0	42.507135009765626
2290.0	42.42926025390625
2291.0	42.525167846679686
2292.0	42.658688354492185
2293.0	42.504541015625
2294.0	42.45415344238281
2295.0	42.507440185546876
2296.0	42.591189575195315
2297.0	42.651266479492186
2298.0	42.5368896484375
2299.0	42.51688232421875
2300.0	42.69026489257813
2301.0	42.627935791015624
2302.0	42.70146484375
2303.0	42.642572021484376
2304.0	42.646975708007815
2305.0	42.66661071777344
2306.0	42.56800231933594
2307.0	42.700540161132814
2308.0	42.81275634765625
2309.0	42.739569091796874
2310.0	42.684671020507814
2311.0	42.806619262695314
2312.0	42.735025024414064
2313.0	42.80769653320313
2314.0	42.795840454101565
2315.0	42.74461364746094
2316.0	42.76956481933594
2317.0	42.77922058105469
2318.0	42.777105712890624
2319.0	42.787713623046876
2320.0	42.93265991210937
2321.0	42.858648681640624
2322.0	42.78813171386719
2323.0	42.79799194335938
2324.0	42.88404846191406
2325.0	42.91234130859375
2326.0	42.72371215820313
2327.0	42.949398803710935
2328.0	42.724639892578125
2329.0	42.8819091796875
2330.0	42.881710815429685
2331.0	42.741705322265624
2332.0	42.85211181640625
2333.0	42.76693115234375
2334.0	42.903936767578124
2335.0	42.77561950683594
2336.0	42.802374267578124
2337.0	42.73385925292969
2338.0	42.875494384765624
2339.0	42.7331787109375
2340.0	42.82679138183594
2341.0	42.89230651855469
2342.0	42.755621337890624
2343.0	42.76634521484375
2344.0	42.944375610351564
2345.0	42.75575256347656
2346.0	42.88009033203125
2347.0	42.806845092773436
2348.0	42.887689208984376
2349.0	42.903506469726565
2350.0	42.924417114257814
2351.0	42.88064270019531
2352.0	42.82195129394531
2353.0	42.83307800292969
2354.0	42.883322143554686
2355.0	43.023138427734374
2356.0	42.9019287109375
2357.0	42.986978149414064
2358.0	42.88999633789062
2359.0	43.07734375
2360.0	42.901998901367186
2361.0	42.97613525390625
2362.0	42.896514892578125
2363.0	42.907064819335936
2364.0	42.94390869140625
2365.0	42.95711059570313
2366.0	42.87144470214844
2367.0	43.073785400390626
2368.0	42.93545837402344
2369.0	42.91224365234375
2370.0	42.886383056640625
2371.0	43.03353576660156
2372.0	42.993560791015625
2373.0	42.914468383789064
2374.0	43.037045288085935
2375.0	43.09817810058594
2376.0	43.09825744628906
2377.0	43.221630859375
2378.0	43.13204650878906
2379.0	43.03721313476562
2380.0	43.082882690429685
2381.0	43.22849731445312
2382.0	43.14921264648437
2383.0	43.04279479980469
2384.0	43.339263916015625
2385.0	43.18557434082031
2386.0	43.205325317382815
2387.0	43.30140686035156
2388.0	43.18254699707031
2389.0	43.21011657714844
2390.0	43.18064880371094
2391.0	43.19595031738281
2392.0	43.26704711914063
2393.0	43.2486572265625
2394.0	43.21022338867188
2395.0	43.235748291015625
2396.0	43.3151123046875
2397.0	43.30142822265625
2398.0	43.324493408203125
2399.0	43.386419677734374
2400.0	43.26551513671875
2401.0	43.241311645507814
2402.0	43.172793579101565
2403.0	43.30000610351563
2404.0	43.30907287597656
2405.0	43.393560791015624
2406.0	43.38700561523437
2407.0	43.266073608398436
2408.0	43.337835693359374
2409.0	43.296807861328126
2410.0	43.249932861328126
2411.0	43.260946655273436
2412.0	43.122274780273436
2413.0	43.23569946289062
2414.0	43.32413940429687
2415.0	43.17021179199219
2416.0	43.33292846679687
2417.0	43.196112060546874
2418.0	43.24259033203125
2419.0	43.270697021484374
2420.0	43.16618041992187
2421.0	43.21524658203125
2422.0	43.13211364746094
2423.0	43.21022338867188
2424.0	43.056436157226564
2425.0	43.18975830078125
2426.0	43.131491088867186
2427.0	43.16214294433594
2428.0	43.10133666992188
2429.0	43.23997192382812
2430.0	43.18484191894531
2431.0	43.15727233886719
2432.0	43.15559387207031
2433.0	43.304196166992185
2434.0	43.13248901367187
2435.0	43.24230041503906
2436.0	43.26350708007813
2437.0	43.27934875488281
2438.0	43.26294860839844
2439.0	43.30547180175781
2440.0	43.34342956542969
2441.0	43.25468444824219
2442.0	43.32894287109375
2443.0	43.195108032226564
2444.0	43.36076049804687
2445.0	43.31065673828125
2446.0	43.38515014648438
2447.0	43.29013366699219
2448.0	43.386083984375
2449.0	43.1900634765625
2450.0	43.18651428222656
2451.0	43.245538330078126
2452.0	43.204010009765625
2453.0	43.31526489257813
2454.0	43.075320434570315
2455.0	43.073516845703125
2456.0	43.11830444335938
2457.0	43.22159118652344
2458.0	43.19056396484375
2459.0	43.16453857421875
2460.0	43.06764221191406
2461.0	43.03807067871094
2462.0	43.08841552734375
2463.0	43.087213134765626
2464.0	43.162994384765625
2465.0	43.06969299316406
2466.0	43.24455261230469
2467.0	43.104025268554686
2468.0	43.11820678710937
2469.0	43.066436767578125
2470.0	43.12685546875
2471.0	43.24947814941406
2472.0	43.13363342285156
2473.0	43.13750305175781
2474.0	43.05724182128906
2475.0	43.15557861328125
2476.0	42.9693115234375
2477.0	43.27804870605469
2478.0	43.113580322265626
2479.0	43.127996826171874
2480.0	43.10469360351563
2481.0	43.12608947753906
2482.0	43.03304443359375
2483.0	43.086264038085936
2484.0	43.194915771484375
2485.0	43.131448364257814
2486.0	43.08119506835938
2487.0	43.083734130859376
2488.0	43.10647888183594
2489.0	43.067742919921876
2490.0	43.05147094726563
2491.0	43.162548828125
2492.0	43.09518737792969
2493.0	43.046426391601564
2494.0	43.00547790527344
2495.0	43.12281188964844
2496.0	43.02344665527344
2497.0	43.01950378417969
2498.0	43.132269287109374
2499.0	43.007199096679685
2500.0	42.987603759765626
2501.0	43.0113037109375
2502.0	42.97171325683594
2503.0	42.97023010253906
2504.0	42.9835693359375
2505.0	43.02538146972656
2506.0	43.00205078125
2507.0	42.9562744140625
2508.0	42.90229797363281
2509.0	43.00772705078125
2510.0	43.03751220703125
2511.0	42.90280456542969
2512.0	42.95628051757812
2513.0	42.91846923828125
2514.0	42.934564208984376
2515.0	42.80610046386719
2516.0	42.9024169921875
2517.0	42.96231689453125
2518.0	42.93270263671875
2519.0	42.953250122070315
2520.0	42.919515991210936
2521.0	43.01590576171875
2522.0	42.87132568359375
2523.0	42.87877502441406
2524.0	42.94288635253906
2525.0	42.83699340820313
2526.0	42.90521240234375
2527.0	42.88760681152344
2528.0	42.843344116210936
2529.0	42.86001281738281
2530.0	42.90205078125
2531.0	42.79493408203125
2532.0	42.89598693847656
2533.0	42.786981201171876
2534.0	42.830343627929686
2535.0	42.866998291015626
2536.0	42.908834838867186
2537.0	42.85308837890625
2538.0	42.76883544921875
2539.0	42.82866516113281
2540.0	42.819357299804686
2541.0	42.793826293945315
2542.0	42.80891723632813
2543.0	42.67288818359375
2544.0	42.865316772460936
2545.0	42.760745239257815
2546.0	42.784033203125
2547.0	42.674520874023436
2548.0	42.77822570800781
2549.0	42.725241088867186
2550.0	42.59769897460937
2551.0	42.66737365722656
2552.0	42.67176513671875
2553.0	42.774462890625
2554.0	42.59843139648437
2555.0	42.56249084472656
2556.0	42.677362060546876
2557.0	42.691253662109375
2558.0	42.64274291992187
2559.0	42.63270263671875
2560.0	42.710183715820314
2561.0	42.70235595703125
2562.0	42.581808471679686
2563.0	42.72170715332031
2564.0	42.632025146484374
2565.0	42.665826416015626
2566.0	42.67311401367188
2567.0	42.570343017578125
2568.0	42.69464111328125
2569.0	42.661965942382814
2570.0	42.639669799804686
2571.0	42.52594909667969
2572.0	42.57589111328125
2573.0	42.62063903808594
2574.0	42.51136474609375
2575.0	42.641229248046876
2576.0	42.673455810546876
2577.0	42.5473388671875
2578.0	42.61001281738281
2579.0	42.49580383300781
2580.0	42.47523193359375
2581.0	42.56538696289063
2582.0	42.562112426757814
2583.0	42.61890869140625
2584.0	42.47423095703125
2585.0	42.40867919921875
2586.0	42.49714050292969
2587.0	42.431243896484375
2588.0	42.60439758300781
2589.0	42.552947998046875
2590.0	42.514154052734376
2591.0	42.47271728515625
2592.0	42.530877685546876
2593.0	42.53171997070312
2594.0	42.53497314453125
2595.0	42.521295166015626
2596.0	42.41182861328125
2597.0	42.49739990234375
2598.0	42.410302734375
2599.0	42.363067626953125
2600.0	42.574169921875
2601.0	42.472320556640625
2602.0	42.39678039550781
2603.0	42.44828796386719
2604.0	42.397702026367185
2605.0	42.44735412597656
2606.0	42.41792297363281
2607.0	42.358404541015624
2608.0	42.40784912109375
2609.0	42.43251953125
2610.0	42.418829345703124
2611.0	42.42544860839844
2612.0	42.469381713867186
2613.0	42.31020812988281
2614.0	42.394961547851565
2615.0	42.31836853027344
2616.0	42.454916381835936
2617.0	42.487063598632815
2618.0	42.3350341796875
2619.0	42.44326171875
2620.0	42.21634521484375
2621.0	42.23420104980469
2622.0	42.46944885253906
2623.0	42.33721923828125
2624.0	42.295556640625
2625.0	42.34779052734375
2626.0	42.24501037597656
2627.0	42.238818359375
2628.0	42.297665405273435
2629.0	42.260598754882814
2630.0	42.288153076171874
2631.0	42.30330810546875
2632.0	42.242733764648435
2633.0	42.33421325683594
2634.0	42.18230285644531
2635.0	42.18135375976563
2636.0	42.32297058105469
2637.0	42.24502868652344
2638.0	42.30183715820313
2639.0	42.233663940429686
2640.0	42.2510986328125
2641.0	42.31534118652344
2642.0	42.25192565917969
2643.0	42.21259765625
2644.0	42.33503112792969
2645.0	42.34967956542969
2646.0	42.18027954101562
2647.0	42.195413208007814
2648.0	42.1614501953125
2649.0	42.15202331542969
2650.0	42.169882202148436
2651.0	42.194708251953124
2652.0	42.19765930175781
2653.0	42.18191223144531
2654.0	42.229550170898435
2655.0	42.204254150390625
2656.0	42.1699462890625
2657.0	42.27211303710938
2658.0	42.13971862792969
2659.0	42.118655395507815
2660.0	42.252435302734376
2661.0	42.11127624511719
2662.0	42.27812805175781
2663.0	42.27840576171875
2664.0	42.16193542480469
2665.0	42.21947326660156
2666.0	42.311981201171875
2667.0	42.18193664550781
2668.0	42.348104858398436
2669.0	42.25147399902344
2670.0	42.17322692871094
2671.0	42.06340637207031
2672.0	42.198822021484375
2673.0	42.13341369628906
2674.0	42.289923095703124
2675.0	42.293328857421876
2676.0	42.2274658203125
2677.0	42.192874145507815
2678.0	42.17308654785156
2679.0	42.19796447753906
2680.0	42.17373962402344
2681.0	42.24319763183594
2682.0	42.296322631835935
2683.0	42.18292236328125
2684.0	42.288327026367185
2685.0	42.30113220214844
2686.0	42.13162841796875
2687.0	42.172637939453125
2688.0	42.08766479492188
2689.0	42.24595947265625
2690.0	42.23039245605469
2691.0	42.25087890625
2692.0	42.223907470703125
2693.0	42.342987060546875
2694.0	42.12099609375
2695.0	42.204376220703125
2696.0	42.22385864257812
2697.0	42.24747314453125
2698.0	42.166046142578125
2699.0	42.27499694824219
2700.0	42.35361022949219
2701.0	42.192807006835935
2702.0	42.2294189453125
2703.0	42.16455078125
2704.0	42.25165710449219
2705.0	42.159445190429686
2706.0	42.10721435546875
2707.0	42.104400634765625
2708.0	42.23463134765625
2709.0	42.207699584960935
2710.0	42.207925415039064
2711.0	42.270651245117186
2712.0	42.257965087890625
2713.0	42.19239501953125
2714.0	42.14595031738281
2715.0	42.235800170898436
2716.0	42.07503662109375
2717.0	42.165472412109374
2718.0	42.181451416015626
2719.0	42.22239379882812
2720.0	42.200079345703124
2721.0	42.14266662597656
2722.0	42.11546020507812
2723.0	42.253274536132814
2724.0	42.257504272460935
2725.0	42.261898803710935
2726.0	42.104208374023436
2727.0	42.13426818847656
2728.0	42.158392333984374
2729.0	42.298281860351565
2730.0	42.100686645507814
2731.0	42.1197265625
2732.0	42.175595092773435
2733.0	42.095950317382815
2734.0	42.233035278320315
2735.0	42.2726318359375
2736.0	42.20159912109375
2737.0	42.13283996582031
2738.0	42.21201171875
2739.0	42.20503540039063
2740.0	42.20513000488281
2741.0	42.1572265625
2742.0	42.240011596679686
2743.0	42.12047119140625
2744.0	42.06349182128906
2745.0	42.068624877929686
2746.0	42.20461730957031
2747.0	42.176394653320315
2748.0	42.116510009765626
2749.0	42.216854858398435
2750.0	42.03120727539063
2751.0	42.1207763671875
2752.0	42.07295532226563
2753.0	42.1709228515625
2754.0	42.11643676757812
2755.0	42.04244384765625
2756.0	42.130026245117186
2757.0	42.162054443359374
2758.0	42.1498779296875
2759.0	42.18949890136719
2760.0	42.2475341796875
2761.0	42.193728637695315
2762.0	42.06205444335937
2763.0	42.13118896484375
2764.0	42.070953369140625
2765.0	42.103884887695315
2766.0	42.07209167480469
2767.0	42.157125854492186
2768.0	42.16309509277344
2769.0	42.1921630859375
2770.0	42.180484008789065
2771.0	42.23359375
2772.0	42.09315185546875
2773.0	42.142547607421875
2774.0	42.05119018554687
2775.0	42.181765747070315
2776.0	42.141073608398436
2777.0	42.142364501953125
2778.0	42.150857543945314
2779.0	42.151458740234375
2780.0	42.10928039550781
2781.0	42.1068359375
2782.0	42.127410888671875
2783.0	42.15658264160156
2784.0	42.140020751953124
2785.0	42.10147399902344
2786.0	42.09346313476563
2787.0	42.14055480957031
2788.0	42.07254638671875
2789.0	42.1169677734375
2790.0	42.16934814453125
2791.0	42.16983337402344
2792.0	42.091522216796875
2793.0	42.09225158691406
2794.0	42.0965576171875
2795.0	42.18106384277344
2796.0	42.24632263183594
2797.0	42.09175109863281
2798.0	42.168679809570314
2799.0	42.149713134765626
2800.0	42.05001220703125
2801.0	42.288027954101565
2802.0	42.2270751953125
2803.0	42.155999755859376
2804.0	42.133541870117185
2805.0	42.22328491210938
2806.0	42.21458129882812
2807.0	42.20750732421875
2808.0	42.268368530273435
2809.0	42.177886962890625
2810.0	42.18323974609375
2811.0	42.172509765625
2812.0	42.15823059082031
2813.0	42.24228515625
2814.0	42.25113220214844
2815.0	42.181512451171876
2816.0	42.201287841796876
2817.0	42.24345092773437
2818.0	42.2012939453125
2819.0	42.107418823242185
2820.0	42.14854736328125
2821.0	42.27867736816406
2822.0	42.216549682617185
2823.0	42.21017150878906
2824.0	42.30559387207031
2825.0	42.2013671875
2826.0	42.095977783203125
2827.0	42.22696533203125
2828.0	42.28630676269531
2829.0	42.19631652832031
2830.0	42.08065490722656
2831.0	42.17232666015625
2832.0	42.31758117675781
2833.0	42.300079345703125
2834.0	42.144107055664065
2835.0	42.28550720214844
2836.0	42.13578796386719
2837.0	42.31223754882812
2838.0	42.342645263671876
2839.0	42.274862670898436
2840.0	42.15541381835938
2841.0	42.27372436523437
2842.0	42.09739990234375
2843.0	42.210714721679686
2844.0	42.2278076171875
2845.0	42.34162292480469
2846.0	42.2802978515625
2847.0	42.15523986816406
2848.0	42.18201904296875
2849.0	42.185977172851565
2850.0	42.25825805664063
2851.0	42.255838012695314
2852.0	42.18211669921875
2853.0	42.33284301757813
2854.0	42.2882080078125
2855.0	42.17662353515625
2856.0	42.20425109863281
2857.0	42.279684448242186
2858.0	42.28409423828125
2859.0	42.17861328125
2860.0	42.29010925292969
2861.0	42.267233276367186
2862.0	42.22769775390625
2863.0	42.236813354492185
2864.0	42.178408813476565
2865.0	42.19940185546875
2866.0	42.2361083984375
2867.0	42.3427001953125
2868.0	42.07466125488281
2869.0	42.23661804199219
2870.0	42.186337280273435
2871.0	42.06942443847656
2872.0	42.14729614257813
2873.0	42.271749877929686
2874.0	42.132073974609376
2875.0	42.2324951171875
2876.0	42.25766296386719
2877.0	42.19718017578125
2878.0	42.221292114257814
2879.0	42.201351928710935
2880.0	42.200384521484374
2881.0	42.268096923828125
2882.0	42.042868041992186
2883.0	42.20175476074219
2884.0	42.127313232421876
2885.0	42.10521545410156
2886.0	42.178802490234375
2887.0	42.213174438476564
2888.0	42.10325317382812
2889.0	42.165341186523435
2890.0	42.161285400390625
2891.0	42.26405639648438
2892.0	42.19422302246094
2893.0	42.12698669433594
2894.0	42.14622802734375
2895.0	42.20240173339844
2896.0	42.157586669921876
2897.0	42.13870849609375
2898.0	42.083804321289065
2899.0	42.27907104492188
2900.0	42.19096984863281
2901.0	42.2052001953125
2902.0	42.09102172851563
2903.0	42.200616455078126
2904.0	42.238278198242185
2905.0	42.321224975585935
2906.0	42.0702880859375
2907.0	42.160552978515625
2908.0	42.22482604980469
2909.0	42.24066162109375
2910.0	42.130499267578124
2911.0	42.26598205566406
2912.0	42.116879272460935
2913.0	42.2326416015625
2914.0	42.18665466308594
2915.0	42.21449584960938
2916.0	42.131134033203125
2917.0	42.145486450195314
2918.0	42.28542785644531
2919.0	42.211386108398436
2920.0	42.229364013671876
2921.0	42.12267150878906
2922.0	42.17808227539062
2923.0	42.23086242675781
2924.0	42.14049072265625
2925.0	42.121481323242186
2926.0	42.215936279296876
2927.0	42.2450927734375
2928.0	42.2490966796875
2929.0	42.152398681640626
2930.0	42.157388305664064
2931.0	42.218502807617185
2932.0	42.249169921875
2933.0	42.22147216796875
2934.0	42.170693969726564
2935.0	42.1891845703125
2936.0	42.22457580566406
2937.0	42.23289184570312
2938.0	42.237841796875
2939.0	42.1535888671875
2940.0	42.15397644042969
2941.0	42.21490478515625
2942.0	42.18227844238281
2943.0	42.215676879882814
2944.0	42.271490478515624
2945.0	42.104034423828125
2946.0	42.16151733398438
2947.0	42.11127624511719
2948.0	42.185699462890625
2949.0	42.226025390625
2950.0	42.21968994140625
2951.0	42.23399353027344
2952.0	42.263983154296874
2953.0	42.19729309082031
2954.0	42.19148559570313
2955.0	42.2365234375
2956.0	42.11986083984375
2957.0	42.1972412109375
2958.0	42.26279907226562
2959.0	42.180783081054685
2960.0	42.09764404296875
2961.0	42.11405639648437
2962.0	42.245321655273436
2963.0	42.14713134765625
2964.0	42.3148193359375
2965.0	42.17678527832031
2966.0	42.261984252929686
2967.0	42.154238891601565
2968.0	42.184014892578126
2969.0	42.20369873046875
2970.0	42.18685302734375
2971.0	42.18821716308594
2972.0	42.188330078125
2973.0	42.2197021484375
2974.0	42.25368041992188
2975.0	42.27982177734375
2976.0	42.21092834472656
2977.0	42.26002197265625
2978.0	42.342184448242186
2979.0	42.296197509765626
2980.0	42.163534545898436
2981.0	42.232794189453124
2982.0	42.2904541015625
2983.0	42.319647216796874
2984.0	42.38890380859375
2985.0	42.362997436523436
2986.0	42.30040588378906
2987.0	42.278018188476565
2988.0	42.26873779296875
2989.0	42.399801635742186
2990.0	42.32621459960937
2991.0	42.3157470703125
2992.0	42.397021484375
2993.0	42.411346435546875
2994.0	42.3028076171875
2995.0	42.536495971679685
2996.0	42.43531188964844
2997.0	42.475686645507814
2998.0	42.42530517578125
2999.0	42.444189453125
3000.0	42.47223815917969
3001.0	42.44832763671875
3002.0	42.5037353515625
3003.0	42.57396240234375
3004.0	42.556192016601564
3005.0	42.5973876953125
3006.0	42.4436767578125
3007.0	42.51018371582031
3008.0	42.61567077636719
3009.0	42.520687866210935
3010.0	42.489706420898436
3011.0	42.50489196777344
3012.0	42.52144165039063
3013.0	42.59641723632812
3014.0	42.55230712890625
3015.0	42.642965698242186
3016.0	42.479364013671876
3017.0	42.630636596679686
3018.0	42.563018798828125
3019.0	42.46668701171875
3020.0	42.585638427734374
3021.0	42.6323486328125
3022.0	42.620547485351565
3023.0	42.49193115234375
3024.0	42.58841552734375
3025.0	42.67671203613281
3026.0	42.70384826660156
3027.0	42.57338256835938
3028.0	42.61060485839844
3029.0	42.656246948242185
3030.0	42.6542724609375
3031.0	42.683840942382815
3032.0	42.689962768554686
3033.0	42.57730712890625
3034.0	42.06003112792969
3035.0	41.565478515625
3036.0	41.737710571289064
3037.0	42.187652587890625
3038.0	42.43191833496094
3039.0	42.46149597167969
3040.0	42.59639282226563
3041.0	42.68867492675781
3042.0	42.721194458007815
3043.0	42.61536560058594
3044.0	42.53486633300781
3045.0	42.48530578613281
3046.0	42.37778930664062
3047.0	42.56287841796875
3048.0	42.51959228515625
3049.0	42.513912963867185
3050.0	42.46131896972656
3051.0	42.569482421875
3052.0	42.432562255859374
3053.0	42.35010986328125
3054.0	42.47486267089844
3055.0	42.314990234375
3056.0	42.448184204101565
3057.0	42.43004455566406
3058.0	42.45881958007813
3059.0	42.63424377441406
3060.0	42.66788330078125
3061.0	42.629241943359375
3062.0	42.60206604003906
3063.0	42.56971740722656
3064.0	42.64649963378906
3065.0	42.601156616210936
3066.0	42.64783935546875
3067.0	42.564126586914064
3068.0	42.571023559570314
3069.0	42.475198364257814
3070.0	42.51362609863281
3071.0	42.489523315429686
3072.0	42.521630859375
3073.0	42.402285766601565
3074.0	42.4740234375
3075.0	42.49530029296875
3076.0	42.46262817382812
3077.0	42.41829223632813
3078.0	42.4621337890625
3079.0	42.49922180175781
3080.0	42.45362243652344
3081.0	42.44258422851563
3082.0	42.369509887695315
3083.0	42.449502563476564
3084.0	42.503579711914064
3085.0	42.55821228027344
3086.0	42.34334716796875
3087.0	42.478826904296874
3088.0	42.51192626953125
3089.0	42.504425048828125
3090.0	42.345889282226565
3091.0	42.41411437988281
3092.0	42.52139587402344
3093.0	42.50008850097656
3094.0	42.46827392578125
3095.0	42.307562255859374
3096.0	42.451010131835936
3097.0	42.4649658203125
3098.0	42.267251586914064
3099.0	42.524374389648436
3100.0	42.484561157226565
3101.0	42.433450317382814
3102.0	42.52018737792969
3103.0	42.49013977050781
3104.0	42.42117004394531
3105.0	42.400274658203124
3106.0	42.42557067871094
3107.0	42.454949951171876
3108.0	42.440267944335936
3109.0	42.39767150878906
3110.0	42.48031005859375
3111.0	42.40803527832031
3112.0	42.470147705078126
3113.0	42.52584533691406
3114.0	42.4105712890625
3115.0	42.456390380859375
3116.0	42.43675842285156
3117.0	42.556277465820315
3118.0	42.35194702148438
3119.0	42.42221374511719
3120.0	42.534664916992185
3121.0	42.4368896484375
3122.0	42.36900329589844
3123.0	42.29595031738281
3124.0	42.45975036621094
3125.0	42.441897583007815
3126.0	42.34540710449219
3127.0	42.470465087890624
3128.0	42.340545654296875
3129.0	42.324404907226565
3130.0	42.4511962890625
3131.0	42.47847290039063
3132.0	42.28467712402344
3133.0	42.41044311523437
3134.0	42.36342163085938
3135.0	42.35170288085938
3136.0	42.45805053710937
3137.0	42.344268798828125
3138.0	42.40250854492187
3139.0	42.28221130371094
3140.0	42.39400634765625
3141.0	42.31983337402344
3142.0	42.381524658203126
3143.0	42.445376586914065
3144.0	42.28714294433594
3145.0	42.32710571289063
3146.0	42.254678344726564
3147.0	42.30891723632813
3148.0	42.32148742675781
3149.0	42.281167602539064
3150.0	42.331826782226564
3151.0	42.37327270507812
3152.0	42.30797424316406
3153.0	42.24152526855469
3154.0	42.35555725097656
3155.0	42.305718994140626
3156.0	42.320455932617186
3157.0	42.291873168945315
3158.0	42.35358581542969
3159.0	42.37379150390625
3160.0	42.328851318359376
3161.0	42.3533935546875
3162.0	42.404046630859376
3163.0	42.394866943359375
3164.0	42.47006530761719
3165.0	42.467794799804686
3166.0	42.251953125
3167.0	42.349185180664065
3168.0	42.35559997558594
3169.0	42.30942993164062
3170.0	42.456329345703125
3171.0	42.33189697265625
3172.0	42.46921997070312
3173.0	42.351254272460935
3174.0	42.314208984375
3175.0	42.55758972167969
3176.0	42.33643798828125
3177.0	42.46259460449219
3178.0	42.439300537109375
3179.0	42.43935546875
3180.0	42.42725524902344
3181.0	42.393951416015625
3182.0	42.45131225585938
3183.0	42.39111328125
3184.0	42.44428405761719
3185.0	42.4610107421875
3186.0	42.50585021972656
3187.0	42.49402770996094
3188.0	42.54855651855469
3189.0	42.560089111328125
3190.0	42.529669189453124
3191.0	42.53026123046875
3192.0	42.57154846191406
3193.0	42.608489990234375
3194.0	42.44247741699219
3195.0	42.593685913085935
3196.0	42.51966857910156
3197.0	42.54956970214844
3198.0	42.554071044921876
3199.0	42.51505126953125
3200.0	42.512542724609375
3201.0	42.606625366210935
3202.0	42.481179809570314
3203.0	42.54681396484375
3204.0	42.578494262695315
3205.0	42.681024169921876
3206.0	42.61586303710938
3207.0	42.63836669921875
3208.0	42.625064086914065
3209.0	42.61619567871094
3210.0	42.62253112792969
3211.0	42.60877990722656
3212.0	42.418637084960935
3213.0	42.655575561523435
3214.0	42.59150085449219
3215.0	42.562652587890625
3216.0	42.478271484375
3217.0	42.571859741210936
3218.0	42.562643432617186
3219.0	42.44786376953125
3220.0	42.610546875
3221.0	42.52363586425781
3222.0	42.41598205566406
3223.0	42.551324462890626
3224.0	42.485906982421874
3225.0	42.59183959960937
3226.0	42.57361755371094
3227.0	42.53697509765625
3228.0	42.58395690917969
3229.0	42.527609252929686
3230.0	42.61783142089844
3231.0	42.599554443359374
3232.0	42.640621948242185
3233.0	42.610052490234374
3234.0	42.55880432128906
3235.0	42.73011779785156
3236.0	42.62176513671875
3237.0	42.682437133789065
3238.0	42.7063232421875
3239.0	42.69298400878906
3240.0	42.71971435546875
3241.0	42.58575439453125
3242.0	42.59750671386719
3243.0	42.736639404296874
3244.0	42.683468627929685
3245.0	42.60694885253906
3246.0	42.584844970703124
3247.0	42.600494384765625
3248.0	42.619973754882814
3249.0	42.58424377441406
3250.0	42.621707153320315
3251.0	42.574581909179685
3252.0	42.64302368164063
3253.0	42.569696044921876
3254.0	42.676370239257814
3255.0	42.60427551269531
3256.0	42.71818542480469
3257.0	42.82210083007813
3258.0	42.64137573242188
3259.0	42.67702026367188
3260.0	42.761932373046875
3261.0	42.653298950195314
3262.0	42.711962890625
3263.0	42.753176879882815
3264.0	42.80552673339844
3265.0	42.79273376464844
3266.0	42.705386352539065
3267.0	42.744912719726564
3268.0	42.75875244140625
3269.0	42.75138549804687
3270.0	42.73497009277344
3271.0	42.8259521484375
3272.0	42.759918212890625
3273.0	42.805459594726564
3274.0	42.823733520507815
3275.0	42.81343383789063
3276.0	42.764593505859374
3277.0	42.80249938964844
3278.0	42.722259521484375
3279.0	42.716921997070315
3280.0	42.80565185546875
3281.0	42.847103881835935
3282.0	42.774462890625
3283.0	42.912863159179686
3284.0	42.884820556640626
3285.0	42.89401550292969
3286.0	42.980429077148436
3287.0	42.90190124511719
3288.0	42.95127868652344
3289.0	42.7988525390625
3290.0	42.882388305664065
3291.0	43.01713562011719
3292.0	42.871002197265625
3293.0	42.91875305175781
3294.0	43.00902404785156
3295.0	42.937994384765624
3296.0	42.939291381835936
3297.0	42.92646789550781
3298.0	42.833551025390626
3299.0	42.9549072265625
3300.0	43.054046630859375
3301.0	43.0056640625
3302.0	42.99614562988281
3303.0	43.007266235351565
3304.0	43.130313110351565
3305.0	43.095236206054686
3306.0	42.949188232421875
3307.0	42.98465576171875
3308.0	42.899435424804686
3309.0	43.033792114257814
3310.0	43.012881469726565
3311.0	42.93311767578125
3312.0	42.936215209960935
3313.0	43.03926086425781
3314.0	42.98382568359375
3315.0	42.89249877929687
3316.0	42.97146911621094
3317.0	42.959310913085936
3318.0	42.93138122558594
3319.0	43.05523681640625
3320.0	42.91958312988281
3321.0	43.01503295898438
3322.0	42.937619018554685
3323.0	43.02218933105469
3324.0	42.96969299316406
3325.0	42.9968505859375
3326.0	42.96939697265625
3327.0	42.98616333007813
3328.0	43.00766296386719
3329.0	42.949560546875
3330.0	42.976629638671874
3331.0	42.801422119140625
3332.0	42.929141235351565
3333.0	42.79733581542969
3334.0	42.887777709960936
3335.0	42.78965454101562
3336.0	42.67687072753906
3337.0	42.71326904296875
3338.0	42.667843627929685
3339.0	42.674642944335936
3340.0	42.70210571289063
3341.0	42.671270751953124
3342.0	42.66708984375
3343.0	42.7392578125
3344.0	42.70277404785156
3345.0	42.63395690917969
3346.0	42.56173400878906
3347.0	42.61673278808594
3348.0	42.65601806640625
3349.0	42.59675903320313
3350.0	42.641998291015625
3351.0	42.64168090820313
3352.0	42.44898986816406
3353.0	42.5374267578125
3354.0	42.54472045898437
3355.0	42.490228271484376
3356.0	42.585653686523436
3357.0	42.526788330078126
3358.0	42.493499755859375
3359.0	42.52982788085937
3360.0	42.59298095703125
3361.0	42.61173706054687
3362.0	42.48344116210937
3363.0	42.48328857421875
3364.0	42.57669372558594
3365.0	42.53748779296875
3366.0	42.47122497558594
3367.0	42.48814697265625
3368.0	42.51986389160156
3369.0	42.598287963867186
3370.0	42.464175415039065
3371.0	42.47664184570313
3372.0	42.50734252929688
3373.0	42.48036193847656
3374.0	42.50235595703125
3375.0	42.534872436523436
3376.0	42.510556030273435
3377.0	42.6548095703125
3378.0	42.556643676757815
3379.0	42.44063720703125
3380.0	42.46846008300781
3381.0	42.416815185546874
3382.0	42.460690307617185
3383.0	42.519189453125
3384.0	42.47288818359375
3385.0	42.455502319335935
3386.0	42.50558166503906
3387.0	42.50240478515625
3388.0	42.525265502929685
3389.0	42.53504333496094
3390.0	42.43680419921875
3391.0	42.54024658203125
3392.0	42.55645751953125
3393.0	42.513482666015626
3394.0	42.50589294433594
3395.0	42.48097534179688
3396.0	42.46127624511719
3397.0	42.413720703125
3398.0	42.37884521484375
3399.0	42.503631591796875
3400.0	42.46610717773437
3401.0	42.482357788085935
3402.0	42.44077758789062
3403.0	42.49957275390625
3404.0	42.39042358398437
3405.0	42.567742919921876
3406.0	42.479931640625
3407.0	42.62852783203125
3408.0	42.421630859375
3409.0	42.506100463867185
3410.0	42.460305786132814
3411.0	42.49415893554688
3412.0	42.39601135253906
3413.0	42.48912048339844
3414.0	42.33189697265625
3415.0	42.44032592773438
3416.0	42.43936767578125
3417.0	42.47297973632813
3418.0	42.530984497070314
3419.0	42.44106750488281
3420.0	42.552590942382814
3421.0	42.57994384765625
3422.0	42.472555541992186
3423.0	42.42660217285156
3424.0	42.52247009277344
3425.0	42.4655517578125
3426.0	42.365447998046875
3427.0	42.396575927734375
3428.0	42.42247619628906
3429.0	42.42376708984375
3430.0	42.43589782714844
3431.0	42.567083740234374
3432.0	42.46153869628906
3433.0	42.36716918945312
3434.0	42.424111938476564
3435.0	42.397500610351564
3436.0	42.6349365234375
3437.0	42.45383911132812
3438.0	42.39592590332031
3439.0	42.482870483398436
3440.0	42.573892211914064
3441.0	42.482147216796875
3442.0	42.472998046875
3443.0	42.525271606445315
3444.0	42.441470336914065
3445.0	42.3944091796875
3446.0	42.458621215820315
3447.0	42.477273559570314
3448.0	42.46905517578125
3449.0	42.45188903808594
3450.0	42.40786437988281
3451.0	42.468963623046875
3452.0	42.517495727539064
3453.0	42.505734252929685
3454.0	42.4384033203125
3455.0	42.328564453125
3456.0	42.48652648925781
3457.0	42.41936340332031
3458.0	42.41064453125
3459.0	42.4758056640625
3460.0	42.43192749023437
3461.0	42.42796325683594
3462.0	42.467648315429685
3463.0	42.417120361328124
3464.0	42.426754760742185
3465.0	42.528961181640625
3466.0	42.502035522460936
3467.0	42.52384948730469
3468.0	42.495794677734374
3469.0	42.575704956054686
3470.0	42.456747436523436
3471.0	42.44118041992188
3472.0	42.368649291992185
3473.0	42.49183654785156
3474.0	42.37449340820312
3475.0	42.47812194824219
3476.0	42.436911010742186
3477.0	42.364892578125
3478.0	42.355892944335935
3479.0	42.33502197265625
3480.0	42.48256225585938
3481.0	42.519873046875
3482.0	42.36463317871094
3483.0	42.45416259765625
3484.0	42.379022216796876
3485.0	42.374246215820314
3486.0	42.29233093261719
3487.0	42.462982177734375
3488.0	42.469512939453125
3489.0	42.47834167480469
3490.0	42.37199096679687
3491.0	42.362762451171875
3492.0	42.4822021484375
3493.0	42.390716552734375
3494.0	42.37022705078125
3495.0	42.35580139160156
3496.0	42.39813232421875
3497.0	42.50940856933594
3498.0	42.46160888671875
3499.0	42.271978759765624
3500.0	42.27400207519531
3501.0	42.366091918945315
3502.0	42.3398193359375
3503.0	42.35735168457031
3504.0	42.46772155761719
3505.0	42.348297119140625
3506.0	42.27357482910156
3507.0	42.360897827148435
3508.0	42.346002197265626
3509.0	42.37950439453125
3510.0	42.24892578125
3511.0	42.32405395507813
3512.0	42.33885498046875
3513.0	42.478268432617185
3514.0	42.37256774902344
3515.0	42.37691955566406
3516.0	42.40285034179688
3517.0	42.42611999511719
3518.0	42.311761474609376
3519.0	42.36900939941406
3520.0	42.29437255859375
3521.0	42.29657897949219
3522.0	42.34336547851562
3523.0	42.388607788085935
3524.0	42.31702575683594
3525.0	42.413821411132815
3526.0	42.350485229492186
3527.0	42.420962524414065
3528.0	42.397186279296875
3529.0	42.33350830078125
3530.0	42.343145751953124
3531.0	42.29300537109375
3532.0	42.406228637695314
3533.0	42.31971435546875
3534.0	42.37492065429687
3535.0	42.30217590332031
3536.0	42.43358459472656
3537.0	42.42408447265625
3538.0	42.44991760253906
3539.0	42.37635803222656
3540.0	42.4620361328125
3541.0	42.551937866210935
3542.0	42.415707397460935
3543.0	42.47423095703125
3544.0	42.441671752929686
3545.0	42.522439575195314
3546.0	42.40760498046875
3547.0	42.418792724609375
3548.0	42.45498962402344
3549.0	42.475531005859374
3550.0	42.53109130859375
3551.0	42.427999877929686
3552.0	42.485879516601564
3553.0	42.51527099609375
3554.0	42.455810546875
3555.0	42.556643676757815
3556.0	42.426266479492185
3557.0	42.591189575195315
3558.0	42.39913635253906
3559.0	42.34117126464844
3560.0	42.37513732910156
3561.0	42.44073486328125
3562.0	42.4703125
3563.0	42.36424255371094
3564.0	42.44639892578125
3565.0	42.504476928710936
3566.0	42.485470581054685
3567.0	42.354672241210935
3568.0	42.57253723144531
3569.0	42.44203491210938
3570.0	42.35399475097656
3571.0	42.43798828125
3572.0	42.580728149414064
3573.0	42.49916381835938
3574.0	42.45126037597656
3575.0	42.390444946289065
3576.0	42.57121276855469
3577.0	42.44617614746094
3578.0	42.48299865722656
3579.0	42.38585510253906
3580.0	42.423681640625
3581.0	42.40831604003906
3582.0	42.49978332519531
3583.0	42.48075866699219
3584.0	42.44338684082031
3585.0	42.39810485839844
3586.0	42.51417541503906
3587.0	42.3420166015625
3588.0	42.46573181152344
3589.0	42.41191711425781
3590.0	42.47801208496094
3591.0	42.31972961425781
3592.0	42.307183837890626
3593.0	42.33267517089844
3594.0	42.29815673828125
3595.0	42.34080505371094
3596.0	42.36513671875
3597.0	42.27410888671875
3598.0	42.44588928222656
3599.0	42.385992431640624
