0.0	-0.0005048477641376268
1.0	-0.0006740244409561384
2.0	0.002217410175405011
3.0	0.0021925264999227718
4.0	0.0016176166468944903
5.0	0.0010985334813933343
6.0	0.0026191037939066013
7.0	0.0023691359629242972
8.0	-0.001920470367392259
9.0	0.0033490518717747635
10.0	0.0015752012909585982
11.0	-0.0004136345510868049
12.0	-0.0010432400154838089
13.0	-0.0017137258038874836
14.0	-0.0010736174894493992
15.0	-0.001778681891835134
16.0	-0.00157751191796776
17.0	-0.0003094139622157557
18.0	-0.00458916377172439
19.0	-0.0014402477470436838
20.0	-0.0009880596571900297
21.0	0.00927338641543761
22.0	0.011523581641202272
23.0	0.006843592453967218
24.0	0.0021566552274740187
25.0	0.00044153981573494386
26.0	0.0009754885536021277
27.0	0.000336349733013969
28.0	0.0027504702105765086
29.0	0.0022393045781834236
30.0	-0.0007635410397694493
31.0	-0.002787197869259441
32.0	-0.002190070448836168
33.0	-4.409581194255528e-05
34.0	0.0012266682518968855
35.0	-0.0016273600600866661
36.0	0.0016318358900273599
37.0	-0.0021861924734362776
38.0	0.0027570142940638357
39.0	-0.0008375457369831978
40.0	-0.0008331830146584383
41.0	4.8814015345589366e-05
42.0	0.0015371486573474654
43.0	-0.002081244764177831
44.0	-0.0027922069208175465
45.0	0.0010366474573039383
46.0	0.002994863451921411
47.0	0.0006629883692972696
48.0	0.004379219878514766
49.0	0.00477614681892059
50.0	0.008767068252294341
51.0	0.0032694725849236137
52.0	-0.0003140190580030435
53.0	0.0010264677718794372
54.0	0.0005007597317369032
55.0	0.002286082656444075
56.0	0.003202496718121873
57.0	0.0027578222056054715
58.0	0.005962645708967354
59.0	2.6838821413126688e-05
60.0	0.0017436508473897127
61.0	0.002853236558672575
62.0	0.002954306292531319
63.0	0.0009759733005271846
64.0	-0.0022190744731808267
65.0	1.197324904709879e-05
66.0	-0.002120994012026287
67.0	-0.0015561830532684557
68.0	-0.0018361244024453437
69.0	-0.001259598726333978
70.0	0.0006379431115065524
71.0	-0.0024851197438416125
72.0	-0.0029465180252700304
73.0	0.0015785945194334318
74.0	0.0009792857378477795
75.0	-0.0002593234466343212
76.0	-0.003803389006329102
77.0	1.3896078515914166e-06
78.0	0.0002121737290643591
79.0	-0.0035871918777874105
80.0	-0.0016387516128238094
81.0	-0.001220818972335448
82.0	-0.0010122970034391109
83.0	-0.0021282652159010113
84.0	-0.002559124441055549
85.0	-0.00046113974973504174
86.0	0.00017088944928687032
87.0	-0.00254676339446848
88.0	-0.00127567616601246
89.0	0.0005946390528749735
90.0	-0.00013813671538891515
91.0	0.0006263091853070687
92.0	0.0007471727519358955
93.0	0.0005884989251584644
94.0	0.0010290530888126348
95.0	0.001809010891107993
96.0	0.0009921315313599053
97.0	0.003764803151100557
98.0	0.0011409488373292265
99.0	9.680396091888303e-05
100.0	0.000825297798012063
101.0	0.0033840344415274537
102.0	0.0027303532131898465
103.0	3.8715121075138865e-05
104.0	0.004146945310294405
105.0	0.003647817559871621
106.0	0.005923058043427188
107.0	0.0006489307084728778
108.0	0.0036179248328310873
109.0	0.005727624241505317
110.0	0.0037530076425927837
111.0	0.0025237702319935483
112.0	0.004411374757871918
113.0	0.0046473657191838805
114.0	0.0013152153568600827
115.0	0.002796601959604002
116.0	0.0019770564917682893
117.0	0.0008602803677649413
118.0	0.004260214508431739
119.0	0.006675223688690342
120.0	0.0057592135827833615
121.0	0.0018933568560549085
122.0	0.0033405688005875853
123.0	0.0036731859822791055
124.0	0.005031446866077579
125.0	0.003009890606595916
126.0	0.004960269859259368
127.0	0.0015162237484191673
128.0	0.002008484250738044
129.0	0.005970967197846055
130.0	0.00595941406280081
131.0	0.005679553504777973
132.0	0.0009438992123242714
133.0	0.004203579909363166
134.0	0.004200025098579855
135.0	0.0008881533159513847
136.0	0.0037023515889320537
137.0	0.002323165796205282
138.0	0.005195048953258877
139.0	0.0013997229041152878
140.0	0.002150434308603459
141.0	0.0006606454258266004
142.0	0.003167110192598177
143.0	0.003523722347076438
144.0	0.00499662587863299
145.0	0.0028455613990270327
146.0	0.00042061490680645754
147.0	0.002849681747889452
148.0	0.00181151541688714
149.0	0.0011037849064139686
150.0	0.0015583159397384802
151.0	-0.00025916186432603164
152.0	-0.0008651763117073008
153.0	0.0011335968423002631
154.0	0.0026669321571714173
155.0	-4.7408249263150184e-05
156.0	-0.0004549188308644818
157.0	-9.709480907376667e-05
158.0	0.000600213642512187
159.0	-0.0021487861690584914
160.0	5.527730767867769e-05
161.0	-0.0008185598157547507
162.0	-0.0002644132893466659
163.0	-0.003999873093255137
164.0	-0.001994394273451957
165.0	-0.00410579029636351
166.0	-0.0017083935877127985
167.0	-0.0037053893363288007
168.0	-0.005186695147918481
169.0	-0.004568319653950143
170.0	-0.003912861020220785
171.0	-0.005367667333244954
172.0	-0.00321595652440565
173.0	-0.003024643071346198
174.0	-0.0018232786089334059
175.0	-0.0020604814375578227
176.0	-0.005133857733095371
177.0	-0.004743636458485164
178.0	-0.0038091251782747934
179.0	-0.0030758646630858477
180.0	-0.00525011620393691
181.0	-0.004470239192795602
182.0	-0.004439619345367484
183.0	-0.0021487053779044407
184.0	-0.0023185283839562984
185.0	-0.002294129455398928
186.0	-0.0028328448713618773
187.0	-0.004302435965597835
188.0	-0.005584349208711702
189.0	-0.0060909905364715505
190.0	-0.00782759639521822
191.0	-0.005195743757184767
192.0	-0.004186823823989642
193.0	-0.006800417661182233
194.0	-0.005305781309155558
195.0	-0.006062552050206
196.0	-0.0037686488100387525
197.0	-0.0062684079110149
198.0	-0.00468902163827068
199.0	-0.004925254973044983
200.0	-0.0022134998835436136
201.0	-0.0062962000680471045
202.0	-0.005082716932509772
203.0	-0.003808398057887396
204.0	-0.006228901036628973
205.0	-0.006010522546924714
206.0	-0.005785276809116548
207.0	-0.0033299528429303824
208.0	-0.004851977396218632
209.0	-0.006859556786029953
210.0	-0.006293453168805617
211.0	-0.0030257741475044134
212.0	-0.006931622495543851
213.0	-0.005174334101331412
214.0	-0.003806620652495646
215.0	-0.003926272351812019
216.0	-0.001840083168999473
217.0	-0.0037238905106321907
218.0	-0.0072592306256772645
219.0	-0.0040245143952750365
220.0	-0.005684853404491151
221.0	-0.0023251532585976766
222.0	-0.004071373264689927
223.0	-0.007228126031324277
224.0	-0.005087564401759588
225.0	-0.0033101590101602993
226.0	-0.003103737611272291
227.0	-0.004188035691302096
228.0	-0.003987027299743011
229.0	-0.00010218465178611134
230.0	-0.0006034129722172237
231.0	-0.0010561666001499856
232.0	-0.001357759978642757
233.0	-0.0002270069849688796
234.0	-0.0002947099721580174
235.0	-0.002625534769777994
236.0	0.0018734822321305866
237.0	-0.0019413144851665066
238.0	-0.00037622824670901866
239.0	0.0017407423658397476
240.0	0.003867084752271755
241.0	0.0017638486359306137
242.0	0.0054201331087587535
243.0	0.005778765042090917
244.0	0.0029289378701240227
245.0	0.0037622178341673597
246.0	0.006784938076044366
247.0	0.0056332601734421905
248.0	0.006907983003835573
249.0	0.00394391713988123
250.0	0.004140885973732134
251.0	0.0048583922138591765
252.0	0.0038009975881658897
253.0	0.011049579939724444
254.0	0.009752639541936071
255.0	0.009508165509437118
256.0	0.007194306854191498
257.0	0.007115050731956927
258.0	0.005035001676860702
259.0	0.004902504184032392
260.0	1.1488502122041922e-05
261.0	0.0035874665677114465
262.0	0.004637186033759191
263.0	0.008033969319413685
264.0	0.007878123183032167
265.0	0.006920020885806062
266.0	0.008282886865391824
267.0	0.010244253715021601
268.0	0.007811551272001433
269.0	
270.0	
271.0	
272.0	
273.0	0.005677210561307304
274.0	0.008629965663678742
275.0	0.006503380903784206
276.0	0.006586353419110378
277.0	0.008046734321771571
278.0	0.006993864000711521
279.0	0.005772705705528646
280.0	0.009274679073904302
281.0	0.005062713042738856
282.0	0.0030070629162001904
283.0	0.004973196443925546
284.0	0.006778555574865517
285.0	0.002748773596339186
286.0	0.006937956522030345
287.0	0.004936113304164526
288.0	0.004832781417989352
289.0	0.004447084448012194
290.0	0.00396403413726808
291.0	0.0026048845507737318
292.0	0.0026990062453743306
293.0	
294.0	
295.0	
296.0	
297.0	-0.007597341605851948
298.0	-0.004084461431664394
299.0	-0.0012537817632342363
300.0	-0.0024769598372712015
301.0	0.0024314259427845116
302.0	0.0008994640775342892
303.0	-0.00258974428848348
304.0	0.00018066517894055353
305.0	-4.9266445808950694e-05
306.0	-0.0035106018636402764
307.0	-0.002115096257772306
308.0	-0.0034357892548847035
309.0	-0.0015973865418918937
310.0	-0.0030942042550811365
311.0	-0.0033339116094845116
312.0	-0.00594807098475621
313.0	-0.004426854343009785
314.0	-0.005936841014327544
315.0	-0.005087725984068066
316.0	-0.007092235310021133
317.0	-0.00480552248257456
318.0	-0.005854676410543009
319.0	-0.008096146191658151
320.0	-0.004281834221286115
321.0	-0.005691963026057585
322.0	-0.006291191016488999
323.0	-0.008503899146721824
324.0	-0.004808754128741104
325.0	-0.00795960914112166
326.0	-0.006593269141906827
327.0	-0.0038192240725452437
328.0	-0.003994864041696844
329.0	-0.005424382723467767
330.0	-0.00793537179487258
331.0	
332.0	
333.0	
334.0	
335.0	-0.012998634217459696
336.0	-0.010220791963852649
337.0	-0.008570632640061035
338.0	-0.007055556126030932
339.0	-0.008744656786129365
340.0	-0.00844540635110745
341.0	-0.00862290451680485
342.0	-0.005494428654127573
343.0	-0.009249035961572782
344.0	-0.007661570573412013
345.0	-0.008059143843051184
346.0	
347.0	
348.0	-0.008717349376022029
349.0	-0.008300063064767013
350.0	-0.011830151754791641
351.0	-0.007137074400581933
352.0	
353.0	-0.00888402152706158
354.0	-0.007504270196255514
355.0	-0.007951691608013591
356.0	-0.008445971889186558
357.0	-0.006070388792159831
358.0	-0.005987739441450615
359.0	
360.0	
361.0	-0.00828438958085935
362.0	-0.008699656113260274
363.0	-0.011620983456661958
364.0	-0.008367523678493622
365.0	-0.007279913161143223
366.0	-0.006569274169120087
367.0	-0.011835080015195508
368.0	-0.009842204615441925
369.0	-0.011693210748484333
370.0	-0.009388400702504998
371.0	-0.01097150336834082
372.0	-0.010104937448781928
373.0	-0.007555653370303641
374.0	-0.006696197072311183
375.0	-0.008885798932453143
376.0	-0.011657985805268925
377.0	-0.008383277953555526
378.0	-0.009136493883822844
379.0	-0.010544441327431934
380.0	-0.0069987599446538805
381.0	-0.004572763167429141
382.0	-0.008927002421076581
383.0	-0.010370013225592788
384.0	-0.010130063497726884
385.0	-0.005210124582625926
386.0	-0.012693243654721272
387.0	-0.009142149264614296
388.0	-0.009410860643362518
389.0	-0.009292501602512838
390.0	-0.005124647541520796
391.0	-0.009671654489002481
392.0	-0.008120302746752994
393.0	-0.008179037915829896
394.0	-0.006635522915534242
395.0	-0.005587823228340775
396.0	-0.007603158568951877
397.0	-0.005294955294497711
398.0	-0.0053764735690487115
399.0	-0.007821860223272716
400.0	-0.009361012501243424
401.0	-0.008251022834189744
402.0	-0.005679036441391409
403.0	-0.010149776539342728
404.0	-0.00609915044304215
405.0	-0.008137915218360698
406.0	-0.0027097191524164317
407.0	-0.007435516924062399
408.0	-0.005650517163971619
409.0	-0.006066914772530947
410.0	-0.006597227908460769
411.0	-0.006852043208692701
412.0	-0.006818353297406515
413.0	-0.006007856438837277
414.0	-0.0023606205752756118
415.0	-0.006940428731347796
416.0	-0.004911924432607988
417.0	-0.007051678150631041
418.0	-0.003940976341869757
419.0	-0.005195501383722239
420.0	-0.001227524638131065
421.0	-0.005556557051679309
422.0	-0.00413212821262092
423.0	-0.005684449448720333
424.0	-0.0053436723604582135
425.0	-0.005709737079973578
426.0	-0.0027654650487893184
427.0	-0.0030833782404231006
428.0	-0.005373565087498746
429.0	-0.0040546494957779105
430.0	-0.0009426550285501218
431.0	-0.0035438878191556434
432.0	-0.004075978360477215
433.0	-0.0019838106322564494
434.0	-0.0010561666001499856
435.0	-0.002395118398103433
436.0	-0.00034261912657707224
437.0	-0.0019623201852490436
438.0	-0.0019768625929984926
439.0	-0.004622530518393997
440.0	-0.0012226771688812488
441.0	-0.0007068256495466369
442.0	-0.0037092673117285033
443.0	-0.002723696022086773
444.0	-0.0019952021849935927
445.0	0.0005997288955873182
446.0	-0.0018689256110358422
447.0	-0.004348890879241907
448.0	0.0006128978537158352
449.0	-0.0003765514113257859
450.0	0.000356143565784052
451.0	-0.003041690004874794
452.0	-0.002662294744922434
453.0	-0.0013463684259056136
454.0	-0.0016608075979103229
455.0	-0.0014871066164585743
456.0	-0.0020357593443836846
457.0	-0.0019153805246799145
458.0	0.001002553590246935
459.0	-0.0031082619159055283
460.0	-0.0017752886633603004
461.0	-0.0012792309767957716
462.0	-3.9813880771846644e-05
463.0	-0.0022809604972702227
464.0	-0.0020531294425288594
465.0	-0.0040168392356294946
466.0	-0.0006191672472791264
467.0	0.0007186534745161057
468.0	-0.0008994317610725936
469.0	-0.0017738344225853178
470.0	0.0007911231398008209
471.0	-0.0022988961334945053
472.0	0.00072592467839083
473.0	-0.0050828785148182495
474.0	-0.0010119738388225316
475.0	-0.003986219388201376
476.0	-0.0023219216124311325
477.0	-0.003323570341751533
478.0	-0.0015950435984212244
479.0	-0.0026518726860354043
480.0	-0.00043746794156506813
481.0	-0.0006661876990023064
482.0	-0.0008550774174368503
483.0	-0.004422572411839076
484.0	-0.0015269366554612686
485.0	-0.0011393006977842588
486.0	-0.003769941468505445
487.0	-0.004282561341673513
488.0	-0.0020068361111930766
489.0	-0.0013723831775462564
490.0	-0.004289913336702476
491.0	-0.00123285685430575
492.0	-0.004194498983635184
493.0	-0.006563941952945402
494.0	-0.004568158071641853
495.0	-0.005442479942000338
496.0	-0.004430651527255437
497.0	-0.0070642007795264
498.0	-0.004825801062269511
499.0	-0.006124034118524578
500.0	-0.0075462815964205876
501.0	-0.005077142342872558
502.0	-0.0054033770233852295
503.0	-0.007763529009966632
504.0	-0.008102286319374473
505.0	-0.008818015154109954
506.0	-0.00834740668110696
507.0	-0.008051064727634824
508.0	-0.007201545741604527
509.0	-0.009293471096362764
510.0	-0.007213179667804011
511.0	-0.009228918964185932
512.0	-0.009650487206611654
513.0	-0.011058838605991562
514.0	-0.010704165439213341
515.0	-0.008463341987331733
516.0	-0.01199973238738097
517.0	-0.013500912822894973
518.0	-0.01198139279538587
519.0	-0.012962439780394552
520.0	-0.011486143020362978
521.0	-0.014814011451515879
522.0	-0.011292728997295196
523.0	-0.015686071169557933
524.0	-0.010939025324367089
525.0	-0.011729001229778659
526.0	-0.01262392484444905
527.0	-0.017232575442557605
528.0	-0.014506197154152547
529.0	-0.01584345233786867
530.0	-0.014372003047086914
531.0	-0.011557320027181
532.0	-0.013939043251924048
533.0	-0.016305820113146827
534.0	-0.014616315497277578
535.0	-0.013103985882489148
536.0	-0.015269350396382027
537.0	-0.014402542103360795
538.0	-0.014950144546281552
539.0	-0.01713958482411522
540.0	-0.017550892589962206
541.0	-0.015112938721921213
542.0	-0.015700371203844855
543.0	-0.015199950794955565
544.0	-0.01570667291386965
545.0	-0.014730150233494207
546.0	-0.01717626400810561
547.0	-0.017534330403358667
548.0	-0.015871002121438348
549.0	-0.0160541556679272
550.0	-0.013872552132047552
551.0	-0.016094147289238185
552.0	-0.017025830879053017
553.0	-0.013518363712194198
554.0	-0.016634316945976117
555.0	-0.01545201919594601
556.0	-0.014923079509636745
557.0	-0.0166257530836347
558.0	-0.015283973595285714
559.0	-0.01816377428544738
560.0	-0.015485466733769666
561.0	-0.011312684412373757
562.0	-0.017678623404694938
563.0	-0.011943824908699795
564.0	-0.015587505961478336
565.0	-0.013588248060545717
566.0	-0.013530724758781268
567.0	-0.01548070005567409
568.0	-0.010903719589997442
569.0	-0.011480568430725577
570.0	-0.013170153837749065
571.0	-0.01436279285551215
572.0	-0.00999013321871556
573.0	-0.011754531234494433
574.0	-0.013692145484800185
575.0	-0.016307031980459283
576.0	-0.010664900938289942
577.0	-0.011267037410271321
578.0	-0.013902444859088085
579.0	-0.013372535678928894
580.0	-0.010197766484916021
581.0	-0.012353516851463318
582.0	-0.010609882162304452
583.0	-0.011210725975819139
584.0	-0.009345904555414867
585.0	-0.009774420837098736
586.0	-0.008979355088974635
587.0	-0.009952646123183534
588.0	-0.009114276316427852
589.0	-0.010535392718165648
590.0	-0.007334851145974474
591.0	-0.011598604306958677
592.0	-0.007953226639942624
593.0	-0.007130368734786317
594.0	-0.009432755046140742
595.0	-0.009155075849280473
596.0	-0.01086558616523226
597.0	-0.00723563960866153
598.0	-0.006021671726199329
599.0	-0.009101996060995023
600.0	-0.00705781827834755
601.0	-0.011041549299000628
602.0	-0.00932110167108668
603.0	-0.005680409891012152
604.0	-0.006710577897752343
605.0	-0.008882001748207491
606.0	-0.009739276685037568
607.0	-0.007017261118957271
608.0	-0.0078020663905026336
609.0	-0.005893294582233249
610.0	-0.008582347357414758
611.0	-0.008464957810415005
612.0	-0.006690137735748914
613.0	-0.0038499247111274133
614.0	-0.007726526661359663
615.0	-0.0061201561431246864
616.0	-0.008385540105872145
617.0	-0.006825543710127189
618.0	-0.003965132896964788
619.0	-0.004186500659373063
620.0	-0.0070206543474322924
621.0	-0.0033116940420895207
622.0	-0.0030041221181887176
623.0	-0.006199654638821598
624.0	-0.004233601902250294
625.0	-0.003119411095180143
626.0	-0.0034236705817601632
627.0	-0.004344043409992091
628.0	-0.007869688586537532
629.0	-0.003934351467228379
630.0	-0.0036930282897417316
631.0	-0.00705781827834755
632.0	-0.0032473034922211657
633.0	-0.003917466116008262
634.0	-0.0067015292884860566
635.0	-0.0029167060893835477
636.0	-0.004782335421329643
637.0	-0.002884066463101527
638.0	-0.004579953580149815
639.0	-0.0053215355842174605
640.0	-0.005837306312397834
641.0	-0.004699443697157709
642.0	-0.0053414909992958335
643.0	-0.002014915226609437
644.0	-0.003576204280821085
645.0	-0.006460044528690931
646.0	-0.0028957811804552493
647.0	-0.0052058426514552175
648.0	-0.004712047117207307
649.0	-0.001935416730912526
650.0	-0.004829032708436055
651.0	-0.0049885952379091734
652.0	-0.0020778515357029975
653.0	-0.001883387227631052
654.0	-0.003849682337664885
655.0	-0.004426935134163835
656.0	-0.0047059877806450365
657.0	-0.004908369621824865
658.0	-0.0033242166709848793
659.0	-0.004498516096752864
660.0	-0.004384600569382183
661.0	-0.005753929841301032
662.0	-0.005211013285321613
663.0	-0.003479335686978999
664.0	-0.0037418261468564733
665.0	-0.003939441309940724
666.0	-0.004395588166348319
667.0	-0.0031732180038529906
668.0	-0.0068248165897396035
669.0	-0.0046000705775364765
670.0	-0.004557170474675527
671.0	-0.004921619371107621
672.0	-0.0075382832721584666
673.0	-0.007608652367434852
674.0	-0.0076578541803206
675.0	-0.009656546543173924
676.0	-0.008477318857002073
677.0	-0.0063409583674538545
678.0	-0.007931816984089268
679.0	-0.010225477850793988
680.0	-0.0073359822221326886
681.0	-0.00902088174221465
682.0	-0.009259134855843232
683.0	-0.011633829250174083
684.0	-0.009791790935243912
685.0	-0.00748059838808554
686.0	-0.010654155714786145
687.0	-0.011261139656017341
688.0	-0.013462617815821311
689.0	-0.010013077906497948
690.0	-0.011631001559778358
691.0	-0.011193355877673963
692.0	-0.009136170719206265
693.0	-0.013207156186356032
694.0	-0.011757843671815215
695.0	-0.010296735648766436
696.0	-0.01100802097002273
697.0	-0.015355716140182845
698.0	-0.01327106198929952
699.0	-0.012019041473225998
700.0	-0.011223733351639554
701.0	-0.011902702211230408
702.0	-0.010323962267719533
703.0	-0.016575743359207504
704.0	-0.011568953953380671
705.0	-0.012047560750645787
706.0	-0.0130427461876331
707.0	-0.012682094475446846
708.0	-0.014135608130004133
709.0	-0.011896400501205797
710.0	-0.01631519188702988
711.0	-0.016793394728524178
712.0	-0.015439981313975521
713.0	-0.013043473308020496
714.0	-0.012526813877144249
715.0	-0.015004597784187933
716.0	-0.01586445803795121
717.0	-0.016943100737189375
718.0	-0.017397631770513886
719.0	-0.014949175052431625
720.0	-0.016108366532371056
721.0	-0.018915293601477187
722.0	-0.017087878485450514
723.0	-0.01700280540011639
724.0	-0.017271597570018664
725.0	-0.017313608970183737
726.0	-0.014121308095717213
727.0	-0.016738699117155455
728.0	-0.014786461667946203
729.0	-0.018161027386205706
730.0	-0.01685374572068454
731.0	-0.01649252847041899
732.0	-0.020882719787669236
733.0	-0.016836214040230887
734.0	-0.018821737444955695
735.0	-0.01629079295847251
736.0	-0.017019771542490746
737.0	-0.018063189298513693
738.0	-0.01957624603368952
739.0	-0.021272133150737806
740.0	-0.018699338846397837
741.0	-0.020001934624977662
742.0	-0.020562221279102257
743.0	-0.019088590627158116
744.0	-0.020498315476158768
745.0	-0.023053578100045276
746.0	-0.016701454395086145
747.0	-0.021686834145059623
748.0	-0.019818619496180332
749.0	-0.01814793921923124
750.0	-0.020466645343726674
751.0	-0.021095038940811224
752.0	-0.02130016768123254
753.0	-0.018178639857813407
754.0	-0.021905455008226223
755.0	-0.021202895131619635
756.0	-0.023026917019171287
757.0	-0.017409346487867607
758.0	-0.019917669451184984
759.0	-0.020766703690290225
760.0	-0.021041635987909008
761.0	-0.01961033990074671
762.0	-0.02113503056212221
763.0	-0.018649733077741457
764.0	-0.020027949376618306
765.0	-0.02160596219974178
766.0	-0.02148550258888396
767.0	-0.01810471595175371
768.0	-0.01880032778910234
769.0	-0.01950830067303804
770.0	-0.01915750548165971
771.0	-0.01909028724139544
772.0	-0.020882477414206707
773.0	-0.01813089228570264
774.0	-0.020199549788061724
775.0	-0.02089815089811456
776.0	-0.023480801723262452
777.0	-0.02146958673151358
778.0	-0.02019583339497031
779.0	-0.023424086333039638
780.0	-0.021252743273738543
781.0	-0.019527528967729017
782.0	-0.020630489804370503
783.0	-0.021121215274760158
784.0	-0.021329494870193966
785.0	-0.02074311267327449
786.0	-0.02161832324632885
787.0	-0.021987619612010758
788.0	-0.020412434479282822
789.0	-0.02211842049060156
790.0	-0.020036594030113774
791.0	-0.022744955891140308
792.0	-0.01735594353496539
793.0	-0.021411417100515785
794.0	-0.022918576081437818
795.0	-0.02117146737264988
796.0	-0.02125298564720107
797.0	-0.022796743020959253
798.0	-0.021035253486730156
799.0	-0.02250427904288701
800.0	-0.021250642703730213
801.0	-0.020807341640834556
802.0	-0.02117348715150397
803.0	-0.020980638666515485
804.0	-0.02024503520785587
805.0	-0.02074262792634962
806.0	-0.022618921690645086
807.0	-0.019599998633013732
808.0	-0.024120263708467378
809.0	-0.020864218613365845
810.0	-0.021155955471050505
811.0	-0.02073907311556631
812.0	-0.02105747105412515
813.0	-0.0221963031632152
814.0	-0.021172113701883228
815.0	-0.02341431060338577
816.0	-0.02041865539815357
817.0	-0.02414417789009969
818.0	-0.020313950062357464
819.0	-0.020307890725795193
820.0	-0.022106382608631257
821.0	-0.023133965298438062
822.0	-0.023382802053261962
823.0	-0.021376757695379674
824.0	-0.023080723927844323
825.0	-0.02184437689567865
826.0	-0.020860017473349188
827.0	-0.024499416594957208
828.0	-0.02085137281985372
829.0	-0.019541990584324227
830.0	-0.02053507545130321
831.0	-0.02365215976124334
832.0	-0.026378053302723345
833.0	-0.021131556542493136
834.0	-0.02071637080124645
835.0	-0.025142837346716077
836.0	-0.020381087511467492
837.0	-0.02276919323738939
838.0	-0.02323875142538822
839.0	-0.022733402756094874
840.0	-0.023476277418629215
841.0	-0.02345438301585099
842.0	-0.020635337273620317
843.0	-0.02201662363635542
844.0	-0.023614511083403216
845.0	-0.0221918596497362
846.0	-0.020702636305038637
847.0	-0.02456881619638367
848.0	-0.01859487588406426
849.0	-0.023447434976592844
850.0	-0.02296915134394431
851.0	-0.021709051712454616
852.0	-0.02479478905457923
853.0	-0.021834681957179018
854.0	-0.023818266374203787
855.0	-0.023890089710255157
856.0	-0.020555919569077458
857.0	-0.02357161098054227
858.0	-0.02253263673799832
859.0	-0.024012407517658967
860.0	-0.021500610534712517
861.0	-0.023600857378349455
862.0	-0.022933037698033218
863.0	-0.023814549981112185
864.0	-0.02178152137773933
865.0	-0.02473597309434809
866.0	-0.02390939879610037
867.0	-0.02184251869913285
868.0	-0.02151612243631189
869.0	-0.027299880371730065
870.0	-0.02424048094586286
871.0	-0.027193236048234107
872.0	-0.02248286938703365
873.0	-0.023363977714341806
874.0	-0.02307523012936116
875.0	-0.0224323749156814
876.0	-0.024702767929986963
877.0	-0.022313288754444133
878.0	-0.024516625110793906
879.0	-0.024843263747077394
880.0	-0.020968843158007712
881.0	-0.02311998842876772
882.0	-0.022641220049194315
883.0	-0.023586072597137665
884.0	-0.023573549968242305
885.0	-0.02046721088180578
886.0	-0.022422841559490057
887.0	-0.022698500977496237
888.0	-0.022908881142938185
889.0	-0.020973852209565817
890.0	-0.02070287867850098
891.0	-0.02411121509920109
892.0	-0.02116912442917921
893.0	-0.022060089277295473
894.0	-0.01777444171353286
895.0	-0.022456693053084533
896.0	-0.021324243445173332
897.0	-0.021576311846163775
898.0	-0.019070978155550415
899.0	-0.02343426601846414
900.0	-0.016164031637589702
901.0	-0.02097950759035727
902.0	-0.018036285844177175
903.0	-0.017852647550763264
904.0	-0.014644673192389077
905.0	-0.01802642932336925
906.0	-0.019570833026360594
907.0	-0.019240154832368926
908.0	-0.019197577894124743
909.0	-0.014548370136626099
910.0	-0.019489395542963646
911.0	-0.018001949603657644
912.0	-0.01946160338593144
913.0	-0.01901272773339838
914.0	-0.016818520777469134
915.0	-0.0188135775383851
916.0	-0.01928467075831315
917.0	-0.018985581905599524
918.0	-0.0177152217975309
919.0	-0.020327846140873566
920.0	-0.014019107285700255
921.0	-0.012551293596855858
922.0	-0.014892136497592235
923.0	-0.01719896632242547
924.0	-0.015307968568072266
925.0	-0.014537786495430591
926.0	-0.016277058462264696
927.0	-0.017693408185906728
928.0	-0.015997117113087808
929.0	-0.01572759782279795
930.0	-0.014522436176139507
931.0	-0.016816339416306753
932.0	-0.015692292088428494
933.0	-0.01625249795139885
934.0	-0.015094599129926113
935.0	-0.017454831907661755
936.0	-0.0147012270003036
937.0	-0.011552068602160365
938.0	-0.015881828136096385
939.0	-0.015892411777291702
940.0	-0.014464104962833423
941.0	-0.017128274062532315
942.0	-0.013282453542036474
943.0	-0.017733076642601132
944.0	-0.01443809021119278
945.0	-0.01514832524744491
946.0	-0.015056223331698402
947.0	-0.01486087032093077
948.0	-0.013002754566322114
949.0	-0.014673192469808867
950.0	-0.013969824681660456
951.0	-0.016579944499223974
952.0	-0.015478357112203233
953.0	-0.015713701744281848
954.0	-0.014176650036319282
955.0	-0.017488198654331173
956.0	-0.015555512664429474
957.0	-0.017709485625585396
958.0	-0.01422981061575897
959.0	-0.01568073895338306
960.0	-0.015882070509558723
961.0	-0.014727080169635953
962.0	-0.01666808764841654
963.0	-0.013470131393158565
964.0	-0.01810067639404553
965.0	-0.017110742382078853
966.0	-0.01643096561094636
967.0	-0.016342337714828927
968.0	-0.014143606454266443
969.0	-0.018976533296333236
970.0	-0.013637045917660646
971.0	-0.015526266266622287
972.0	-0.016444296151383358
973.0	-0.017545398791479042
974.0	-0.01537680263141962
975.0	-0.01739052214894745
976.0	-0.015895158676533377
977.0	-0.016520724583222013
978.0	-0.01701072293322427
979.0	-0.014742268906618748
980.0	-0.015965931727580582
981.0	-0.014362469690895571
982.0	-0.018603035790634857
983.0	-0.014582948750607972
984.0	-0.01823592078611533
985.0	-0.018491705580197373
986.0	-0.017554528191899565
987.0	-0.022207129177873233
988.0	-0.019587960751043243
989.0	-0.016914015921690475
990.0	-0.018361470239685682
991.0	-0.020509060699662567
992.0	-0.015601805995765257
993.0	-0.018948660348146792
994.0	-0.015896128170383304
995.0	-0.018303785355612754
996.0	-0.018054787018480567
997.0	-0.017026315625977884
998.0	-0.016923791651344347
999.0	-0.017877450435091456
1000.0	-0.017683955620869624
1001.0	-0.020401527673470733
1002.0	-0.01739528882704303
1003.0	-0.018733675086917367
1004.0	-0.01933686184390291
1005.0	-0.01933128725426551
1006.0	-0.019007799472994514
1007.0	-0.022233547885284696
1008.0	-0.020848221964841415
1009.0	-0.019380085111380438
1010.0	-0.017220375978278826
1011.0	-0.02218983987088211
1012.0	-0.022380022247783345
1013.0	-0.02301819157452158
1014.0	-0.020133866579726864
1015.0	-0.02114682607062998
1016.0	-0.022388909274741343
1017.0	-0.0224646105861926
1018.0	-0.02119158437003673
1019.0	-0.020376886371450836
1020.0	-0.02241686301408184
1021.0	-0.023003972331388896
1022.0	-0.022465337706579998
1023.0	-0.024489964029919917
1024.0	-0.018335940234969907
1025.0	-0.020991868636944338
1026.0	-0.021831773475629056
1027.0	-0.021444137517952044
1028.0	-0.022198080568606948
1029.0	-0.023043559996929065
1030.0	-0.023855915052044104
1031.0	-0.02193704434950427
1032.0	-0.01969993729071407
1033.0	-0.02301988818875909
1034.0	-0.021625675241357813
1035.0	-0.024120829246546484
1036.0	-0.02091277409701806
1037.0	-0.021833874045637382
1038.0	-0.02249207957860823
1039.0	-0.021227698015947826
1040.0	-0.022859598538898386
1041.0	-0.022506218030586857
1042.0	-0.02131018578434894
1043.0	-0.021347996044497355
1044.0	-0.02390972196071695
1045.0	-0.022347221039192847
1046.0	-0.02368746549561299
1047.0	-0.02330726232411899
1048.0	-0.02332980305613056
1049.0	-0.020731801911691584
1050.0	-0.022780665581280585
1051.0	-0.021752274979932144
1052.0	-0.02379992678220869
1053.0	-0.022105332323627092
1054.0	-0.020535560198228265
1055.0	-0.025982015065013395
1056.0	-0.02282469676029975
1057.0	-0.020686397283051678
1058.0	-0.017804172858265105
1059.0	-0.023314614319147955
1060.0	-0.020574824699151666
1061.0	-0.024694123276491495
1062.0	-0.02136116500262606
1063.0	-0.01881252725338112
1064.0	-0.021111681918568815
1065.0	-0.02194892064916628
1066.0	-0.024302932508031172
1067.0	-0.02345890732048404
1068.0	-0.020762260176811227
1069.0	-0.021421354412477944
1070.0	-0.022172873728507753
1071.0	-0.024978427347993142
1072.0	-0.01962641734042519
1073.0	-0.022009271641326454
1074.0	-0.02252496157835278
1075.0	-0.020994857909648355
1076.0	-0.02021045659387381
1077.0	-0.02162236280403703
1078.0	-0.022381557279712378
1079.0	-0.022348594488813593
1080.0	-0.02227733669084133
1081.0	-0.018212895307178702
1082.0	-0.02100867319701022
1083.0	-0.020255861222513907
1084.0	-0.018085649239371025
1085.0	-0.0176513159945876
1086.0	-0.019233853122344314
1087.0	-0.022263844568096047
1088.0	-0.022149282711492017
1089.0	-0.01996388199136653
1090.0	-0.018437817880370286
1091.0	-0.023763409180526777
1092.0	-0.020538549470932282
1093.0	-0.02232055995831886
1094.0	-0.021549812347598077
1095.0	-0.017532714580275395
1096.0	-0.023181874452857118
1097.0	-0.019374833686359803
1098.0	-0.02112477008554347
1099.0	-0.022986683024397773
1100.0	-0.018676959696694556
1101.0	-0.019505876938413134
1102.0	-0.021870714811935872
1103.0	-0.018956093134329808
1104.0	-0.02072703523359601
1105.0	-0.020909138495080696
1106.0	-0.019360937607843513
1107.0	-0.01963522357622895
1108.0	-0.021790973942776435
1109.0	-0.02051269630159993
1110.0	-0.016566856332249507
1111.0	-0.02103323370787607
1112.0	-0.016314868722413303
1113.0	-0.019454736137827534
1114.0	-0.020386985265721285
1115.0	-0.018995923173332502
1116.0	-0.015318633000421826
1117.0	-0.016294751725026452
1118.0	-0.017625139660638483
1119.0	-0.019609693571513365
1120.0	-0.015287770779531366
1121.0	-0.01702768907559863
1122.0	-0.01747834213352325
1123.0	-0.018164662988143065
1124.0	-0.016764875451104576
1125.0	-0.017726209394497226
1126.0	-0.01557255959795807
1127.0	-0.018600208100239133
1128.0	-0.018522244636471254
1129.0	-0.014883815008713346
1130.0	-0.015967143594893037
1131.0	-0.019869356340995112
1132.0	-0.018039194325726954
1133.0	-0.020222171311227534
1134.0	-0.01735004578071141
1135.0	-0.017193310941634017
1136.0	-0.01631963540050888
1137.0	-0.017834631123384743
1138.0	-0.014888420104500633
1139.0	-0.01934162852199849
1140.0	-0.016058841554868728
1141.0	-0.013916906475683295
1142.0	-0.014538917571588808
1143.0	-0.016292408781555783
1144.0	-0.014294201165627326
1145.0	-0.01480148882262052
1146.0	-0.013856313110060591
1147.0	-0.01759847857976449
1148.0	-0.017259398105739884
1149.0	-0.01351989874412342
1150.0	-0.016234481524020516
1151.0	-0.01638677284961891
1152.0	-0.01473645194351882
1153.0	-0.01772120034293912
1154.0	-0.017748346170737977
1155.0	-0.019634415664687314
1156.0	-0.013396207487098867
1157.0	-0.015289952140693746
1158.0	-0.01691692440324044
1159.0	-0.015671205597191717
1160.0	-0.01525214188054514
1161.0	-0.017204298538600345
1162.0	-0.01363025946071079
1163.0	-0.016664452046479178
1164.0	-0.01374037780383582
1165.0	-0.014404642673368934
1166.0	-0.013668312094321922
1167.0	-0.01561335913081069
1168.0	-0.015484820404536321
1169.0	-0.015124491856966647
1170.0	-0.01270770527131667
1171.0	-0.017642994505708713
1172.0	-0.012980536998927124
1173.0	-0.016533812750196667
1174.0	-0.013515455230644421
1175.0	-0.01311012601020547
1176.0	-0.013681965799375497
1177.0	-0.016344438284837066
1178.0	-0.014429364766543072
1179.0	-0.012592497085479297
1180.0	-0.014475334933262089
1181.0	-0.015503563952302239
1182.0	-0.015140730878953606
1183.0	-0.014994822054534063
1184.0	-0.016552879462579165
1185.0	-0.009319243474540878
1186.0	-0.01288350682277656
1187.0	-0.012357637200325736
1188.0	-0.014590058372174405
1189.0	-0.013689883332483567
1190.0	-0.012544749513368718
1191.0	-0.01401555247491713
1192.0	-0.01217125200767034
1193.0	-0.013186473650890075
1194.0	-0.012498779346649516
1195.0	-0.016496164072356354
1196.0	-0.011215250280452376
1197.0	-0.012749959044944274
1198.0	-0.012162688145328922
1199.0	-0.01414263696041633
1200.0	-0.015253515330165885
1201.0	-0.010878593541052676
1202.0	-0.009171961200500591
1203.0	-0.008596324227084912
1204.0	-0.010919069909288528
1205.0	-0.00944770140966101
1206.0	-0.007425983567871056
1207.0	-0.011649502734081748
1208.0	-0.013404448184823517
1209.0	-0.011442758170577159
1210.0	-0.010460984065180893
1211.0	-0.013110045219051418
1212.0	-0.014271741224769806
1213.0	-0.012666501782693233
1214.0	-0.010680897586814373
1215.0	-0.008251669163423089
1216.0	-0.012462584909584183
1217.0	-0.01118576150918266
1218.0	-0.012510736437465766
1219.0	-0.008702403012501761
1220.0	-0.00846172616424846
1221.0	-0.01178951380424731
1222.0	-0.010371144301751003
1223.0	-0.009304216319866561
1224.0	-0.00925533767159758
1225.0	-0.009285149607483875
1226.0	-0.008773903183936551
1227.0	-0.009762706119745014
1228.0	-0.009116700051052761
1229.0	-0.011468530548755275
1230.0	-0.012872357643502133
1231.0	-0.0143545521577875
1232.0	-0.010468093686747329
1233.0	-0.008840959841892343
1234.0	-0.007520993965167342
1235.0	-0.009836872399267052
1236.0	-0.008927891123772456
1237.0	-0.010411297505370277
1238.0	-0.009259134855843232
1239.0	-0.007275388856509986
1240.0	-0.010175387335212553
1241.0	-0.00961695887763376
1242.0	-0.00721915821321223
1243.0	-0.010669102078306411
1244.0	-0.010279042386004494
1245.0	-0.00984333569160014
1246.0	-0.009266406059717956
1247.0	-0.00861531014831336
1248.0	-0.007564298023799109
1249.0	-0.010245675639334888
1250.0	-0.008838132151496616
1251.0	-0.010226204971181572
1252.0	-0.009227222349948608
1253.0	-0.010685502682601662
1254.0	-0.01082470584122559
1255.0	-0.00789861181972814
1256.0	-0.007574396918069559
1257.0	-0.011295960643461741
1258.0	
1259.0	-0.00857192529852754
1260.0	-0.007916224291335844
1261.0	-0.008205860579012365
1262.0	-0.009958301503974986
1263.0	-0.005604870161869183
1264.0	-0.007594029168531353
1265.0	-0.006070792747930649
1266.0	-0.005065266043210547
1267.0	-0.007098698602354222
1268.0	-0.007351655706040541
1269.0	-0.007593140465835478
1270.0	-0.009693306518318364
1271.0	-0.007794229648548801
1272.0	-0.010383505348338071
1273.0	-0.008103175022070348
1274.0	-0.007223197770920411
1275.0	-0.008143166643381331
1276.0	-0.006109895666545947
1277.0	-0.007087872587696374
1278.0	-0.006656286242154439
1279.0	-0.006827321115518751
1280.0	-0.005726137684268827
1281.0	-0.006019894320807579
1282.0	-8.287556594108522e-05
1283.0	-0.005180231855585393
1284.0	-0.00860044457594733
1285.0	-0.004399466141748211
1286.0	-0.003591231435495591
1287.0	-0.006458186332145131
1288.0	-0.003471094989254349
1289.0	-0.007638221929858807
1290.0	-0.006410196386572025
1291.0	-0.006566446478724361
1292.0	-0.007685807919661094
1293.0	-0.007846016778367559
1294.0	-0.006218640560050045
1295.0	-0.007122935948603302
1296.0	-0.00853128734798321
1297.0	-0.005865017678275988
1298.0	-0.0032840634673656057
1299.0	-0.005256094749344941
1300.0	-0.007065897393763911
1301.0	-0.004566946204329399
1302.0	-0.005538055877375919
1303.0	-0.006581877589169684
1304.0	-0.004871771228988715
1305.0	-0.0068175453858648795
1306.0	-0.006125003612374503
1307.0	-0.004772559691675771
1308.0	-0.006829502476681131
1309.0	-0.005329291535017242
1310.0	-0.004339761478821382
1311.0	-0.00730091886122576
1312.0	-0.008969256194704183
1313.0	-0.0056379945350762605
1314.0	-0.004888091042129725
1315.0	-0.006988014721150084
1316.0	-0.007276196768051622
1317.0	-0.004119201627954743
1318.0	-0.005566332781333181
1319.0	-0.007377993622297763
1320.0	-0.007307058988942269
1321.0	-0.008209576972103777
1322.0	-0.005989678429150466
1323.0	-0.0028832585515598907
1324.0	-0.0076029969866434
1325.0	-0.005520039449997399
1326.0	-0.002849891804890285
1327.0	-0.00577647057331279
1328.0	-0.002900628649705066
1329.0	-0.0078334941494722
1330.0	-0.0032585334626498317
1331.0	-0.006355743148665831
1332.0	-0.005239451771587164
1333.0	-0.007401665430467736
1334.0	-0.0060979385757296955
1335.0	-0.01020043259300327
1336.0	-0.008322846170241113
1337.0	-0.009708333672992871
1338.0	-0.008524177726416964
1339.0	-0.009312941764516079
1340.0	-0.008419714764083387
1341.0	-0.010417599215395075
1342.0	-0.00763975696178784
1343.0	-0.010160844927463103
1344.0	-0.012647515861464786
1345.0	-0.010163349453242251
1346.0	-0.00976787675361141
1347.0	-0.01118963948458255
1348.0	-0.010207299841107177
1349.0	-0.01053935148471959
1350.0	-0.008078776093512978
1351.0	-0.01135106021060147
1352.0	-0.0062368993608910945
1353.0	-0.008825609522601257
1354.0	-0.011084045446090757
1355.0	-0.006727059293201642
1356.0	-0.008609897140984434
1357.0	-0.008416563909070893
1358.0	-0.007164704975305848
1359.0	-0.010131598529655917
1360.0	-0.012082704902706954
1361.0	-0.009749941117387128
1362.0	-0.007180216876905411
1363.0	-0.01319980419132707
1364.0	-0.01172480008976219
1365.0	-0.009704940444518037
1366.0	-0.011970485989573783
1367.0	-0.011221390408168885
1368.0	-0.01485844658630586
1369.0	-0.012200256032014998
1370.0	-0.014351320511620956
1371.0	-0.01272830701562839
1372.0	-0.016902220413182702
1373.0	-0.012055559074908096
1374.0	-0.012665936244614125
1375.0	-0.010575061174860052
1376.0	-0.011181317995703662
1377.0	-0.010924159752000872
1378.0	-0.013681642634758918
1379.0	-0.012726691192545117
1380.0	-0.012644284215298241
1381.0	-0.013377787103949528
1382.0	-0.013007521244417692
1383.0	-0.010487079607975775
1384.0	-0.009683046041739625
1385.0	-0.012249861800671565
1386.0	-0.012130694848280249
1387.0	-0.012193307992757042
1388.0	-0.010092899566811626
1389.0	-0.009823299485367717
1390.0	-0.013330928234534637
1391.0	-0.00878812242706942
1392.0	-0.014024035546104308
1393.0	-0.011721972399366462
1394.0	-0.011842189636761943
1395.0	-0.010710709522700668
1396.0	-0.01204061271138783
1397.0	-0.010089829502953371
1398.0	-0.010232102725435554
1399.0	-0.010979420901448891
1400.0	-0.011621548994741064
1401.0	-0.010219499305385956
1402.0	-0.009960482865137366
1403.0	-0.00955741579701522
1404.0	-0.009096017515586802
1405.0	-0.01117970217262039
1406.0	-0.012126089752492773
1407.0	-0.0100452327858551
1408.0	-0.011569681073768068
1409.0	-0.012378562109254036
1410.0	-0.011519671349340873
1411.0	-0.012893928881663777
1412.0	-0.011807449440471593
1413.0	-0.014396401975644285
1414.0	-0.01284860504417792
1415.0	-0.014706316843015946
1416.0	-0.015779465743770947
1417.0	-0.013824077439549389
1418.0	-0.012725802489849242
1419.0	-0.017286059186613873
1420.0	-0.016326583439767024
1421.0	-0.013908746569112696
1422.0	-0.01451395310495233
1423.0	-0.01777403775776204
1424.0	-0.014157340950474256
1425.0	-0.01176721544569808
1426.0	-0.012737194042586386
1427.0	-0.013272597021228552
1428.0	-0.016866995469967297
1429.0	-0.013392814258624033
1430.0	-0.015479730561823977
1431.0	-0.017980378365496
1432.0	-0.016267201941456776
1433.0	-0.01443017267808471
1434.0	-0.013423191732589435
1435.0	-0.015407341687693499
1436.0	-0.018664194694336667
1437.0	-0.01652120933014707
1438.0	-0.016204184841209165
1439.0	-0.01726594218922721
1440.0	-0.016738860699463745
1441.0	-0.016613553619356108
1442.0	-0.017051118510306076
1443.0	-0.014801973569545577
1444.0	-0.01682328745556471
1445.0	-0.012933112591433127
1446.0	-0.014119288316863123
1447.0	-0.016192066168084624
1448.0	-0.01801293720062378
1449.0	-0.018337879222669946
1450.0	-0.01566223777907967
1451.0	-0.017303106120142468
1452.0	-0.015747230073259743
1453.0	-0.017418233514825604
1454.0	-0.016153609578702672
1455.0	-0.01705782417610169
1456.0	-0.01723152515755344
1457.0	-0.01828891978324673
1458.0	-0.018940662023884485
1459.0	-0.01914942636624335
1460.0	-0.015810408755815644
1461.0	-0.01943938581853645
1462.0	-0.015786009827258276
1463.0	-0.017940305953030776
1464.0	-0.017278868773893386
1465.0	-0.018145434693452093
1466.0	-0.019075098504412833
1467.0	-0.019769175309832243
1468.0	-0.019925506193138817
1469.0	-0.020299246072299725
1470.0	-0.016266717194531717
1471.0	-0.016599415167377476
1472.0	-0.019340012698915218
1473.0	-0.019711409634605267
1474.0	-0.01887772571479111
1475.0	-0.01836381318315635
1476.0	-0.019479539022155722
1477.0	-0.018530485334195903
1478.0	-0.015683809017241316
1479.0	-0.015169411738681686
1480.0	-0.018967242313604422
1481.0	-0.01795622181040097
1482.0	-0.019221249702294718
1483.0	-0.018717193691468067
1484.0	-0.015956883118314297
1485.0	-0.019884625869132148
1486.0	-0.020282360721079418
1487.0	-0.016601354155077328
1488.0	-0.020178786461441715
1489.0	-0.019855945009404068
1490.0	-0.017945880542667988
1491.0	-0.021535512313311155
1492.0	-0.019157990228584578
1493.0	-0.015789645429195635
1494.0	-0.01575280466289696
1495.0	-0.020476017117609727
1496.0	-0.018079428320500465
1497.0	-0.02134444123371423
1498.0	-0.01772927945835548
1499.0	-0.020325745570865424
1500.0	-0.017709566416739448
1501.0	-0.017567454776565742
1502.0	-0.01787607698547071
1503.0	-0.020813724142013594
1504.0	-0.02115765208528802
1505.0	-0.019784606420277566
1506.0	-0.020974417747644927
1507.0	-0.021125658788239157
1508.0	-0.019102971452599277
1509.0	-0.01890842635337328
1510.0	-0.02057337045837687
1511.0	-0.019518076402691723
1512.0	-0.019287336866400585
1513.0	-0.021087040616548914
1514.0	-0.01874926777967098
1515.0	-0.021698872027029924
1516.0	-0.021906666875538678
1517.0	-0.02287107088278977
1518.0	-0.02413375583121266
1519.0	-0.022224741649480937
1520.0	-0.0194961819999135
1521.0	-0.0192921843356504
1522.0	-0.023588334749454095
1523.0	-0.02315472862505807
1524.0	-0.020833437183629438
1525.0	-0.024100712249159825
1526.0	-0.01980658161421003
1527.0	-0.02314414498386275
1528.0	-0.018711699892984907
1529.0	-0.018909476638377446
1530.0	-0.023653129255093455
1531.0	-0.02312839070880085
1532.0	-0.02035305298097257
1533.0	-0.02327122946936195
1534.0	-0.021785076188522455
1535.0	-0.0221286809671803
1536.0	-0.021213155608198375
1537.0	-0.019793412656081324
1538.0	-0.022790037355163637
1539.0	-0.02684373351532247
1540.0	-0.022350048729588574
1541.0	-0.024459424973646227
1542.0	-0.020207628903478086
1543.0	-0.023257979720079196
1544.0	-0.02604010390485714
1545.0	-0.021265831440713007
1546.0	-0.025836187031748087
1547.0	-0.021651528410690166
1548.0	-0.024859502769064356
1549.0	-0.023752098418943872
1550.0	-0.024479945926803706
1551.0	-0.02395035991126128
1552.0	-0.024528582201610156
1553.0	-0.022552915317693458
1554.0	-0.021464012141876366
1555.0	-0.024971640891043475
1556.0	-0.021106753658164945
1557.0	-0.024233128950833894
1558.0	-0.02371194521532441
1559.0	-0.023308958938356505
1560.0	-0.029668596220652887
1561.0	-0.025237928535166602
1562.0	-0.026189163584288987
1563.0	-0.026067734479581054
1564.0	-0.02384597774008194
1565.0	-0.023886050152546977
1566.0	-0.02638225444274
1567.0	-0.026826524999485585
1568.0	-0.02613576063138677
1569.0	-0.027448374513082806
1570.0	-0.022033589778729774
1571.0	-0.024012892264583835
1572.0	-0.026679000351982767
1573.0	-0.021792185810088887
1574.0	-0.02394462373931559
1575.0	-0.025526352955530667
1576.0	-0.024157185265920107
1577.0	-0.02675413612535492
1578.0	-0.024370150748295443
1579.0	-0.02624175862564938
1580.0	-0.024374998217545258
1581.0	-0.02629903955395149
1582.0	-0.022963819127769437
1583.0	-0.02429291440491496
1584.0	-0.024824843363928057
1585.0	-0.026025238332490923
1586.0	-0.023465612986279655
1587.0	-0.027667560914328704
1588.0	-0.02810480264066209
1589.0	-0.028474018215189762
1590.0	-0.02690279184901595
1591.0	-0.026213400930538068
1592.0	-0.026175833043851994
1593.0	-0.028350569331627735
1594.0	-0.023072160065502903
1595.0	-0.024682166185675244
1596.0	-0.028599244504143348
1597.0	-0.027795938058294594
1598.0	-0.026212512227842193
1599.0	-0.026005848455491656
1600.0	-0.028544306519312095
1601.0	-0.024730075340094297
1602.0	-0.02854325623430793
1603.0	-0.02728848881899311
1604.0	-0.025759597017600954
1605.0	-0.026749369447259343
1606.0	-0.025474404243403432
1607.0	-0.02833150261924524
1608.0	-0.02803734202693548
1609.0	-0.024704868499995102
1610.0	-0.027949198877743102
1611.0	-0.028452527768182356
1612.0	-0.026449795847620663
1613.0	-0.02477071329063844
1614.0	-0.025578786414582957
1615.0	-0.028513525089575876
1616.0	-0.024553061921321766
1617.0	-0.024704545335378525
1618.0	-0.02528220208764829
1619.0	-0.028161033283960035
1620.0	-0.023951490987419496
1621.0	-0.026272944011156606
1622.0	-0.023933070604270346
1623.0	-0.02537834356110298
1624.0	-0.0274294693830086
1625.0	-0.02710889008328738
1626.0	-0.029085526461054192
1627.0	-0.028762281053245537
1628.0	-0.03100253896704804
1629.0	-0.02843774298697038
1630.0	-0.02788238459324965
1631.0	-0.029181263978738062
1632.0	-0.026754378498817448
1633.0	-0.027158899807714576
1634.0	-0.027439568277279048
1635.0	-0.027683395980544843
1636.0	-0.029523495307774976
1637.0	-0.0266766574085121
1638.0	-0.029061369905959162
1639.0	-0.0277900403040408
1640.0	-0.02656451928653298
1641.0	-0.028807766473039682
1642.0	-0.02655151191071275
1643.0	-0.028534449998504175
1644.0	-0.026947630939576753
1645.0	-0.028371655822864512
1646.0	-0.02481773374236181
1647.0	-0.03155337305613553
1648.0	-0.029264478867526575
1649.0	-0.026224873274429263
1650.0	-0.026124369078649626
1651.0	-0.027660128128145688
1652.0	-0.026490918545090048
1653.0	-0.026471205503474017
1654.0	-0.0266905534870282
1655.0	-0.029012248884227654
1656.0	-0.027564794566232637
1657.0	-0.02568898554886204
1658.0	-0.027585153937081826
1659.0	-0.030193173184637205
1660.0	-0.028891708482215592
1661.0	-0.02847587641173556
1662.0	-0.026413762992863805
1663.0	-0.025885792800404653
1664.0	-0.029446097382086207
1665.0	-0.02770892598526043
1666.0	-0.02590954539972868
1667.0	-0.025329949659759057
1668.0	-0.02933137394317389
1669.0	-0.027360877693123585
1670.0	-0.02587254305112171
1671.0	-0.03073697844331231
1672.0	-0.02802934370267336
1673.0	-0.026858114340763628
1674.0	-0.026751470017267673
1675.0	-0.028508516038017583
1676.0	-0.02561748537742725
1677.0	-0.027417916247963164
1678.0	-0.024339530900867323
1679.0	-0.02761286530295998
1680.0	-0.02901677318886089
1681.0	-0.02500492684655884
1682.0	-0.024941263417077884
1683.0	-0.031707522578279725
1684.0	-0.02594800198911063
1685.0	-0.03142507670332369
1686.0	-0.027338498543420305
1687.0	-0.02834733768546119
1688.0	-0.028236492221948763
1689.0	-0.028436692701966214
1690.0	-0.02739044725554754
1691.0	-0.027365401997756823
1692.0	-0.027604220649464512
1693.0	-0.02738850826784769
1694.0	-0.025104138383871787
1695.0	-0.026658479398825288
1696.0	-0.030930150092917563
1697.0	-0.028278988369038895
1698.0	-0.027844735915409525
1699.0	-0.02520706631427614
1700.0	-0.027853299777750754
1701.0	-0.027095155587079568
1702.0	-0.02701751528792827
1703.0	-0.02958990563649742
1704.0	-0.0273985263709639
1705.0	-0.024444720983588297
1706.0	-0.028448165045857406
1707.0	-0.027665945091245432
1708.0	-0.02999192241961559
1709.0	-0.0266677703815541
1710.0	-0.026050606754898408
1711.0	-0.02682329335331904
1712.0	-0.02579102477657071
1713.0	-0.028783448335636366
1714.0	-0.024044400814707642
1715.0	-0.02802530414496518
1716.0	-0.029121801689273575
1717.0	-0.030844269096041613
1718.0	-0.027586769760165098
1719.0	-0.026718022479443826
1720.0	-0.027422036596825586
1721.0	-0.028981225081028905
1722.0	-0.024377745116786746
1723.0	-0.028181715819425805
1724.0	-0.02517709279608137
1725.0	-0.026013604406291437
1726.0	-0.027450313500782846
1727.0	-0.029146442991293476
1728.0	-0.02619247602160958
1729.0	-0.026761164955767303
1730.0	-0.026889218935116616
1731.0	-0.025630411962093428
1732.0	-0.025338351939792
1733.0	-0.02596617999879744
1734.0	-0.028893485887607154
1735.0	-0.026701945039765345
1736.0	-0.023463593207425568
1737.0	-0.024841082385915016
1738.0	-0.025037081725915993
1739.0	-0.027304081511746722
1740.0	-0.026793723790895087
1741.0	-0.02717659307047652
1742.0	-0.024967035795256
1743.0	-0.02710307312018764
1744.0	-0.025281474967260895
1745.0	-0.027971174071675563
1746.0	-0.02190852507208448
1747.0	-0.026081145811172098
1748.0	-0.02706873687966811
1749.0	-0.024481400167578687
1750.0	-0.025035223529370192
1751.0	-0.02407122347789011
1752.0	-0.024372412900611873
1753.0	-0.027572873681648995
1754.0	-0.02514445316979935
1755.0	-0.024273766901378224
1756.0	-0.02340510041181119
1757.0	-0.02501526811429182
1758.0	-0.025006138713871296
1759.0	-0.030454613359510514
1760.0	-0.023417461458398073
1761.0	-0.024005459478400822
1762.0	-0.022548229430751934
1763.0	-0.02378522279215095
1764.0	-0.021433715459065014
1765.0	-0.02337940882478713
1766.0	-0.023597868105645438
1767.0	-0.0244749368752456
1768.0	-0.023363089011646118
1769.0	-0.021189160635411822
1770.0	-0.024153307290520218
1771.0	-0.018644400861566584
1772.0	-0.02239117142705796
1773.0	-0.021582775138496865
1774.0	-0.018886370368286578
1775.0	-0.02002908045277652
1776.0	-0.018536302297295644
1777.0	-0.019315694561511897
1778.0	-0.02146958673151358
1779.0	-0.019756167934012015
1780.0	-0.019323612094619965
1781.0	-0.021527190824432267
1782.0	-0.023418188578785658
1783.0	-0.019234257078115134
1784.0	-0.019035672421180958
1785.0	-0.021287079514258074
1786.0	-0.02197364274234042
1787.0	-0.02309300418327715
1788.0	-0.020295044932283256
1789.0	-0.02248771685628347
1790.0	-0.019033167895401812
1791.0	-0.02114666448832169
1792.0	-0.021378615891925475
1793.0	-0.02302174638530489
1794.0	-0.017291714567405324
1795.0	-0.02537898989033633
1796.0	-0.022895146646730372
1797.0	-0.02226117846000861
1798.0	-0.022744794308832018
1799.0	-0.020902594411593558
1800.0	-0.020931436853629925
1801.0	-0.022376871392770854
1802.0	-0.022004828127847455
1803.0	-0.02414474342817899
1804.0	-0.021427898495965273
1805.0	-0.023637213397723077
1806.0	-0.02294055127537047
1807.0	-0.022249625324963176
1808.0	-0.024300024026481397
1809.0	-0.02435867840440406
1810.0	-0.022602278712887308
1811.0	-0.02170630481321294
1812.0	-0.02373852550504435
1813.0	-0.021939791248745757
1814.0	-0.024045451099711804
1815.0	-0.02354834312814311
1816.0	-0.02421317353575552
1817.0	-0.02577632078651297
1818.0	-0.024090128607964317
1819.0	-0.0244767950717914
1820.0	-0.02403179739465823
1821.0	-0.027146134805356877
1822.0	-0.02311368671874292
1823.0	-0.025038616757845026
1824.0	-0.024332421279300888
1825.0	-0.02330976684989814
1826.0	-0.021506508288966497
1827.0	-0.024242904680487766
1828.0	-0.021837428856420506
1829.0	-0.022284446312407766
1830.0	-0.023047599554637244
1831.0	-0.022418882792935926
1832.0	-0.02343256940422682
1833.0	-0.02060447505272986
1834.0	-0.01905990976743004
1835.0	-0.019822255098117695
1836.0	-0.024178029383694354
1837.0	-0.017936347186476836
1838.0	-0.023084278738627444
1839.0	-0.023876920752126638
1840.0	-0.021002533069293897
1841.0	-0.018868515523216348
1842.0	-0.020872378519936258
1843.0	-0.020196560515357707
1844.0	-0.023788454438317494
1845.0	-0.019893997643015013
1846.0	-0.020400719761929097
1847.0	-0.02273065585685339
1848.0	-0.023324713213418405
1849.0	-0.021027497535930376
1850.0	-0.018840561783875852
1851.0	-0.02362792241499426
1852.0	-0.024298650576860654
1853.0	-0.02007642406911647
1854.0	-0.020209163935407306
1855.0	-0.024113315669209233
1856.0	-0.022698420186341998
1857.0	-0.02343984060810154
1858.0	-0.023994310299126204
1859.0	-0.0229730293193442
1860.0	-0.02247293207507149
1861.0	-0.02249951236479124
1862.0	-0.019337750546598597
1863.0	-0.021803173407055215
1864.0	-0.023882576132918092
1865.0	-0.022247120799184218
1866.0	-0.023212736673747576
1867.0	-0.02267943426511355
1868.0	-0.026773687584662663
1869.0	-0.023476115836320924
1870.0	-0.025897669100066665
1871.0	-0.0206716125018397
1872.0	-0.023189953568273476
1873.0	-0.02317137160281585
1874.0	-0.021532926996377957
1875.0	-0.023969911370568836
1876.0	-0.020431743565128033
1877.0	-0.021823371195596113
1878.0	-0.02364456539275204
1879.0	-0.0230387933188333
1880.0	-0.021756556911102853
1881.0	-0.02722320956642888
1882.0	-0.022411530797907152
1883.0	-0.027244296057665655
1884.0	-0.02469121479494153
1885.0	-0.02531540725200961
1886.0	-0.023567975378604906
1887.0	-0.02461414003386953
1888.0	-0.021260337642229846
1889.0	-0.025445238636750484
1890.0	-0.02306957474856971
1891.0	-0.0264461602456833
1892.0	-0.02287082850932724
1893.0	-0.024797616744974958
1894.0	-0.02560318534314033
1895.0	-0.024284027377956964
1896.0	-0.023038389363062482
1897.0	-0.02434017723010067
1898.0	-0.02012102078621474
1899.0	-0.022444897544576757
1900.0	-0.024773217816417586
1901.0	-0.025393532298085778
1902.0	-0.025488300321919722
1903.0	-0.024661079694438467
1904.0	-0.026463449552674424
1905.0	-0.026085346951188755
1906.0	-0.02832318113036635
1907.0	-0.026544483080300368
1908.0	-0.027180147881259643
1909.0	-0.02403470587620801
1910.0	-0.027162939365422755
1911.0	-0.026489868260085883
1912.0	-0.02545461041063335
1913.0	-0.026385243715444016
1914.0	-0.025248996923286977
1915.0	-0.023992452102580594
1916.0	-0.02599453769390875
1917.0	-0.02544022958519238
1918.0	-0.025404358312743625
1919.0	-0.027756511975062906
1920.0	-0.024568089075996273
1921.0	-0.027734859945747023
1922.0	-0.025593813569257277
1923.0	-0.027420259191433836
1924.0	-0.028566039339782218
1925.0	-0.023161999828932796
1926.0	-0.027952592106217936
1927.0	-0.02673749314759733
1928.0	-0.02895197868322172
1929.0	-0.02745790786927415
1930.0	-0.025010824600812824
1931.0	-0.02840736551300479
1932.0	-0.02788828234750363
1933.0	-0.02879847549031087
1934.0	-0.02880841280227303
1935.0	-0.03120589030207798
1936.0	-0.0280516420612224
1937.0	-0.029972855707232904
1938.0	-0.029117519758102867
1939.0	-0.0290375365154809
1940.0	-0.031841797476499595
1941.0	-0.02875121266512516
1942.0	-0.02697227224159665
1943.0	-0.02855771785090333
1944.0	-0.030052919741009113
1945.0	-0.029766757472961664
1946.0	-0.02720931348791278
1947.0	-0.025952849458360447
1948.0	-0.026395584983176994
1949.0	-0.028876600536387038
1950.0	-0.030356048151430916
1951.0	-0.02616024035109838
1952.0	-0.02594784040680215
1953.0	-0.02848209733060612
1954.0	-0.030231872147481496
1955.0	-0.027530458325713103
1956.0	-0.027168917910830977
1957.0	-0.02911889320772361
1958.0	-0.027897088583307576
1959.0	-0.03027178297763824
1960.0	-0.0259175437239908
1961.0	-0.027813065782977427
1962.0	-0.026251291981840723
1963.0	-0.02929816877881276
1964.0	-0.025803224240849302
1965.0	-0.027229672858761968
1966.0	-0.026668659084249976
1967.0	-0.027891998740595232
1968.0	-0.026257593691865522
1969.0	-0.027544354404229206
1970.0	-0.027065586024655613
1971.0	-0.030244233194068562
1972.0	-0.02863939770776262
1973.0	-0.03138540824662947
1974.0	-0.0288537366397587
1975.0	-0.029528261985870743
1976.0	-0.030039346827109587
1977.0	-0.029625534535483646
1978.0	-0.02951654726851702
1979.0	-0.028497609232205495
1980.0	-0.02790839934489048
1981.0	-0.030948408893758425
1982.0	-0.030666366974573395
1983.0	-0.029160985399042924
1984.0	-0.02670905466133178
1985.0	-0.028660484198999397
1986.0	-0.026757044606904885
1987.0	-0.028411243488404677
1988.0	-0.029572454747198197
1989.0	-0.02751268427179711
1990.0	-0.030234295882106403
1991.0	-0.03220778140486072
1992.0	-0.03025530158218894
1993.0	-0.030798945258555758
1994.0	-0.028359860314356552
1995.0	-0.03064891608527398
1996.0	-0.028867067180195695
1997.0	-0.03221836504605623
1998.0	-0.03165347329614435
1999.0	-0.030381497364992453
2000.0	-0.030669840994202467
2001.0	-0.02846206112437351
2002.0	-0.030651986149132237
2003.0	-0.028432087606178925
2004.0	-0.030252393100638975
2005.0	-0.027090388908983992
2006.0	-0.03134202339684365
2007.0	-0.028467070175931804
2008.0	-0.03164563655419032
2009.0	-0.031185207766612023
2010.0	-0.03242478644494424
2011.0	-0.029274496970642785
2012.0	-0.029905395093506294
2013.0	-0.030723809485183603
2014.0	-0.030669113873814883
2015.0	-0.02941232667964597
2016.0	-0.028605788587630673
2017.0	-0.028922328329643712
2018.0	-0.02947607090028098
2019.0	-0.029243796332060618
2020.0	-0.02928580773222569
2021.0	-0.024629167188543844
2022.0	-0.03067347659613983
2023.0	-0.02912075140426941
2024.0	-0.029358438979818696
2025.0	-0.028345075533144762
2026.0	-0.03107517021464123
2027.0	-0.02953714901282874
2028.0	-0.0332299510873386
2029.0	-0.02892499443773096
2030.0	-0.02829466185294656
2031.0	-0.02896110808364224
2032.0	-0.030905993537822533
2033.0	-0.030988804470840226
2034.0	-0.026127196769045354
2035.0	-0.028258386624727176
2036.0	-0.03165113035267349
2037.0	-0.030476346179980636
2038.0	-0.0274522524884827
2039.0	-0.031412877239045095
2040.0	-0.03112631101522683
2041.0	-0.029617051464296468
2042.0	-0.030368570780326277
2043.0	-0.031527196722186596
2044.0	-0.03025320101218061
2045.0	-0.02823940070349873
2046.0	-0.026973564900063345
2047.0	-0.031193125299720095
2048.0	-0.02882263204540571
2049.0	-0.029667061188723663
2050.0	-0.029305601564995773
2051.0	-0.030430052848644855
2052.0	-0.028791446659898672
2053.0	-0.028604253555701453
2054.0	-0.03132691545101491
2055.0	-0.028671956542890592
2056.0	-0.029666738024107086
2057.0	-0.027007012437887
2058.0	-0.029003765813040476
2059.0	-0.03247334192859645
2060.0	-0.029450379313256916
2061.0	-0.030466974406097583
2062.0	-0.030672345519981426
2063.0	-0.02990814199274797
2064.0	-0.030344171851768905
2065.0	-0.030588807466576336
2066.0	-0.02917956736450055
2067.0	-0.027803774800248614
2068.0	-0.029386877466084434
2069.0	-0.029890206356523688
2070.0	-0.030367843659938876
2071.0	-0.028492680971801628
2072.0	-0.02913521302086481
2073.0	-0.029575201646439682
2074.0	-0.03112485677445185
2075.0	-0.028800980016089828
2076.0	-0.03148284237855067
2077.0	-0.027311918253700555
2078.0	-0.02765188743042104
2079.0	-0.03119159026779087
2080.0	-0.026953528693830733
2081.0	-0.028316637046879024
2082.0	-0.03016352283105901
2083.0	-0.030113674688940103
2084.0	-0.0304692365584142
2085.0	-0.025835055955589874
2086.0	-0.028358244491273277
2087.0	-0.025172083744523264
2088.0	-0.028676480847523826
2089.0	-0.028485813723697722
2090.0	-0.026556520962270857
2091.0	-0.030432153418652994
2092.0	-0.029493117833809576
2093.0	-0.02841302089379624
2094.0	-0.027711026555268758
2095.0	-0.02891061361228999
2096.0	-0.032229514225330845
2097.0	-0.028408092633392373
2098.0	-0.02775594643698361
2099.0	-0.03177756850893953
2100.0	-0.026223903780579337
2101.0	-0.03066555906303176
2102.0	-0.027301819359430105
2103.0	-0.029889640818444394
2104.0	-0.02852895620002101
2105.0	-0.02994263981557579
2106.0	-0.028142936065427275
2107.0	-0.02971440480506361
2108.0	-0.029797296529235545
2109.0	-0.029294210012258633
2110.0	-0.030409693477795662
2111.0	-0.027432862611483432
2112.0	-0.028480885463293668
2113.0	-0.02810892298952451
2114.0	-0.02829668163180065
2115.0	-0.025481837029586635
2116.0	-0.029252037029785266
2117.0	-0.025765575563009173
2118.0	-0.031165737098458518
2119.0	-0.030243829238297746
2120.0	-0.028034352754231464
2121.0	-0.026442201479129356
2122.0	-0.02743536713726258
2123.0	-0.029645813115178787
2124.0	-0.03055939948646067
2125.0	-0.029139898907806147
2126.0	-0.027217634976791666
2127.0	-0.02989432670538592
2128.0	-0.03217748472204937
2129.0	-0.0309265144909802
2130.0	-0.03186708510775284
2131.0	-0.03028624459423364
2132.0	-0.027095882707466965
2133.0	-0.027844816706563573
2134.0	-0.031612916136754064
2135.0	-0.02774310064347167
2136.0	-0.029634583144749933
2137.0	-0.028918288771935533
2138.0	-0.02806755791859278
2139.0	-0.03010220234504891
2140.0	-0.030324620392461348
2141.0	-0.028026596803431683
2142.0	-0.02859633602259357
2143.0	-0.027687273955944548
2144.0	-0.02982710846512184
2145.0	-0.028678742999840447
2146.0	-0.027830355089968364
2147.0	-0.02971060762081796
2148.0	-0.030058332748338034
2149.0	-0.027842150598476327
2150.0	-0.030296505070812378
2151.0	-0.030370832932642894
2152.0	-0.029135940141252207
2153.0	-0.028243682634669438
2154.0	-0.027352394621936407
2155.0	-0.03095479139493746
2156.0	-0.028356709459344244
2157.0	-0.02981256605737239
2158.0	-0.02976740380219501
2159.0	-0.027095559542850384
2160.0	-0.029862737364108063
2161.0	-0.031123725698293445
2162.0	-0.027192670510155
2163.0	-0.028128797613448643
2164.0	-0.028873126516757965
2165.0	-0.028247722192377617
2166.0	-0.02843774298697038
2167.0	-0.026493423070869007
2168.0	-0.030555844675677547
2169.0	-0.0303537859991143
2170.0	-0.02986556505450379
2171.0	-0.028617988051909266
2172.0	-0.03098759260352777
2173.0	-0.03263031914113637
2174.0	-0.028121849574190685
2175.0	-0.03118601567815366
2176.0	-0.028572583423269356
2177.0	-0.029879137968403125
2178.0	-0.026791057682807838
2179.0	-0.029174719895250736
2180.0	-0.031268422655400537
2181.0	-0.0306839794461811
2182.0	-0.02814358239466062
2183.0	-0.02725576840155685
2184.0	-0.030655540959915357
2185.0	-0.026685059688545038
2186.0	-0.027036582000310956
2187.0	-0.03100003444126908
2188.0	-0.025479898041886596
2189.0	-0.028799121819544218
2190.0	-0.029564698796398416
2191.0	-0.02827624146979722
2192.0	-0.02448503576951605
2193.0	-0.030188406506541438
2194.0	-0.029819756470092874
2195.0	-0.02635421991224508
2196.0	-0.028856241165537845
2197.0	-0.029405782596158645
2198.0	-0.029047554618597298
2199.0	-0.029887217083819483
2200.0	-0.0318631263411989
2201.0	-0.028087755707133684
2202.0	-0.03062928383481219
2203.0	-0.030197131951191145
2204.0	-0.026824666802939785
2205.0	-0.030171278781858792
2206.0	-0.02827397931748079
2207.0	-0.028495023915272297
2208.0	-0.030623709245174973
2209.0	-0.02978792475535249
2210.0	-0.027160434839643796
2211.0	-0.027963014165104966
2212.0	-0.02845365884434057
2213.0	-0.029299461437279264
2214.0	-0.029280637098359295
2215.0	-0.030093557691553443
2216.0	-0.02847603799404385
2217.0	-0.02961664750852565
2218.0	-0.027472611859331888
2219.0	-0.028535177118891572
2220.0	-0.029453691750577698
2221.0	-0.030170470870317156
2222.0	-0.030495655265825664
2223.0	-0.030935320726783958
2224.0	-0.029169953217155157
2225.0	-0.028289733592542693
2226.0	-0.029237494622035818
2227.0	-0.03132974314141063
2228.0	-0.02939382550534239
2229.0	-0.031820710985263005
2230.0	-0.0313363680160522
2231.0	-0.02949449128343032
2232.0	-0.03115264893148405
2233.0	-0.03261553435992439
2234.0	-0.02771336949873943
2235.0	-0.031173735422720828
2236.0	-0.025996234308146262
2237.0	-0.029448440325557063
2238.0	-0.030303533901224575
2239.0	-0.030844026722579083
2240.0	-0.0323791394428418
2241.0	-0.03025732136104303
2242.0	-0.028658787584761886
2243.0	-0.03112453360983508
2244.0	-0.027358534749652916
2245.0	-0.02924137259743571
2246.0	-0.0302861638030794
2247.0	-0.030413005915116257
2248.0	-0.030776970064623294
2249.0	-0.03045138171334397
2250.0	-0.03086365897304088
2251.0	-0.02971472796968019
2252.0	-0.03021458284049056
2253.0	-0.028703222719551866
2254.0	-0.03207762685550327
2255.0	-0.032579097549396724
2256.0	-0.030988966053148704
2257.0	-0.030190587867703816
2258.0	-0.02852750195924603
2259.0	-0.028048733579672625
2260.0	-0.028337965911578326
2261.0	-0.025563516886445925
2262.0	-0.028548669241637042
2263.0	-0.032203741847152544
2264.0	-0.030039346827109587
2265.0	-0.027738333965376095
2266.0	-0.02797876844016687
2267.0	-0.03271716963186225
2268.0	-0.029164055462901177
2269.0	-0.02731684651410442
2270.0	-0.02903276983738532
2271.0	-0.02854325623430793
2272.0	-0.030841360614491647
2273.0	-0.026875161274292035
2274.0	-0.03020609976930338
2275.0	-0.0322768578416706
2276.0	-0.028586721875247988
2277.0	-0.027401596434822154
2278.0	-0.029567849651410908
2279.0	-0.030801530575489143
2280.0	-0.03080056108163903
2281.0	-0.02731474594409628
2282.0	-0.029895376990390084
2283.0	-0.031572924515443086
2284.0	-0.02924121101512742
2285.0	-0.02732104765412108
2286.0	-0.029284676656067477
2287.0	-0.02792924346266454
2288.0	-0.028983325651037232
2289.0	-0.026889218935116616
2290.0	-0.028728187186188536
2291.0	-0.028883629366799234
2292.0	-0.028097935392558185
2293.0	-0.0270562950419268
2294.0	-0.029534240531278774
2295.0	-0.030603511456634074
2296.0	-0.024860553054068518
2297.0	-0.03157761040238461
2298.0	-0.02534974349252914
2299.0	-0.025954788446060296
2300.0	-0.029187404106454384
2301.0	-0.02748384182976074
2302.0	-0.028789022925273765
2303.0	-0.028852040025521376
2304.0	-0.02923975677435244
2305.0	-0.029276274376034347
2306.0	-0.026303887023201303
2307.0	-0.027446031569612138
2308.0	-0.027141287336107062
2309.0	-0.030982502760815614
2310.0	-0.02574133821676009
2311.0	-0.029460397416373314
2312.0	-0.02893937526317212
2313.0	-0.027676609523594988
2314.0	-0.028038069147323066
2315.0	-0.028017709776473686
2316.0	-0.02782130648070208
2317.0	-0.030117633455494234
2318.0	-0.02464831469208058
2319.0	-0.025185495076114495
2320.0	-0.028651274007424822
2321.0	-0.02889469775491961
2322.0	-0.027487800596314685
2323.0	-0.029272073236017878
2324.0	-0.026330709686383583
2325.0	-0.027200507252108833
2326.0	-0.0300795808218831
2327.0	-0.029875906322236582
2328.0	-0.03052263951131623
2329.0	-0.0248968282822879
2330.0	-0.029739450062854327
2331.0	-0.02661517534019352
2332.0	-0.027200022505183965
2333.0	-0.025364851438357698
2334.0	-0.025729138752481312
2335.0	-0.026740805584917926
2336.0	-0.02630372544089283
2337.0	-0.028191491549079673
2338.0	-0.026285628222360257
2339.0	-0.028685287083327585
2340.0	-0.027291720465159656
2341.0	-0.028360264270127368
2342.0	-0.027178936013947188
2343.0	-0.030124985450523008
2344.0	-0.026728525329485095
2345.0	-0.02685350924497615
2346.0	-0.024656070642880362
2347.0	-0.026814325535206806
2348.0	-0.026686998676245077
2349.0	-0.027820660151468734
2350.0	-0.028599890833376693
2351.0	-0.031003104505127336
2352.0	-0.027126098599124265
2353.0	-0.024487621086449248
2354.0	-0.02815368128893107
2355.0	-0.025487573201532138
2356.0	-0.025236716667854146
2357.0	-0.026555632259574982
2358.0	-0.02527452692800275
2359.0	-0.024000531217996952
2360.0	-0.024029212077725032
2361.0	-0.024135694818912513
2362.0	-0.023467794347442037
2363.0	-0.02355642224355947
2364.0	-0.023536386037327047
2365.0	-0.022748510701923432
2366.0	-0.023188660909806785
2367.0	-0.021257913907604935
2368.0	-0.02322404743533048
2369.0	-0.020389651373808722
2370.0	-0.02026531378755101
2371.0	-0.01972708311851312
2372.0	-0.017813302258685628
2373.0	-0.01735448929419041
2374.0	-0.01986943713214935
2375.0	-0.020340126396306394
2376.0	-0.018050666669618333
2377.0	-0.018781422659028133
2378.0	-0.021056016813350165
2379.0	-0.021907555578234553
2380.0	-0.020424391570099072
2381.0	-0.020778499198798185
2382.0	-0.019282974144075635
2383.0	-0.021869987691548475
2384.0	-0.020534348330915813
2385.0	-0.022614962924091146
2386.0	-0.02177521966771453
2387.0	-0.024861764921380973
2388.0	-0.02076145226526959
2389.0	-0.026592230652411133
2390.0	-0.021454721159147552
2391.0	-0.022052010161879115
2392.0	-0.025522878935901595
2393.0	-0.026357047602640807
2394.0	-0.025687935263857875
2395.0	-0.027756431183908668
2396.0	-0.025926834706719616
2397.0	-0.024418302276176838
2398.0	-0.024877115240672057
2399.0	-0.026252988596078233
2400.0	-0.024891738439575557
2401.0	-0.022124964574088885
2402.0	-0.022797146976730073
2403.0	-0.023607078297220203
2404.0	-0.022394483864378558
2405.0	-0.025654972472959087
2406.0	-0.022603167415583183
2407.0	-0.024767643226780375
2408.0	-0.02611734024823743
2409.0	-0.023053416517736985
2410.0	-0.025399430052339758
2411.0	-0.026701783457457055
2412.0	-0.022980058149756396
2413.0	-0.018673000930140425
2414.0	-0.02456833144945861
2415.0	-0.023761308610518447
2416.0	-0.02346262371357564
2417.0	-0.025326314057821698
2418.0	-0.02477103645525521
2419.0	-0.02301657575143831
2420.0	-0.023355898598925444
2421.0	-0.02340154560102788
2422.0	-0.02469485039687889
2423.0	-0.024267869147124244
2424.0	-0.026428063027150728
2425.0	-0.019970668448316384
2426.0	-0.019436638919294962
2427.0	-0.021149815343334186
2428.0	-0.022531344079531813
2429.0	-0.023014798346046746
2430.0	-0.021347268924109958
2431.0	-0.023203930437943818
2432.0	-0.022876079934347874
2433.0	-0.022335425530685075
2434.0	-0.02330580808334401
2435.0	-0.02353856739848943
2436.0	-0.021451731886443535
2437.0	-0.02112048815437276
2438.0	-0.02086777342414897
2439.0	-0.023036773539979207
2440.0	-0.021517657468240924
2441.0	-0.023266543582420612
2442.0	-0.021597559919708843
2443.0	-0.02277670681472664
2444.0	-0.019960650345199983
2445.0	-0.024359809480562464
2446.0	-0.021821512999050312
2447.0	-0.020678641332251897
2448.0	-0.020309829713495042
2449.0	-0.019487375764109555
2450.0	-0.020490478734204936
2451.0	-0.02098023471074467
2452.0	-0.019129066995393972
2453.0	-0.02061231179468369
2454.0	-0.022286062135491037
2455.0	-0.01770536527672298
2456.0	-0.02249644230093299
2457.0	-0.02400513631378424
2458.0	-0.024405941229589768
2459.0	-0.019764489422890715
2460.0	-0.020864864942599003
2461.0	-0.022999932773680717
2462.0	-0.019250576891256144
2463.0	-0.020772843818006734
2464.0	-0.018647874881195656
2465.0	-0.022142011507617295
2466.0	-0.01924314410507313
2467.0	-0.019273279205576005
2468.0	-0.02132699034441482
2469.0	-0.02051390816891238
2470.0	-0.020542508237486223
2471.0	-0.018371165178185316
2472.0	-0.020238410333214493
2473.0	-0.022178609900453443
2474.0	-0.019644918514728583
2475.0	-0.019954429426329426
2476.0	-0.01761116279096833
2477.0	-0.018428769271104
2478.0	-0.01950660405880053
2479.0	-0.021945446629537207
2480.0	-0.019215594321503267
2481.0	-0.022176186165828535
2482.0	-0.018005908370211585
2483.0	-0.02032695743817788
2484.0	-0.02250177451710786
2485.0	-0.019258171259747447
2486.0	-0.019938513568959232
2487.0	-0.01872906999113008
2488.0	-0.02057337045837687
2489.0	-0.01820449302714576
2490.0	-0.01875758926854987
2491.0	-0.01895730500164226
2492.0	-0.021460053375322426
2493.0	-0.02048231882763434
2494.0	-0.02154310668180246
2495.0	-0.016430884819792123
2496.0	-0.01889646926255703
2497.0	-0.01793780142725163
2498.0	-0.01733986609528691
2499.0	-0.01911040423878229
2500.0	-0.019323854468082494
2501.0	-0.01941199761727506
2502.0	-0.02028389575300864
2503.0	-0.018867707611674712
2504.0	-0.020574905490305904
2505.0	-0.019336619470440384
2506.0	-0.016958370265326407
2507.0	-0.01842909243572058
2508.0	-0.0159498542879021
2509.0	-0.020321867595465535
2510.0	-0.02234051537339723
2511.0	-0.02055527323984411
2512.0	-0.019408200433029224
2513.0	-0.020378098238763288
2514.0	-0.01794539579574312
2515.0	-0.019615672116921397
2516.0	-0.016175746354943427
2517.0	-0.01466050825860503
2518.0	-0.020030211528934923
2519.0	-0.019137873231197915
2520.0	-0.018462782347006764
2521.0	-0.01721480138864161
2522.0	-0.01821911622604945
2523.0	-0.01882908943998466
2524.0	-0.019921547426584876
2525.0	-0.019411755243812535
2526.0	-0.01819253593632951
2527.0	-0.01809873740634568
2528.0	-0.017854344165000778
2529.0	-0.01946620848171873
2530.0	-0.020549294694436077
2531.0	-0.019383155175238507
2532.0	-0.022486343406662536
2533.0	-0.019644191394341187
2534.0	-0.021329898825964783
2535.0	-0.02085452367486621
2536.0	-0.019963154870979133
2537.0	-0.016683114803090857
2538.0	-0.021833550881020614
2539.0	-0.01694229282564774
2540.0	-0.02106724678377883
2541.0	-0.017349399451478252
2542.0	-0.017822916406031022
2543.0	-0.01880250915026472
2544.0	-0.019662934942107104
2545.0	-0.018917878918410385
2546.0	-0.019109757909548945
2547.0	-0.020603343976571455
2548.0	-0.019793008700310505
2549.0	-0.022426719534889946
2550.0	-0.015724689341248176
2551.0	-0.019972607436016237
2552.0	-0.021204430163548667
2553.0	-0.017779935512016024
2554.0	-0.017368870119631567
2555.0	-0.01933314545081131
2556.0	-0.016611210675885252
2557.0	-0.021739752351036784
2558.0	-0.017383412527381015
2559.0	-0.020904775772755936
2560.0	-0.019219472296903156
2561.0	-0.0185184474522256
2562.0	-0.020476582655688837
2563.0	-0.01637828977843173
2564.0	-0.018356622770435864
2565.0	-0.018187203720154824
2566.0	-0.021194654433894986
2567.0	-0.02033552130051911
2568.0	-0.019564612107490036
2569.0	-0.019009092131461017
2570.0	-0.01883781488463418
2571.0	-0.02013128126279348
2572.0	-0.019095296292953735
2573.0	-0.020469392242968162
2574.0	-0.01774584164495902
2575.0	-0.020440226636315215
2576.0	-0.022724838893753645
2577.0	-0.01851699321145062
2578.0	-0.01854082660192888
2579.0	-0.022435848935310285
2580.0	-0.01719484597356324
2581.0	-0.022492402743224806
2582.0	-0.020796919581947525
2583.0	-0.02149778284431679
2584.0	-0.019089317747545517
2585.0	-0.016499153345060368
2586.0	-0.021771503274623117
2587.0	-0.021241270929847348
2588.0	-0.019772406955998786
2589.0	-0.019613894711529835
2590.0	-0.020470119363355747
2591.0	-0.019238135053514835
2592.0	-0.022822596190291606
2593.0	-0.01857782895053585
2594.0	-0.021331918604818874
2595.0	-0.023701199991820802
2596.0	-0.01928184306791742
2597.0	-0.0228852093347684
2598.0	-0.017591368958198246
2599.0	-0.022123591124467955
2600.0	-0.020903159949672664
2601.0	-0.020067940997929287
2602.0	-0.017985468208208157
2603.0	-0.018887420653290743
2604.0	-0.020598496507321637
2605.0	-0.01925558594281425
2606.0	-0.0200853918872287
2607.0	-0.01761100120865985
2608.0	-0.01996339724444166
2609.0	-0.020738184412870623
2610.0	-0.02003110023163061
2611.0	-0.020015507538877184
2612.0	-0.02030417433270359
2613.0	-0.022053464402654096
2614.0	-0.02007585853103736
2615.0	-0.02014501575900129
2616.0	-0.01895778974856713
2617.0	-0.01887384773939122
2618.0	-0.02111402486203967
2619.0	-0.02186699841884446
2620.0	-0.02035499196867261
2621.0	-0.020034574251259683
2622.0	-0.015449918625937682
2623.0	-0.021097543466590183
2624.0	-0.02131042815781128
2625.0	-0.023873365941343327
2626.0	-0.02075506976409074
2627.0	-0.023484598907508102
2628.0	-0.022219005477535247
2629.0	-0.021531149590986398
2630.0	-0.0184945332705931
2631.0	-0.019260191038601538
2632.0	-0.021035011113267627
2633.0	-0.022335183157222546
2634.0	-0.021366901174571754
2635.0	-0.022331062808360128
2636.0	-0.01840703645063388
2637.0	-0.01815173640347689
2638.0	-0.021978328629281944
2639.0	-0.018723010654567808
2640.0	-0.0206367915143953
2641.0	-0.019540051596624374
2642.0	-0.022761194913127267
2643.0	-0.021916846560963366
2644.0	-0.021323112369015115
2645.0	-0.01870491343603505
2646.0	-0.02013499765588508
2647.0	-0.018760578541253885
2648.0	-0.020817844490875825
2649.0	-0.020272665782579784
2650.0	-0.02348484128097063
2651.0	-0.02217562062774943
2652.0	-0.021124931667851756
2653.0	-0.021492289045833626
2654.0	-0.020425199481640708
2655.0	-0.020709745926604885
2656.0	-0.0236242868130569
2657.0	-0.019994501838794646
2658.0	-0.021846396674532743
2659.0	-0.024432359937001418
2660.0	-0.021978005464665176
2661.0	-0.021110066095485543
2662.0	-0.024467908044833404
2663.0	-0.01890705290375254
2664.0	-0.022110502957493488
2665.0	-0.01998335265952003
2666.0	-0.019140377756976874
2667.0	-0.02009023935647852
2668.0	-0.0223510182234385
2669.0	-0.019910155873847733
2670.0	-0.020850403326003793
2671.0	-0.023737152055423604
2672.0	-0.02059171005037197
2673.0	-0.02327454190668273
2674.0	-0.019238862173902423
2675.0	-0.024637327095114445
2676.0	-0.02194100311605821
2677.0	-0.020930063404009182
2678.0	-0.022900882818676065
2679.0	-0.02275844801388559
2680.0	-0.024746637526697837
2681.0	-0.02042237179124498
2682.0	-0.021482917271950574
2683.0	-0.024752616072105868
2684.0	-0.02013879484013073
2685.0	-0.02225035244535076
2686.0	-0.024151125929357836
2687.0	-0.020733740899391624
2688.0	-0.021183020507695313
2689.0	-0.020446366764031533
2690.0	-0.022958002164669696
2691.0	-0.023031037368033705
2692.0	-0.02643533423102545
2693.0	-0.02182159379020455
2694.0	-0.022560348103876474
2695.0	-0.023851067582794285
2696.0	-0.021942376565679142
2697.0	-0.02378320301329686
2698.0	-0.020899120391964485
2699.0	-0.02213061995488034
2700.0	-0.024105802091871978
2701.0	-0.02364424222813546
2702.0	-0.023339659576938673
2703.0	-0.024728378725856787
2704.0	-0.022931341083795704
2705.0	-0.02477895398836328
2706.0	-0.023057698448907694
2707.0	-0.026653308764958892
2708.0	-0.02210355491823553
2709.0	-0.0211098237220232
2710.0	-0.02102216531975569
2711.0	-0.023032653191116977
2712.0	-0.024053126259357346
2713.0	-0.02200208122860597
2714.0	-0.02247317444853402
2715.0	-0.02273485699686986
2716.0	-0.021119437869368596
2717.0	-0.02193429745026278
2718.0	-0.025349258745604085
2719.0	-0.02287470648472713
2720.0	-0.023413502691844133
2721.0	-0.024513959002706656
2722.0	-0.02413230159043768
2723.0	-0.023390154048290927
2724.0	-0.02322033104223888
2725.0	-0.02019607576843284
2726.0	-0.02194908223147457
2727.0	-0.023722771229982446
2728.0	-0.023159656885462124
2729.0	-0.021831369519858236
2730.0	-0.021777966566956207
2731.0	-0.022357966262696646
2732.0	-0.01919588127988742
2733.0	-0.021390411400433247
2734.0	-0.022302220366323757
2735.0	-0.02113713113213035
2736.0	-0.021454721159147552
2737.0	-0.02265487375424789
2738.0	-0.022068249183865886
2739.0	-0.022579253233950682
2740.0	-0.02287721101050609
2741.0	-0.02363414333386501
2742.0	-0.02158931922198419
2743.0	-0.02351731932494436
2744.0	-0.020556646689464855
2745.0	-0.02074093131211211
2746.0	-0.021071447923795488
2747.0	-0.02235255325536772
2748.0	-0.020747636977907727
2749.0	-0.024776368671429894
2750.0	-0.023229864398430222
2751.0	-0.021755668208406978
2752.0	-0.019772245373690496
2753.0	-0.02271377050563308
2754.0	-0.021180435190762115
2755.0	-0.020745778781361926
2756.0	-0.0220793983631405
2757.0	-0.02255929781887231
2758.0	-0.024340985141642305
2759.0	-0.02205079829456666
2760.0	-0.022739300510348857
2761.0	-0.024831225865107092
2762.0	-0.020401204508854156
2763.0	-0.019598705974547038
2764.0	-0.022823727266449823
2765.0	-0.02231967125562317
2766.0	-0.0229016907302177
2767.0	-0.026041073398707065
2768.0	
2769.0	
2770.0	
2771.0	
2772.0	
2773.0	-0.025977652342688635
2774.0	-0.023213140629518392
2775.0	-0.022490302173216667
2776.0	-0.022677980024338757
2777.0	-0.020898474062731136
2778.0	-0.018919979488418715
2779.0	-0.022388343736662236
2780.0	-0.019497959405305063
2781.0	-0.019480427724851597
2782.0	-0.021675765756939247
2783.0	-0.020392721437666978
2784.0	-0.019654047915149107
2785.0	-0.01904552894198888
2786.0	-0.021204672537011197
2787.0	-0.023143094698858585
2788.0	-0.016760997475704687
2789.0	-0.02383612121927402
2790.0	-0.019133510508872967
2791.0	-0.023164019607786884
2792.0	-0.019291699588725342
2793.0	-0.016330542206320964
2794.0	-0.015770901881429718
2795.0	-0.020795384550018305
2796.0	-0.018503905044476153
2797.0	-0.022303028277865393
2798.0	-0.023275592191686897
2799.0	-0.020313707688894934
2800.0	-0.025000240959617316
2801.0	-0.023552382685851293
2802.0	-0.02110828869009398
2803.0	-0.021662273634193777
2804.0	-0.021108611854710746
2805.0	-0.01943922423622816
2806.0	-0.02034489307440216
2807.0	-0.023247476870037927
2808.0	-0.02393185873695789
2809.0	-0.021081304444603412
2810.0	-0.023072240856657142
2811.0	-0.025220720019329717
2812.0	-0.02345616042124255
2813.0	-0.02252027569141125
2814.0	-0.02086114854950759
2815.0	-0.023427721934977
2816.0	-0.022423164724106635
2817.0	-0.024591922466474535
2818.0	-0.020142268859759803
2819.0	-0.021159995028758687
2820.0	-0.02690723536249495
2821.0	-0.024233128950833894
2822.0	-0.02530126880003098
2823.0	-0.024469362285608198
2824.0	-0.022878988415897653
2825.0	-0.023911337783800224
2826.0	-0.022731302186086735
2827.0	-0.0255890468911617
2828.0	-0.023957954279752586
2829.0	-0.025816635572440533
2830.0	-0.028112073844536813
2831.0	-0.025355318082166355
2832.0	-0.025853476338739214
2833.0	-0.02299306552557681
2834.0	-0.020527238709349378
2835.0	-0.025202380427334616
2836.0	-0.023553432970855458
2837.0	-0.02418934014527726
2838.0	-0.025081112904935157
2839.0	-0.026824262847168965
2840.0	-0.025383352612661086
2841.0	-0.027677982973215734
2842.0	-0.023394274397153157
2843.0	-0.02800898433182417
2844.0	-0.027134581670311443
2845.0	-0.023877971037130616
2846.0	-0.027264897801977377
2847.0	-0.02841083953263386
2848.0	-0.02557854404112043
2849.0	-0.02840873896262553
2850.0	-0.026787260498561997
2851.0	-0.02941636623735415
2852.0	-0.02650691519361429
2853.0	-0.027194286333238272
2854.0	-0.02921883186542414
2855.0	-0.027722094943389137
2856.0	-0.030673880551910646
2857.0	-0.028412051399946313
2858.0	-0.027487315849389626
2859.0	-0.02851093977264249
2860.0	-0.02934527002169018
2861.0	-0.028385471110226563
2862.0	-0.026571709699253654
2863.0	-0.026668901457712318
2864.0	-0.02948649295916801
2865.0	-0.028059155638559655
2866.0	-0.02856426193439047
2867.0	-0.033426435174264635
2868.0	-0.0284236853261458
2869.0	-0.028730045382734333
2870.0	-0.029165267330213632
2871.0	-0.02760672517524347
2872.0	-0.03184712969267447
2873.0	-0.029451995136340187
2874.0	-0.029526565371633232
2875.0	-0.031133824592563895
2876.0	-0.028595689693360224
2877.0	-0.0307793937992482
2878.0	-0.02932474906853251
2879.0	-0.03440231152540674
2880.0	-0.03140366704747033
2881.0	-0.030905347208589375
2882.0	-0.029873159422995094
2883.0	-0.031176078366191497
2884.0	-0.03146951183811367
2885.0	-0.032419696602231894
2886.0	-0.029962999186424984
2887.0	-0.029271103742167952
2888.0	-0.029279021275276023
2889.0	-0.0322894612617202
2890.0	-0.03402267389199203
2891.0	-0.030080469524578976
2892.0	-0.029065005507896525
2893.0	-0.031014980804789347
2894.0	-0.03265681863970207
2895.0	-0.03296673350707373
2896.0	-0.03105271027378371
2897.0	-0.03147387456043862
2898.0	-0.03226514312431688
2899.0	-0.033494865281841174
2900.0	-0.034229337664342385
2901.0	-0.031526308019490724
2902.0	-0.030452108833731555
2903.0	-0.03419540537959367
2904.0	-0.03195005762307882
2905.0	-0.0344494935594382
2906.0	-0.030342313655223104
2907.0	-0.03449812983424484
2908.0	-0.03698076121053816
2909.0	-0.032862108962431864
2910.0	-0.0316763371927725
2911.0	-0.03342029504654813
2912.0	-0.032135634904192585
2913.0	-0.03554389053373846
2914.0	-0.0327367210911698
2915.0	-0.03180544145712597
2916.0	-0.03466472119413016
2917.0	-0.03304574725584559
2918.0	-0.03433622436130087
2919.0	-0.03148163051123821
2920.0	-0.032702223268341976
2921.0	-0.033550934342830636
2922.0	-0.032984184396372955
2923.0	-0.03768889567678215
2924.0	-0.03416874429871968
2925.0	-0.03306941906401556
2926.0	-0.03488261493690936
2927.0	-0.037060825244314366
2928.0	-0.033595692642237385
2929.0	-0.03328496986332409
2930.0	-0.03504896392333215
2931.0	-0.029757143325616082
2932.0	-0.03411453343427601
2933.0	-0.035610704818231725
2934.0	-0.03337101244250833
2935.0	-0.03502351470977061
2936.0	-0.03483640239672782
2937.0	-0.03518768233503121
2938.0	-0.0358952512631959
2939.0	-0.03283447838770776
2940.0	-0.03530878827512237
2941.0	-0.03379177277339242
2942.0	-0.034398837505777664
2943.0	-0.032988304745235376
2944.0	-0.03451873157855656
2945.0	-0.03534336688910443
2946.0	-0.0331547345228124
2947.0	-0.03235902244545495
2948.0	-0.03323059741657195
2949.0	-0.03221190175372314
2950.0	-0.031684981846268154
2951.0	-0.03424064842592529
2952.0	-0.036873632140117144
2953.0	-0.0322320187511098
2954.0	-0.03241606100029453
2955.0	-0.032613433789916255
2956.0	-0.03411324077580932
2957.0	-0.03207172910124929
2958.0	-0.032317899747985754
2959.0	-0.03528729782811478
2960.0	-0.03326679185363728
2961.0	-0.031672782381989374
2962.0	-0.031560563468856204
2963.0	-0.032077950020119844
2964.0	-0.03233737041613925
2965.0	-0.03269147804483818
2966.0	-0.033541885733564356
2967.0	-0.03179267645476808
2968.0	-0.032219011375289576
2969.0	-0.033177679210594786
2970.0	-0.033370446904429224
2971.0	-0.03034740349793545
2972.0	-0.03428710333956936
2973.0	-0.03210146024598153
2974.0	-0.03155717024038118
2975.0	-0.03282801509537467
2976.0	-0.03430406948194372
2977.0	-0.03133111659103157
2978.0	-0.03354390551241844
2979.0	-0.0317115621359879
2980.0	-0.031239257048747398
2981.0	-0.03447962865994127
2982.0	-0.03397274495871889
2983.0	-0.0346705381572299
2984.0	-0.031472097155047056
2985.0	-0.03457633567147506
2986.0	-0.031614855124454104
2987.0	-0.036086160760484536
2988.0	-0.03281096816184626
2989.0	-0.03388742949992205
2990.0	-0.03385689044364817
2991.0	-0.032870268869002274
2992.0	-0.035126281057866866
2993.0	-0.03243803619422699
2994.0	-0.03314633224277927
2995.0	-0.033593996027999874
2996.0	-0.03843548673240809
2997.0	-0.03196492319544504
2998.0	-0.03255275963313931
2999.0	-0.032382451880162394
3000.0	-0.03227580755666644
3001.0	-0.03161889468216229
3002.0	-0.03566927840500034
3003.0	-0.03548046947772003
3004.0	-0.03220172206829845
3005.0	-0.032530946021515135
3006.0	-0.030621689466320885
3007.0	-0.033370123739812456
3008.0	-0.032624906133807446
3009.0	-0.035290529474281324
3010.0	-0.034570841872992086
3011.0	-0.033921442575825
3012.0	-0.03283278177347044
3013.0	-0.03095891174379969
3014.0	-0.034840199580973466
3015.0	-0.03620330793402176
3016.0	-0.03177126679891473
3017.0	-0.03441127934351897
3018.0	-0.030916738761326328
3019.0	-0.034154525055587
3020.0	-0.031221563785985645
3021.0	-0.032689862221754906
3022.0	-0.030446211079477575
3023.0	-0.034082944092997974
3024.0	-0.03180019003210534
3025.0	-0.03301197655340535
3026.0	-0.027814439232598173
3027.0	-0.03310238185491435
3028.0	-0.03519479195659745
3029.0	-0.02943292842395769
3030.0	-0.033294341637207146
3031.0	-0.03589743262435847
3032.0	-0.03381633328425808
3033.0	-0.03363423002277339
3034.0	-0.03191410555947602
3035.0	-0.03488196860767601
3036.0	-0.034016937720046346
3037.0	-0.03158366973894688
3038.0	-0.03494272355560701
3039.0	-0.03440497763349417
3040.0	-0.034671992398004885
3041.0	-0.03372390820389499
3042.0	-0.03606782116848943
3043.0	-0.03462812280129401
3044.0	-0.03535193075144566
3045.0	-0.035134764129054044
3046.0	-0.0302754185795756
3047.0	-0.037590976797935896
3048.0	-0.02938776616878012
3049.0	-0.03213369591649273
3050.0	-0.032458799520847
3051.0	-0.03109149002778224
3052.0	-0.03377504900448059
3053.0	-0.032468009712421766
3054.0	-0.03244967012042666
3055.0	-0.029832683054759054
3056.0	-0.035247144624495505
3057.0	-0.0354770762492452
3058.0	-0.032158337218512634
3059.0	-0.03443188108783069
3060.0	-0.03460744026582805
3061.0	-0.03157575220583881
3062.0	-0.03359343048992077
3063.0	-0.03208465568591547
3064.0	-0.034365228385645714
3065.0	-0.03605828781229809
3066.0	-0.03412212780276732
3067.0	-0.03215607506619601
3068.0	-0.03537673363577404
3069.0	-0.03604156404338626
3070.0	-0.03456526728335469
3071.0	-0.030490646214267555
3072.0	-0.03236516257317146
3073.0	-0.034026632658545976
3074.0	-0.03254968956928105
3075.0	-0.034430750011672284
3076.0	-0.03041858050475366
3077.0	-0.03380146771189205
3078.0	-0.03419920256383951
3079.0	-0.03351991053963189
3080.0	-0.03310561350108089
3081.0	-0.03277889407364335
3082.0	-0.030367924451092928
3083.0	-0.03463224315015643
3084.0	-0.03381140502385421
3085.0	-0.03131358491057792
3086.0	-0.030489676720417632
3087.0	-0.03602225495754124
3088.0	-0.03315643113704972
3089.0	-0.03026378465337612
3090.0	-0.03456050060525911
3091.0	-0.0314178862906032
3092.0	-0.03354689478512246
3093.0	-0.03184834155998692
3094.0	-0.035723085313673374
3095.0	-0.03223840125228884
3096.0	-0.03303815288735428
3097.0	-0.031310999593644716
3098.0	-0.03243698590922283
3099.0	-0.03374871108822318
3100.0	-0.03579313124433318
3101.0	-0.03320450187377707
3102.0	-0.03293142777270409
3103.0	-0.033564345674421875
3104.0	-0.0351600517603071
3105.0	-0.034332911923980275
3106.0	-0.03276548274205212
3107.0	-0.03338975599027425
3108.0	-0.03189229194785185
3109.0	-0.0364451966495877
3110.0	-0.03099542934548179
3111.0	-0.02961907124315056
3112.0	-0.032508324498349325
3113.0	-0.03380494173152112
3114.0	-0.03319609959374413
3115.0	-0.037422365659196495
3116.0	-0.03201242839409309
3117.0	-0.034749713488310234
3118.0	-0.031853835358470084
3119.0	-0.03577551877272547
3120.0	-0.03387183680716844
3121.0	-0.03055931869530662
3122.0	-0.03198794867438167
3123.0	-0.03153309447644058
3124.0	-0.03277364264862272
3125.0	-0.03188098118626894
3126.0	-0.03428007450915716
3127.0	-0.03186142972696139
3128.0	-0.035594546587399
3129.0	-0.03208643309130703
3130.0	-0.03439302054267792
3131.0	-0.03241428359490297
3132.0	-0.03516489922955692
3133.0	-0.033560386907867744
3134.0	-0.03552789388521403
3135.0	-0.03333441404967218
3136.0	-0.03474793608291867
3137.0	-0.03308937447909393
3138.0	-0.03389841709688837
3139.0	-0.034072198869494176
3140.0	-0.03404004399013721
3141.0	-0.03212117328759737
3142.0	-0.03601659957674978
3143.0	-0.03208400935668212
3144.0	-0.031481226555467395
3145.0	-0.033730452287382126
3146.0	-0.03019147657039969
3147.0	-0.03280757493337143
3148.0	-0.035859622364209864
3149.0	-0.032431572901893906
3150.0	-0.03328521223678662
3151.0	-0.03388815662030963
3152.0	-0.03354026991048108
3153.0	-0.03338313111563287
3154.0	-0.03639130894976043
3155.0	-0.0344489280213591
3156.0	-0.03277590480093915
3157.0	-0.032747385523519544
3158.0	-0.032477704650921396
3159.0	-0.03522759316518795
3160.0	-0.03212424335145563
3161.0	-0.03425228235212496
3162.0	-0.031866357987365444
3163.0	-0.032645831042735746
3164.0	-0.03157720644661379
3165.0	-0.03148389266355483
3166.0	-0.0322894612617202
3167.0	-0.03588523316007969
3168.0	-0.03280377774912559
3169.0	-0.03039434315850458
3170.0	-0.03549040678968219
3171.0	-0.03403349990664988
3172.0	-0.03400086028036786
3173.0	-0.034716589115103155
3174.0	-0.03153551821106548
3175.0	-0.03391861488542928
3176.0	-0.031221159830214826
3177.0	-0.032689943012909145
3178.0	-0.0316730247554519
3179.0	-0.03450839031082358
3180.0	-0.03285467617624866
3181.0	-0.032012024438322274
3182.0	-0.03263217733768217
3183.0	-0.03389356962763856
3184.0	-0.034026794240854266
3185.0	-0.031964761613136564
3186.0	-0.03128433851277073
3187.0	-0.03200766171599751
3188.0	-0.0336670312313637
3189.0	-0.03455331019253843
3190.0	-0.03363544189008584
3191.0	-0.03177126679891473
3192.0	-0.030084670664595446
3193.0	-0.03342934365581442
3194.0	-0.03312249885230101
3195.0	-0.03243423900998134
3196.0	-0.031874113938165034
3197.0	-0.031221402203677355
3198.0	-0.03206647767622865
3199.0	-0.035721550281744154
3200.0	-0.03254548842926459
3201.0	-0.031932768316087885
3202.0	-0.0321321608845637
3203.0	-0.03100027681473161
3204.0	-0.03412834872163788
3205.0	-0.03272169393649548
3206.0	-0.033955536442882
3207.0	-0.03396612008407751
3208.0	-0.02956954626564823
3209.0	-0.032825833734212294
3210.0	-0.03402865243740007
3211.0	-0.03387062493985598
3212.0	-0.03156896574888914
3213.0	-0.032182978520532535
3214.0	-0.031765934582740046
3215.0	-0.037952921168588845
3216.0	-0.03282607610767482
3217.0	-0.032101137081364764
3218.0	-0.03278721556252205
3219.0	-0.0316995242540176
3220.0	-0.030654490674911383
3221.0	-0.03341779052076898
3222.0	-0.030585818193872318
3223.0	-0.033000665791822446
3224.0	-0.03090381217666015
3225.0	-0.03435068597789627
3226.0	-0.031023059920205705
3227.0	-0.03071023657128427
3228.0	-0.03070781283665936
3229.0	-0.03197316389316969
3230.0	-0.03258491451249646
3231.0	-0.032463485407788525
3232.0	-0.03678855905478302
3233.0	-0.03386109158366483
3234.0	-0.03322841605540957
3235.0	-0.03269511364677554
3236.0	-0.03376026422326861
3237.0	-0.031288782026249726
3238.0	-0.02986564584565784
3239.0	-0.03470091563119549
3240.0	-0.032667402280897574
3241.0	-0.03173571869108274
3242.0	-0.034276519698374044
3243.0	-0.03533157138059647
3244.0	-0.03492220260244953
3245.0	-0.0318512500415367
3246.0	-0.0332766483744452
3247.0	-0.0350583356972152
3248.0	-0.03186272238542808
3249.0	-0.03357541406254225
3250.0	-0.032747627896981886
3251.0	-0.03544225526180061
3252.0	-0.036774259020495914
3253.0	-0.0359097128797913
3254.0	-0.03269147804483818
3255.0	-0.032399256440228466
3256.0	-0.03270747469336261
3257.0	-0.033519506583861075
3258.0	-0.03306287498052842
3259.0	-0.03172594296142906
3260.0	-0.03588676819200872
3261.0	-0.03321888269921822
3262.0	-0.03776500094400422
3263.0	-0.030903165847426806
3264.0	-0.03290113108989273
3265.0	-0.034139174736295914
3266.0	-0.03299105164447686
3267.0	-0.031786940282822584
3268.0	-0.03342110295808976
3269.0	-0.03547949998387011
3270.0	-0.03315004863587087
3271.0	-0.033744913903977526
3272.0	-0.03612906086334548
3273.0	-0.034286214636873674
3274.0	-0.03414523407285819
3275.0	-0.03535677822069548
3276.0	-0.03372835171737399
3277.0	-0.03578699111661667
3278.0	-0.03152655039295325
3279.0	-0.034465328625654344
3280.0	-0.03306731849400742
3281.0	-0.032578289637855085
3282.0	-0.03430463502002301
3283.0	-0.036402700502497574
3284.0	-0.032002895037901935
3285.0	-0.03311668188920127
3286.0	-0.03499612650850922
3287.0	-0.03382481635544526
3288.0	-0.0318284669360626
3289.0	-0.036017811444062235
3290.0	-0.03268646899328007
3291.0	-0.036365132615811493
3292.0	-0.03741234755608009
3293.0	-0.03907777640800874
3294.0	-0.03469008961653745
3295.0	-0.03805867678938893
3296.0	-0.037497663014876934
3297.0	-0.031332409249498074
3298.0	-0.034589908585374585
3299.0	-0.035405737660118695
3300.0	-0.03292229837228375
3301.0	-0.03738148533518963
3302.0	-0.03469938059926627
3303.0	-0.032881741212893466
3304.0	-0.03634832805574543
3305.0	-0.0363121336186801
3306.0	-0.03557257139346654
3307.0	-0.0351404195098455
3308.0	-0.03626632503426937
3309.0	-0.03464613922867253
3310.0	-0.0374949969067895
3311.0	-0.03672142160567299
3312.0	-0.03698520472401716
3313.0	-0.03321298494496425
3314.0	-0.03766255776052474
3315.0	-0.032739871946182296
3316.0	-0.036874844007429596
3317.0	-0.03381479825232905
3318.0	-0.036116215069833355
3319.0	-0.03518849024657284
3320.0	-0.035008325972788
3321.0	-0.034909195226629115
3322.0	-0.03378652134837178
3323.0	-0.03520691062972199
3324.0	-0.03464508894366836
3325.0	-0.0351398539717662
3326.0	-0.03555592841570876
3327.0	-0.03181263186984665
3328.0	-0.03450717844351113
3329.0	-0.03240814346718646
3330.0	-0.03377771511256784
3331.0	-0.035655059161867654
3332.0	-0.03694246620346468
3333.0	-0.0340983752034433
3334.0	-0.03546915871613713
3335.0	-0.03359351128107482
3336.0	-0.03525829380377012
3337.0	-0.0339625652732942
3338.0	-0.033922573651983215
3339.0	-0.03497447447919334
3340.0	-0.03394212511129077
3341.0	-0.03549081074545301
3342.0	-0.03232395908454802
3343.0	-0.03512321099400861
3344.0	-0.03089007768045234
3345.0	-0.037657144753195815
3346.0	-0.035495900588165354
3347.0	-0.03178831373244333
3348.0	-0.03271975494879544
3349.0	-0.034516711799702476
3350.0	-0.03472062867281134
3351.0	-0.036072830220047536
3352.0	-0.038063281885176214
3353.0	-0.034815962234724385
3354.0	-0.0342151184212097
3355.0	-0.037937974805068574
3356.0	-0.03909748944962459
3357.0	-0.03554728376221329
3358.0	-0.03223864362575118
3359.0	-0.03443656697477203
3360.0	-0.03664095361612597
3361.0	-0.033609023182674384
3362.0	-0.034069209596790155
3363.0	-0.03418021664261106
3364.0	-0.03185674384001986
3365.0	-0.03375994105865184
3366.0	-0.03203900868381303
3367.0	-0.03320345158877309
3368.0	-0.031480418643925756
3369.0	-0.03143210553373607
3370.0	-0.03352201110964003
3371.0	-0.03481588144357015
3372.0	-0.03405458639788666
3373.0	-0.03583869745528138
3374.0	-0.03188090039511489
3375.0	-0.02866815935864494
3376.0	-0.030448957978719063
3377.0	-0.031874921849706674
3378.0	-0.031592556765904875
3379.0	-0.035201739995855595
3380.0	-0.031081875880436847
3381.0	-0.03006544236990447
3382.0	-0.031697504475163514
3383.0	-0.03267249212360973
3384.0	-0.029559932118302837
3385.0	-0.03293538653925821
3386.0	-0.030695290207764004
3387.0	-0.035970306245414
3388.0	-0.03508216908769346
3389.0	-0.036152409506898686
3390.0	-0.03550721134974826
3391.0	-0.03629072396282674
3392.0	-0.038279155849101514
3393.0	-0.035055831171436055
3394.0	-0.03605933809730225
3395.0	-0.0364249988610468
3396.0	-0.03552934812598901
3397.0	-0.03165420041653175
3398.0	-0.03536614999457853
3399.0	-0.03710598749949175
3400.0	-0.03422247041623848
3401.0	-0.035291418176977195
3402.0	-0.034452967579067274
3403.0	-0.03538667094773601
3404.0	-0.03367212107407604
3405.0	-0.035621207668272994
3406.0	-0.034264320234095265
3407.0	-0.03737930397402726
3408.0	-0.03409902153267664
3409.0	-0.03523639940099171
3410.0	-0.037183385425180515
3411.0	-0.035259748044545104
3412.0	-0.03774504552892585
3413.0	-0.033936388939345266
3414.0	-0.03552312720711845
3415.0	-0.03343095947889769
3416.0	-0.0342916276442026
3417.0	-0.03574069778528108
3418.0	-0.03494433937869028
3419.0	-0.036717947586043916
3420.0	-0.03573189154947713
3421.0	-0.03510608326932597
3422.0	-0.03387215997178521
3423.0	-0.03671027242639838
3424.0	-0.03516384894455294
3425.0	-0.03285839256934026
3426.0	-0.03280418170489641
3427.0	-0.039284763344975854
3428.0	-0.03566265353035896
3429.0	-0.03368181601257568
3430.0	-0.0333613175040087
3431.0	-0.03489255224887152
3432.0	-0.033582200519491914
3433.0	-0.034781464411896564
3434.0	-0.032273060657424954
3435.0	-0.0354442750406547
3436.0	-0.03268226785326361
3437.0	-0.028509404740713458
3438.0	-0.02706227358733502
3439.0	-0.02645795575419126
3440.0	-0.026830726139502055
3441.0	-0.03283116595038717
3442.0	-0.02904577721320555
3443.0	-0.032567786787813816
3444.0	-0.029997335426944514
3445.0	-0.03281040262376716
3446.0	-0.036660828240050285
3447.0	-0.037068581195113956
3448.0	-0.03479285596463352
3449.0	-0.033029427442704574
3450.0	-0.03237978577207515
3451.0	-0.02944165386860721
3452.0	-0.034960497609523
3453.0	-0.027631608850725898
3454.0	-0.02779424144405727
3455.0	-0.03001914903856869
3456.0	-0.030774303956535857
3457.0	-0.027773154952820494
3458.0	-0.026247494797595073
3459.0	-0.028991566348761884
3460.0	-0.027463563250065604
3461.0	-0.026308007372063538
3462.0	-0.027682264904386442
3463.0	-0.02726061587080667
3464.0	-0.03081049839360119
3465.0	-0.02930220833652094
3466.0	-0.02950685233001739
3467.0	-0.03211228626063938
3468.0	-0.02758822400094008
3469.0	-0.026953528693830733
3470.0	-0.032160841744291783
3471.0	-0.031043257708746608
3472.0	-0.02983664182131318
3473.0	-0.027756431183908668
3474.0	-0.03192428524490071
3475.0	-0.030846450457203994
3476.0	-0.030016078974710432
3477.0	-0.02979422646537729
3478.0	-0.035070131205723165
3479.0	-0.03667844071165799

