0.000000	34.631086
1.000000	35.096022
2.000000	34.958273
3.000000	35.040188
4.000000	35.090686
5.000000	34.950700
6.000000	35.080978
7.000000	35.059633
8.000000	35.039019
9.000000	35.058909
10.000000	35.180489
11.000000	35.086512
12.000000	35.147009
13.000000	35.196088
14.000000	35.154560
15.000000	35.196008
16.000000	35.223500
17.000000	35.282821
18.000000	35.222821
19.000000	35.403742
20.000000	35.155298
21.000000	35.136943
22.000000	35.080693
23.000000	35.111819
24.000000	34.985371
25.000000	34.927805
26.000000	34.821854
27.000000	35.057323
28.000000	35.056314
29.000000	35.104129
30.000000	34.933690
31.000000	35.132820
32.000000	34.959201
33.000000	35.063515
34.000000	35.002220
35.000000	34.861723
36.000000	35.063083
37.000000	34.871591
38.000000	34.839164
39.000000	34.883704
40.000000	34.897074
41.000000	34.986058
42.000000	34.989772
43.000000	35.016943
44.000000	34.722300
45.000000	34.726116
46.000000	34.984750
47.000000	34.946175
48.000000	34.957308
49.000000	35.027725
50.000000	34.868536
51.000000	34.935057
52.000000	35.091877
53.000000	34.974808
54.000000	35.046804
55.000000	34.904026
56.000000	34.883996
57.000000	34.956826
58.000000	35.077564
59.000000	35.051000
60.000000	35.004136
61.000000	34.929713
62.000000	34.969757
63.000000	34.925926
64.000000	34.879859
65.000000	35.027199
66.000000	34.866138
67.000000	35.009172
68.000000	35.055459
69.000000	35.036921
70.000000	35.055751
71.000000	35.109012
72.000000	35.107045
73.000000	35.008149
74.000000	34.979764
75.000000	35.006007
76.000000	35.154056
77.000000	35.003807
78.000000	34.994172
79.000000	34.954611
80.000000	35.062469
81.000000	35.113054
82.000000	35.068449
83.000000	35.117952
84.000000	34.981226
85.000000	35.044384
86.000000	34.997710
87.000000	35.072645
88.000000	35.001460
89.000000	35.030832
90.000000	34.898375
91.000000	35.240752
92.000000	35.185518
93.000000	35.043134
94.000000	35.178588
95.000000	35.072118
96.000000	35.219049
97.000000	35.084538
98.000000	35.032586
99.000000	35.185620
100.000000	35.146388
101.000000	35.094984
102.000000	35.348194
103.000000	35.232090
104.000000	34.971226
105.000000	35.076329
106.000000	35.134611
107.000000	35.297309
108.000000	35.152681
109.000000	35.146965
110.000000	34.967666
111.000000	35.216117
112.000000	35.206841
113.000000	35.197075
114.000000	35.289290
115.000000	35.300789
116.000000	35.424400
117.000000	35.254451
118.000000	35.255386
119.000000	35.329349
120.000000	35.258949
121.000000	35.327619
122.000000	35.239322
123.000000	35.253649
124.000000	35.367619
125.000000	35.183629
126.000000	35.257789
127.000000	35.392680
128.000000	35.221897
129.000000	35.199477
130.000000	35.241928
131.000000	35.252733
132.000000	35.255971
133.000000	35.461359
134.000000	35.202016
135.000000	35.267940
136.000000	35.416383
137.000000	35.177055
138.000000	35.311222
139.000000	35.236682
140.000000	35.401619
141.000000	35.406027
142.000000	35.247291
143.000000	35.308300
144.000000	35.450304
145.000000	35.273851
146.000000	35.454414
147.000000	35.375335
148.000000	35.404173
149.000000	35.250239
150.000000	35.183071
151.000000	35.276251
152.000000	35.439387
153.000000	35.335798
154.000000	35.238751
155.000000	35.226194
156.000000	35.156486
157.000000	35.353731
158.000000	35.245829
159.000000	35.360997
160.000000	35.294267
161.000000	35.225773
162.000000	35.181036
163.000000	35.337060
164.000000	35.349918
165.000000	35.019225
166.000000	35.148669
167.000000	35.129554
168.000000	35.206579
169.000000	35.165015
170.000000	35.216296
171.000000	35.147012
172.000000	35.315975
173.000000	34.931800
174.000000	35.132875
175.000000	35.091773
176.000000	35.138915
177.000000	34.974704
178.000000	35.030918
179.000000	35.243769
180.000000	35.082353
181.000000	35.015072
182.000000	34.944436
183.000000	34.962725
184.000000	35.080372
185.000000	35.032531
186.000000	35.036844
187.000000	34.927881
188.000000	34.947487
189.000000	34.957304
190.000000	34.953110
191.000000	34.923666
192.000000	34.795931
193.000000	34.859974
194.000000	34.899521
195.000000	34.796526
196.000000	34.918916
197.000000	34.813383
198.000000	34.707256
199.000000	34.664844
200.000000	34.537733
201.000000	34.728268
202.000000	34.523859
203.000000	34.566893
204.000000	34.611659
205.000000	34.717583
206.000000	34.544497
207.000000	34.645938
208.000000	34.344372
209.000000	34.656121
210.000000	34.504748
211.000000	34.452518
212.000000	34.586868
213.000000	34.487277
214.000000	34.553089
215.000000	34.370401
216.000000	34.473464
217.000000	34.507119
218.000000	34.421585
219.000000	34.364999
220.000000	34.491909
221.000000	34.448970
222.000000	34.280987
223.000000	34.200220
224.000000	34.405959
225.000000	34.234126
226.000000	34.126757
227.000000	34.180390
228.000000	34.181852
229.000000	34.091632
230.000000	34.001335
231.000000	33.969207
232.000000	33.944609
233.000000	34.018820
234.000000	34.008813
235.000000	33.910335
236.000000	33.942411
237.000000	33.845342
238.000000	34.111535
239.000000	33.955730
240.000000	33.843809
241.000000	33.575153
242.000000	33.931813
243.000000	33.795110
244.000000	33.822383
245.000000	33.772611
246.000000	33.949022
247.000000	33.807801
248.000000	33.746478
249.000000	33.859351
250.000000	33.923716
251.000000	33.844323
252.000000	33.800156
253.000000	33.752510
254.000000	33.881413
255.000000	33.843951
256.000000	33.875128
257.000000	33.869843
258.000000	33.831583
259.000000	33.888366
260.000000	34.081497
261.000000	33.849735
262.000000	33.821752
263.000000	33.845670
264.000000	33.865860
265.000000	33.648851
266.000000	33.840204
267.000000	33.883486
268.000000	33.702104
269.000000	33.748464
270.000000	33.624978
271.000000	33.686900
272.000000	33.945688
273.000000	33.680131
274.000000	33.806162
275.000000	33.724986
276.000000	33.795769
277.000000	33.762976
278.000000	33.708641
279.000000	33.754797
280.000000	33.833650
281.000000	33.710755
282.000000	33.713058
283.000000	33.768343
284.000000	33.732268
285.000000	33.655033
286.000000	33.905684
287.000000	33.697811
288.000000	33.828842
289.000000	33.717504
290.000000	33.773667
291.000000	33.874859
292.000000	33.869289
293.000000	33.621532
294.000000	33.588345
295.000000	33.598485
296.000000	33.756366
297.000000	33.595810
298.000000	33.706695
299.000000	33.783771
300.000000	33.592244
301.000000	33.702442
302.000000	33.602361
303.000000	33.657054
304.000000	33.646798
305.000000	33.577172
306.000000	33.695878
307.000000	33.608217
308.000000	33.724285
309.000000	33.702172
310.000000	33.694147
311.000000	33.655850
312.000000	33.569322
313.000000	33.693614
314.000000	33.708394
315.000000	33.619441
316.000000	33.668322
317.000000	33.603161
318.000000	33.721151
319.000000	33.632562
320.000000	33.753719
321.000000	33.661986
322.000000	33.651131
323.000000	33.657519
324.000000	33.729471
325.000000	33.782850
326.000000	33.587199
327.000000	33.716783
328.000000	33.502491
329.000000	33.604377
330.000000	33.747435
331.000000	33.583750
332.000000	33.636477
333.000000	33.667376
334.000000	33.810483
335.000000	33.576931
336.000000	33.589548
337.000000	33.694044
338.000000	33.616478
339.000000	33.652691
340.000000	33.711011
341.000000	33.626274
342.000000	33.659140
343.000000	33.679944
344.000000	33.623752
345.000000	33.459491
346.000000	33.676480
347.000000	33.551802
348.000000	33.581341
349.000000	33.444155
350.000000	33.685385
351.000000	33.505567
352.000000	33.618894
353.000000	33.478996
354.000000	33.448806
355.000000	33.547089
356.000000	33.464158
357.000000	33.588595
358.000000	33.524231
359.000000	33.554494
360.000000	33.522617
361.000000	33.619211
362.000000	33.652508
363.000000	33.644255
364.000000	33.696667
365.000000	33.723547
366.000000	33.559241
367.000000	33.662326
368.000000	33.697721
369.000000	33.554687
370.000000	33.641289
371.000000	33.720281
372.000000	33.643585
373.000000	33.682788
374.000000	33.709937
375.000000	33.700399
376.000000	33.649638
377.000000	33.688900
378.000000	33.739244
379.000000	33.699514
380.000000	33.858098
381.000000	33.653353
382.000000	33.652381
383.000000	33.701445
384.000000	33.650034
385.000000	33.614597
386.000000	33.685416
387.000000	33.585854
388.000000	33.890636
389.000000	33.678537
390.000000	33.766222
391.000000	33.674701
392.000000	33.730863
393.000000	33.727691
394.000000	33.634152
395.000000	33.645557
396.000000	33.784373
397.000000	33.718401
398.000000	33.718832
399.000000	33.720046
400.000000	33.756758
401.000000	33.876765
402.000000	33.875523
403.000000	33.583709
404.000000	33.757584
405.000000	33.761803
406.000000	33.730896
407.000000	33.776401
408.000000	33.802614
409.000000	33.827212
410.000000	33.799311
411.000000	33.764589
412.000000	33.943778
413.000000	33.753624
414.000000	33.866731
415.000000	33.891126
416.000000	33.821294
417.000000	33.765811
418.000000	33.906477
419.000000	33.791213
420.000000	33.957809
421.000000	33.795820
422.000000	33.766500
423.000000	33.817545
424.000000	33.885601
425.000000	33.669519
426.000000	33.655455
427.000000	33.766150
428.000000	33.792758
429.000000	33.715207
430.000000	33.832153
431.000000	33.876853
432.000000	33.988981
433.000000	33.826188
434.000000	33.962431
435.000000	33.986336
436.000000	34.037725
437.000000	34.095751
438.000000	33.987228
439.000000	34.103222
440.000000	34.090175
441.000000	34.158414
442.000000	34.136630
443.000000	34.226696
444.000000	34.229079
445.000000	34.158313
446.000000	34.251208
447.000000	34.315974
448.000000	34.391822
449.000000	34.187085
450.000000	34.268862
451.000000	34.393358
452.000000	34.338497
453.000000	34.184827
454.000000	34.448863
455.000000	34.269931
456.000000	34.309222
457.000000	34.280158
458.000000	34.534193
459.000000	34.361788
460.000000	34.362089
461.000000	34.376292
462.000000	34.429538
463.000000	34.459896
464.000000	34.506950
465.000000	34.347309
466.000000	34.245898
467.000000	34.268808
468.000000	34.475387
469.000000	34.318391
470.000000	34.491375
471.000000	34.427516
472.000000	34.377859
473.000000	34.437333
474.000000	34.514299
475.000000	34.454059
476.000000	34.540083
477.000000	34.501289
478.000000	34.514235
479.000000	34.371895
480.000000	34.563959
481.000000	34.574492
482.000000	34.542657
483.000000	34.534923
484.000000	34.515186
485.000000	34.635532
486.000000	34.569135
487.000000	34.652710
488.000000	34.515656
489.000000	34.731475
490.000000	34.623464
491.000000	34.506651
492.000000	34.563691
493.000000	34.767368
494.000000	34.589085
495.000000	34.567493
496.000000	34.653042
497.000000	34.517537
498.000000	34.624723
499.000000	34.575885
500.000000	34.737115
501.000000	34.580681
502.000000	34.495696
503.000000	34.602144
504.000000	34.587078
505.000000	34.608110
506.000000	34.599988
507.000000	34.690047
508.000000	34.731524
509.000000	34.605500
510.000000	34.803791
511.000000	34.737461
512.000000	34.738148
513.000000	34.732790
514.000000	34.702505
515.000000	34.693003
516.000000	34.710159
517.000000	34.749355
518.000000	34.904517
519.000000	34.830628
520.000000	34.732419
521.000000	34.725460
522.000000	34.774605
523.000000	34.848575
524.000000	34.794664
525.000000	34.781507
526.000000	34.870221
527.000000	34.622808
528.000000	34.917728
529.000000	34.818854
530.000000	34.931648
531.000000	34.956121
532.000000	35.101136
533.000000	34.901238
534.000000	34.768767
535.000000	35.016094
536.000000	34.985801
537.000000	34.997329
538.000000	35.168192
539.000000	35.001817
540.000000	35.086314
541.000000	35.168610
542.000000	35.048164
543.000000	35.083983
544.000000	34.956716
545.000000	34.999517
546.000000	34.957061
547.000000	34.926059
548.000000	34.974232
549.000000	34.972741
550.000000	34.960512
551.000000	35.024343
552.000000	35.098503
553.000000	34.995037
554.000000	35.046185
555.000000	35.132334
556.000000	35.105251
557.000000	35.119527
558.000000	35.029637
559.000000	35.024066
560.000000	35.112708
561.000000	35.010076
562.000000	35.082518
563.000000	35.156480
564.000000	35.030954
565.000000	34.987110
566.000000	35.114851
567.000000	35.319077
568.000000	34.897212
569.000000	35.043667
570.000000	34.985693
571.000000	35.017396
572.000000	35.133793
573.000000	35.008836
574.000000	34.957023
575.000000	35.144203
576.000000	35.168253
577.000000	35.134291
578.000000	35.131820
579.000000	35.030833
580.000000	35.014146
581.000000	35.136800
582.000000	34.992245
583.000000	35.239549
584.000000	35.144007
585.000000	35.027875
586.000000	35.065814
587.000000	35.233329
588.000000	35.087049
589.000000	35.169096
590.000000	35.200150
591.000000	35.097847
592.000000	35.211159
593.000000	35.084653
594.000000	35.159456
595.000000	35.124618
596.000000	35.226884
597.000000	35.067819
598.000000	35.263704
599.000000	35.135042
600.000000	35.150869
601.000000	35.350599
602.000000	35.213223
603.000000	35.126044
604.000000	35.094699
605.000000	35.190914
606.000000	35.111806
607.000000	35.071616
608.000000	35.122690
609.000000	35.164920
610.000000	35.197465
611.000000	35.189234
612.000000	35.274337
613.000000	35.121931
614.000000	35.224256
615.000000	35.188044
616.000000	35.214645
617.000000	35.117284
618.000000	35.259755
619.000000	35.246897
620.000000	35.220056
621.000000	35.256620
622.000000	35.446394
623.000000	35.244347
624.000000	35.253228
625.000000	35.255839
626.000000	35.117644
627.000000	35.284648
628.000000	35.150861
629.000000	35.175627
630.000000	35.148735
631.000000	35.113040
632.000000	35.218260
633.000000	35.175029
634.000000	35.169685
635.000000	35.203860
636.000000	35.187866
637.000000	35.233035
638.000000	35.212793
639.000000	35.176141
640.000000	35.343431
641.000000	35.259417
642.000000	35.236420
643.000000	35.220616
644.000000	35.385397
645.000000	35.242255
646.000000	35.255654
647.000000	35.197401
648.000000	35.298081
649.000000	35.117437
650.000000	35.402637
651.000000	35.247154
652.000000	35.201525
653.000000	35.297322
654.000000	35.266204
655.000000	35.347492
656.000000	35.273427
657.000000	35.257411
658.000000	35.187572
659.000000	35.209282
660.000000	35.379372
661.000000	35.178318
662.000000	35.314964
663.000000	35.215307
664.000000	35.335051
665.000000	35.213079
666.000000	35.239234
667.000000	35.235513
668.000000	35.234241
669.000000	35.230462
670.000000	35.266684
671.000000	35.384060
672.000000	35.321041
673.000000	35.225704
674.000000	35.314272
675.000000	35.271495
676.000000	35.310362
677.000000	35.112839
678.000000	35.262613
679.000000	35.251422
680.000000	35.241058
681.000000	35.227417
682.000000	35.277578
683.000000	35.183148
684.000000	35.325400
685.000000	35.236614
686.000000	35.306951
687.000000	35.376198
688.000000	35.110481
689.000000	35.192301
690.000000	35.268984
691.000000	35.173267
692.000000	35.239247
693.000000	35.163940
694.000000	35.181469
695.000000	34.998897
696.000000	35.122501
697.000000	35.214014
698.000000	35.023429
699.000000	35.108802
700.000000	35.105719
701.000000	35.074154
702.000000	34.941376
703.000000	35.087246
704.000000	34.815052
705.000000	34.978439
706.000000	35.041034
707.000000	34.943599
708.000000	35.102043
709.000000	35.028848
710.000000	35.121708
711.000000	35.019025
712.000000	35.075918
713.000000	35.140319
714.000000	34.959924
715.000000	35.224824
716.000000	34.997432
717.000000	35.041226
718.000000	35.013997
719.000000	35.032681
720.000000	35.011045
721.000000	35.042843
722.000000	34.878932
723.000000	35.102741
724.000000	35.086447
725.000000	34.950030
726.000000	34.972961
727.000000	35.026083
728.000000	35.035768
729.000000	34.923999
730.000000	35.003379
731.000000	35.015645
732.000000	35.014710
733.000000	34.874717
734.000000	35.048021
735.000000	34.958534
736.000000	34.975793
737.000000	34.878124
738.000000	34.914857
739.000000	35.001838
740.000000	35.038265
741.000000	34.973806
742.000000	34.825143
743.000000	34.880728
744.000000	34.650427
745.000000	34.941387
746.000000	34.868112
747.000000	34.893244
748.000000	34.833251
749.000000	34.782768
750.000000	34.854553
751.000000	34.913486
752.000000	34.867192
753.000000	34.782148
754.000000	34.685591
755.000000	34.800534
756.000000	34.770059
757.000000	34.626908
758.000000	34.762025
759.000000	34.758399
760.000000	34.777633
761.000000	34.670308
762.000000	34.647194
763.000000	34.843818
764.000000	34.726668
765.000000	34.735361
766.000000	34.728424
767.000000	34.662568
768.000000	34.583036
769.000000	34.517729
770.000000	34.542518
771.000000	34.694156
772.000000	34.456816
773.000000	34.576867
774.000000	34.502269
775.000000	34.553089
776.000000	34.529749
777.000000	34.492972
778.000000	34.609274
779.000000	34.516920
780.000000	34.618507
781.000000	34.674312
782.000000	34.535737
783.000000	34.576906
784.000000	34.550050
785.000000	34.625651
786.000000	34.346849
787.000000	34.400343
788.000000	34.473165
789.000000	34.488633
790.000000	34.673642
791.000000	34.488312
792.000000	34.671953
793.000000	34.472457
794.000000	34.414679
795.000000	34.493577
796.000000	34.497553
797.000000	34.547495
798.000000	34.342268
799.000000	34.443481
800.000000	34.442744
801.000000	34.401831
802.000000	34.327729
803.000000	34.396553
804.000000	34.374798
805.000000	34.356971
806.000000	34.286049
807.000000	34.383864
808.000000	34.402709
809.000000	34.323856
810.000000	34.419940
811.000000	34.521987
812.000000	34.455788
813.000000	34.500466
814.000000	34.378851
815.000000	34.411600
816.000000	34.231797
817.000000	34.312441
818.000000	34.222046
819.000000	34.168581
820.000000	34.358151
821.000000	34.243085
822.000000	34.249481
823.000000	34.224028
824.000000	34.326441
825.000000	34.215886
826.000000	34.267114
827.000000	34.272312
828.000000	34.294987
829.000000	34.072874
830.000000	34.268482
831.000000	34.301801
832.000000	34.225112
833.000000	34.128299
834.000000	34.258906
835.000000	34.064185
836.000000	34.409756
837.000000	34.313286
838.000000	34.160947
839.000000	34.419529
840.000000	34.364662
841.000000	34.167680
842.000000	34.180159
843.000000	34.222008
844.000000	34.199954
845.000000	34.451089
846.000000	34.151702
847.000000	34.248471
848.000000	34.206425
849.000000	34.279977
850.000000	34.285673
851.000000	34.161513
852.000000	34.385651
853.000000	34.293780
854.000000	34.397698
855.000000	34.184256
856.000000	34.368599
857.000000	34.155550
858.000000	34.362707
859.000000	34.251676
860.000000	34.296714
861.000000	34.268453
862.000000	34.172050
863.000000	34.292839
864.000000	34.151172
865.000000	34.197570
866.000000	34.380268
867.000000	34.268864
868.000000	34.251876
869.000000	34.156758
870.000000	34.364129
871.000000	34.362710
872.000000	34.161518
873.000000	34.364589
874.000000	34.355722
875.000000	34.392398
876.000000	34.429978
877.000000	34.252660
878.000000	34.287032
879.000000	34.483341
880.000000	34.265505
881.000000	34.244818
882.000000	34.289635
883.000000	34.377260
884.000000	34.322896
885.000000	34.353467
886.000000	34.342239
887.000000	34.477210
888.000000	34.391223
889.000000	34.449886
890.000000	34.468527
891.000000	34.390873
892.000000	34.509032
893.000000	34.534792
894.000000	34.416860
895.000000	34.476672
896.000000	34.439837
897.000000	34.509910
898.000000	34.370100
899.000000	34.411598
900.000000	34.553018
901.000000	34.577046
902.000000	34.457097
903.000000	34.441402
904.000000	34.675848
905.000000	34.493071
906.000000	34.636024
907.000000	34.528553
908.000000	34.537610
909.000000	34.692033
910.000000	34.529395
911.000000	34.483576
912.000000	34.523013
913.000000	34.427465
914.000000	34.447187
915.000000	34.638139
916.000000	34.434703
917.000000	34.376845
918.000000	34.446048
919.000000	34.451816
920.000000	34.469953
921.000000	34.452782
922.000000	34.382708
923.000000	34.372994
924.000000	34.375603
925.000000	34.296847
926.000000	34.379837
927.000000	34.477542
928.000000	34.365802
929.000000	34.284340
930.000000	34.209260
931.000000	34.413157
932.000000	34.286548
933.000000	34.266746
934.000000	34.204494
935.000000	34.424167
936.000000	34.439913
937.000000	34.248348
938.000000	34.404006
939.000000	34.279320
940.000000	34.414314
941.000000	34.377216
942.000000	34.513796
943.000000	34.180681
944.000000	34.342004
945.000000	34.298877
946.000000	34.163942
947.000000	34.409265
948.000000	34.476582
949.000000	34.349930
950.000000	34.355881
951.000000	34.288973
952.000000	34.413739
953.000000	34.221663
954.000000	34.240939
955.000000	34.287278
956.000000	34.389377
957.000000	34.289713
958.000000	34.344406
959.000000	34.314647
960.000000	34.392221
961.000000	34.403259
962.000000	34.226585
963.000000	34.203529
964.000000	34.387887
965.000000	34.313779
966.000000	34.316353
967.000000	34.387508
968.000000	34.320293
969.000000	34.302361
970.000000	34.345550
971.000000	34.144862
972.000000	34.219029
973.000000	34.255827
974.000000	34.248627
975.000000	34.173292
976.000000	34.160865
977.000000	34.380822
978.000000	33.996917
979.000000	34.151713
980.000000	34.302687
981.000000	34.051721
982.000000	34.176736
983.000000	34.040420
984.000000	34.053366
985.000000	34.315597
986.000000	33.978608
987.000000	34.066189
988.000000	34.025611
989.000000	34.093170
990.000000	34.136607
991.000000	33.987791
992.000000	34.052242
993.000000	34.014333
994.000000	33.893265
995.000000	33.865525
996.000000	33.920452
997.000000	33.901732
998.000000	33.942002
999.000000	33.963099
1000.000000	33.786396
1001.000000	33.956726
1002.000000	34.055527
1003.000000	33.870797
1004.000000	33.928378
1005.000000	33.989585
1006.000000	33.745637
1007.000000	33.941690
1008.000000	33.829102
1009.000000	33.797019
1010.000000	33.871640
1011.000000	33.734637
1012.000000	33.770361
1013.000000	33.962620
1014.000000	33.727985
1015.000000	34.069391
1016.000000	33.926079
1017.000000	33.945136
1018.000000	34.010699
1019.000000	33.987512
1020.000000	34.023953
1021.000000	33.819852
1022.000000	33.853675
1023.000000	33.936036
1024.000000	33.930225
1025.000000	33.959590
1026.000000	33.796205
1027.000000	33.845803
1028.000000	33.832236
1029.000000	33.912485
1030.000000	34.001054
1031.000000	33.796331
1032.000000	33.748048
1033.000000	33.792120
1034.000000	33.879562
1035.000000	33.975689
1036.000000	33.860711
1037.000000	33.950755
1038.000000	33.892494
1039.000000	33.882948
1040.000000	33.878921
1041.000000	33.799666
1042.000000	33.649089
1043.000000	33.907737
1044.000000	33.867693
1045.000000	33.846766
1046.000000	33.890355
1047.000000	34.037088
1048.000000	33.844068
1049.000000	33.779521
1050.000000	33.826248
1051.000000	33.966088
1052.000000	33.939414
1053.000000	33.937213
1054.000000	33.928317
1055.000000	33.868457
1056.000000	34.026089
1057.000000	33.783749
1058.000000	33.871052
1059.000000	33.779590
1060.000000	33.762683
1061.000000	33.818677
1062.000000	33.806879
1063.000000	33.721959
1064.000000	33.874145
1065.000000	33.897626
1066.000000	33.859351
1067.000000	33.787443
1068.000000	33.731471
1069.000000	33.685520
1070.000000	33.818102
1071.000000	33.738409
1072.000000	33.760865
1073.000000	33.703431
1074.000000	33.890785
1075.000000	33.903016
1076.000000	33.899317
1077.000000	33.606546
1078.000000	33.940677
1079.000000	33.720823
1080.000000	33.830349
1081.000000	33.719501
1082.000000	33.712067
1083.000000	33.829984
1084.000000	33.690217
1085.000000	33.783260
1086.000000	33.757068
1087.000000	33.832989
1088.000000	33.789612
1089.000000	33.674699
1090.000000	33.740052
1091.000000	33.642515
1092.000000	33.844007
1093.000000	33.752179
1094.000000	33.933715
1095.000000	33.820265
1096.000000	33.941055
1097.000000	33.809066
1098.000000	33.814169
1099.000000	33.821442
1100.000000	33.753431
1101.000000	33.717561
1102.000000	33.780252
1103.000000	33.846326
1104.000000	33.775149
1105.000000	33.755421
1106.000000	33.778038
1107.000000	33.774405
1108.000000	34.039172
1109.000000	33.791298
1110.000000	33.873215
1111.000000	33.721592
1112.000000	33.955240
1113.000000	33.783931
1114.000000	33.789209
1115.000000	33.801527
1116.000000	33.810767
1117.000000	33.688274
1118.000000	33.904510
1119.000000	33.845226
1120.000000	33.794401
1121.000000	33.781646
1122.000000	33.886485
1123.000000	33.933510
1124.000000	33.850549
1125.000000	33.649907
1126.000000	33.765879
1127.000000	33.869754
1128.000000	33.823774
1129.000000	33.832495
1130.000000	33.644140
1131.000000	33.856049
1132.000000	33.941744
1133.000000	33.903045
1134.000000	33.758665
1135.000000	33.683696
1136.000000	33.699069
1137.000000	33.799529
1138.000000	33.618074
1139.000000	33.756474
1140.000000	33.719055
1141.000000	33.749085
1142.000000	33.817177
1143.000000	33.935306
1144.000000	33.639026
1145.000000	33.883779
1146.000000	33.737916
1147.000000	33.936287
1148.000000	33.880044
1149.000000	33.932756
1150.000000	33.901259
1151.000000	33.920901
1152.000000	33.883927
1153.000000	33.825038
1154.000000	33.825250
1155.000000	33.824454
1156.000000	33.892685
1157.000000	33.953811
1158.000000	33.702992
1159.000000	33.721566
1160.000000	33.877489
1161.000000	33.901502
1162.000000	33.954207
1163.000000	33.906437
1164.000000	33.850420
1165.000000	33.996153
1166.000000	33.991138
1167.000000	33.939874
1168.000000	33.850158
1169.000000	33.895539
1170.000000	33.964188
1171.000000	33.850079
1172.000000	33.931695
1173.000000	33.852206
1174.000000	33.713156
1175.000000	33.929854
1176.000000	33.882105
1177.000000	33.949840
1178.000000	34.090432
1179.000000	33.844247
1180.000000	33.910784
1181.000000	33.799497
1182.000000	33.879877
1183.000000	33.907436
1184.000000	33.954622
1185.000000	33.865514
1186.000000	33.913804
1187.000000	33.891414
1188.000000	34.070895
1189.000000	33.911458
1190.000000	33.926525
1191.000000	33.993031
1192.000000	34.011042
1193.000000	33.982621
1194.000000	33.965976
1195.000000	33.977140
1196.000000	33.924252
1197.000000	33.953463
1198.000000	33.889486
1199.000000	33.963726
1200.000000	33.996877
1201.000000	33.911942
1202.000000	34.012740
1203.000000	34.069882
1204.000000	33.961541
1205.000000	34.034830
1206.000000	33.846957
1207.000000	33.986870
1208.000000	34.106863
1209.000000	33.975861
1210.000000	33.930247
1211.000000	34.039421
1212.000000	34.113851
1213.000000	33.879552
1214.000000	34.005349
1215.000000	33.781416
1216.000000	34.022754
1217.000000	33.855627
1218.000000	33.951796
1219.000000	34.088018
1220.000000	33.925722
1221.000000	33.990181
1222.000000	34.072396
1223.000000	34.017133
1224.000000	34.013397
1225.000000	34.059319
1226.000000	33.744537
1227.000000	33.897074
1228.000000	33.991256
1229.000000	33.695780
1230.000000	33.928690
1231.000000	33.852739
1232.000000	33.879179
1233.000000	33.922264
1234.000000	33.879457
1235.000000	34.013434
1236.000000	33.922264
1237.000000	33.898609
1238.000000	34.004421
1239.000000	33.936935
1240.000000	33.955334
1241.000000	33.772191
1242.000000	33.916095
1243.000000	33.733528
1244.000000	33.873068
1245.000000	34.065291
1246.000000	33.647687
1247.000000	33.716372
1248.000000	33.842249
1249.000000	33.845510
1250.000000	33.823923
1251.000000	33.710516
1252.000000	33.667519
1253.000000	33.799647
1254.000000	33.819830
1255.000000	33.671679
1256.000000	33.673565
1257.000000	33.791050
1258.000000	33.819508
1259.000000	33.786577
1260.000000	33.925415
1261.000000	33.695290
1262.000000	33.948193
1263.000000	33.905897
1264.000000	33.805853
1265.000000	33.867169
1266.000000	33.878945
1267.000000	33.911701
1268.000000	33.790597
1269.000000	33.915027
1270.000000	33.820151
1271.000000	33.937637
1272.000000	33.938200
1273.000000	33.949691
1274.000000	33.790444
1275.000000	33.889135
1276.000000	33.962805
