0.0	31.6858154296875
1.0	31.784091186523437
2.0	31.83367919921875
3.0	31.858657836914062
4.0	31.843023681640624
5.0	31.838751220703124
6.0	31.738693237304688
7.0	31.833901977539064
8.0	31.774258422851563
9.0	31.826876831054687
10.0	31.715676879882814
11.0	31.769937133789064
12.0	31.776507568359374
13.0	31.83016357421875
14.0	31.693951416015626
15.0	31.7950927734375
16.0	31.817929077148438
17.0	31.726202392578124
18.0	31.87566223144531
19.0	31.906680297851562
20.0	31.866543579101563
21.0	31.790872192382814
22.0	31.79197998046875
23.0	31.88642272949219
24.0	31.888125610351562
25.0	31.874658203125
26.0	31.858230590820312
27.0	31.813702392578126
28.0	31.735699462890626
29.0	31.715914916992187
30.0	31.8890869140625
31.0	31.883645629882814
32.0	31.90198669433594
33.0	31.8192138671875
34.0	31.86125793457031
35.0	31.908523559570312
36.0	31.861959838867186
37.0	31.812588500976563
38.0	31.84302978515625
39.0	31.824075317382814
40.0	31.777301025390624
41.0	31.85572509765625
42.0	31.884707641601562
43.0	31.85210266113281
44.0	31.86072692871094
45.0	31.897335815429688
46.0	31.877960205078125
47.0	31.809478759765625
48.0	31.88973388671875
49.0	31.88153991699219
50.0	31.81771240234375
51.0	31.77245178222656
52.0	31.891622924804686
53.0	31.847503662109375
54.0	31.9449951171875
55.0	31.813821411132814
56.0	31.890481567382814
57.0	31.945355224609376
58.0	31.827838134765624
59.0	31.862210083007813
60.0	31.865399169921876
61.0	31.900823974609374
62.0	31.981649780273436
63.0	31.86298522949219
64.0	31.954608154296874
65.0	31.944253540039064
66.0	31.96619567871094
67.0	31.925192260742186
68.0	31.951681518554686
69.0	31.933798217773436
70.0	31.914947509765625
71.0	31.938983154296874
72.0	31.91134033203125
73.0	31.93505859375
74.0	32.02262878417969
75.0	31.999301147460937
76.0	31.857635498046875
77.0	31.960189819335938
78.0	31.95429382324219
79.0	32.04937744140625
80.0	32.022265625
81.0	31.81501159667969
82.0	31.916156005859374
83.0	32.0555419921875
84.0	31.967984008789063
85.0	31.944393920898438
86.0	31.959442138671875
87.0	32.00928955078125
88.0	32.03165893554687
89.0	31.895599365234375
90.0	31.928439331054687
91.0	32.02748107910156
92.0	32.007687377929685
93.0	32.05010986328125
94.0	31.910867309570314
95.0	32.0832275390625
96.0	31.963418579101564
97.0	31.95569763183594
98.0	31.957269287109376
99.0	32.02976989746094
100.0	31.92181396484375
101.0	31.93040771484375
102.0	32.02064208984375
103.0	31.967303466796874
104.0	32.04185485839844
105.0	32.01802062988281
106.0	31.969500732421874
107.0	32.12205810546875
108.0	31.977133178710936
109.0	31.928512573242188
110.0	32.064450073242185
111.0	31.87816467285156
112.0	31.967559814453125
113.0	32.143411254882814
114.0	31.995071411132812
115.0	31.90723571777344
116.0	32.02183227539062
117.0	31.9950927734375
118.0	32.019937133789064
119.0	32.13944091796875
120.0	32.109423828125
121.0	38.01968688964844
122.0	38.81773376464844
123.0	38.94302673339844
124.0	38.93088989257812
125.0	38.91331481933594
126.0	38.99976806640625
127.0	39.089300537109374
128.0	38.99825744628906
129.0	38.931951904296874
130.0	38.97868957519531
131.0	38.99626770019531
132.0	39.05378723144531
133.0	38.9655517578125
134.0	38.87047424316406
135.0	38.91240539550781
136.0	38.976995849609374
137.0	39.0844970703125
138.0	38.97877807617188
139.0	38.93955993652344
140.0	39.02161865234375
141.0	38.972903442382815
142.0	38.93888549804687
143.0	38.95014343261719
144.0	39.01640014648437
145.0	38.851385498046874
146.0	39.09560546875
147.0	38.88023986816406
148.0	38.90732421875
149.0	38.96076354980469
150.0	38.96566467285156
151.0	39.022979736328125
152.0	38.84342651367187
153.0	38.77896728515625
154.0	39.0255126953125
155.0	39.0168212890625
156.0	39.10185852050781
157.0	38.84849853515625
158.0	39.077886962890624
159.0	39.069540405273436
160.0	38.7837158203125
161.0	39.05723571777344
162.0	38.972509765625
163.0	38.88236999511719
164.0	39.04216613769531
165.0	38.99482727050781
166.0	38.977490234375
167.0	38.980657958984374
168.0	38.963845825195314
169.0	38.97060852050781
170.0	39.00307006835938
171.0	39.07620849609375
172.0	39.09134521484375
173.0	38.798623657226564
174.0	38.878237915039065
175.0	38.95875549316406
176.0	39.089605712890624
177.0	39.08869934082031
178.0	39.01167297363281
179.0	39.0484375
180.0	39.07401733398437
181.0	38.98362731933594
182.0	38.97549133300781
183.0	38.98017272949219
184.0	39.10276489257812
185.0	38.973419189453125
186.0	39.018008422851565
187.0	39.055728149414065
188.0	39.10332336425781
189.0	39.07524719238281
190.0	39.01157836914062
191.0	39.03200073242188
192.0	38.960504150390626
193.0	38.86009216308594
194.0	39.02578430175781
195.0	39.106625366210935
196.0	38.94866027832031
197.0	39.11588134765625
198.0	39.09219055175781
199.0	38.986026000976565
200.0	39.0149169921875
201.0	39.08382873535156
202.0	39.051431274414064
203.0	39.01168212890625
204.0	39.09876708984375
205.0	38.958316040039065
206.0	39.09390563964844
207.0	39.05998840332031
208.0	39.093344116210936
209.0	39.077685546875
210.0	39.01959228515625
211.0	39.11553955078125
212.0	39.07308349609375
213.0	39.10550231933594
214.0	39.03770751953125
215.0	39.038726806640625
216.0	39.17173461914062
217.0	39.0329345703125
218.0	39.13790588378906
219.0	39.07821350097656
220.0	39.02731628417969
221.0	39.065371704101565
222.0	39.15831604003906
223.0	39.08702087402344
224.0	39.14725036621094
225.0	39.13905334472656
226.0	39.073370361328124
227.0	39.08365478515625
228.0	39.162530517578126
229.0	39.091827392578125
230.0	39.14439392089844
231.0	39.200750732421874
232.0	38.977734375
233.0	39.11484375
234.0	39.216375732421874
235.0	39.218283081054686
236.0	39.143148803710936
237.0	39.21214294433594
238.0	39.226416015625
239.0	39.24659423828125
240.0	39.21857604980469
241.0	39.18482666015625
242.0	39.220098876953124
243.0	39.25925903320312
244.0	39.173214721679685
245.0	39.266046142578126
246.0	39.23648376464844
247.0	39.09638977050781
248.0	39.31827087402344
249.0	39.19003601074219
250.0	39.209320068359375
251.0	39.13789672851563
252.0	39.197882080078124
253.0	39.21744384765625
254.0	39.147543334960936
255.0	39.134152221679685
256.0	39.19563293457031
257.0	39.334588623046876
258.0	39.24221496582031
259.0	39.281927490234374
260.0	39.09931335449219
261.0	39.257748413085935
262.0	39.310787963867185
263.0	39.25362854003906
264.0	39.364593505859375
265.0	39.271505737304686
266.0	39.304052734375
267.0	39.27200012207031
268.0	39.281500244140624
269.0	39.30881042480469
270.0	39.229940795898436
271.0	39.32991333007813
272.0	39.13765869140625
273.0	39.239846801757814
274.0	39.172140502929686
275.0	39.28189697265625
276.0	39.11300048828125
277.0	39.170101928710935
278.0	39.25299072265625
279.0	39.329226684570315
280.0	39.269354248046874
281.0	39.289251708984374
282.0	39.301718139648436
283.0	39.34599914550781
284.0	39.361019897460935
285.0	39.356625366210935
286.0	39.3784912109375
287.0	39.39799499511719
288.0	39.22892456054687
289.0	39.29720458984375
290.0	39.25625
291.0	39.29518127441406
292.0	39.30581970214844
293.0	39.21815795898438
294.0	39.2272705078125
295.0	39.28047180175781
296.0	39.33943481445313
297.0	39.397698974609376
298.0	39.383782958984376
299.0	39.443719482421876
300.0	39.53117980957031
301.0	39.500729370117185
302.0	39.420526123046876
303.0	39.387451171875
304.0	39.464111328125
305.0	39.418829345703124
306.0	39.537759399414064
307.0	39.49083251953125
308.0	39.64310913085937
309.0	39.560305786132815
310.0	39.438412475585935
311.0	39.357730102539065
312.0	39.555929565429686
313.0	39.451962280273435
314.0	39.52049560546875
315.0	39.44111633300781
316.0	39.50776977539063
317.0	39.57784729003906
318.0	39.54249877929688
319.0	39.529656982421876
320.0	39.61453857421875
321.0	39.56028442382812
322.0	39.504608154296875
323.0	39.59681396484375
324.0	39.61692810058594
325.0	39.49531555175781
326.0	39.51279907226562
327.0	39.606893920898436
328.0	39.57689208984375
329.0	39.46864318847656
330.0	39.42971496582031
331.0	39.42312927246094
332.0	39.455545043945314
333.0	39.4235595703125
334.0	39.37264709472656
335.0	39.37065124511719
336.0	39.428445434570314
337.0	39.36197204589844
338.0	39.37106018066406
339.0	39.39859619140625
340.0	39.39492492675781
341.0	39.37203369140625
342.0	39.30452880859375
343.0	39.215478515625
344.0	39.2449951171875
345.0	39.32603454589844
346.0	39.26124877929688
347.0	39.2879638671875
348.0	39.20529479980469
349.0	39.177099609375
350.0	39.104486083984376
351.0	39.204428100585936
352.0	39.126773071289065
353.0	39.12062377929688
354.0	39.12247314453125
355.0	39.226809692382815
356.0	39.26477966308594
357.0	39.149713134765626
358.0	39.21565246582031
359.0	39.17843933105469
360.0	39.143429565429685
361.0	39.111959838867186
362.0	39.13985900878906
363.0	39.13453369140625
364.0	39.19556884765625
365.0	39.13468017578125
366.0	39.05702514648438
367.0	39.1261962890625
368.0	39.066690063476564
369.0	39.06647644042969
370.0	39.0933837890625
371.0	39.036904907226564
372.0	39.03557434082031
373.0	39.06283264160156
374.0	39.10612487792969
375.0	39.0216796875
376.0	39.173095703125
377.0	39.035092163085935
378.0	39.05228271484375
379.0	38.990231323242185
380.0	39.08292236328125
381.0	38.953070068359374
382.0	39.052618408203124
383.0	38.94670104980469
384.0	38.91368103027344
385.0	38.938699340820314
386.0	38.998043823242185
387.0	39.018212890625
388.0	39.009429931640625
389.0	38.947119140625
390.0	38.84569396972656
391.0	38.871768188476565
392.0	38.95645751953125
393.0	39.00499267578125
394.0	38.965756225585935
395.0	39.02360229492187
396.0	38.95704650878906
397.0	38.98043212890625
398.0	39.00679321289063
399.0	38.91842956542969
400.0	39.01712341308594
401.0	38.93179931640625
402.0	38.92222595214844
403.0	38.8632568359375
404.0	38.970709228515624
405.0	38.87782592773438
406.0	38.97713928222656
407.0	38.844357299804685
408.0	38.84520263671875
409.0	38.95690002441406
410.0	39.00592041015625
411.0	38.87931518554687
412.0	38.859396362304686
413.0	38.8794921875
414.0	39.05419006347656
415.0	39.02504272460938
416.0	38.976138305664065
417.0	39.13717346191406
418.0	39.09932861328125
419.0	38.992410278320314
420.0	39.07105407714844
421.0	38.99754943847656
422.0	39.0406982421875
423.0	39.022698974609376
424.0	39.09090881347656
425.0	39.06729736328125
426.0	39.1742919921875
427.0	38.991757202148435
428.0	39.00914001464844
429.0	39.11260070800781
430.0	39.03489990234375
431.0	38.94636535644531
432.0	38.997900390625
433.0	38.9650390625
434.0	39.07686767578125
435.0	38.99435119628906
436.0	39.258050537109376
437.0	39.055624389648436
438.0	39.03493957519531
439.0	39.01171875
440.0	39.128729248046874
441.0	39.07293701171875
442.0	39.086996459960936
443.0	39.184234619140625
444.0	39.231494140625
445.0	39.07957458496094
446.0	39.18647766113281
447.0	39.057797241210935
448.0	39.13742370605469
449.0	39.23249206542969
450.0	39.21933288574219
451.0	39.13892517089844
452.0	39.26618347167969
453.0	39.193850708007815
454.0	39.391241455078124
455.0	39.24495239257813
456.0	39.346875
457.0	39.33796081542969
458.0	39.356832885742186
459.0	39.37303466796875
460.0	39.339288330078126
461.0	39.452999877929685
462.0	39.47217712402344
463.0	39.317724609375
464.0	39.423117065429686
465.0	39.42423706054687
466.0	39.32935485839844
467.0	39.286154174804686
468.0	39.22319641113281
469.0	39.4029296875
470.0	39.2790283203125
471.0	39.48912353515625
472.0	39.34538269042969
473.0	39.50361633300781
474.0	39.37767028808594
475.0	39.449652099609374
476.0	39.452813720703126
477.0	39.49653625488281
478.0	39.389764404296876
479.0	39.495687866210936
480.0	39.45743408203125
481.0	39.356109619140625
482.0	39.441751098632814
483.0	39.42274475097656
484.0	39.362063598632815
485.0	39.52010498046875
486.0	39.404669189453124
487.0	39.48399658203125
488.0	39.3022705078125
489.0	39.375830078125
490.0	39.44996948242188
491.0	39.452694702148435
492.0	39.433773803710935
493.0	39.277059936523436
494.0	39.42518920898438
495.0	39.40296325683594
496.0	39.24424743652344
497.0	39.393011474609374
498.0	39.44597473144531
499.0	39.31726989746094
500.0	39.472592163085935
501.0	39.474160766601564
502.0	39.483251953125
503.0	39.41258850097656
504.0	39.466986083984374
505.0	39.48624267578125
506.0	39.41468505859375
507.0	39.36447448730469
508.0	39.36418151855469
509.0	39.432733154296876
510.0	39.394781494140624
511.0	39.44507751464844
512.0	39.4571533203125
513.0	39.4197509765625
514.0	39.487921142578124
515.0	39.30858459472656
516.0	39.437258911132815
517.0	39.49398193359375
518.0	39.4008056640625
519.0	39.48271789550781
520.0	39.61295776367187
521.0	39.48411560058594
522.0	39.50388793945312
523.0	39.418359375
524.0	39.47841796875
525.0	39.38280029296875
526.0	39.46522827148438
527.0	39.531289672851564
528.0	39.456600952148435
529.0	39.47349853515625
530.0	39.435296630859376
531.0	39.399163818359376
532.0	39.458554077148435
533.0	39.40446166992187
534.0	39.448751831054686
535.0	39.4026611328125
536.0	39.540036010742185
537.0	39.4297607421875
538.0	39.544027709960936
539.0	39.395285034179686
540.0	39.491574096679685
541.0	39.413507080078126
542.0	39.52377624511719
543.0	39.51163940429687
544.0	39.427163696289064
545.0	39.41889343261719
546.0	39.4207763671875
547.0	39.44368286132813
548.0	39.363870239257814
549.0	39.42189331054688
550.0	39.37577819824219
551.0	39.30855712890625
552.0	39.37496643066406
553.0	39.422323608398436
554.0	39.34528503417969
555.0	39.362631225585936
556.0	39.391134643554686
557.0	39.331109619140626
558.0	39.410928344726564
559.0	39.376922607421875
560.0	39.278594970703125
561.0	39.33995361328125
562.0	39.231137084960935
563.0	39.3646728515625
564.0	39.249166870117186
565.0	39.344418334960935
566.0	39.19808654785156
567.0	39.303628540039064
568.0	39.3697021484375
569.0	39.27853698730469
570.0	39.26065673828125
571.0	39.34709167480469
572.0	39.22999572753906
573.0	39.40792541503906
574.0	39.422445678710936
575.0	39.329827880859376
576.0	39.27644653320313
577.0	39.40702514648437
578.0	39.409219360351564
579.0	39.38702392578125
580.0	39.41938781738281
581.0	39.43089904785156
582.0	39.443365478515624
583.0	39.437939453125
584.0	39.519961547851565
585.0	39.481143188476565
586.0	39.63109436035156
587.0	39.392678833007814
588.0	39.46158447265625
589.0	39.462460327148435
590.0	39.45771179199219
591.0	39.54649047851562
592.0	39.45469360351562
593.0	39.39305114746094
594.0	39.47646789550781
595.0	39.441253662109375
596.0	39.490960693359376
597.0	39.61123046875
598.0	39.5229248046875
599.0	39.5406494140625
600.0	39.59129638671875
601.0	39.45072631835937
602.0	39.61248779296875
603.0	39.56905822753906
604.0	39.640960693359375
605.0	39.596258544921874
606.0	39.61314697265625
607.0	39.54972534179687
608.0	39.504730224609375
609.0	39.4797607421875
610.0	39.64047546386719
611.0	39.52108154296875
612.0	39.65532531738281
613.0	39.51061096191406
614.0	39.62175598144531
615.0	39.60301208496094
616.0	39.55447692871094
617.0	39.555178833007815
618.0	39.561187744140625
619.0	39.65089416503906
620.0	39.5771484375
621.0	39.62899169921875
622.0	39.61037902832031
623.0	39.62201843261719
624.0	39.57865905761719
625.0	39.67692565917969
626.0	39.62309875488281
627.0	39.56129760742188
628.0	39.624365234375
629.0	39.61737060546875
630.0	39.57735595703125
631.0	39.6674560546875
632.0	39.682473754882814
633.0	39.406674194335935
634.0	39.63291015625
635.0	39.61009826660156
636.0	39.622518920898436
637.0	39.70060424804687
638.0	39.580267333984374
639.0	39.72533264160156
640.0	39.622659301757814
641.0	39.72821044921875
642.0	39.532861328125
643.0	39.765927124023435
644.0	39.789956665039064
645.0	39.596047973632814
646.0	39.683233642578124
647.0	39.756097412109376
648.0	39.814309692382814
649.0	39.65638732910156
650.0	39.737127685546874
651.0	39.72153015136719
652.0	39.67272033691406
653.0	39.648193359375
654.0	39.65636291503906
655.0	39.71876525878906
656.0	39.788812255859376
657.0	39.855856323242186
658.0	39.730526733398435
659.0	39.82783508300781
660.0	39.8865966796875
661.0	39.7163330078125
662.0	39.65140075683594
663.0	39.698944091796875
664.0	39.821231079101565
665.0	39.778961181640625
666.0	39.689447021484376
667.0	39.8479736328125
668.0	39.96955261230469
669.0	39.65957336425781
670.0	39.87003784179687
671.0	39.81357116699219
672.0	39.77047424316406
673.0	39.873110961914065
674.0	39.83931274414063
675.0	39.74366149902344
676.0	39.89427185058594
677.0	39.76040954589844
678.0	39.798095703125
679.0	39.85299072265625
680.0	39.82132568359375
681.0	39.80863952636719
682.0	39.84688110351563
683.0	39.84847717285156
684.0	39.937521362304686
685.0	39.92318420410156
686.0	39.815008544921874
687.0	39.841061401367185
688.0	39.921923828125
689.0	39.9734375
690.0	39.93221435546875
691.0	39.935791015625
692.0	39.9058349609375
693.0	39.836526489257814
694.0	39.920590209960935
695.0	39.82832336425781
696.0	40.085079956054685
697.0	39.75059509277344
698.0	39.888824462890625
699.0	39.821197509765625
700.0	39.89870910644531
701.0	39.83475952148437
702.0	39.90263366699219
703.0	39.90740966796875
704.0	39.93477783203125
705.0	39.9491943359375
706.0	39.86658935546875
707.0	39.93759460449219
708.0	39.978329467773435
709.0	39.785379028320314
710.0	39.929910278320314
711.0	40.00605163574219
712.0	39.90031127929687
713.0	39.81929016113281
714.0	39.91691589355469
715.0	39.83714294433594
716.0	39.87199401855469
717.0	39.84615783691406
718.0	39.807684326171874
719.0	39.880255126953124
720.0	39.94761962890625
721.0	39.82591857910156
722.0	39.932046508789064
723.0	39.847442626953125
724.0	39.747805786132815
725.0	39.835671997070314
726.0	39.73408203125
727.0	39.81026611328125
728.0	39.89482421875
729.0	39.902444458007814
730.0	39.840902709960936
731.0	39.869293212890625
732.0	39.908746337890626
733.0	39.8224609375
734.0	39.87342834472656
735.0	39.88114929199219
736.0	39.851898193359375
737.0	39.81217956542969
738.0	39.82533264160156
739.0	39.85689697265625
740.0	39.830859375
741.0	39.82606506347656
742.0	39.82807922363281
743.0	39.89258728027344
744.0	39.77653503417969
745.0	39.817953491210936
746.0	39.73286743164063
747.0	39.75175170898437
748.0	39.96101379394531
749.0	39.80540771484375
750.0	39.81688232421875
751.0	39.897885131835935
752.0	39.94334411621094
753.0	39.80065002441406
754.0	39.895294189453125
755.0	39.82113342285156
756.0	39.807977294921876
757.0	39.785440063476564
758.0	39.87019653320313
759.0	39.90898132324219
760.0	39.83171081542969
761.0	39.810211181640625
762.0	39.9099609375
763.0	39.889767456054685
764.0	39.82368469238281
765.0	39.856982421875
766.0	39.80570678710937
767.0	39.8532958984375
768.0	39.81333923339844
769.0	39.811126708984375
770.0	39.8735595703125
771.0	39.84564208984375
772.0	39.797088623046875
773.0	39.8615478515625
774.0	39.80741577148437
775.0	39.82699890136719
776.0	39.85335083007813
777.0	39.79774475097656
778.0	39.99130554199219
779.0	39.82681884765625
780.0	39.8331787109375
781.0	39.93301086425781
782.0	39.77402954101562
783.0	39.975704956054685
784.0	39.96095581054688
785.0	39.94960021972656
786.0	39.88986511230469
787.0	39.87349853515625
788.0	39.835723876953125
789.0	39.80552978515625
790.0	39.881228637695315
791.0	39.935552978515624
792.0	39.98863525390625
793.0	39.8296630859375
794.0	39.86036987304688
795.0	39.822503662109376
796.0	39.869146728515624
797.0	39.8584716796875
798.0	39.93502502441406
799.0	39.870968627929685
800.0	39.93409118652344
801.0	39.92918701171875
802.0	39.901528930664064
803.0	39.880645751953125
804.0	39.77531433105469
805.0	39.871038818359374
806.0	39.96549682617187
807.0	39.99537048339844
808.0	39.878350830078126
809.0	39.75883178710937
810.0	39.82646179199219
811.0	39.94664611816406
812.0	39.860232543945315
813.0	39.85585021972656
814.0	39.762960815429686
815.0	39.868988037109375
816.0	39.89813232421875
817.0	39.857888793945314
818.0	39.86866149902344
819.0	39.94443054199219
820.0	39.93498229980469
821.0	39.728781127929686
822.0	39.90255126953125
823.0	39.81138610839844
824.0	39.74302978515625
825.0	39.77676696777344
826.0	39.764364624023436
827.0	39.77808837890625
828.0	39.74373168945313
829.0	39.86465148925781
830.0	39.80544738769531
831.0	39.88516845703125
832.0	39.872152709960936
833.0	39.76353759765625
834.0	39.682342529296875
835.0	39.822210693359374
836.0	39.788299560546875
837.0	39.75432434082031
838.0	39.80988464355469
839.0	39.775701904296874
840.0	39.822384643554685
841.0	39.787481689453124
842.0	39.95889587402344
843.0	39.82987670898437
844.0	39.84196472167969
845.0	39.763848876953126
846.0	39.796636962890624
847.0	39.829220581054685
848.0	39.87236328125
849.0	39.791928100585935
850.0	39.84828491210938
851.0	39.732260131835936
852.0	39.68479919433594
853.0	39.75404052734375
854.0	39.717620849609375
855.0	39.810794067382815
856.0	39.75845642089844
857.0	39.76638488769531
858.0	39.744711303710936
859.0	39.781716918945314
860.0	39.7188232421875
861.0	39.74254150390625
862.0	39.736019897460935
863.0	39.68418884277344
864.0	39.66571960449219
865.0	39.787548828125
866.0	39.724282836914064
867.0	39.782415771484374
868.0	39.692169189453125
869.0	39.641143798828125
870.0	39.71303100585938
871.0	39.592898559570315
872.0	39.734921264648435
873.0	39.72432250976563
874.0	39.6535888671875
875.0	39.58118591308594
876.0	39.79472351074219
877.0	39.55483703613281
878.0	39.692037963867186
879.0	39.6510498046875
880.0	39.69886474609375
881.0	39.69139099121094
882.0	39.64836120605469
883.0	39.80542907714844
884.0	39.563970947265624
885.0	39.670831298828126
886.0	39.66337280273437
887.0	39.59970397949219
888.0	39.544839477539064
889.0	39.61592407226563
890.0	39.62855224609375
891.0	39.59059448242188
892.0	39.71477355957031
893.0	39.755438232421874
894.0	39.50764770507813
895.0	39.507110595703125
896.0	39.55512390136719
897.0	39.53402099609375
898.0	39.641473388671876
899.0	39.53117370605469
900.0	39.46505126953125
901.0	39.63577880859375
902.0	39.47738037109375
903.0	39.53007507324219
904.0	39.603851318359375
905.0	39.55172424316406
906.0	39.392880249023435
907.0	39.52708129882812
908.0	39.58258972167969
909.0	39.494485473632814
910.0	39.466696166992186
911.0	39.454742431640625
912.0	39.521368408203124
913.0	39.506201171875
914.0	39.33572692871094
915.0	39.497412109375
916.0	39.5242431640625
917.0	39.63644714355469
918.0	39.396627807617186
919.0	39.44132080078125
920.0	39.441259765625
921.0	39.4065185546875
922.0	39.449502563476564
923.0	39.48789978027344
924.0	39.359564208984374
925.0	39.349237060546876
926.0	39.420632934570314
927.0	39.49308471679687
928.0	39.42274169921875
929.0	39.471090698242186
930.0	39.3275634765625
931.0	39.45201416015625
932.0	39.3963134765625
933.0	39.451113891601565
934.0	39.37344055175781
935.0	39.428244018554686
936.0	39.305859375
937.0	39.43192749023437
938.0	39.37184448242188
939.0	39.342578125
940.0	39.327029418945315
941.0	39.36402587890625
942.0	39.438516235351564
943.0	39.32373046875
944.0	39.305126953125
945.0	39.33414306640625
946.0	39.31863708496094
947.0	39.31586608886719
948.0	39.220770263671874
949.0	39.25572204589844
950.0	39.27061157226562
951.0	39.28031005859375
952.0	39.19192810058594
953.0	39.28431701660156
954.0	39.171026611328124
955.0	39.21658935546875
956.0	39.244729614257814
957.0	39.213986206054685
958.0	39.23001403808594
959.0	39.10146484375
960.0	39.13702392578125
961.0	39.17916259765625
962.0	39.136880493164064
963.0	39.170623779296875
964.0	39.199362182617186
965.0	39.0838623046875
966.0	39.20187683105469
967.0	39.24137573242187
968.0	39.238275146484376
969.0	39.285031127929685
970.0	39.13456726074219
971.0	39.086126708984374
972.0	39.26947937011719
973.0	39.02663879394531
974.0	39.01585388183594
975.0	39.220733642578125
976.0	39.162026977539064
977.0	39.055511474609375
978.0	39.14835815429687
979.0	39.09841613769531
980.0	39.169439697265624
981.0	38.99515380859375
982.0	39.03427734375
983.0	39.091485595703126
984.0	39.0267822265625
985.0	39.14358825683594
986.0	39.04631652832031
987.0	38.980429077148436
988.0	39.06510620117187
989.0	39.119964599609375
990.0	39.11143798828125
991.0	39.07959899902344
992.0	39.032763671875
993.0	39.082864379882814
994.0	38.969854736328124
995.0	39.00755920410156
996.0	39.097198486328125
997.0	39.08407287597656
998.0	39.114401245117186
999.0	38.99858093261719
1000.0	39.09205017089844
1001.0	38.949468994140624
1002.0	39.023861694335935
1003.0	38.973822021484374
1004.0	38.98143310546875
1005.0	38.93560791015625
1006.0	38.9667724609375
1007.0	39.00047302246094
1008.0	39.10134582519531
1009.0	39.055972290039065
1010.0	38.940679931640624
1011.0	38.88644104003906
1012.0	39.11738586425781
1013.0	39.04209594726562
1014.0	38.97432861328125
1015.0	39.10865173339844
1016.0	38.85769958496094
1017.0	38.949102783203124
1018.0	39.03553771972656
1019.0	39.021725463867185
1020.0	38.99524841308594
1021.0	38.95978698730469
1022.0	38.9148193359375
1023.0	39.093099975585936
1024.0	39.08069763183594
1025.0	38.95858459472656
1026.0	38.884716796875
1027.0	38.904116821289065
1028.0	38.87034912109375
1029.0	38.894482421875
1030.0	38.99923095703125
1031.0	38.9037109375
1032.0	38.899453735351564
1033.0	39.02424926757813
1034.0	38.9330322265625
1035.0	38.998175048828124
1036.0	38.968203735351565
1037.0	38.89927673339844
1038.0	38.934365844726564
1039.0	38.957272338867185
1040.0	38.90329284667969
1041.0	38.9819091796875
1042.0	38.952371215820314
1043.0	39.01915588378906
1044.0	38.994119262695314
1045.0	38.93382568359375
1046.0	38.92073974609375
1047.0	38.93150634765625
1048.0	38.891448974609375
1049.0	38.76608581542969
1050.0	38.96501159667969
1051.0	38.903811645507815
1052.0	38.83671569824219
1053.0	38.91874694824219
1054.0	38.76814575195313
1055.0	38.9140869140625
1056.0	38.887045288085936
1057.0	38.88154907226563
1058.0	38.79713134765625
1059.0	38.746072387695314
1060.0	38.814691162109376
1061.0	38.991574096679685
1062.0	38.90826416015625
1063.0	38.84346008300781
1064.0	38.890524291992186
1065.0	38.78853759765625
1066.0	38.86119079589844
1067.0	38.779840087890626
1068.0	38.774777221679685
1069.0	38.83104248046875
1070.0	38.805108642578126
1071.0	38.860205078125
1072.0	38.8668701171875
1073.0	38.79488525390625
1074.0	38.82481689453125
1075.0	38.93061218261719
1076.0	38.77865905761719
1077.0	38.72914428710938
1078.0	38.833248901367185
1079.0	38.84479675292969
1080.0	38.940591430664064
1081.0	38.90158386230469
1082.0	38.78639221191406
1083.0	38.81728820800781
1084.0	38.8663818359375
1085.0	38.85220031738281
1086.0	38.918017578125
1087.0	38.773440551757815
1088.0	38.883706665039064
1089.0	38.794036865234375
1090.0	38.825497436523435
1091.0	38.78724060058594
1092.0	38.78873901367187
1093.0	38.78740539550781
1094.0	38.82555236816406
1095.0	38.77945251464844
1096.0	38.7266845703125
1097.0	38.756735229492186
1098.0	38.69112548828125
1099.0	38.76426391601562
1100.0	38.70451354980469
1101.0	38.74069519042969
1102.0	38.73548583984375
1103.0	38.69468383789062
1104.0	38.8073974609375
1105.0	38.777899169921874
1106.0	38.71122741699219
1107.0	38.70709228515625
1108.0	38.87690734863281
1109.0	38.729776000976564
1110.0	38.69819946289063
1111.0	38.678338623046876
1112.0	38.77377624511719
1113.0	38.75635681152344
1114.0	38.801361083984375
1115.0	38.72483825683594
1116.0	38.763970947265626
1117.0	38.69588012695313
1118.0	38.773135375976565
1119.0	38.88031921386719
1120.0	38.7416259765625
1121.0	38.86998596191406
1122.0	38.745452880859375
1123.0	38.78126831054688
1124.0	38.86275939941406
1125.0	38.710794067382814
1126.0	38.750482177734376
1127.0	38.865176391601565
1128.0	38.85204162597656
1129.0	38.78811340332031
1130.0	38.74893493652344
1131.0	38.74942321777344
1132.0	38.8662841796875
1133.0	38.73714599609375
1134.0	38.74795837402344
1135.0	38.713592529296875
1136.0	38.794229125976564
1137.0	38.88840026855469
1138.0	38.7225830078125
1139.0	38.76653137207031
1140.0	38.81874389648438
1141.0	38.728240966796875
1142.0	38.856878662109374
1143.0	38.7117919921875
1144.0	38.69437255859375
1145.0	38.77046508789063
1146.0	38.78242492675781
1147.0	38.71513366699219
1148.0	38.735775756835935
1149.0	38.690957641601564
1150.0	38.72012939453125
1151.0	38.75093383789063
1152.0	38.85203552246094
1153.0	38.803955078125
1154.0	38.75869140625
1155.0	38.71523742675781
1156.0	38.832220458984374
1157.0	38.67537231445313
1158.0	38.666107177734375
1159.0	38.80775756835938
1160.0	38.69185791015625
1161.0	38.70758972167969
1162.0	38.69501647949219
1163.0	38.728268432617185
1164.0	38.75792541503906
1165.0	38.74090576171875
1166.0	38.806478881835936
1167.0	38.73330383300781
1168.0	38.78988952636719
1169.0	38.826272583007814
1170.0	38.65079956054687
1171.0	38.826544189453124
1172.0	38.773321533203124
1173.0	38.8108154296875
1174.0	38.73218994140625
1175.0	38.771420288085935
1176.0	38.666204833984374
1177.0	38.743222045898435
1178.0	38.763909912109376
1179.0	38.80080871582031
1180.0	38.83627014160156
1181.0	38.759405517578124
1182.0	38.75569152832031
1183.0	38.680291748046876
1184.0	38.71282043457031
1185.0	38.64335327148437
1186.0	38.74931945800781
1187.0	38.79356384277344
1188.0	38.7491455078125
1189.0	38.692169189453125
1190.0	38.73357238769531
1191.0	38.71661376953125
1192.0	38.669610595703126
1193.0	38.740176391601565
1194.0	38.681820678710935
1195.0	38.70940246582031
1196.0	38.66038208007812
1197.0	38.68818664550781
1198.0	38.62147216796875
1199.0	38.548947143554685
1200.0	38.64399719238281
1201.0	38.56631164550781
1202.0	38.6361083984375
1203.0	38.68067932128906
1204.0	38.54411926269531
1205.0	38.71019592285156
1206.0	38.610540771484374
1207.0	38.603274536132815
1208.0	38.57767333984375
1209.0	38.62227783203125
1210.0	38.54017639160156
1211.0	38.677694702148436
1212.0	38.687835693359375
1213.0	38.635528564453125
1214.0	38.55707702636719
1215.0	38.67576599121094
1216.0	38.62632446289062
1217.0	38.62241821289062
1218.0	38.58614501953125
1219.0	38.57821350097656
1220.0	38.66795959472656
1221.0	38.657406616210935
1222.0	38.49284362792969
1223.0	38.64710693359375
1224.0	38.63468017578125
1225.0	38.58644104003906
1226.0	38.71776123046875
1227.0	38.53899230957031
1228.0	38.61848754882813
1229.0	38.65522155761719
1230.0	38.68263244628906
1231.0	38.613912963867186
1232.0	38.67408447265625
1233.0	38.63287353515625
1234.0	38.69185180664063
1235.0	38.614324951171874
1236.0	38.701473999023435
1237.0	38.66794128417969
1238.0	38.69054260253906
1239.0	38.69294128417969
1240.0	38.63108825683594
1241.0	38.64115905761719
1242.0	38.631402587890626
1243.0	38.813427734375
1244.0	38.73578796386719
1245.0	38.66780395507813
1246.0	38.61076354980469
1247.0	38.713626098632815
1248.0	38.886349487304685
1249.0	38.752932739257815
1250.0	38.700921630859376
1251.0	38.7931884765625
1252.0	38.65797119140625
1253.0	38.81399230957031
1254.0	38.766107177734376
1255.0	38.79287414550781
1256.0	38.77784729003906
1257.0	38.737890625
1258.0	38.81572265625
1259.0	38.791357421875
1260.0	38.78953857421875
1261.0	38.84490966796875
1262.0	38.8005126953125
1263.0	38.8875732421875
1264.0	38.74029541015625
1265.0	38.78331604003906
1266.0	38.91570129394531
1267.0	38.904763793945314
1268.0	38.81667785644531
1269.0	38.82621459960937
1270.0	38.88400573730469
1271.0	38.88595886230469
1272.0	38.96639404296875
1273.0	38.849917602539065
1274.0	38.8992919921875
1275.0	38.837222290039065
1276.0	38.93607788085937
1277.0	38.78242797851563
1278.0	38.88240966796875
1279.0	39.024472045898435
1280.0	38.9073486328125
1281.0	38.86903686523438
1282.0	39.00821533203125
1283.0	38.929623413085935
1284.0	38.95341796875
1285.0	38.95334167480469
1286.0	38.96121520996094
1287.0	38.94241943359375
1288.0	39.037051391601565
1289.0	38.96982116699219
1290.0	39.0121337890625
1291.0	38.953677368164065
1292.0	39.136688232421875
1293.0	38.948358154296876
1294.0	39.06654052734375
1295.0	38.934146118164065
1296.0	39.02242736816406
1297.0	39.05943603515625
1298.0	39.139364624023436
1299.0	39.038751220703126
1300.0	38.98213195800781
1301.0	38.958804321289065
1302.0	39.08006896972656
1303.0	38.946005249023436
1304.0	39.12712707519531
1305.0	38.989199829101565
1306.0	39.08895263671875
1307.0	39.10580749511719
1308.0	39.10423278808594
1309.0	39.012548828125
1310.0	38.984735107421876
1311.0	39.04190368652344
1312.0	39.086029052734375
1313.0	39.1108154296875
1314.0	38.954071044921875
1315.0	39.02116088867187
1316.0	39.114227294921875
1317.0	39.15325927734375
1318.0	39.040435791015625
1319.0	39.0450927734375
1320.0	39.085931396484376
1321.0	39.023538208007814
1322.0	39.16687927246094
1323.0	39.06537780761719
1324.0	38.99474182128906
1325.0	39.061712646484374
1326.0	38.987640380859375
1327.0	39.17326354980469
1328.0	39.04008483886719
1329.0	39.07438354492187
1330.0	39.19978637695313
1331.0	39.0957763671875
1332.0	39.06330871582031
1333.0	39.12995910644531
1334.0	39.13472290039063
1335.0	38.956451416015625
1336.0	39.11452941894531
1337.0	39.10950927734375
1338.0	39.11953430175781
1339.0	39.152777099609374
1340.0	39.278811645507815
1341.0	39.14560241699219
1342.0	39.143731689453126
1343.0	39.129025268554685
1344.0	39.19691162109375
1345.0	39.166464233398436
1346.0	39.09453125
1347.0	39.1556396484375
1348.0	39.10549621582031
1349.0	39.148199462890624
1350.0	39.2142578125
1351.0	39.352804565429686
1352.0	39.20791931152344
1353.0	39.14909362792969
1354.0	39.146087646484375
1355.0	39.124945068359374
1356.0	39.236785888671875
1357.0	39.221902465820314
1358.0	39.158139038085935
1359.0	39.2966796875
1360.0	39.24953002929688
1361.0	39.1310546875
1362.0	39.336456298828125
1363.0	39.310464477539064
1364.0	39.32929992675781
1365.0	39.29017028808594
1366.0	39.27871398925781
1367.0	39.29285888671875
1368.0	39.302059936523435
1369.0	39.26546630859375
1370.0	39.3776123046875
1371.0	39.355029296875
1372.0	39.3263427734375
1373.0	39.25821533203125
1374.0	39.312811279296874
1375.0	39.30845336914062
1376.0	39.323855590820315
1377.0	39.326318359375
1378.0	39.33341674804687
1379.0	39.349710083007814
1380.0	39.30656433105469
1381.0	39.27171325683594
1382.0	39.30277099609375
1383.0	39.356381225585935
1384.0	39.2723876953125
1385.0	39.25459594726563
1386.0	39.39537048339844
1387.0	39.305145263671875
1388.0	39.39078063964844
1389.0	39.360302734375
1390.0	39.43984375
1391.0	39.40728759765625
1392.0	39.43949890136719
1393.0	39.29248046875
1394.0	39.445046997070314
1395.0	39.44754333496094
1396.0	39.305355834960935
1397.0	39.39390869140625
1398.0	39.42039184570312
1399.0	39.41270141601562
1400.0	39.37385559082031
1401.0	39.41136779785156
1402.0	39.421871948242185
1403.0	39.50398559570313
1404.0	39.43710632324219
1405.0	39.41468200683594
1406.0	39.337152099609376
1407.0	39.53986511230469
1408.0	39.362152099609375
1409.0	39.38601379394531
1410.0	39.48080749511719
1411.0	39.459408569335935
1412.0	39.52834777832031
1413.0	39.4685791015625
1414.0	39.55361328125
1415.0	39.45198364257813
1416.0	39.602593994140626
1417.0	39.45037841796875
1418.0	39.48514099121094
1419.0	39.41984252929687
1420.0	39.55487060546875
1421.0	39.4543212890625
1422.0	39.552825927734375
1423.0	39.555291748046876
1424.0	39.51519775390625
1425.0	39.5409912109375
1426.0	39.62422485351563
1427.0	39.51278381347656
1428.0	39.527444458007814
1429.0	39.4888427734375
1430.0	39.5984619140625
1431.0	39.48537902832031
1432.0	39.65780029296875
1433.0	39.66346740722656
1434.0	39.6898193359375
1435.0	39.703915405273435
1436.0	39.661859130859376
1437.0	39.606744384765626
1438.0	39.446817016601564
1439.0	39.35335083007813
1440.0	39.451531982421876
1441.0	39.53791809082031
1442.0	39.574520874023435
1443.0	39.71784973144531
1444.0	39.56934814453125
1445.0	39.58872985839844
1446.0	39.55600280761719
1447.0	39.683004760742186
1448.0	39.583465576171875
1449.0	39.59422607421875
1450.0	39.612142944335936
1451.0	39.621804809570314
1452.0	39.61830139160156
1453.0	39.640191650390626
1454.0	39.636749267578125
1455.0	39.693197631835936
1456.0	39.74125671386719
1457.0	39.64656066894531
1458.0	39.55552368164062
1459.0	39.675201416015625
1460.0	39.68876342773437
1461.0	39.56236267089844
1462.0	39.58029479980469
1463.0	39.703616333007815
1464.0	39.718405151367186
1465.0	39.595306396484375
1466.0	39.66841125488281
1467.0	39.707305908203125
1468.0	39.609072875976565
1469.0	39.73406066894531
1470.0	39.672366333007815
1471.0	39.736874389648435
1472.0	39.73134155273438
1473.0	39.65250854492187
1474.0	39.67237854003906
1475.0	39.71094665527344
1476.0	39.724246215820315
1477.0	39.685235595703126
1478.0	39.74920654296875
1479.0	39.69462280273437
1480.0	39.66292724609375
1481.0	39.73142700195312
1482.0	39.636148071289064
1483.0	39.68653564453125
1484.0	39.80159912109375
1485.0	39.6906982421875
1486.0	39.68497009277344
1487.0	39.592901611328124
1488.0	39.72386169433594
1489.0	39.628955078125
1490.0	39.724118041992185
1491.0	39.863528442382815
1492.0	39.82708740234375
1493.0	39.77314453125
1494.0	39.75381164550781
1495.0	39.88174743652344
1496.0	39.83315734863281
1497.0	39.716165161132814
1498.0	39.84397888183594
1499.0	39.81514282226563
1500.0	39.81657104492187
1501.0	39.92763061523438
1502.0	39.84556884765625
1503.0	39.82060852050781
1504.0	39.99925537109375
1505.0	39.775448608398435
1506.0	39.906167602539064
1507.0	39.82420349121094
1508.0	39.79546203613281
1509.0	39.81206359863281
1510.0	40.04044189453125
1511.0	39.72093200683594
1512.0	39.9218994140625
1513.0	39.823516845703125
1514.0	39.918209838867185
1515.0	39.750396728515625
1516.0	39.93083801269531
1517.0	39.86646423339844
1518.0	39.88963317871094
1519.0	39.938525390625
1520.0	39.9111328125
1521.0	39.98892517089844
1522.0	39.9553466796875
1523.0	39.93528442382812
1524.0	39.96213073730469
1525.0	39.938470458984376
1526.0	40.02948913574219
1527.0	40.03776550292969
1528.0	40.0014404296875
1529.0	39.92684631347656
1530.0	39.906167602539064
1531.0	40.05020751953125
1532.0	39.890618896484376
1533.0	40.017510986328126
1534.0	40.119354248046875
1535.0	39.88309326171875
1536.0	40.21693115234375
1537.0	40.04317932128906
1538.0	40.017575073242185
1539.0	40.02671813964844
1540.0	39.98087158203125
1541.0	40.001406860351565
1542.0	40.049539184570314
1543.0	40.06587219238281
1544.0	39.99036865234375
1545.0	40.0875732421875
1546.0	40.105377197265625
1547.0	40.158731079101564
1548.0	40.111514282226565
1549.0	40.012518310546874
1550.0	40.04733581542969
1551.0	39.92813415527344
1552.0	40.01444702148437
1553.0	39.965179443359375
1554.0	39.949554443359375
1555.0	40.02051696777344
1556.0	40.0057373046875
1557.0	40.020843505859375
1558.0	40.0307861328125
1559.0	39.81049499511719
1560.0	40.04007568359375
1561.0	39.851190185546876
1562.0	40.000299072265626
1563.0	40.009011840820314
1564.0	40.02738037109375
1565.0	39.93949584960937
1566.0	39.970156860351565
1567.0	39.936895751953124
1568.0	40.01054992675781
1569.0	40.005429077148435
1570.0	40.03361206054687
1571.0	39.99741821289062
1572.0	40.04765930175781
1573.0	40.05652770996094
1574.0	40.123861694335936
1575.0	39.8945068359375
1576.0	40.00886535644531
1577.0	40.109561157226565
1578.0	40.164309692382815
1579.0	40.073333740234375
1580.0	40.05206298828125
1581.0	39.978216552734374
1582.0	39.84622497558594
1583.0	40.08615417480469
1584.0	40.10432434082031
1585.0	40.10947875976562
1586.0	40.06417541503906
1587.0	40.16921691894531
1588.0	40.07774963378906
1589.0	40.076422119140624
1590.0	40.205804443359376
1591.0	40.227847290039065
1592.0	40.11600341796875
1593.0	40.24767150878906
1594.0	40.212075805664064
1595.0	40.201953125
1596.0	40.2571044921875
1597.0	40.24111633300781
1598.0	40.25560607910156
1599.0	40.25370483398437
1600.0	40.19082946777344
1601.0	40.19587097167969
1602.0	40.29054565429688
1603.0	40.27420654296875
1604.0	40.308248901367186
1605.0	40.27117004394531
1606.0	40.34886474609375
1607.0	40.289431762695315
1608.0	40.225851440429686
1609.0	40.083306884765626
1610.0	40.25528259277344
1611.0	40.231378173828126
1612.0	40.370062255859374
1613.0	40.31947631835938
1614.0	40.348907470703125
1615.0	40.27279052734375
1616.0	40.32496643066406
1617.0	40.274896240234376
1618.0	40.28348999023437
1619.0	40.34389953613281
1620.0	40.292666625976565
1621.0	40.35869140625
1622.0	40.3327880859375
1623.0	40.37679748535156
1624.0	40.43968505859375
1625.0	40.29219055175781
1626.0	40.43760986328125
1627.0	40.331024169921875
1628.0	40.383001708984374
1629.0	40.308465576171876
1630.0	40.390646362304686
1631.0	40.362850952148435
1632.0	40.47334289550781
1633.0	40.35191040039062
1634.0	40.33766479492188
1635.0	40.32705078125
1636.0	40.48585510253906
1637.0	40.32901611328125
1638.0	40.52229309082031
1639.0	40.351193237304685
1640.0	40.449240112304686
1641.0	40.396768188476564
1642.0	40.4618408203125
1643.0	40.347189331054686
1644.0	40.35682373046875
1645.0	40.468936157226565
1646.0	40.34251098632812
1647.0	40.4354736328125
1648.0	40.39790344238281
1649.0	40.39138488769531
1650.0	40.504275512695315
1651.0	40.4842041015625
1652.0	40.460870361328126
1653.0	40.42096862792969
1654.0	40.476132202148435
1655.0	40.46739807128906
1656.0	40.40847473144531
1657.0	40.497503662109374
1658.0	40.43496398925781
1659.0	40.39619445800781
1660.0	40.48720703125
1661.0	40.441339111328126
1662.0	40.41863098144531
1663.0	40.355157470703126
1664.0	40.391232299804685
1665.0	40.33091430664062
1666.0	40.28776245117187
1667.0	40.41383666992188
1668.0	40.338433837890626
1669.0	40.414501953125
1670.0	40.48184509277344
1671.0	40.4969970703125
1672.0	40.28116455078125
1673.0	40.405877685546876
1674.0	40.392816162109376
1675.0	40.510842895507814
1676.0	40.46058654785156
1677.0	40.35360412597656
1678.0	40.397586059570315
1679.0	40.39463806152344
1680.0	40.423056030273436
1681.0	40.415130615234375
1682.0	40.468649291992186
1683.0	40.552938842773436
1684.0	40.437445068359374
1685.0	40.46009826660156
1686.0	40.503213500976564
1687.0	40.262054443359375
1688.0	40.444000244140625
1689.0	40.407955932617185
1690.0	40.484161376953125
1691.0	40.42936706542969
1692.0	40.42439575195313
1693.0	40.326559448242186
1694.0	40.438375854492186
1695.0	40.45896606445312
1696.0	40.448812866210936
1697.0	40.337380981445314
1698.0	40.3737060546875
1699.0	40.411868286132815
1700.0	40.469244384765624
1701.0	40.28340454101563
1702.0	40.354183959960935
1703.0	40.33513488769531
1704.0	40.36539306640625
1705.0	40.30141906738281
1706.0	40.300192260742186
1707.0	40.299374389648435
1708.0	40.33287353515625
1709.0	40.303182983398436
1710.0	40.25892944335938
1711.0	40.25257873535156
1712.0	40.2192138671875
1713.0	40.293115234375
1714.0	40.285186767578125
1715.0	40.259979248046875
1716.0	40.259866333007814
1717.0	40.36685791015625
1718.0	40.322607421875
1719.0	40.274905395507815
1720.0	40.17594909667969
1721.0	40.209075927734375
1722.0	40.25193786621094
1723.0	40.318484497070315
1724.0	40.239990234375
1725.0	40.24917907714844
1726.0	40.266143798828125
1727.0	40.166046142578125
1728.0	40.15350341796875
1729.0	40.1947509765625
1730.0	39.9769287109375
1731.0	40.188088989257814
1732.0	40.21451110839844
1733.0	40.21387939453125
1734.0	40.13801879882813
1735.0	40.26371765136719
1736.0	40.23617248535156
1737.0	40.1544921875
1738.0	40.285275268554685
1739.0	40.19547119140625
1740.0	40.165966796875
1741.0	40.144189453125
1742.0	40.13766784667969
1743.0	40.18328857421875
1744.0	40.14744567871094
1745.0	40.045553588867186
1746.0	40.102423095703124
1747.0	40.07703857421875
1748.0	40.142739868164064
1749.0	40.064474487304686
1750.0	40.08157043457031
1751.0	40.1919677734375
1752.0	40.11085205078125
1753.0	39.99794921875
1754.0	40.03862609863281
1755.0	40.16925964355469
1756.0	40.08271179199219
1757.0	40.05242004394531
1758.0	40.088818359375
1759.0	40.11207580566406
1760.0	40.093994140625
1761.0	40.036013793945315
1762.0	40.015936279296874
1763.0	40.05098266601563
1764.0	40.14390563964844
1765.0	40.01007995605469
1766.0	40.12835693359375
1767.0	40.108740234375
1768.0	40.047314453125
1769.0	39.947625732421876
1770.0	40.035986328125
1771.0	40.04604797363281
1772.0	40.00589294433594
1773.0	39.96844482421875
1774.0	40.0412109375
1775.0	39.972348022460935
1776.0	40.10011596679688
1777.0	39.991452026367185
1778.0	39.99832458496094
1779.0	39.95969848632812
1780.0	39.94474487304687
1781.0	39.91322021484375
1782.0	40.10267639160156
1783.0	40.03401489257813
1784.0	40.00495300292969
1785.0	39.82896118164062
1786.0	39.97584838867188
1787.0	39.89291687011719
1788.0	40.023712158203125
1789.0	39.940451049804686
1790.0	40.03802490234375
1791.0	39.88182067871094
1792.0	40.007449340820315
1793.0	39.96453857421875
1794.0	39.858761596679685
1795.0	39.8751953125
1796.0	39.967236328125
1797.0	39.98365173339844
1798.0	39.92725830078125
1799.0	40.020989990234376
1800.0	39.86631469726562
1801.0	39.974465942382814
1802.0	39.9001708984375
1803.0	39.99945983886719
1804.0	39.75902099609375
1805.0	39.903619384765626
1806.0	39.92456970214844
1807.0	39.83682556152344
1808.0	39.90397644042969
1809.0	39.904266357421875
1810.0	39.826333618164064
1811.0	39.93118896484375
1812.0	39.797384643554686
1813.0	39.89142761230469
1814.0	39.793023681640626
1815.0	39.962155151367185
1816.0	39.87251281738281
1817.0	39.7852294921875
1818.0	39.92312316894531
1819.0	39.96205444335938
1820.0	39.82236022949219
1821.0	39.8884765625
1822.0	39.79411926269531
1823.0	39.81333923339844
1824.0	39.83305969238281
1825.0	39.78357849121094
1826.0	39.784463500976564
1827.0	39.941287231445315
1828.0	39.85822448730469
1829.0	39.8513671875
1830.0	39.86625366210937
1831.0	39.72488098144531
1832.0	39.904519653320314
1833.0	39.871221923828124
1834.0	39.78134460449219
1835.0	39.83712463378906
1836.0	39.83580322265625
1837.0	39.77671813964844
1838.0	39.83067626953125
1839.0	39.786016845703124
1840.0	39.81004943847656
1841.0	39.78145141601563
1842.0	39.81315612792969
1843.0	39.76565246582031
1844.0	39.815911865234376
1845.0	39.76493835449219
1846.0	39.761285400390626
1847.0	39.890313720703126
1848.0	39.76393432617188
1849.0	39.76148986816406
1850.0	39.880612182617185
1851.0	39.747866821289065
1852.0	39.83250122070312
1853.0	39.84327087402344
1854.0	39.74849243164063
1855.0	39.753363037109374
1856.0	39.65983276367187
1857.0	39.829385375976564
1858.0	39.750030517578125
1859.0	39.849761962890625
1860.0	39.71737060546875
1861.0	39.7726318359375
1862.0	39.775204467773435
1863.0	39.8408935546875
1864.0	39.890802001953126
1865.0	39.726419067382814
1866.0	39.7138427734375
1867.0	39.92054443359375
1868.0	39.819131469726564
1869.0	39.823605346679685
1870.0	39.83443603515625
1871.0	39.799905395507814
1872.0	39.846719360351564
1873.0	39.787933349609375
1874.0	39.78163146972656
1875.0	39.66041870117188
1876.0	39.8755126953125
1877.0	39.77318420410156
1878.0	39.744326782226565
1879.0	39.808587646484376
1880.0	39.760250854492185
1881.0	39.83741149902344
1882.0	39.799539184570314
1883.0	39.771218872070314
1884.0	39.73869018554687
1885.0	39.691156005859376
1886.0	39.7847900390625
1887.0	39.604498291015624
1888.0	39.631777954101565
1889.0	39.63778076171875
1890.0	39.65791320800781
1891.0	39.82325439453125
1892.0	39.623721313476565
1893.0	39.578558349609374
1894.0	39.67899169921875
1895.0	39.65509033203125
1896.0	39.73188171386719
1897.0	39.76387329101563
1898.0	39.738320922851564
1899.0	39.68641052246094
1900.0	39.661923217773435
1901.0	39.65005798339844
1902.0	39.62184143066406
1903.0	39.62216491699219
1904.0	39.6509033203125
1905.0	39.667413330078126
1906.0	39.58374938964844
1907.0	39.68321228027344
1908.0	39.54865417480469
1909.0	39.599822998046875
1910.0	39.56580505371094
1911.0	39.652853393554686
1912.0	39.71607971191406
1913.0	39.59849853515625
1914.0	39.696957397460935
1915.0	39.580908203125
1916.0	39.5802978515625
1917.0	39.629736328125
1918.0	39.576629638671875
1919.0	39.67080078125
1920.0	39.68486633300781
1921.0	39.60227661132812
1922.0	39.571624755859375
1923.0	39.6212646484375
1924.0	39.663330078125
1925.0	39.523321533203124
1926.0	39.590145874023435
1927.0	39.49393310546875
1928.0	39.521768188476564
1929.0	39.58918151855469
1930.0	39.62303161621094
1931.0	39.6149169921875
1932.0	39.575958251953125
1933.0	39.56302490234375
1934.0	39.555902099609376
1935.0	39.678225708007815
1936.0	39.459573364257814
1937.0	39.547402954101564
1938.0	39.578286743164064
1939.0	39.51631164550781
1940.0	39.55364074707031
1941.0	39.525631713867185
1942.0	39.63681640625
1943.0	39.60341796875
1944.0	39.57782897949219
1945.0	39.57103576660156
1946.0	39.601644897460936
1947.0	39.452291870117186
1948.0	39.388616943359374
1949.0	39.39878540039062
1950.0	39.43955993652344
1951.0	39.487249755859374
1952.0	39.555657958984376
1953.0	39.430938720703125
1954.0	39.45021362304688
1955.0	39.49268798828125
1956.0	39.45860900878906
1957.0	39.33173828125
1958.0	39.32180480957031
1959.0	39.5312744140625
1960.0	39.50785522460937
1961.0	39.464447021484375
1962.0	39.4037109375
1963.0	39.51822204589844
1964.0	39.569427490234375
1965.0	39.46366882324219
1966.0	39.452389526367185
1967.0	39.605105590820315
1968.0	39.42890930175781
1969.0	39.46989135742187
1970.0	39.5631103515625
1971.0	39.38807983398438
1972.0	39.43061218261719
1973.0	39.5093994140625
1974.0	39.43114013671875
1975.0	39.526947021484375
1976.0	39.46263427734375
1977.0	39.49972839355469
1978.0	39.34417724609375
1979.0	39.42268371582031
1980.0	39.399200439453125
1981.0	39.28504638671875
1982.0	39.38231201171875
1983.0	39.35986328125
1984.0	39.494268798828124
1985.0	39.5099609375
1986.0	39.487039184570314
1987.0	39.468658447265625
1988.0	39.48250122070313
1989.0	39.407449340820314
1990.0	39.41283264160156
1991.0	39.38750305175781
1992.0	39.46919250488281
1993.0	39.37586975097656
1994.0	39.28406677246094
1995.0	39.423318481445314
1996.0	39.51945495605469
1997.0	39.3925537109375
1998.0	39.45595703125
1999.0	39.62359619140625
2000.0	39.45194702148437
2001.0	39.35252075195312
2002.0	39.47334594726563
2003.0	39.496481323242186
2004.0	39.52886962890625
2005.0	39.546511840820315
2006.0	39.51097106933594
2007.0	39.550924682617186
2008.0	39.49632873535156
2009.0	39.33858642578125
2010.0	39.551953125
2011.0	39.51781311035156
2012.0	39.46098937988281
2013.0	39.42050476074219
2014.0	39.44173583984375
2015.0	39.422549438476565
2016.0	39.52239074707031
2017.0	39.52784118652344
2018.0	39.41606140136719
2019.0	39.42003173828125
2020.0	39.476043701171875
2021.0	39.50881652832031
2022.0	39.58854370117187
2023.0	39.46662902832031
2024.0	39.483087158203126
2025.0	39.55167846679687
2026.0	39.521728515625
2027.0	39.530252075195314
2028.0	39.453939819335936
2029.0	39.49692077636719
2030.0	39.474298095703126
2031.0	39.3620849609375
2032.0	39.494448852539065
2033.0	39.42892150878906
2034.0	39.38263854980469
2035.0	39.38971862792969
2036.0	39.468508911132815
2037.0	39.299365234375
2038.0	39.36024780273438
2039.0	39.419061279296876
2040.0	39.454586791992185
2041.0	39.430322265625
2042.0	39.45497131347656
2043.0	39.37216796875
2044.0	39.34977416992187
2045.0	39.3366943359375
2046.0	39.39073486328125
2047.0	39.450906372070314
2048.0	39.42494506835938
2049.0	39.40216979980469
2050.0	39.40980834960938
2051.0	39.336279296875
2052.0	39.51033935546875
2053.0	39.38592529296875
2054.0	39.44720458984375
2055.0	39.369100952148436
2056.0	39.368185424804686
2057.0	39.29226989746094
2058.0	39.347476196289065
2059.0	39.31702575683594
2060.0	39.45166015625
2061.0	39.40632934570313
2062.0	39.4002685546875
2063.0	39.349691772460936
2064.0	39.3837158203125
2065.0	39.401651000976564
2066.0	39.37758178710938
2067.0	39.3879638671875
2068.0	39.30209045410156
2069.0	39.35692443847656
2070.0	39.38668518066406
2071.0	39.30397338867188
2072.0	39.353817749023435
2073.0	39.476678466796876
2074.0	39.3740234375
2075.0	39.360714721679685
2076.0	39.33389892578125
2077.0	39.19789428710938
2078.0	39.33501281738281
2079.0	39.3739990234375
2080.0	39.44100646972656
2081.0	39.39267578125
2082.0	39.135372924804685
2083.0	39.38099670410156
2084.0	39.38490295410156
2085.0	39.400579833984374
2086.0	39.395120239257814
2087.0	39.4396484375
2088.0	39.277410888671874
2089.0	39.3037841796875
2090.0	39.295187377929686
2091.0	39.32879638671875
2092.0	39.255242919921876
2093.0	39.28855895996094
2094.0	39.249166870117186
2095.0	39.376364135742186
2096.0	39.247213745117186
2097.0	39.15102844238281
2098.0	39.197802734375
2099.0	39.25243225097656
2100.0	39.32321472167969
2101.0	39.259603881835936
2102.0	39.31324462890625
2103.0	39.315249633789065
2104.0	39.33824157714844
2105.0	39.314657592773436
2106.0	39.33385314941406
2107.0	39.255584716796875
2108.0	39.407406616210935
2109.0	39.33236083984375
2110.0	39.32699890136719
2111.0	39.368963623046874
2112.0	39.36769104003906
2113.0	39.2827392578125
2114.0	39.30018615722656
2115.0	39.21871643066406
2116.0	39.2119873046875
2117.0	39.135556030273435
2118.0	39.269100952148435
2119.0	39.25174560546875
2120.0	39.18698425292969
2121.0	39.21142578125
2122.0	39.145632934570315
2123.0	39.24036865234375
2124.0	39.277975463867186
2125.0	39.332192993164064
2126.0	39.31406860351562
2127.0	39.30894775390625
2128.0	39.265252685546876
2129.0	39.296328735351565
2130.0	39.17803955078125
2131.0	39.21207275390625
2132.0	39.24859619140625
2133.0	39.233740234375
2134.0	39.196615600585936
2135.0	39.111993408203126
2136.0	39.156732177734376
2137.0	39.050390625
2138.0	39.09195556640625
2139.0	39.26948852539063
2140.0	39.23682861328125
2141.0	39.22159423828125
2142.0	39.139703369140626
2143.0	39.14598083496094
2144.0	39.19060363769531
2145.0	39.1345458984375
2146.0	39.24765625
2147.0	39.16947937011719
2148.0	39.150543212890625
2149.0	39.17951965332031
2150.0	39.129522705078124
2151.0	39.10311279296875
2152.0	39.12807006835938
2153.0	39.18193664550781
2154.0	39.142312622070314
2155.0	39.128472900390626
2156.0	39.134942626953126
2157.0	39.152218627929685
2158.0	39.10110168457031
2159.0	39.140176391601564
2160.0	39.09500732421875
2161.0	39.08896179199219
2162.0	39.16934814453125
2163.0	39.242498779296874
2164.0	39.16456909179688
2165.0	39.067239379882814
2166.0	39.269168090820315
2167.0	39.1892578125
2168.0	39.25606689453125
2169.0	39.095611572265625
2170.0	39.28271484375
2171.0	39.28703002929687
2172.0	39.174624633789065
2173.0	39.23300476074219
2174.0	39.190896606445314
2175.0	39.192291259765625
2176.0	39.17958984375
2177.0	39.05111083984375
2178.0	39.24252624511719
2179.0	39.10031433105469
2180.0	39.21121826171875
2181.0	39.050482177734374
2182.0	39.26858825683594
2183.0	39.27586059570312
2184.0	39.278726196289064
2185.0	39.198855590820315
2186.0	39.233828735351565
2187.0	39.147119140625
2188.0	39.237100219726564
2189.0	39.08175048828125
2190.0	39.15560607910156
2191.0	39.18869323730469
2192.0	39.158355712890625
2193.0	39.215087890625
2194.0	39.1001220703125
2195.0	39.147900390625
2196.0	39.14353942871094
2197.0	39.17843017578125
2198.0	39.185202026367186
2199.0	39.15955505371094
2200.0	39.21644897460938
2201.0	39.196441650390625
2202.0	39.23705139160156
2203.0	39.14631652832031
2204.0	39.23689575195313
2205.0	39.253073120117186
2206.0	39.183413696289065
2207.0	39.180426025390624
2208.0	39.30399780273437
2209.0	39.24189453125
2210.0	39.16824951171875
2211.0	39.14735412597656
2212.0	39.199484252929686
2213.0	39.073822021484375
2214.0	39.2701171875
2215.0	39.111080932617185
2216.0	39.103851318359375
2217.0	39.09847717285156
2218.0	39.24904174804688
2219.0	39.213418579101564
2220.0	39.28668212890625
2221.0	39.025152587890624
2222.0	39.31147766113281
2223.0	39.21614074707031
2224.0	39.198812866210936
2225.0	39.225765991210935
2226.0	39.28919982910156
2227.0	39.20970764160156
2228.0	39.210015869140626
2229.0	39.23060302734375
2230.0	39.21680603027344
2231.0	39.11697998046875
2232.0	39.241146850585935
2233.0	39.26143188476563
2234.0	39.15520324707031
2235.0	39.107965087890626
2236.0	39.170266723632814
2237.0	39.17190246582031
2238.0	39.133917236328124
2239.0	39.20137329101563
2240.0	39.29305725097656
2241.0	39.192840576171875
2242.0	39.167877197265625
2243.0	39.3449462890625
2244.0	39.16502380371094
2245.0	39.266439819335936
2246.0	39.33138427734375
2247.0	39.31495361328125
2248.0	39.25516357421875
2249.0	39.260931396484374
2250.0	39.2099365234375
2251.0	39.28662109375
2252.0	39.25865173339844
2253.0	39.12310791015625
2254.0	39.190802001953124
2255.0	39.164501953125
2256.0	39.23390197753906
2257.0	39.16827392578125
2258.0	39.11445007324219
2259.0	39.140194702148435
2260.0	39.30015563964844
2261.0	39.214254760742186
2262.0	39.16075744628906
2263.0	39.23631286621094
2264.0	39.325582885742186
2265.0	39.229269409179686
2266.0	39.223757934570315
2267.0	39.36448669433594
2268.0	39.2146728515625
2269.0	39.164852905273435
2270.0	39.26590270996094
2271.0	39.238973999023436
2272.0	39.28057861328125
2273.0	39.22102661132813
2274.0	39.1982177734375
2275.0	39.18770141601563
2276.0	39.294979858398435
2277.0	39.066403198242185
2278.0	39.19570617675781
2279.0	39.210086059570315
2280.0	39.3428466796875
2281.0	39.33979797363281
2282.0	39.186239624023436
2283.0	39.34199829101563
2284.0	39.20655822753906
2285.0	39.29200744628906
2286.0	39.185971069335935
2287.0	39.266937255859375
2288.0	39.29588928222656
2289.0	39.1294921875
2290.0	39.334600830078124
2291.0	39.340780639648436
2292.0	39.25066223144531
2293.0	39.156304931640626
2294.0	39.22822875976563
2295.0	39.28564453125
2296.0	39.184085083007815
2297.0	39.146731567382815
2298.0	39.20299377441406
2299.0	39.36086730957031
2300.0	39.34685363769531
2301.0	39.177713012695314
2302.0	39.232540893554685
2303.0	39.23064270019531
2304.0	39.278280639648436
2305.0	39.2611328125
2306.0	39.28268737792969
2307.0	39.36251220703125
2308.0	39.23786315917969
2309.0	39.141275024414064
2310.0	39.235650634765626
2311.0	39.2017333984375
2312.0	39.267852783203125
2313.0	39.11239318847656
2314.0	39.17689819335938
2315.0	39.156610107421876
2316.0	39.220681762695314
2317.0	39.186947631835935
2318.0	39.138800048828124
2319.0	39.2963134765625
2320.0	39.06822509765625
2321.0	39.237799072265624
2322.0	39.197943115234374
2323.0	39.16453552246094
2324.0	39.26156311035156
2325.0	39.07156677246094
2326.0	39.221005249023435
2327.0	39.16318969726562
2328.0	39.34096984863281
2329.0	39.22099304199219
2330.0	39.19771118164063
2331.0	39.23629150390625
2332.0	39.014608764648436
2333.0	39.04286499023438
2334.0	39.22215270996094
2335.0	39.04582214355469
2336.0	39.18934326171875
2337.0	39.212042236328124
2338.0	39.21912841796875
2339.0	39.290924072265625
2340.0	39.21841735839844
2341.0	39.23334655761719
2342.0	39.192929077148435
2343.0	39.167483520507815
2344.0	39.2487548828125
2345.0	39.36996154785156
2346.0	39.11498107910156
2347.0	39.12688293457031
2348.0	39.223779296875
2349.0	39.247015380859374
2350.0	39.244345092773436
2351.0	39.096560668945315
2352.0	39.128359985351565
2353.0	39.19278564453125
2354.0	39.11198425292969
2355.0	39.18808288574219
2356.0	39.20287170410156
2357.0	39.119512939453124
2358.0	39.11620178222656
2359.0	39.19608154296875
2360.0	39.29617614746094
2361.0	39.181069946289064
2362.0	39.2028564453125
2363.0	39.315435791015624
2364.0	39.31153564453125
2365.0	39.20646667480469
2366.0	39.29982299804688
2367.0	39.22942199707031
2368.0	39.28448486328125
2369.0	39.20790405273438
2370.0	39.29597473144531
2371.0	39.16842346191406
2372.0	39.16419982910156
2373.0	39.12629699707031
2374.0	39.2490478515625
2375.0	39.23321533203125
2376.0	39.236578369140624
2377.0	39.22178649902344
2378.0	39.13481750488281
2379.0	39.20541076660156
2380.0	39.284820556640625
2381.0	39.306704711914065
2382.0	39.21119995117188
2383.0	39.20777893066406
2384.0	39.23209228515625
2385.0	39.25808410644531
2386.0	39.19373474121094
2387.0	39.25489807128906
2388.0	39.313662719726565
2389.0	39.19471435546875
2390.0	39.19435119628906
2391.0	39.096337890625
2392.0	39.2450927734375
2393.0	39.12321472167969
2394.0	39.24267578125
2395.0	39.2229736328125
2396.0	39.23438415527344
2397.0	39.216958618164064
2398.0	39.29480895996094
2399.0	39.37205200195312
2400.0	39.23466491699219
2401.0	39.26353759765625
2402.0	39.19328002929687
2403.0	39.18167724609375
2404.0	39.18679504394531
2405.0	39.30802612304687
2406.0	39.179376220703126
2407.0	39.385186767578126
2408.0	39.29407958984375
2409.0	39.23924255371094
2410.0	39.129556274414064
2411.0	39.17811889648438
2412.0	39.27105712890625
2413.0	39.25615539550781
2414.0	39.27976684570312
2415.0	39.282125854492186
2416.0	39.28765869140625
2417.0	39.24650573730469
2418.0	39.335986328125
2419.0	39.12553100585937
2420.0	39.20775451660156
2421.0	39.15543823242187
2422.0	39.16669921875
2423.0	39.16624755859375
2424.0	39.238241577148436
2425.0	39.29885559082031
2426.0	39.28105163574219
2427.0	39.30603942871094
2428.0	39.227236938476565
2429.0	39.191961669921874
2430.0	39.27732849121094
2431.0	39.219024658203125
2432.0	39.33722839355469
2433.0	39.122274780273436
2434.0	39.24886474609375
2435.0	39.21554870605469
2436.0	39.235409545898435
2437.0	39.28004760742188
2438.0	39.21983032226562
2439.0	39.22421875
2440.0	39.25794982910156
2441.0	39.2772705078125
2442.0	39.11232299804688
2443.0	39.350897216796874
2444.0	39.21794128417969
2445.0	39.1959228515625
2446.0	39.143096923828125
2447.0	39.29493713378906
2448.0	39.055850219726565
2449.0	39.25600891113281
2450.0	39.32843933105469
2451.0	39.22815856933594
2452.0	39.23585815429688
2453.0	39.208456420898436
2454.0	39.21890869140625
2455.0	39.206207275390625
2456.0	39.24360961914063
2457.0	39.13472900390625
2458.0	39.25646057128906
2459.0	39.0778076171875
2460.0	39.23769836425781
2461.0	39.166473388671875
2462.0	39.10955810546875
2463.0	39.18128662109375
2464.0	39.12533874511719
2465.0	39.1669921875
2466.0	39.163323974609376
2467.0	39.21267395019531
2468.0	39.186737060546875
2469.0	39.2038818359375
2470.0	39.1660400390625
2471.0	39.16917419433594
2472.0	39.26319274902344
2473.0	39.24783020019531
2474.0	39.15751647949219
2475.0	39.151852416992185
2476.0	39.23716430664062
2477.0	39.1572021484375
2478.0	39.132937622070315
2479.0	39.300112915039065
2480.0	39.23656311035156
2481.0	39.043896484375
2482.0	39.18543395996094
2483.0	39.12507019042969
2484.0	39.28716125488281
2485.0	39.3635986328125
2486.0	39.175723266601565
2487.0	39.318399047851564
2488.0	39.27254028320313
2489.0	39.194281005859374
2490.0	39.212319946289064
2491.0	39.3001708984375
2492.0	39.249209594726565
2493.0	39.20444030761719
2494.0	39.23417358398437
2495.0	39.25882263183594
2496.0	39.232565307617186
2497.0	39.23871765136719
2498.0	39.25560607910156
2499.0	39.25901794433594
2500.0	39.314578247070315
2501.0	39.268975830078126
2502.0	39.26902770996094
2503.0	39.255007934570315
2504.0	39.37247314453125
2505.0	39.3352783203125
2506.0	39.276492309570315
2507.0	39.338479614257814
2508.0	39.30990295410156
2509.0	39.293173217773436
2510.0	39.329446411132814
2511.0	39.35791015625
2512.0	39.293130493164064
2513.0	39.401153564453125
2514.0	39.42921447753906
2515.0	39.402685546875
2516.0	39.289984130859374
2517.0	39.271307373046874
2518.0	39.35757141113281
2519.0	39.45838623046875
2520.0	39.33984375
2521.0	39.27344665527344
2522.0	39.43296813964844
2523.0	39.38099670410156
2524.0	39.485409545898435
2525.0	39.448934936523436
2526.0	39.39897155761719
2527.0	39.457864379882814
2528.0	39.399365234375
2529.0	39.394961547851565
2530.0	39.49661560058594
2531.0	39.48680419921875
2532.0	39.410134887695314
2533.0	39.50532836914063
2534.0	39.380734252929685
2535.0	39.48623046875
2536.0	39.36641235351563
2537.0	39.492401123046875
2538.0	39.41361999511719
2539.0	39.54085998535156
2540.0	39.492941284179686
2541.0	39.493133544921875
2542.0	39.45340270996094
2543.0	39.55062561035156
2544.0	39.471414184570314
2545.0	39.55099182128906
2546.0	39.465090942382815
2547.0	39.63648681640625
2548.0	39.52352294921875
2549.0	39.45048828125
2550.0	39.46980590820313
2551.0	39.64558410644531
2552.0	39.58442993164063
2553.0	39.62606506347656
2554.0	39.563394165039064
2555.0	39.44779052734375
2556.0	39.6111328125
2557.0	39.60758666992187
2558.0	39.59500427246094
2559.0	39.708700561523436
2560.0	39.65475769042969
2561.0	39.543994140625
2562.0	39.55401611328125
2563.0	39.572634887695315
2564.0	39.5986328125
2565.0	39.46690368652344
2566.0	39.582357788085936
2567.0	39.60094299316406
2568.0	39.662322998046875
2569.0	39.479617309570315
2570.0	39.63657836914062
2571.0	39.61615905761719
2572.0	39.701416015625
2573.0	39.58019104003906
2574.0	39.598452758789065
2575.0	39.658120727539064
2576.0	39.61650695800781
2577.0	39.5902099609375
2578.0	39.68967895507812
2579.0	39.5524169921875
2580.0	39.627630615234374
2581.0	39.520059204101564
2582.0	39.61674194335937
2583.0	39.615457153320314
2584.0	39.514035034179685
2585.0	39.52299499511719
2586.0	39.59437255859375
2587.0	39.60286254882813
2588.0	39.57711486816406
2589.0	39.49931335449219
2590.0	39.5043212890625
2591.0	39.59121398925781
2592.0	39.654449462890625
2593.0	39.58017272949219
2594.0	39.50874633789063
2595.0	39.599298095703126
2596.0	39.631344604492185
2597.0	39.543826293945315
2598.0	39.51279296875
2599.0	39.499420166015625
2600.0	39.63919677734375
2601.0	39.545736694335936
2602.0	39.484100341796875
2603.0	39.54876708984375
2604.0	39.66248779296875
2605.0	39.601776123046875
2606.0	39.59630432128906
2607.0	39.533905029296875
2608.0	39.52272033691406
2609.0	39.568017578125
2610.0	39.4513671875
2611.0	39.68563537597656
2612.0	39.473297119140625
2613.0	39.484771728515625
2614.0	39.584588623046876
2615.0	39.673651123046874
2616.0	39.588592529296875
2617.0	39.45875244140625
2618.0	39.544061279296876
2619.0	39.503726196289065
2620.0	39.606842041015625
2621.0	39.56582946777344
2622.0	39.55740661621094
2623.0	39.57414855957031
2624.0	39.5836669921875
2625.0	39.54435424804687
2626.0	39.570553588867185
2627.0	39.554055786132814
2628.0	39.5214111328125
2629.0	39.56974487304687
2630.0	39.5331298828125
2631.0	39.54863586425781
2632.0	39.504852294921875
2633.0	39.56376342773437
2634.0	39.52042846679687
2635.0	39.55270080566406
2636.0	39.61640319824219
2637.0	39.55708312988281
2638.0	39.45094604492188
2639.0	39.56357421875
2640.0	39.520440673828126
2641.0	39.55146789550781
2642.0	39.64735412597656
2643.0	39.44776916503906
2644.0	39.588400268554686
2645.0	39.58035888671875
2646.0	39.47952575683594
2647.0	39.56071472167969
2648.0	39.548867797851564
2649.0	39.526370239257815
2650.0	39.572137451171876
2651.0	39.595751953125
2652.0	39.526651000976564
2653.0	39.520880126953124
2654.0	39.577276611328124
2655.0	39.57768249511719
2656.0	39.61495666503906
2657.0	39.42705078125
2658.0	39.561529541015624
2659.0	39.60190124511719
2660.0	39.56871337890625
2661.0	39.467898559570315
2662.0	39.524993896484375
2663.0	39.569985961914064
2664.0	39.514443969726564
2665.0	39.44554748535156
2666.0	39.527166748046874
2667.0	39.588565063476565
2668.0	39.456353759765626
2669.0	39.585516357421874
2670.0	39.5354248046875
2671.0	39.471337890625
2672.0	39.53300170898437
2673.0	39.49819641113281
2674.0	39.45494689941406
2675.0	39.51918334960938
2676.0	39.55202026367188
2677.0	39.48760986328125
2678.0	39.55901184082031
2679.0	39.638735961914065
2680.0	39.511285400390626
2681.0	39.44490051269531
2682.0	39.456546020507815
2683.0	39.53580322265625
2684.0	39.514715576171874
2685.0	39.35492858886719
2686.0	39.700555419921876
2687.0	39.416046142578125
2688.0	39.50116882324219
2689.0	39.445742797851565
2690.0	39.486959838867186
2691.0	39.547760009765625
2692.0	39.53118896484375
2693.0	39.49173278808594
2694.0	39.37179260253906
2695.0	39.57069091796875
2696.0	39.41447448730469
2697.0	39.530087280273435
2698.0	39.501931762695314
2699.0	39.581826782226564
2700.0	39.54662170410156
2701.0	39.484927368164065
2702.0	39.44859619140625
2703.0	39.584109497070315
2704.0	39.449639892578126
2705.0	39.36417236328125
2706.0	39.476419067382814
2707.0	39.5431640625
2708.0	39.430181884765624
2709.0	39.461795043945315
2710.0	39.46103210449219
2711.0	39.540106201171874
2712.0	39.52328186035156
2713.0	39.55489501953125
2714.0	39.42399597167969
2715.0	39.43140563964844
2716.0	39.48429565429687
2717.0	39.372528076171875
2718.0	39.388232421875
2719.0	39.514181518554686
2720.0	39.365823364257814
2721.0	39.439511108398435
2722.0	39.46492004394531
2723.0	39.48905639648437
2724.0	39.51267700195312
2725.0	39.46140747070312
2726.0	39.371038818359374
2727.0	39.53607177734375
2728.0	39.48512573242188
2729.0	39.35415344238281
2730.0	39.4421875
2731.0	39.432431030273435
2732.0	39.386175537109374
2733.0	39.43783264160156
2734.0	39.400473022460936
2735.0	39.45108337402344
2736.0	39.3747802734375
2737.0	39.504217529296874
2738.0	39.50773620605469
2739.0	39.472662353515624
2740.0	39.42702026367188
2741.0	39.39019775390625
2742.0	39.415771484375
2743.0	39.390176391601564
2744.0	39.451193237304686
2745.0	39.41177673339844
2746.0	39.3720947265625
2747.0	39.41549072265625
2748.0	39.38836669921875
2749.0	39.442385864257815
2750.0	39.36589050292969
2751.0	39.364053344726564
2752.0	39.36179809570312
2753.0	39.35653076171875
2754.0	39.37336730957031
2755.0	39.371524047851565
2756.0	39.35682678222656
2757.0	39.338320922851565
2758.0	39.38096618652344
2759.0	39.320944213867186
2760.0	39.43006896972656
2761.0	39.31462707519531
2762.0	39.348269653320315
2763.0	39.257809448242185
2764.0	39.436361694335936
2765.0	39.32275390625
2766.0	39.434722900390625
2767.0	39.301779174804686
2768.0	39.30402526855469
2769.0	39.19188537597656
2770.0	39.22752685546875
2771.0	39.26548461914062
2772.0	39.41375732421875
2773.0	39.236837768554686
2774.0	39.274783325195315
2775.0	39.216268920898436
2776.0	39.210873413085935
2777.0	39.35716857910156
2778.0	39.297586059570314
2779.0	39.28896484375
2780.0	39.318667602539065
2781.0	39.20146789550781
2782.0	39.35506896972656
2783.0	39.363592529296874
2784.0	39.297341918945314
2785.0	39.216607666015626
2786.0	39.43637390136719
2787.0	39.262594604492186
2788.0	39.352456665039064
2789.0	39.19912109375
2790.0	39.236026000976565
2791.0	39.295745849609375
2792.0	39.317605590820314
2793.0	39.21116638183594
2794.0	39.359552001953126
2795.0	39.34317321777344
2796.0	39.250247192382815
2797.0	39.23096923828125
2798.0	39.3677001953125
2799.0	39.39515075683594
2800.0	39.35775146484375
2801.0	39.296224975585936
2802.0	39.218508911132815
2803.0	39.35244140625
2804.0	39.107843017578126
2805.0	39.20489501953125
2806.0	39.23106689453125
2807.0	39.24923095703125
2808.0	39.458349609375
2809.0	39.408990478515626
2810.0	39.404458618164064
2811.0	39.42510986328125
2812.0	39.369677734375
2813.0	39.33275451660156
2814.0	39.22055358886719
2815.0	39.384524536132815
2816.0	39.32882080078125
2817.0	39.332461547851565
2818.0	39.32374572753906
2819.0	39.348446655273435
2820.0	39.406121826171876
2821.0	39.320562744140624
2822.0	39.385049438476564
2823.0	39.4133056640625
2824.0	39.342889404296876
2825.0	39.382904052734375
2826.0	39.26297607421875
2827.0	39.418252563476564
2828.0	39.351986694335935
2829.0	39.38937683105469
2830.0	39.34972229003906
2831.0	39.40358276367188
2832.0	39.34361267089844
2833.0	39.33571166992188
2834.0	39.356546020507814
2835.0	39.42256164550781
2836.0	39.38931884765625
2837.0	39.3970947265625
2838.0	39.47817687988281
2839.0	39.391519165039064
2840.0	39.467123413085936
2841.0	39.47257995605469
2842.0	39.508688354492186
2843.0	39.33867492675781
2844.0	39.590145874023435
2845.0	39.43348388671875
2846.0	39.55911865234375
2847.0	39.563232421875
2848.0	39.44523315429687
2849.0	39.54318542480469
2850.0	39.48043518066406
2851.0	39.50669860839844
2852.0	39.52226257324219
2853.0	39.52882385253906
2854.0	39.51792602539062
2855.0	39.54341430664063
2856.0	39.557211303710936
2857.0	39.484686279296874
2858.0	39.655364990234375
2859.0	39.57789306640625
2860.0	39.64125366210938
2861.0	39.54244384765625
2862.0	39.621240234375
2863.0	39.60838317871094
2864.0	39.60527038574219
2865.0	39.60324401855469
2866.0	39.592306518554686
2867.0	39.63828125
2868.0	39.75855407714844
2869.0	39.698602294921876
2870.0	39.668600463867186
2871.0	39.6673583984375
2872.0	39.705404663085936
2873.0	39.677789306640626
2874.0	39.734292602539064
2875.0	39.744140625
2876.0	39.721371459960935
2877.0	39.688619995117186
2878.0	39.655523681640624
2879.0	39.674154663085936
2880.0	39.82844543457031
2881.0	39.79712829589844
2882.0	39.7924072265625
2883.0	39.75816955566406
2884.0	39.82040100097656
2885.0	39.77095947265625
2886.0	39.78258361816406
2887.0	39.796051025390625
2888.0	39.81003112792969
2889.0	39.85909423828125
2890.0	39.760006713867185
2891.0	39.78492126464844
2892.0	39.81812744140625
2893.0	39.933633422851564
2894.0	39.82143859863281
2895.0	39.852481079101565
2896.0	39.90596008300781
2897.0	39.88856201171875
2898.0	39.8311279296875
2899.0	39.91239624023437
2900.0	39.92100219726562
2901.0	39.85071716308594
2902.0	39.96993713378906
2903.0	39.92100219726562
2904.0	39.936309814453125
2905.0	39.83333129882813
2906.0	39.94766845703125
2907.0	39.82601318359375
2908.0	39.93268737792969
2909.0	39.97388610839844
2910.0	39.900994873046876
2911.0	39.988827514648435
2912.0	39.945953369140625
2913.0	39.900820922851565
2914.0	39.86918640136719
2915.0	39.90263671875
2916.0	39.90059204101563
2917.0	39.965179443359375
2918.0	40.091183471679685
2919.0	39.977255249023436
2920.0	40.03282165527344
2921.0	39.968380737304685
2922.0	39.98836669921875
2923.0	40.15237731933594
2924.0	40.12637939453125
2925.0	40.09450988769531
2926.0	40.012673950195314
2927.0	40.089300537109374
2928.0	40.09928588867187
2929.0	40.12649230957031
2930.0	40.13450622558594
2931.0	40.137567138671876
2932.0	40.193182373046874
2933.0	40.056207275390626
2934.0	40.09234619140625
2935.0	40.12507019042969
2936.0	40.204104614257815
2937.0	40.19249267578125
2938.0	40.214605712890624
2939.0	40.121359252929686
2940.0	40.183651733398435
2941.0	40.20754699707031
2942.0	40.215155029296874
2943.0	40.15919494628906
2944.0	40.399472045898435
2945.0	40.20639343261719
2946.0	40.20380554199219
2947.0	40.303521728515626
2948.0	40.109677124023435
2949.0	40.28636474609375
2950.0	40.17537841796875
2951.0	40.20204162597656
2952.0	40.36391906738281
2953.0	40.272308349609375
2954.0	40.16789245605469
2955.0	40.31015625
2956.0	40.303897094726565
2957.0	40.284173583984376
2958.0	40.200323486328124
2959.0	40.265167236328125
2960.0	40.3370361328125
2961.0	40.31285705566406
2962.0	40.37313537597656
2963.0	40.364138793945315
2964.0	40.34462280273438
2965.0	40.29280090332031
2966.0	40.38788757324219
2967.0	40.47224731445313
2968.0	40.39480285644531
2969.0	40.357748413085936
2970.0	40.38434753417969
2971.0	40.4236328125
2972.0	40.39408874511719
2973.0	40.327432250976564
2974.0	40.47703247070312
2975.0	40.49525146484375
2976.0	40.457723999023436
2977.0	40.48936157226562
2978.0	40.587301635742186
2979.0	40.355856323242186
2980.0	40.41291809082031
2981.0	40.50530090332031
2982.0	40.41763916015625
2983.0	40.499908447265625
2984.0	40.56102294921875
2985.0	40.434381103515626
2986.0	40.55194091796875
2987.0	40.48924255371094
2988.0	40.60228271484375
2989.0	40.5192138671875
2990.0	40.38167114257813
2991.0	40.53346557617188
2992.0	40.606405639648436
2993.0	40.44031677246094
2994.0	40.6035888671875
2995.0	40.51101989746094
2996.0	40.51738586425781
2997.0	40.42209167480469
2998.0	40.584039306640626
2999.0	40.579150390625
3000.0	40.6191162109375
3001.0	40.59391479492187
3002.0	40.637881469726565
3003.0	40.55649108886719
3004.0	40.6862548828125
3005.0	40.62100830078125
3006.0	40.63538818359375
3007.0	40.71217041015625
3008.0	40.645452880859374
3009.0	40.57362060546875
3010.0	40.678314208984375
3011.0	40.595462036132815
3012.0	40.64509582519531
3013.0	40.5291748046875
3014.0	40.589273071289064
3015.0	40.61570739746094
3016.0	40.63853759765625
3017.0	40.68387451171875
3018.0	40.69462585449219
3019.0	40.71702575683594
3020.0	40.69461669921875
3021.0	40.60584411621094
3022.0	40.60820007324219
3023.0	40.6673828125
3024.0	40.74476013183594
3025.0	40.700015258789065
3026.0	40.62269592285156
3027.0	40.7101806640625
3028.0	40.685403442382814
3029.0	40.617288208007814
3030.0	40.619268798828124
3031.0	40.66918029785156
3032.0	40.6036376953125
3033.0	40.597714233398435
3034.0	40.52247314453125
3035.0	40.720306396484375
3036.0	40.606503295898435
3037.0	40.557901000976564
3038.0	40.59033203125
3039.0	40.58714294433594
3040.0	40.50539855957031
3041.0	40.62294006347656
3042.0	40.661444091796874
3043.0	40.563595581054685
3044.0	40.638623046875
3045.0	40.735345458984376
3046.0	40.48544616699219
3047.0	40.52315673828125
3048.0	40.582489013671875
3049.0	40.57957763671875
3050.0	40.5213623046875
3051.0	40.527590942382815
3052.0	40.55573425292969
3053.0	40.470330810546876
3054.0	40.53138122558594
3055.0	40.584756469726564
3056.0	40.432928466796874
3057.0	40.468014526367185
3058.0	40.51534423828125
3059.0	40.42825012207031
3060.0	40.456869506835936
3061.0	40.5845947265625
3062.0	40.465887451171874
3063.0	40.4291748046875
3064.0	40.43777770996094
3065.0	40.371124267578125
3066.0	40.46054382324219
3067.0	40.37376708984375
3068.0	40.369589233398436
3069.0	40.41709594726562
3070.0	40.34410705566406
3071.0	40.56209106445313
3072.0	40.43256530761719
3073.0	40.35934753417969
3074.0	40.384063720703125
3075.0	40.42317199707031
3076.0	40.410498046875
3077.0	40.299444580078124
3078.0	40.44569396972656
3079.0	40.35458068847656
3080.0	40.38304138183594
3081.0	40.32500305175781
3082.0	40.34033203125
3083.0	40.32591857910156
3084.0	40.29330749511719
3085.0	40.26955871582031
3086.0	40.314736938476564
3087.0	40.24945983886719
3088.0	40.259011840820314
3089.0	40.270059204101564
3090.0	40.259585571289065
3091.0	40.34873657226562
3092.0	40.272091674804685
3093.0	40.290341186523435
3094.0	40.265505981445315
3095.0	40.13868713378906
3096.0	40.2799560546875
3097.0	40.226416015625
3098.0	40.18724670410156
3099.0	40.204830932617185
3100.0	40.10205078125
3101.0	40.019378662109375
3102.0	40.00197143554688
3103.0	40.04667358398437
3104.0	40.07829895019531
3105.0	40.08043518066406
3106.0	40.170220947265626
3107.0	40.140768432617186
3108.0	40.15931396484375
3109.0	40.235513305664064
3110.0	40.073873901367186
3111.0	40.1300537109375
3112.0	40.16324462890625
3113.0	40.064501953125
3114.0	40.24130859375
3115.0	40.162252807617186
3116.0	40.281829833984375
3117.0	40.03241882324219
3118.0	40.11768493652344
3119.0	40.272378540039064
3120.0	40.1129150390625
3121.0	40.15480041503906
3122.0	40.077920532226564
3123.0	40.1910400390625
3124.0	40.21109619140625
3125.0	40.15523681640625
3126.0	40.201638793945314
3127.0	40.116085815429685
3128.0	40.04597473144531
3129.0	40.06240234375
3130.0	40.031427001953126
3131.0	40.0921630859375
3132.0	40.179568481445315
3133.0	40.084521484375
3134.0	40.11979675292969
3135.0	40.158905029296875
3136.0	40.134002685546875
3137.0	39.998007202148436
3138.0	40.09271240234375
3139.0	40.019509887695314
3140.0	40.007852172851564
3141.0	40.19737243652344
3142.0	40.04263000488281
3143.0	40.14625854492188
3144.0	40.0613525390625
3145.0	40.175897216796876
3146.0	40.18928527832031
3147.0	40.107025146484375
3148.0	40.145196533203126
3149.0	40.03379516601562
3150.0	40.19748229980469
3151.0	40.159402465820314
3152.0	40.078460693359375
3153.0	40.14750366210937
3154.0	40.188473510742185
3155.0	39.997344970703125
3156.0	40.065362548828126
3157.0	39.90828857421875
3158.0	40.11833190917969
3159.0	40.11814575195312
3160.0	40.120791625976565
3161.0	40.13584899902344
3162.0	40.159722900390626
3163.0	40.25389099121094
3164.0	40.219427490234374
3165.0	40.094793701171874
3166.0	40.185122680664065
3167.0	40.23817749023438
3168.0	40.2629150390625
3169.0	40.173361206054686
3170.0	40.208316040039065
3171.0	40.154910278320315
3172.0	40.17658386230469
3173.0	40.344869995117186
3174.0	40.2048095703125
3175.0	40.31963195800781
3176.0	40.336553955078124
3177.0	40.29451904296875
3178.0	40.43623352050781
3179.0	40.39804382324219
3180.0	40.349569702148436
3181.0	40.36104736328125
3182.0	40.378909301757815
3183.0	40.44941711425781
3184.0	40.454766845703126
3185.0	40.4355224609375
3186.0	40.44829406738281
3187.0	40.45059509277344
3188.0	40.489984130859376
3189.0	40.52757873535156
3190.0	40.461917114257815
3191.0	40.51387329101563
3192.0	40.49446411132813
3193.0	40.46492004394531
3194.0	40.55464172363281
3195.0	40.65461730957031
3196.0	40.553750610351564
3197.0	40.55345153808594
3198.0	40.68446044921875
3199.0	40.568991088867186
3200.0	40.62509460449219
3201.0	40.63454895019531
3202.0	40.59566040039063
3203.0	40.72329406738281
3204.0	40.64242248535156
3205.0	40.76401977539062
3206.0	40.70454711914063
3207.0	40.80525207519531
3208.0	40.748416137695315
3209.0	40.643838500976564
3210.0	40.793069458007814
3211.0	40.72482604980469
3212.0	40.884518432617185
3213.0	40.73225708007813
3214.0	40.94747619628906
3215.0	40.863772583007815
3216.0	40.8515380859375
3217.0	40.807318115234374
3218.0	40.76802062988281
3219.0	40.912939453125
3220.0	40.8850341796875
3221.0	40.790768432617185
3222.0	40.97371215820313
3223.0	40.82039184570313
3224.0	40.92646179199219
3225.0	40.91458740234375
3226.0	40.92635803222656
3227.0	40.91993713378906
3228.0	40.709774780273435
3229.0	40.443966674804685
3230.0	40.591424560546876
3231.0	40.82881469726563
3232.0	40.820526123046875
3233.0	40.76680908203125
3234.0	40.843780517578125
3235.0	40.884283447265624
3236.0	41.034506225585936
3237.0	40.8833740234375
3238.0	40.936981201171875
3239.0	40.99957275390625
3240.0	41.12563781738281
3241.0	40.841549682617185
3242.0	41.001284790039065
3243.0	40.901242065429685
3244.0	40.96353759765625
3245.0	40.94131774902344
3246.0	41.00098571777344
3247.0	40.89596862792969
3248.0	40.953070068359374
3249.0	40.981973266601564
3250.0	40.98139953613281
3251.0	40.922332763671875
3252.0	41.06038208007813
3253.0	40.93830871582031
3254.0	40.93937683105469
3255.0	40.99467468261719
3256.0	40.93302612304687
3257.0	41.068023681640625
3258.0	41.023065185546876
3259.0	40.987387084960936
3260.0	40.943170166015626
3261.0	41.01524963378906
3262.0	41.05299682617188
3263.0	40.868701171875
3264.0	40.97935180664062
3265.0	41.067138671875
3266.0	41.076708984375
3267.0	40.993777465820315
3268.0	41.07474365234375
3269.0	40.98778076171875
3270.0	41.034820556640625
3271.0	41.05723571777344
3272.0	41.10874633789062
3273.0	41.00770568847656
3274.0	41.01024169921875
3275.0	40.93496398925781
3276.0	41.04834899902344
3277.0	40.92423095703125
3278.0	41.017755126953126
3279.0	41.09044494628906
3280.0	40.991458129882815
3281.0	40.922613525390624
3282.0	40.96882934570313
3283.0	41.09488220214844
3284.0	40.933224487304685
3285.0	41.05734558105469
3286.0	41.036782836914064
3287.0	40.92239685058594
3288.0	40.94625244140625
3289.0	40.94209594726563
3290.0	40.975164794921874
3291.0	40.96370849609375
3292.0	41.0228271484375
3293.0	40.99002685546875
3294.0	41.06477661132813
3295.0	41.08322448730469
3296.0	41.20487670898437
3297.0	41.11281127929688
3298.0	41.181942749023435
3299.0	41.32374267578125
3300.0	41.45152587890625
3301.0	41.29209594726562
3302.0	41.214175415039065
3303.0	41.16611938476562
3304.0	41.09764099121094
3305.0	41.08750610351562
3306.0	41.121307373046875
3307.0	41.104486083984376
3308.0	41.09300842285156
3309.0	41.16041870117188
3310.0	41.16891784667969
3311.0	40.98372802734375
3312.0	41.01134033203125
3313.0	41.14390258789062
3314.0	41.07954406738281
3315.0	41.072967529296875
3316.0	41.219976806640624
3317.0	40.95600891113281
3318.0	41.04752197265625
3319.0	41.026181030273435
3320.0	41.00407104492187
3321.0	40.95652465820312
3322.0	41.073846435546876
3323.0	41.220358276367186
3324.0	41.20716247558594
3325.0	41.08821105957031
3326.0	41.148065185546876
3327.0	41.03547668457031
3328.0	41.14794921875
3329.0	41.237982177734374
3330.0	41.241213989257815
3331.0	41.20646362304687
3332.0	41.147439575195314
3333.0	41.0889892578125
3334.0	41.24698181152344
3335.0	41.22935180664062
3336.0	41.35103149414063
3337.0	41.11137390136719
3338.0	41.298876953125
3339.0	41.313558959960936
3340.0	41.33987731933594
3341.0	41.29971618652344
3342.0	41.38005676269531
3343.0	41.39997253417969
3344.0	41.330874633789065
3345.0	41.483175659179686
3346.0	41.46336059570312
3347.0	41.274267578125
3348.0	40.92249450683594
3349.0	41.05552978515625
3350.0	41.37971496582031
3351.0	41.468328857421874
3352.0	41.43749084472656
3353.0	41.372213745117186
3354.0	41.56174011230469
3355.0	41.51109619140625
3356.0	41.52799987792969
3357.0	41.432437133789065
3358.0	41.52302856445313
3359.0	41.580108642578125
3360.0	41.46427917480469
3361.0	41.592340087890626
3362.0	41.476373291015626
3363.0	41.55260009765625
3364.0	41.58556213378906
3365.0	41.649346923828126
3366.0	41.57758483886719
3367.0	41.648992919921874
3368.0	41.64399108886719
3369.0	41.655877685546876
3370.0	41.51145629882812
3371.0	41.523458862304686
3372.0	41.6250244140625
3373.0	41.55365905761719
3374.0	41.560665893554685
3375.0	41.60359497070313
3376.0	41.61640319824219
3377.0	41.69163818359375
3378.0	41.71139831542969
3379.0	41.627316284179685
3380.0	41.76557922363281
3381.0	41.576541137695315
3382.0	41.59898681640625
3383.0	41.629571533203126
3384.0	41.62694396972656
3385.0	41.597216796875
3386.0	41.65183715820312
3387.0	41.724447631835936
3388.0	41.673974609375
3389.0	41.632449340820315
3390.0	41.693905639648435
3391.0	41.69965515136719
3392.0	41.760247802734376
3393.0	41.715676879882814
3394.0	41.657308959960936
3395.0	41.719720458984376
3396.0	41.72855224609375
3397.0	41.54602966308594
3398.0	41.52410888671875
3399.0	41.59456787109375
3400.0	41.533538818359375
3401.0	41.510186767578126
3402.0	41.52005615234375
3403.0	41.66298828125
3404.0	41.610531616210935
3405.0	41.65062255859375
3406.0	41.6817626953125
3407.0	41.642919921875
3408.0	41.62215576171875
3409.0	41.70822448730469
3410.0	41.64569091796875
3411.0	41.74349670410156
3412.0	41.86692810058594
3413.0	41.7619384765625
3414.0	41.57542724609375
3415.0	41.69295654296875
3416.0	41.64283142089844
3417.0	41.75438537597656
3418.0	41.76318359375
3419.0	41.763754272460936
3420.0	41.72061767578125
3421.0	41.761505126953125
3422.0	41.578485107421876
3423.0	41.652096557617185
3424.0	41.69082946777344
3425.0	41.69932250976562
3426.0	41.81138916015625
3427.0	41.71170349121094
3428.0	41.6696044921875
3429.0	41.89912719726563
3430.0	41.7574462890625
3431.0	41.725396728515626
3432.0	41.907196044921875
3433.0	41.8220458984375
3434.0	41.721240234375
3435.0	41.646722412109376
3436.0	41.88786315917969
3437.0	41.878955078125
3438.0	41.96414794921875
3439.0	41.982843017578126
3440.0	42.044088745117186
3441.0	42.202569580078126
3442.0	42.11793823242188
3443.0	42.15823974609375
3444.0	42.046484375
3445.0	42.033660888671875
3446.0	41.96614379882813
3447.0	42.08792724609375
3448.0	42.02470397949219
3449.0	42.053228759765624
3450.0	42.01588134765625
3451.0	42.085147094726565
3452.0	42.02132873535156
3453.0	42.088677978515626
3454.0	42.30966491699219
3455.0	42.2653076171875
3456.0	42.27625427246094
3457.0	42.13045043945313
3458.0	42.12460021972656
3459.0	42.16819763183594
3460.0	42.162149047851564
3461.0	41.98568115234375
3462.0	42.02048034667969
3463.0	42.102685546875
3464.0	42.160336303710935
3465.0	42.062130737304685
3466.0	42.050515747070314
3467.0	42.07052307128906
3468.0	42.119021606445315
3469.0	42.07319030761719
3470.0	42.0456787109375
3471.0	42.04100341796875
3472.0	42.14958190917969
3473.0	42.143182373046876
3474.0	42.19466552734375
3475.0	42.3534423828125
3476.0	42.163995361328126
3477.0	42.17347412109375
3478.0	42.18668212890625
3479.0	42.2251708984375
3480.0	42.281988525390624
3481.0	42.44514770507813
3482.0	42.50052185058594
3483.0	42.5708251953125
3484.0	42.68426513671875
3485.0	42.6800537109375
3486.0	42.61422424316406
3487.0	42.68646240234375
3488.0	42.505792236328126
3489.0	42.487142944335936
3490.0	42.55489501953125
3491.0	42.534786987304685
3492.0	42.527703857421876
3493.0	42.60594177246094
3494.0	42.79762573242188
3495.0	42.722799682617186
3496.0	42.77008972167969
3497.0	42.593072509765626
3498.0	42.65504760742188
3499.0	42.542178344726565
3500.0	42.622006225585935
3501.0	42.546563720703126
3502.0	42.55009460449219
3503.0	42.56365051269531
3504.0	42.715869140625
3505.0	42.64646911621094
3506.0	42.61234741210937
3507.0	42.69599609375
3508.0	42.734075927734374
3509.0	42.775692749023435
3510.0	42.69544982910156
3511.0	42.7821044921875
3512.0	42.6188720703125
3513.0	42.56257019042969
3514.0	42.60820617675781
3515.0	42.6899658203125
3516.0	42.555154418945314
3517.0	42.578488159179685
3518.0	42.4851318359375
3519.0	42.66147155761719
3520.0	42.57294921875
3521.0	42.537069702148436
3522.0	42.59870300292969
3523.0	42.622842407226564
3524.0	42.59059448242188
3525.0	42.45159912109375
3526.0	42.62982177734375
3527.0	42.534524536132814
3528.0	42.62588195800781
3529.0	42.6244873046875
3530.0	42.61262512207031
3531.0	42.70582580566406
3532.0	42.749899291992186
3533.0	42.670797729492186
3534.0	42.622119140625
3535.0	42.61656188964844
3536.0	42.654083251953125
3537.0	42.52435302734375
3538.0	42.56161804199219
3539.0	42.59169311523438
3540.0	42.59805908203125
3541.0	42.570639038085936
3542.0	42.55549621582031
3543.0	42.621875
3544.0	42.59450988769531
3545.0	42.54177551269531
3546.0	42.57689514160156
3547.0	42.5189208984375
3548.0	42.54358825683594
3549.0	42.591085815429686
3550.0	42.499847412109375
3551.0	42.546206665039065
3552.0	42.578799438476565
3553.0	42.53056335449219
3554.0	42.5338623046875
3555.0	42.66780090332031
3556.0	42.41547546386719
3557.0	42.743170166015624
3558.0	42.60516357421875
3559.0	42.595330810546876
3560.0	42.57548217773437
3561.0	42.55714111328125
3562.0	42.587338256835935
3563.0	42.49728698730469
3564.0	42.551605224609375
3565.0	42.58851013183594
3566.0	42.6285888671875
3567.0	42.59724426269531
3568.0	42.5750732421875
3569.0	42.621725463867186
3570.0	42.607669067382815
3571.0	42.60386657714844
3572.0	42.601531982421875
3573.0	42.53615112304688
3574.0	42.61171875
3575.0	42.60767517089844
3576.0	42.690252685546874
3577.0	42.638006591796874
3578.0	42.62173767089844
3579.0	42.495645141601564
3580.0	42.54756469726563
3581.0	42.72515869140625
3582.0	42.71377868652344
3583.0	42.63786926269531
3584.0	42.649008178710936
3585.0	42.544046020507814
3586.0	42.649862670898436
3587.0	42.663858032226564
3588.0	42.59653930664062
3589.0	42.66230773925781
3590.0	42.70600891113281
3591.0	42.58858947753906
3592.0	42.5976318359375
3593.0	42.576080322265625
3594.0	42.523922729492185
3595.0	42.49832458496094
3596.0	42.59868469238281
3597.0	42.39906616210938
3598.0	42.67597351074219
3599.0	42.5763427734375
3600.0	42.696878051757814

