0.0	75.57277221679688
1.0	75.53690490722656
2.0	75.54098510742188
3.0	75.51867065429687
4.0	75.64789123535157
5.0	75.67872314453125
6.0	75.83375244140625
7.0	75.5558837890625
8.0	75.4116943359375
9.0	75.49182739257813
10.0	75.55157470703125
11.0	75.38067321777343
12.0	75.35260314941407
13.0	75.41689758300781
14.0	75.31955261230469
15.0	75.42821044921875
16.0	75.4922882080078
17.0	75.54268493652344
18.0	75.44625854492188
19.0	75.57205810546876
20.0	75.57360229492187
21.0	75.76690979003907
22.0	75.56925048828126
23.0	75.7697998046875
24.0	75.58878479003906
25.0	75.60318603515626
26.0	75.5184326171875
27.0	75.40978393554687
28.0	75.56323547363282
29.0	75.62990112304688
30.0	75.81822204589844
31.0	76.26640930175782
32.0	76.33661193847657
33.0	76.48155822753907
34.0	76.21844177246093
35.0	75.93555908203125
36.0	75.85365295410156
37.0	75.95110778808593
38.0	76.04972229003906
39.0	76.14307861328125
40.0	76.07028503417969
41.0	76.0378173828125
42.0	75.89734497070313
43.0	75.96705932617188
44.0	75.91411743164062
45.0	76.02918395996093
46.0	76.2943603515625
47.0	76.25252075195313
48.0	76.2843505859375
49.0	76.1767364501953
50.0	75.67772216796875
51.0	75.46778259277343
52.0	75.50677795410157
53.0	75.40336303710937
54.0	75.42350463867187
55.0	75.26575927734375
56.0	75.37022399902344
57.0	75.35720520019531
58.0	75.538818359375
59.0	75.44630126953125
60.0	75.48775329589844
61.0	75.41430053710937
62.0	75.35494689941406
63.0	75.33725280761719
64.0	75.34432067871094
65.0	75.35025329589844
66.0	75.36270446777344
67.0	75.32494506835937
68.0	75.22059631347656
69.0	75.30211486816407
70.0	75.4906982421875
71.0	75.42439880371094
72.0	75.52757263183594
73.0	75.68212890625
74.0	75.72429809570312
75.0	75.82107238769531
76.0	75.82588500976563
77.0	76.01620178222656
78.0	76.04675903320313
79.0	76.01276245117188
80.0	76.02444152832031
81.0	76.19038391113281
82.0	76.20003967285156
83.0	76.24225463867188
84.0	76.15313720703125
85.0	76.04337768554687
86.0	76.12700805664062
87.0	75.98641357421874
88.0	75.90809936523438
89.0	75.96322326660156
90.0	76.0704132080078
91.0	76.00428466796875
92.0	76.0927978515625
93.0	76.0710205078125
94.0	76.07674255371094
95.0	76.03218994140624
96.0	76.06420593261718
97.0	76.02564086914063
98.0	75.9994384765625
99.0	75.99555969238281
100.0	76.14485473632813
101.0	76.1080810546875
102.0	76.27189331054687
103.0	76.07283630371094
104.0	76.19879150390625
105.0	76.14260559082031
106.0	76.09877319335938
107.0	76.1352783203125
108.0	76.20703125
109.0	76.21730346679688
110.0	76.10173645019532
111.0	76.24019470214844
112.0	76.18865051269532
113.0	76.24051208496094
114.0	76.16115112304688
115.0	76.2588623046875
116.0	76.331640625
117.0	76.33037414550782
118.0	76.42012939453124
119.0	76.31799011230468
120.0	76.55039672851562
121.0	76.35690002441406
122.0	76.49993896484375
123.0	76.39820861816406
124.0	76.46309814453124
125.0	76.36817321777343
126.0	76.39201049804687
127.0	76.23832092285156
128.0	76.21783142089843
129.0	75.98221435546876
130.0	76.08552551269531
131.0	76.19824829101563
132.0	76.26022644042969
133.0	76.1757598876953
134.0	82.13807373046875
135.0	82.68730773925782
136.0	82.97018127441406
137.0	82.98325805664062
138.0	82.96379699707032
139.0	82.922021484375
140.0	82.98190307617188
141.0	83.06000671386718
142.0	83.12152099609375
143.0	83.18901672363282
144.0	83.09054565429688
145.0	82.9235626220703
146.0	82.94378967285157
147.0	82.92070922851562
148.0	82.90733642578125
149.0	82.93479919433594
150.0	83.00185546875
151.0	82.81152648925782
152.0	82.78279724121094
153.0	82.90716247558593
154.0	83.0703857421875
155.0	83.03912353515625
156.0	82.84524536132812
157.0	82.954296875
158.0	83.06917419433594
159.0	82.93466186523438
160.0	82.8532958984375
161.0	82.90859680175781
162.0	82.93443908691407
163.0	82.94159240722657
164.0	82.91416015625
165.0	82.99877319335937
166.0	83.00422058105468
167.0	83.15591430664062
168.0	83.1811279296875
169.0	83.09684753417969
170.0	83.23505249023438
171.0	83.27394104003906
172.0	83.10789794921875
173.0	83.2336639404297
174.0	83.19112854003906
175.0	83.18396911621093
176.0	83.23252868652344
177.0	83.24385070800781
178.0	83.2507110595703
179.0	83.25955200195312
180.0	83.29437561035157
181.0	83.42863159179687
182.0	83.30853576660157
183.0	83.45155334472656
184.0	83.37034301757812
185.0	83.411767578125
186.0	83.33360900878907
187.0	83.36964111328125
188.0	83.31766052246094
189.0	83.24963684082032
190.0	83.42764892578126
191.0	83.32950439453126
192.0	83.17034301757812
193.0	82.97796325683593
194.0	82.9614501953125
195.0	82.99152526855468
196.0	83.0023681640625
197.0	82.97203979492187
198.0	83.36885681152344
199.0	83.84892883300782
200.0	83.79974365234375
201.0	83.86305541992188
202.0	83.81257629394531
203.0	83.81022644042969
204.0	83.67702026367188
205.0	83.527783203125
206.0	83.42419128417968
207.0	83.19166564941406
208.0	83.33179931640625
209.0	83.32194213867187
210.0	83.26537170410157
211.0	83.33251647949218
212.0	83.25826110839844
213.0	83.18937377929687
214.0	83.47119750976563
215.0	83.37513732910156
216.0	83.31856689453124
217.0	83.30188293457032
218.0	83.37359313964843
219.0	83.24097290039063
220.0	83.31137390136719
221.0	83.11070251464844
222.0	83.12468566894532
223.0	83.17028198242187
224.0	83.10747680664062
225.0	83.08753967285156
226.0	83.110302734375
227.0	83.06057434082031
228.0	83.16624450683594
229.0	83.12845458984376
230.0	82.99949951171875
231.0	82.97037658691406
232.0	83.06858520507812
233.0	83.07720031738282
234.0	83.10791931152343
235.0	83.03276977539062
236.0	83.03581848144532
237.0	82.93786926269532
238.0	83.10768432617188
239.0	83.0832305908203
240.0	83.02324829101562
241.0	83.0806884765625
242.0	82.9117645263672
243.0	83.14620666503906
244.0	82.99099426269531
245.0	83.04964904785156
246.0	82.9951904296875
247.0	82.97692260742187
248.0	82.90265808105468
249.0	82.98602905273438
250.0	83.05306701660156
251.0	82.93200988769532
252.0	82.95580749511718
253.0	82.95537109375
254.0	82.93194580078125
255.0	82.98862915039062
256.0	82.8984588623047
257.0	82.96473083496093
258.0	83.00106811523438
259.0	82.93814697265626
260.0	82.96287841796875
261.0	82.9927764892578
262.0	82.90956420898438
263.0	82.94611511230468
264.0	83.01144409179688
265.0	82.60555419921874
266.0	81.93847961425782
267.0	81.95433654785157
268.0	82.5095947265625
269.0	82.35823974609374
270.0	82.72981262207031
271.0	82.8377471923828
272.0	82.84805297851562
273.0	82.88804626464844
274.0	82.81751708984375
275.0	82.949755859375
276.0	82.94581298828125
277.0	82.90590209960938
278.0	83.07093811035156
279.0	82.95768127441406
280.0	83.05514221191406
281.0	83.06836547851563
282.0	83.06043395996093
283.0	82.94839172363281
284.0	83.01739807128907
285.0	82.97641296386719
286.0	83.16298828125
287.0	82.97111511230469
288.0	83.05642395019531
289.0	82.96350402832032
290.0	83.17459411621094
291.0	83.02841186523438
292.0	83.17073364257813
293.0	82.957177734375
294.0	83.0145477294922
295.0	83.02213134765626
296.0	83.0972900390625
297.0	82.96718139648438
298.0	83.0307861328125
299.0	83.07021484375
300.0	82.96972351074218
301.0	83.10507507324219
302.0	82.9602783203125
303.0	82.87250671386718
304.0	82.847802734375
305.0	82.8499267578125
306.0	82.91659545898438
307.0	82.96680603027343
308.0	82.947802734375
309.0	82.97338562011718
310.0	82.99994201660157
311.0	82.97379760742187
312.0	82.88392944335938
313.0	82.89356994628906
314.0	83.01573791503907
315.0	82.98704223632812
316.0	82.87469482421875
317.0	83.00572509765625
318.0	82.7859619140625
319.0	82.93081665039062
320.0	82.87779235839844
321.0	82.92217407226562
322.0	82.67221374511719
323.0	82.91824035644531
324.0	82.76972045898438
325.0	82.84600219726562
326.0	82.86336364746094
327.0	82.86565246582032
328.0	82.94669189453126
329.0	82.81307678222656
330.0	82.79463195800781
331.0	82.7910369873047
332.0	82.80662231445312
333.0	82.72512817382812
334.0	82.80286560058593
335.0	82.8543701171875
336.0	82.71212158203124
337.0	82.80005187988282
338.0	82.74700622558593
339.0	82.76732177734375
340.0	82.85158081054688
341.0	82.68146362304688
342.0	82.841064453125
343.0	82.78303527832031
344.0	82.83091735839844
345.0	82.75463562011718
346.0	82.81990356445313
347.0	82.71282653808593
348.0	82.75627136230469
349.0	82.68085632324218
350.0	82.8038116455078
351.0	82.85271911621093
352.0	82.80072021484375
353.0	82.76514892578125
354.0	82.87266235351562
355.0	82.83364868164062
356.0	82.73489379882812
357.0	82.82235717773438
358.0	82.74705200195312
359.0	82.7588623046875
360.0	82.8724365234375
361.0	82.79031066894531
362.0	82.75191650390624
363.0	82.74847106933593
364.0	82.75975646972657
365.0	82.85213012695313
366.0	82.73913879394532
367.0	82.77800903320312
368.0	82.7652099609375
369.0	82.72060852050781
370.0	82.82379760742188
371.0	82.7680419921875
372.0	82.75959167480468
373.0	82.7372802734375
374.0	82.69990844726563
375.0	82.70452880859375
376.0	82.74090881347657
377.0	82.62803649902344
378.0	82.78316955566406
379.0	82.71755981445312
380.0	82.69186096191406
381.0	82.83268127441406
382.0	82.73872680664063
383.0	82.73623352050781
384.0	82.84664001464844
385.0	82.77332763671875
386.0	82.86300964355469
387.0	82.80296630859375
388.0	82.76995544433593
389.0	82.83091735839844
390.0	82.7234619140625
391.0	82.7226806640625
392.0	82.77236938476562
393.0	82.85874633789062
394.0	82.8031005859375
395.0	82.75645446777344
396.0	82.76289367675781
397.0	82.72149353027343
398.0	82.76798706054687
399.0	82.7192169189453
400.0	82.863427734375
401.0	82.76076965332031
402.0	82.75775146484375
403.0	82.70105285644532
404.0	82.658447265625
405.0	82.70570373535156
406.0	82.7183349609375
407.0	82.73976135253906
408.0	82.73843688964844
409.0	82.71583557128906
410.0	82.77672729492187
411.0	82.75198974609376
412.0	82.74046630859375
413.0	82.7247528076172
414.0	82.82977600097657
415.0	82.85855407714844
416.0	82.73175964355468
417.0	82.76247863769531
418.0	82.66400451660157
419.0	82.7296356201172
420.0	82.74340209960937
421.0	82.79791564941407
422.0	82.74748229980469
423.0	82.78044128417969
424.0	82.87112121582031
425.0	82.77761840820312
426.0	82.72288818359375
427.0	82.75435180664063
428.0	82.68367919921874
429.0	82.785009765625
430.0	82.94993286132812
431.0	82.70864868164062
432.0	82.80127563476563
433.0	82.80340881347657
434.0	82.71808471679688
435.0	82.69166259765625
436.0	82.68629150390625
437.0	82.77867126464844
438.0	82.75444641113282
439.0	82.70714416503907
440.0	82.77311096191406
441.0	82.8029052734375
442.0	82.78029174804688
443.0	82.80557861328126
444.0	82.82710571289063
445.0	82.72966613769532
446.0	82.78648071289062
447.0	82.78968505859375
448.0	82.80718994140625
449.0	82.700927734375
450.0	82.73294677734376
451.0	82.74301452636719
452.0	82.639208984375
453.0	82.80960693359376
454.0	82.7984130859375
455.0	82.68638916015625
456.0	82.80435485839844
457.0	82.67394409179687
458.0	82.81094970703126
459.0	82.69802551269531
460.0	82.68659362792968
461.0	82.72394714355468
462.0	82.72835693359374
463.0	82.79907836914063
464.0	82.71065673828124
465.0	82.75480041503906
466.0	82.71851806640625
467.0	82.85362854003907
468.0	82.72673645019532
469.0	82.89197692871093
470.0	82.73851928710937
471.0	82.66715087890626
472.0	82.62063903808594
473.0	82.72801208496094
474.0	82.67947998046876
475.0	82.75398559570313
476.0	82.72865600585938
477.0	82.6539794921875
478.0	82.79962463378907
479.0	82.72338562011718
480.0	82.71534729003906
481.0	82.73632507324218
482.0	82.77972106933593
483.0	82.68609619140625
484.0	82.57105407714843
485.0	82.5948272705078
486.0	82.58148193359375
487.0	82.569189453125
488.0	82.6038604736328
489.0	82.53590087890625
490.0	82.52769775390625
491.0	82.44034118652344
492.0	82.56376953125
493.0	82.39405517578125
494.0	82.56547546386719
495.0	82.55350952148437
496.0	82.54112548828125
497.0	82.60592651367188
498.0	82.64834899902344
499.0	82.54545288085937
500.0	82.5142822265625
501.0	82.46469421386719
502.0	82.5766357421875
503.0	82.45884704589844
504.0	82.44269714355468
505.0	82.56297607421875
506.0	82.55218200683593
507.0	82.64286804199219
508.0	82.638330078125
509.0	82.55750427246093
510.0	82.59909057617188
511.0	82.49125061035156
512.0	82.53525085449219
513.0	82.49247131347656
514.0	82.49590759277343
515.0	82.60504760742188
516.0	82.4777618408203
517.0	82.55355224609374
518.0	82.55540771484375
519.0	82.56139221191407
520.0	82.47284851074218
521.0	82.34947509765625
522.0	82.37008056640624
523.0	82.56441955566406
524.0	82.49402465820313
525.0	82.57196960449218
526.0	82.35149230957032
527.0	82.51856689453125
528.0	82.42251586914062
529.0	82.57369079589844
530.0	82.4147735595703
531.0	82.40364379882813
532.0	82.30708923339844
533.0	82.57026062011718
534.0	82.54462585449218
535.0	82.53135986328125
536.0	82.45931701660156
537.0	82.5127960205078
538.0	82.34610595703126
539.0	82.41755676269531
540.0	82.60901489257813
541.0	82.51462097167969
542.0	82.56043395996093
543.0	82.37764892578124
544.0	82.41838684082032
545.0	82.48840942382813
546.0	82.4462646484375
547.0	82.4500518798828
548.0	82.45507202148437
549.0	82.57061157226562
550.0	82.55114135742187
551.0	82.64766540527344
552.0	82.54259338378907
553.0	82.63292846679687
554.0	82.5276885986328
555.0	82.5594268798828
556.0	82.69017333984375
557.0	82.800341796875
558.0	82.6570831298828
559.0	82.6540283203125
560.0	82.71817016601562
561.0	82.75069580078124
562.0	82.74877319335937
563.0	82.78325500488282
564.0	82.6414794921875
565.0	82.81754150390626
566.0	82.73345642089843
567.0	82.848779296875
568.0	82.85700073242188
569.0	82.77084655761719
570.0	82.87834167480469
571.0	82.81141357421875
572.0	82.79366760253906
573.0	82.79389038085938
574.0	82.77603759765626
575.0	82.76414794921875
576.0	82.78504028320313
577.0	82.75841369628907
578.0	82.95173950195313
579.0	82.84842529296876
580.0	82.74532775878906
581.0	82.85584411621093
582.0	82.9262481689453
583.0	82.89016723632812
584.0	82.88997192382813
585.0	83.03614196777343
586.0	82.8716552734375
587.0	82.94324340820313
588.0	82.85602722167968
589.0	82.90999755859374
590.0	82.87844848632812
591.0	82.94049682617188
592.0	82.96216735839843
593.0	82.88878784179687
594.0	82.84096069335938
595.0	82.95126342773438
596.0	82.92884826660156
597.0	82.94083862304687
598.0	82.9243377685547
599.0	82.75469665527343
600.0	82.93060607910157
601.0	82.81704711914062
602.0	82.92826538085937
603.0	82.75406188964844
604.0	82.93880004882813
605.0	82.87598571777343
606.0	82.88960266113281
607.0	82.91952819824219
608.0	82.90534057617188
609.0	82.92930908203125
610.0	83.01171569824218
611.0	82.95377502441406
612.0	82.81034240722656
613.0	83.00324401855468
614.0	82.84030456542969
615.0	82.8791748046875
616.0	82.99071350097657
617.0	82.85783386230469
618.0	82.87828369140625
619.0	82.87272338867187
620.0	83.03199462890625
621.0	82.82274780273437
622.0	82.94562683105468
623.0	83.05060119628907
624.0	82.92583923339843
625.0	83.01839599609374
626.0	82.82664489746094
627.0	82.9328369140625
628.0	82.98519287109374
629.0	82.94498291015626
630.0	82.91760864257813
631.0	82.95296020507813
632.0	82.844384765625
633.0	82.77751159667969
634.0	82.86675415039062
635.0	82.89883422851562
636.0	82.73333129882812
637.0	82.77722778320313
638.0	82.68456115722657
639.0	82.8405517578125
640.0	82.881201171875
641.0	82.80807189941406
642.0	82.86594848632812
643.0	82.82193908691406
644.0	82.88785095214844
645.0	82.90747375488282
646.0	82.86235961914062
647.0	82.86608276367187
648.0	82.87501220703125
649.0	82.89893188476563
650.0	82.73927612304688
651.0	82.74078674316407
652.0	82.89972229003907
653.0	82.76569519042968
654.0	82.88424377441406
655.0	82.64336547851562
656.0	82.69619445800781
657.0	82.79882507324218
658.0	82.7430206298828
659.0	82.77151184082031
660.0	82.79945373535156
661.0	82.65719604492188
662.0	82.72771606445312
663.0	82.66975708007813
664.0	82.74501953125
665.0	82.73334350585938
666.0	82.63037719726563
667.0	82.50543823242188
668.0	82.46164245605469
669.0	82.5573486328125
670.0	82.55809020996094
671.0	82.55836791992188
672.0	82.66386108398437
673.0	82.45119934082031
674.0	82.56668090820312
675.0	82.46517333984374
676.0	82.48808898925782
677.0	82.422216796875
678.0	82.5677490234375
679.0	82.4352783203125
680.0	82.44346618652344
681.0	82.50040893554687
682.0	82.44145202636719
683.0	82.41610717773438
684.0	82.31530151367187
685.0	82.33173217773438
686.0	82.46976928710937
687.0	82.41265563964843
688.0	82.28283081054687
689.0	82.37994995117188
690.0	82.40892639160157
691.0	82.38453979492188
692.0	82.32353515625
693.0	82.38658752441407
694.0	82.39942932128906
695.0	82.41488342285156
696.0	82.36041564941407
697.0	82.5624786376953
698.0	82.45101623535156
699.0	82.5744873046875
700.0	82.51263427734375
701.0	82.5221923828125
702.0	82.45484619140625
703.0	82.54389953613281
704.0	82.33699951171874
705.0	82.50406188964844
706.0	82.46115112304688
707.0	82.4176025390625
708.0	82.53123474121094
709.0	82.50202941894531
710.0	82.53956909179688
711.0	82.47017822265624
712.0	82.44308166503906
713.0	82.6045928955078
714.0	82.5374969482422
715.0	82.4493194580078
716.0	82.592529296875
717.0	82.48442687988282
718.0	82.55230407714843
719.0	82.48759460449219
720.0	82.55623474121094
721.0	82.42220764160156
722.0	82.52789001464843
723.0	82.32300720214843
724.0	82.3864501953125
725.0	82.57522277832031
726.0	82.410791015625
727.0	82.42572326660157
728.0	82.46003723144531
729.0	82.37284851074219
730.0	82.49134521484375
731.0	82.38898315429688
732.0	82.4352294921875
733.0	82.42603454589843
734.0	82.38254089355469
735.0	82.45449523925781
736.0	82.39216613769531
737.0	82.3482879638672
738.0	82.37979125976562
739.0	82.41793823242188
740.0	82.46155090332032
741.0	82.53271789550782
742.0	82.47676391601563
743.0	82.48631896972657
744.0	82.51246948242188
745.0	82.33443908691406
746.0	82.42814331054687
747.0	82.5346923828125
748.0	82.44541625976562
749.0	82.51207275390625
750.0	82.48614196777343
751.0	82.58976440429687
752.0	82.4795654296875
753.0	82.53153991699219
754.0	82.55505065917968
755.0	82.57212829589844
756.0	82.48316955566406
757.0	82.50061340332032
758.0	82.58282165527343
759.0	82.44894409179688
760.0	82.48681030273437
761.0	82.59928894042969
762.0	82.49976196289063
763.0	82.54817199707031
764.0	82.46508178710937
765.0	82.39851684570313
766.0	82.63044128417968
767.0	82.50089721679687
768.0	82.46775512695312
769.0	82.47364807128906
770.0	82.52659301757812
771.0	82.45875549316406
772.0	82.52471923828125
773.0	82.47200622558594
774.0	82.52294006347657
775.0	82.44080200195313
776.0	82.59866027832031
777.0	82.45191345214843
778.0	82.4945281982422
779.0	82.48717041015625
780.0	82.32110900878907
781.0	82.47473449707032
782.0	82.43572692871093
783.0	82.4575408935547
784.0	82.43437194824219
785.0	82.5219970703125
786.0	82.437744140625
787.0	82.31657409667969
788.0	82.48768920898438
789.0	82.4168487548828
790.0	82.43560180664062
791.0	82.3794677734375
792.0	82.37995300292968
793.0	82.42040405273437
794.0	82.33756713867187
795.0	82.38501586914063
796.0	82.408447265625
797.0	82.37005920410157
798.0	82.29547119140625
799.0	82.33819274902343
800.0	82.3789276123047
801.0	82.35019226074219
802.0	82.244970703125
803.0	82.29482727050781
804.0	82.29845581054687
805.0	82.36750183105468
806.0	82.37421569824218
807.0	82.19765014648438
808.0	82.3212890625
809.0	82.27418518066406
810.0	82.24103088378907
811.0	82.26436462402344
812.0	82.22310180664063
813.0	82.28545532226562
814.0	82.25341491699218
815.0	82.26470336914062
816.0	82.36229553222657
817.0	82.32887268066406
818.0	82.2115234375
819.0	82.25488586425782
820.0	82.13175964355469
821.0	82.28669738769531
822.0	82.16286010742188
823.0	82.14483947753907
824.0	82.16800537109376
825.0	82.11791076660157
826.0	82.23597717285156
827.0	82.07470703125
828.0	82.17157592773438
829.0	82.18814392089844
830.0	82.30200500488282
831.0	82.24349670410156
832.0	82.20657043457031
833.0	82.17262573242188
834.0	82.05595397949219
835.0	82.05526428222656
836.0	82.04468078613282
837.0	82.10997314453125
838.0	82.03958740234376
839.0	81.93665161132813
840.0	82.03359375
841.0	81.96921081542969
842.0	81.98977661132812
843.0	81.90808715820313
844.0	81.96332092285157
845.0	82.03735961914063
846.0	81.94479370117188
847.0	82.02527160644532
848.0	81.95805053710937
849.0	81.9170928955078
850.0	81.84495849609375
851.0	81.89589233398438
852.0	82.03125
853.0	81.9579345703125
854.0	81.99432678222657
855.0	81.92866821289063
856.0	81.94246826171874
857.0	82.00703430175781
858.0	81.95973510742188
859.0	81.99534606933594
860.0	82.06203002929688
861.0	81.97444763183594
862.0	81.93430786132812
863.0	81.93956604003907
864.0	81.99397583007813
865.0	81.97992248535157
866.0	82.07821655273438
867.0	82.0652862548828
868.0	82.09695739746094
869.0	82.03187866210938
870.0	82.12127380371093
871.0	82.11701049804688
872.0	82.14424133300781
873.0	81.9242919921875
874.0	82.08231201171876
875.0	82.0999542236328
876.0	81.93350219726562
877.0	82.05364379882812
878.0	82.07188720703125
879.0	82.09862670898437
880.0	82.20596618652344
881.0	82.03778686523438
882.0	82.05361938476562
883.0	82.13825073242188
884.0	82.14786987304687
885.0	82.20625305175781
886.0	82.100830078125
887.0	82.1095458984375
888.0	82.15713806152344
889.0	82.13383178710937
890.0	82.203662109375
891.0	82.18072814941407
892.0	82.1011962890625
893.0	82.140771484375
894.0	82.1947235107422
895.0	82.2632568359375
896.0	82.19906616210938
897.0	82.23773498535157
898.0	82.14105529785157
899.0	82.30528564453125
900.0	82.15665283203126
901.0	82.20338745117188
902.0	82.20837097167968
903.0	82.2399169921875
904.0	82.23897094726563
905.0	82.26141357421875
906.0	82.2341796875
907.0	82.24599914550781
908.0	82.21061096191406
909.0	82.16384887695312
910.0	82.23469848632813
911.0	82.22430114746093
912.0	82.2669677734375
913.0	82.08511047363281
914.0	82.19947814941406
915.0	82.12385864257813
916.0	82.16310424804688
917.0	82.09906921386718
918.0	82.1310821533203
919.0	82.08164672851562
920.0	82.2227996826172
921.0	82.11836547851563
922.0	82.27579650878906
923.0	82.15682983398438
924.0	82.2725616455078
925.0	82.26734008789063
926.0	82.26958618164062
927.0	82.26214599609375
928.0	82.21817932128906
929.0	82.22938842773438
930.0	82.30751037597656
931.0	82.2896240234375
932.0	82.28349304199219
933.0	82.24901733398437
934.0	82.08330383300782
935.0	82.07078857421875
936.0	82.26858215332031
937.0	82.2596435546875
938.0	82.20445556640625
939.0	82.11517333984375
940.0	82.27632141113281
941.0	82.1776336669922
942.0	82.3526397705078
943.0	82.24696350097656
944.0	82.31078796386718
945.0	82.20947570800782
946.0	82.22552490234375
947.0	82.25115966796875
948.0	82.22876586914063
949.0	82.18190002441406
950.0	82.371484375
951.0	82.36729125976562
952.0	82.2039306640625
953.0	82.23083190917968
954.0	82.2416778564453
955.0	82.03274230957031
956.0	82.16856994628907
957.0	82.18981323242187
958.0	82.12195739746093
959.0	82.12167663574219
960.0	82.2118896484375
961.0	82.27375183105468
962.0	82.19856567382813
963.0	82.15853881835938
964.0	82.20910339355468
965.0	82.18331909179688
966.0	82.28661804199218
967.0	82.13818969726563
968.0	82.19422912597656
969.0	82.17169799804688
970.0	82.21094665527343
971.0	82.12725524902343
972.0	82.2186279296875
973.0	82.16563720703125
974.0	82.01432800292969
975.0	82.08013305664062
976.0	82.15756530761719
977.0	82.05981750488282
978.0	82.10357360839843
979.0	82.04569702148437
980.0	82.0812255859375
981.0	82.04340209960938
982.0	82.09239807128907
983.0	82.15229797363281
984.0	82.06096801757812
985.0	82.15150146484375
986.0	82.072412109375
987.0	81.97965698242187
988.0	82.15311584472656
989.0	82.20274353027344
990.0	82.20967102050781
991.0	81.89543762207032
992.0	82.106689453125
993.0	82.07711486816406
994.0	82.10633544921875
995.0	82.11473693847657
996.0	82.08171997070312
997.0	82.01768798828125
998.0	82.02314453125
999.0	82.12198791503906
1000.0	82.00928344726563
1001.0	82.02014465332032
1002.0	82.02503662109375
1003.0	82.02028198242188
1004.0	82.0210968017578
1005.0	82.02943420410156
1006.0	82.11552124023437
1007.0	82.09255981445312
1008.0	82.05670471191407
1009.0	81.99425964355468
1010.0	81.99640808105468
1011.0	82.02410278320312
1012.0	81.94902954101562
1013.0	81.97304077148438
1014.0	81.87802124023438
1015.0	81.87736511230469
1016.0	81.880078125
1017.0	81.85796203613282
1018.0	81.83746643066407
1019.0	81.86263122558594
1020.0	81.9435028076172
1021.0	81.79010620117188
1022.0	82.00375061035156
1023.0	81.82218627929687
1024.0	81.82958374023437
1025.0	81.95467834472656
1026.0	81.94250793457032
1027.0	81.85263366699219
1028.0	82.01138610839844
1029.0	81.91382751464843
1030.0	81.92593078613281
1031.0	81.93861694335938
1032.0	81.96921997070312
1033.0	81.84143371582032
1034.0	81.87346801757812
1035.0	82.00914306640625
1036.0	81.87859802246093
1037.0	81.93988647460938
1038.0	82.00935363769531
1039.0	81.92012329101563
1040.0	82.0654083251953
1041.0	81.97948608398437
1042.0	82.00707397460937
1043.0	81.97707824707031
1044.0	81.99823608398438
1045.0	81.94014892578124
1046.0	81.94599609375
1047.0	81.96589660644531
1048.0	81.99561462402343
1049.0	82.11284484863282
1050.0	81.9231689453125
1051.0	81.93016967773437
1052.0	81.87808837890626
1053.0	81.832177734375
1054.0	81.8802703857422
1055.0	81.80010986328125
1056.0	81.90053100585938
1057.0	81.94154357910156
1058.0	81.89239501953125
1059.0	81.85011596679688
1060.0	81.897412109375
1061.0	81.957763671875
1062.0	81.96132202148438
1063.0	81.92584533691407
1064.0	81.88346862792969
1065.0	81.81830444335938
1066.0	81.89495239257812
1067.0	81.81097106933593
1068.0	81.83036499023437
1069.0	82.04267883300781
1070.0	82.03866882324219
1071.0	81.91268005371094
1072.0	82.03732604980469
1073.0	81.93400268554687
1074.0	81.91358337402343
1075.0	81.81660461425781
1076.0	81.923486328125
1077.0	81.96882629394531
1078.0	82.07936096191406
1079.0	82.10430908203125
1080.0	82.10935974121094
1081.0	82.17574768066406
1082.0	82.01346435546876
1083.0	82.07339172363281
1084.0	82.06371765136718
1085.0	82.06810302734375
1086.0	82.19682312011719
1087.0	82.22805786132812
1088.0	82.10557556152344
1089.0	82.16805725097656
1090.0	82.18944091796875
1091.0	82.10477600097656
1092.0	82.07655029296875
1093.0	81.98921203613281
1094.0	82.07430725097656
1095.0	82.01324462890625
1096.0	82.18087158203124
1097.0	82.06557922363281
1098.0	82.15654907226562
1099.0	82.18498840332032
1100.0	82.18908996582032
1101.0	82.21551818847657
1102.0	82.07349243164063
1103.0	82.09400939941406
1104.0	82.057861328125
1105.0	82.18464050292968
1106.0	81.89904174804687
1107.0	82.0096435546875
1108.0	82.09814147949218
1109.0	81.99209899902344
1110.0	82.0538543701172
1111.0	82.00661010742188
1112.0	81.93817138671875
1113.0	82.01126403808594
1114.0	82.02135925292968
1115.0	82.00983276367188
1116.0	82.13829650878907
1117.0	81.96067810058594
1118.0	81.98880615234376
1119.0	82.11740417480469
1120.0	82.02283935546875
1121.0	81.98417053222656
1122.0	81.88897705078125
1123.0	82.1147247314453
1124.0	82.09860229492188
1125.0	82.01069641113281
1126.0	82.14638977050781
1127.0	81.97664184570313
1128.0	81.97820434570312
1129.0	81.924658203125
1130.0	82.01315612792969
1131.0	81.93634033203125
1132.0	81.81494750976563
1133.0	81.87139892578125
1134.0	81.87955627441406
1135.0	81.89144592285156
1136.0	82.0572723388672
1137.0	81.99881896972656
1138.0	82.02627563476562
1139.0	81.97134399414062
1140.0	82.01136474609375
1141.0	82.17001647949219
1142.0	82.07828979492187
1143.0	82.12629699707031
1144.0	82.13606872558594
1145.0	82.09584045410156
1146.0	82.07565612792969
1147.0	82.03880920410157
1148.0	82.09556274414062
1149.0	82.06063537597656
1150.0	82.11593322753906
1151.0	82.1615234375
1152.0	82.027783203125
1153.0	82.08643493652343
1154.0	82.19400024414062
1155.0	82.02352294921874
1156.0	82.08301086425782
1157.0	82.11869812011719
1158.0	82.25716247558594
1159.0	82.02781982421875
1160.0	82.05013122558594
1161.0	82.1396270751953
1162.0	82.19579772949218
1163.0	82.1169677734375
1164.0	82.23717651367187
1165.0	82.26982116699219
1166.0	82.18450622558593
1167.0	82.12314147949219
1168.0	82.13785095214844
1169.0	82.24658508300782
1170.0	82.1592041015625
1171.0	81.99690551757813
1172.0	82.1061767578125
1173.0	82.109033203125
1174.0	82.06079406738282
1175.0	82.04205322265625
1176.0	82.04538269042969
1177.0	82.0950714111328
1178.0	82.02294311523437
1179.0	82.13731079101562
1180.0	82.09376220703125
1181.0	82.01107788085938
1182.0	82.0633544921875
1183.0	82.13094482421874
1184.0	82.20561828613282
1185.0	82.10663757324218
1186.0	82.10523376464843
1187.0	82.0643096923828
1188.0	82.06665954589843
1189.0	81.93605346679688
1190.0	82.00245666503906
1191.0	81.93187561035157
1192.0	82.00089416503906
1193.0	81.96828918457031
1194.0	81.99712219238282
1195.0	82.02637939453125
1196.0	81.9818359375
1197.0	82.1217529296875
1198.0	81.97902221679688
1199.0	82.01897277832032
1200.0	82.15766906738281
1201.0	82.04073486328124
1202.0	82.17596130371093
1203.0	82.05755920410157
1204.0	82.02356567382813
1205.0	82.15085144042969
1206.0	81.97173156738282
1207.0	82.1470733642578
1208.0	82.00354919433593
1209.0	82.08398132324218
1210.0	82.02020263671875
1211.0	81.9620849609375
1212.0	82.1528533935547
1213.0	81.95845031738281
1214.0	81.94346923828125
1215.0	82.1171630859375
1216.0	82.00330810546875
1217.0	82.10409851074219
1218.0	82.11389465332032
1219.0	81.97034301757813
1220.0	82.06535339355469
1221.0	82.13658142089844
1222.0	81.9070068359375
1223.0	82.05521850585937
1224.0	82.01507263183593
1225.0	82.00126342773437
1226.0	81.97218322753906
1227.0	82.00459289550781
1228.0	81.80694580078125
1229.0	81.89283142089843
1230.0	82.07451782226562
1231.0	82.02999572753906
1232.0	82.09469604492188
1233.0	81.96521301269532
1234.0	82.00408020019532
1235.0	81.9612823486328
1236.0	81.93575744628906
1237.0	81.93192749023437
1238.0	82.04850463867187
1239.0	82.10172729492187
1240.0	82.12312316894531
1241.0	82.11148071289062
1242.0	82.01883544921876
1243.0	82.12602233886719
1244.0	82.05117492675781
1245.0	81.93807983398438
1246.0	82.06695556640625
1247.0	81.86683654785156
1248.0	82.02182006835938
1249.0	82.08851623535156
1250.0	82.01753234863281
1251.0	81.88262634277343
1252.0	81.86699523925782
1253.0	81.92235107421875
1254.0	82.08311462402344
1255.0	82.18693237304687
1256.0	82.12180786132812
1257.0	82.18477172851563
1258.0	82.12150268554687
1259.0	82.0939453125
1260.0	82.22301940917968
1261.0	82.3656219482422
1262.0	82.22828674316406
1263.0	82.15847473144531
1264.0	82.18851928710937
1265.0	82.08037414550782
1266.0	82.31257019042968
1267.0	82.22771606445312
1268.0	82.128271484375
1269.0	82.17536010742188
1270.0	82.149658203125
1271.0	82.18218994140625
1272.0	82.16984252929687
1273.0	82.24053955078125
1274.0	82.17132873535157
1275.0	82.25159606933593
1276.0	82.1273193359375
1277.0	82.13937072753906
1278.0	82.18250122070313
1279.0	82.28875427246093
1280.0	82.140380859375
1281.0	82.01319274902343
1282.0	82.08470153808594
1283.0	82.04465026855469
1284.0	82.10166625976562
1285.0	82.07710571289063
1286.0	82.19719848632812
1287.0	82.29966735839844
1288.0	82.09087829589843
1289.0	82.05218200683593
1290.0	82.2219482421875
1291.0	81.9556884765625
1292.0	82.20588684082031
1293.0	82.14502258300782
1294.0	82.14242248535156
1295.0	82.10746765136719
1296.0	82.01597900390625
1297.0	82.10299987792969
1298.0	82.1010528564453
1299.0	82.12945861816407
1300.0	82.09552001953125
1301.0	82.133544921875
1302.0	82.18530883789063
1303.0	82.2729705810547
1304.0	82.13038635253906
1305.0	82.2195037841797
1306.0	82.11922607421874
1307.0	82.0477081298828
1308.0	82.30208129882813
1309.0	82.16816711425781
1310.0	82.330517578125
1311.0	82.0889404296875
1312.0	82.18079223632813
1313.0	82.20633544921876
1314.0	82.20881042480468
1315.0	81.97903747558594
1316.0	82.38792724609375
1317.0	82.24057006835938
1318.0	82.13701171875
1319.0	82.27027587890625
1320.0	82.21172790527343
1321.0	82.26541137695312
1322.0	82.25744934082032
1323.0	82.18770751953124
1324.0	82.18009033203126
1325.0	82.16161193847657
1326.0	82.22099914550782
1327.0	82.21339416503906
1328.0	82.18832092285156
1329.0	82.21897888183594
1330.0	82.19263000488282
1331.0	82.32315673828126
1332.0	82.2789093017578
1333.0	82.13801574707031
1334.0	82.26281433105468
1335.0	82.349658203125
1336.0	82.29024353027344
1337.0	82.28129577636719
1338.0	82.27483825683593
1339.0	82.39251403808593
1340.0	82.29967041015625
1341.0	82.35752563476562
1342.0	82.29698791503907
1343.0	82.40374755859375
1344.0	82.26412963867188
1345.0	82.30972900390626
1346.0	82.41672973632812
1347.0	82.25317993164063
1348.0	82.43610534667968
1349.0	82.46919555664063
1350.0	82.42000427246094
1351.0	82.49774780273438
1352.0	82.39163208007812
1353.0	82.381494140625
1354.0	82.36396484375
1355.0	82.43457946777343
1356.0	82.4876922607422
1357.0	82.42903747558594
1358.0	82.37734680175781
1359.0	82.3943359375
1360.0	82.38746337890625
1361.0	82.3989044189453
1362.0	82.39956665039062
1363.0	82.34980163574218
1364.0	82.46704711914063
1365.0	82.45552368164063
1366.0	82.44827270507812
1367.0	82.42899780273437
1368.0	82.4582305908203
1369.0	82.46294250488282
1370.0	82.509228515625
1371.0	82.50552062988281
1372.0	82.35009155273437
1373.0	82.47408447265624
1374.0	82.52861633300782
1375.0	82.45971069335937
1376.0	82.51737365722656
1377.0	82.42123718261719
1378.0	82.4942138671875
1379.0	82.43935546875
1380.0	82.51208190917968
1381.0	82.54793090820313
1382.0	82.49879455566406
1383.0	82.42860412597656
1384.0	82.51054077148437
1385.0	82.44297485351562
1386.0	82.53287353515626
1387.0	82.4330078125
1388.0	82.5215057373047
1389.0	82.5363555908203
1390.0	82.55776672363281
1391.0	82.40936889648438
1392.0	82.57453308105468
1393.0	82.4991668701172
1394.0	82.48906555175782
1395.0	82.48465576171876
1396.0	82.4907012939453
1397.0	82.47833557128907
1398.0	82.4439483642578
1399.0	82.51858520507812
1400.0	82.55594787597656
1401.0	82.44432983398437
1402.0	82.54831237792969
1403.0	82.47118225097657
1404.0	82.54943542480468
1405.0	82.50281372070313
1406.0	82.39414672851562
1407.0	82.4373992919922
1408.0	82.44810485839844
1409.0	82.42359924316406
1410.0	82.58324890136718
1411.0	82.49468994140625
1412.0	82.55230102539062
1413.0	82.6189697265625
1414.0	82.60531311035156
1415.0	82.39720764160157
1416.0	82.45358276367188
1417.0	82.4598876953125
1418.0	82.59187927246094
1419.0	82.49012756347656
1420.0	82.561328125
1421.0	82.37223815917969
1422.0	82.48348693847656
1423.0	82.41046142578125
1424.0	82.46446533203125
1425.0	82.46707458496094
1426.0	82.39944152832031
1427.0	82.45452880859375
1428.0	82.44685974121094
1429.0	82.6033721923828
1430.0	82.50850524902344
1431.0	82.37180786132812
1432.0	82.49013671875
1433.0	82.3728759765625
1434.0	82.44867553710938
1435.0	82.48936157226562
1436.0	82.47243041992188
1437.0	82.41636962890625
1438.0	82.44792785644532
1439.0	82.47988586425781
1440.0	82.5214630126953
1441.0	82.48449401855468
1442.0	82.48844299316406
1443.0	82.4399169921875
1444.0	82.54922180175781
1445.0	82.36772766113282
1446.0	82.47510986328125
1447.0	82.48295593261719
1448.0	82.37136535644531
1449.0	82.34210510253907
1450.0	82.50318603515625
1451.0	82.42401733398438
1452.0	82.3744903564453
1453.0	82.39131164550781
1454.0	82.45085144042969
1455.0	82.372216796875
1456.0	82.39883422851562
1457.0	82.46032104492187
1458.0	82.4327606201172
1459.0	82.3851318359375
1460.0	82.34937133789063
1461.0	82.38331909179688
1462.0	82.5278076171875
1463.0	82.42510681152343
1464.0	82.40133972167969
1465.0	82.382666015625
1466.0	82.50513916015625
1467.0	82.4116943359375
1468.0	82.49324951171874
1469.0	82.49323425292968
1470.0	82.52623901367187
1471.0	82.54562072753906
1472.0	82.59078979492188
1473.0	82.48284912109375
1474.0	82.4919921875
1475.0	82.47480163574218
1476.0	82.62767639160157
1477.0	82.5951934814453
1478.0	82.60323486328124
1479.0	82.48983764648438
1480.0	82.52760620117188
1481.0	82.35180358886718
1482.0	82.47820434570312
1483.0	82.47673034667969
1484.0	82.52919921875
1485.0	82.56135559082031
1486.0	82.45335998535157
1487.0	82.47103271484374
1488.0	82.53937072753907
1489.0	82.51338500976563
1490.0	82.63665466308593
1491.0	82.59242553710938
1492.0	82.51279296875
1493.0	82.51585388183594
1494.0	82.51860046386719
1495.0	82.47199401855468
1496.0	82.44837951660156
1497.0	82.42917175292969
1498.0	82.505615234375
1499.0	82.66581115722656
1500.0	82.54844665527344
1501.0	82.59501953125
1502.0	82.58031311035157
1503.0	82.62138061523437
1504.0	82.56121826171875
1505.0	82.48843688964844
1506.0	82.5195068359375
1507.0	82.5768798828125
1508.0	82.55949096679687
1509.0	82.66139221191406
1510.0	82.57263793945313
1511.0	82.6189697265625
1512.0	82.7065673828125
1513.0	82.71329956054687
1514.0	82.70382080078124
1515.0	82.71239318847657
1516.0	82.73829040527343
1517.0	82.54956359863282
1518.0	82.69764099121093
1519.0	82.62089233398437
1520.0	82.59094543457032
1521.0	82.66117553710937
1522.0	82.6495147705078
1523.0	82.65590209960938
1524.0	82.70492858886719
1525.0	82.59540405273438
1526.0	82.65109252929688
1527.0	82.64450378417969
1528.0	82.74576110839844
1529.0	82.70828552246094
1530.0	82.55464477539063
1531.0	82.5349334716797
1532.0	82.5649627685547
1533.0	82.61298217773438
1534.0	82.6958221435547
1535.0	82.73619384765625
1536.0	82.6224578857422
1537.0	82.68128356933593
1538.0	82.57080993652343
1539.0	82.68292541503907
1540.0	82.7427734375
1541.0	82.738623046875
1542.0	82.59551086425782
1543.0	82.73958740234374
1544.0	82.67753601074219
1545.0	82.69172058105468
1546.0	82.78048400878906
1547.0	82.62533264160156
1548.0	82.74301452636719
1549.0	82.67008361816406
1550.0	82.72156677246093
1551.0	82.70302124023438
1552.0	82.58727416992187
1553.0	82.74715881347656
1554.0	82.75652465820312
1555.0	82.61728515625
1556.0	82.72998657226563
1557.0	82.66054077148438
1558.0	82.69635925292968
1559.0	82.7237762451172
1560.0	82.77682189941406
1561.0	82.79894104003907
1562.0	82.77837219238282
1563.0	82.60693054199218
1564.0	82.70587158203125
1565.0	82.76193237304688
1566.0	82.7575927734375
1567.0	82.70084838867187
1568.0	82.72576904296875
1569.0	82.73607482910157
1570.0	82.71144104003906
1571.0	82.70953979492188
1572.0	82.66685485839844
1573.0	82.73700866699218
1574.0	82.72074584960937
1575.0	82.73099365234376
1576.0	82.85612182617187
1577.0	82.7923828125
1578.0	82.80455627441407
1579.0	82.78389282226563
1580.0	82.76296997070312
1581.0	82.87704162597656
1582.0	82.71879577636719
1583.0	82.66798095703125
1584.0	82.75182189941407
1585.0	82.80077819824218
1586.0	82.77353210449219
1587.0	82.72546081542968
1588.0	82.70909423828125
1589.0	82.79443664550782
1590.0	82.6875244140625
1591.0	82.74701232910157
1592.0	82.69002990722656
1593.0	82.69361572265625
1594.0	82.756005859375
1595.0	82.78807067871094
1596.0	82.82863159179688
1597.0	82.80290832519532
1598.0	82.82021484375
1599.0	82.72704772949218
1600.0	82.66763305664062
1601.0	82.78678283691406
1602.0	82.84498291015625
1603.0	82.77734375
1604.0	82.59619140625
1605.0	82.73554077148438
1606.0	82.78985290527343
1607.0	82.80012817382813
1608.0	82.70084533691406
1609.0	82.81639099121094
1610.0	82.80459899902344
1611.0	82.76751708984375
1612.0	82.7812286376953
1613.0	82.82096557617187
1614.0	82.68092041015625
1615.0	82.73562927246094
1616.0	82.74229431152344
1617.0	82.70487670898437
1618.0	82.78931274414063
1619.0	82.76907043457031
1620.0	82.80650634765625
1621.0	82.77371520996094
1622.0	82.83208618164062
1623.0	82.76679382324218
1624.0	82.7212158203125
1625.0	82.68804016113282
1626.0	82.83081359863282
1627.0	82.82654724121093
1628.0	82.73528442382812
1629.0	82.663330078125
1630.0	82.7693878173828
1631.0	82.89002990722656
1632.0	82.85409240722656
1633.0	82.75381774902344
1634.0	82.905908203125
1635.0	82.75712280273437
1636.0	82.795068359375
1637.0	82.78556213378906
1638.0	82.69944763183594
1639.0	82.75007934570313
1640.0	82.7328857421875
1641.0	82.80039978027344
1642.0	82.75614624023437
1643.0	82.79488830566406
1644.0	82.7618896484375
1645.0	82.91287231445312
1646.0	82.8904022216797
1647.0	82.72775573730469
1648.0	82.83887634277343
1649.0	82.83799438476562
1650.0	82.80717468261719
1651.0	82.74085693359375
1652.0	82.95672912597657
1653.0	82.82772216796874
1654.0	82.95023498535156
1655.0	82.8022247314453
1656.0	82.76260986328126
1657.0	82.86323547363281
1658.0	82.80628051757813
1659.0	82.83463134765626
1660.0	82.8066162109375
1661.0	82.75505065917969
1662.0	82.95795593261718
1663.0	82.72188720703124
1664.0	82.84537658691406
1665.0	82.73766784667968
1666.0	82.73005981445313
1667.0	82.75008850097656
1668.0	82.81030883789063
1669.0	82.67892456054688
1670.0	82.76863403320313
1671.0	82.88589477539062
1672.0	82.73414001464843
1673.0	82.75162048339844
1674.0	82.84924621582032
1675.0	82.89859619140626
1676.0	82.80516662597657
1677.0	82.80763549804688
1678.0	82.78626403808593
1679.0	82.85318603515626
1680.0	82.89894104003906
1681.0	82.90409240722656
1682.0	82.91828002929688
1683.0	82.83204956054688
1684.0	82.90253295898438
1685.0	82.7684112548828
1686.0	82.90335998535156
1687.0	82.886279296875
1688.0	82.75271301269531
1689.0	82.73451538085938
1690.0	82.88043212890625
1691.0	82.77946472167969
1692.0	82.93424682617187
1693.0	83.01507568359375
1694.0	82.98238830566406
1695.0	82.84503479003907
1696.0	82.90484924316407
1697.0	82.88787536621093
1698.0	82.95211791992188
1699.0	82.93328857421875
1700.0	82.8727294921875
1701.0	82.85018310546874
1702.0	82.97227478027344
1703.0	82.85514526367187
1704.0	82.82507019042968
1705.0	82.8638427734375
1706.0	82.86578369140625
1707.0	82.8912567138672
1708.0	82.9218017578125
1709.0	82.9665313720703
1710.0	82.94292907714843
1711.0	82.86687622070312
1712.0	83.0381866455078
1713.0	82.83661804199218
1714.0	82.78768310546874
1715.0	82.96363525390625
1716.0	82.82657165527344
1717.0	82.98436279296875
1718.0	82.7978729248047
1719.0	83.03064575195313
1720.0	82.79906616210937
1721.0	82.93694458007812
1722.0	82.8513671875
1723.0	82.77019653320312
1724.0	82.91426696777344
1725.0	82.90005798339844
1726.0	82.98284912109375
1727.0	82.85000610351562
1728.0	82.94199829101562
1729.0	83.03678588867187
1730.0	82.98663635253907
1731.0	82.93583679199219
1732.0	82.89130249023438
1733.0	83.06666870117188
1734.0	83.09549560546876
1735.0	82.90717468261718
1736.0	83.13168029785156
1737.0	82.95271301269531
1738.0	83.01070556640624
1739.0	82.8777099609375
1740.0	83.01786499023437
1741.0	82.93542785644532
1742.0	83.07459411621093
1743.0	82.98138122558593
1744.0	82.88369445800781
1745.0	82.9760009765625
1746.0	82.98041076660157
1747.0	82.84990539550782
1748.0	82.93424377441406
1749.0	83.01161499023438
1750.0	82.94634704589843
1751.0	82.93712463378907
1752.0	82.78684692382812
1753.0	82.8806365966797
1754.0	82.97069702148437
1755.0	82.95128784179687
1756.0	83.07628784179687
1757.0	83.0631591796875
1758.0	82.99121704101563
1759.0	83.05611877441406
1760.0	83.06124572753906
1761.0	83.04886169433594
1762.0	83.01510620117188
1763.0	83.09147338867187
1764.0	83.0555908203125
1765.0	83.05072326660157
1766.0	83.08833312988281
1767.0	83.14288635253907
1768.0	83.11474914550782
1769.0	83.09574584960937
1770.0	83.02864074707031
1771.0	83.08513793945312
1772.0	83.0249267578125
1773.0	83.12968139648437
1774.0	83.01246337890625
1775.0	82.86219787597656
1776.0	83.087646484375
1777.0	83.03706359863281
1778.0	82.96097106933594
1779.0	83.0713623046875
1780.0	83.0090545654297
1781.0	82.9904571533203
1782.0	83.12879028320313
1783.0	83.01204223632813
1784.0	82.94343872070313
1785.0	83.13973083496094
1786.0	83.07099609375
1787.0	83.04752197265626
1788.0	83.05191650390626
1789.0	82.97173767089843
1790.0	82.96873474121094
1791.0	82.93526611328124
1792.0	82.93910217285156
1793.0	82.98481750488281
1794.0	82.999755859375
1795.0	82.77933654785156
1796.0	82.62969970703125
1797.0	82.56444091796875
1798.0	82.81631164550781
1799.0	82.82005920410157
1800.0	82.83646850585937
1801.0	82.86806640625
1802.0	82.84678649902344
1803.0	82.83526916503907
1804.0	82.92477416992188
1805.0	83.06250915527343
1806.0	83.15931701660156
1807.0	83.03754272460938
1808.0	83.0938720703125
1809.0	83.07294921875
1810.0	83.10160522460937
1811.0	83.05125122070312
1812.0	82.95072021484376
1813.0	83.06808166503906
1814.0	83.07821960449219
1815.0	83.10081787109375
1816.0	82.98608703613282
1817.0	82.98177185058594
1818.0	83.05907287597657
1819.0	83.102685546875
1820.0	82.95333557128906
1821.0	82.99587707519531
1822.0	82.88433227539062
1823.0	82.94837341308593
1824.0	82.927197265625
1825.0	82.8849090576172
1826.0	82.93688354492187
1827.0	82.86867980957031
1828.0	83.00737609863282
1829.0	83.03333129882813
1830.0	82.99337158203124
1831.0	82.97633056640625
1832.0	82.99360046386718
1833.0	82.94021301269531
1834.0	82.93876037597656
1835.0	82.91171569824219
1836.0	82.73551025390626
1837.0	82.46981201171874
1838.0	82.41187744140625
1839.0	82.36309509277343
1840.0	81.79686889648437
1841.0	81.91559143066407
1842.0	82.49078063964843
1843.0	82.7455047607422
1844.0	83.02316284179688
1845.0	82.96420593261719
1846.0	83.11073303222656
1847.0	83.00039978027344
1848.0	82.85100402832032
1849.0	82.91740417480469
1850.0	83.18113708496094
1851.0	83.07549133300782
1852.0	83.13265075683594
1853.0	83.12750854492188
1854.0	82.99151916503907
1855.0	83.11198120117187
1856.0	83.13283081054688
1857.0	83.07568664550782
1858.0	82.74469909667968
1859.0	82.02452087402344
1860.0	82.15581970214843
1861.0	82.68704528808594
1862.0	82.84742736816406
1863.0	82.69383239746094
1864.0	82.7218231201172
1865.0	83.04647216796874
1866.0	83.04984130859376
1867.0	83.09151306152344
1868.0	82.93408508300782
1869.0	83.07626342773438
1870.0	83.05300598144531
1871.0	83.08235778808594
1872.0	83.16240234375
1873.0	83.01964416503907
1874.0	82.94352722167969
1875.0	82.85652465820313
1876.0	82.67322998046875
1877.0	82.54496154785156
1878.0	82.662158203125
1879.0	82.06851501464844
1880.0	82.03755493164063
1881.0	82.6779052734375
1882.0	83.12445983886718
1883.0	83.09725341796874
1884.0	83.05752258300781
1885.0	82.92455139160157
1886.0	83.15712280273438
1887.0	82.97040405273438
1888.0	82.99868774414062
1889.0	82.98581237792969
1890.0	83.14398498535157
1891.0	82.92757873535156
1892.0	83.13145141601562
1893.0	82.94958190917968
1894.0	83.06446533203125
1895.0	82.9852508544922
1896.0	82.94682922363282
1897.0	82.9416259765625
1898.0	83.00924377441406
1899.0	83.1475616455078
1900.0	83.1872344970703
1901.0	83.101123046875
1902.0	82.9765380859375
1903.0	82.9221405029297
1904.0	82.97373962402344
1905.0	83.00339965820312
1906.0	83.07101135253906
1907.0	82.98355102539062
1908.0	83.08698120117188
1909.0	83.0806884765625
1910.0	83.090478515625
1911.0	83.08217163085938
1912.0	83.27991333007813
1913.0	83.04682006835938
1914.0	82.86821594238282
1915.0	82.74140625
1916.0	82.56767883300782
1917.0	82.96648254394532
1918.0	82.93945007324218
1919.0	83.08229370117188
1920.0	82.97283630371093
1921.0	82.94348449707032
1922.0	82.85224304199218
1923.0	82.911767578125
1924.0	82.95574645996093
1925.0	82.85291137695313
1926.0	82.80235290527344
1927.0	82.90665893554687
1928.0	83.05120849609375
1929.0	83.22761535644531
1930.0	83.06180114746094
1931.0	82.87326354980469
1932.0	82.76394653320312
1933.0	82.79338989257812
1934.0	82.702001953125
1935.0	82.80950927734375
1936.0	82.92200012207032
1937.0	82.82651977539062
1938.0	82.921484375
1939.0	82.82398986816406
1940.0	82.7646697998047
1941.0	82.71379699707032
1942.0	82.78915100097656
1943.0	82.78845825195313
1944.0	82.75890502929687
1945.0	82.92620239257812
1946.0	82.947705078125
1947.0	82.938720703125
1948.0	82.98258666992187
1949.0	83.13498229980469
1950.0	83.02784729003906
1951.0	82.99217224121094
1952.0	83.1255126953125
1953.0	82.96349182128907
1954.0	83.00665283203125
1955.0	83.03753356933593
1956.0	83.05240783691406
1957.0	83.01544799804688
1958.0	83.07445373535157
1959.0	83.00301818847656
1960.0	82.90801086425782
1961.0	82.99266967773437
1962.0	82.98042297363281
1963.0	83.00128479003907
1964.0	82.57715759277343
1965.0	82.11455993652343
1966.0	82.08831176757812
1967.0	82.50805969238282
1968.0	82.56934509277343
1969.0	83.00724487304687
1970.0	83.05469665527343
1971.0	83.2404571533203
1972.0	83.163671875
1973.0	83.28714904785156
1974.0	83.25496520996094
1975.0	83.29999389648438
1976.0	83.27730712890624
1977.0	83.25236206054687
1978.0	83.40308837890625
1979.0	83.22530517578124
1980.0	83.34911499023437
1981.0	83.38471984863281
1982.0	83.30519409179688
1983.0	83.38221435546875
1984.0	83.45887145996093
1985.0	83.48079223632813
1986.0	83.5011993408203
1987.0	83.51607360839844
1988.0	83.46885986328125
1989.0	83.56378479003907
1990.0	83.57767333984376
1991.0	83.5822967529297
1992.0	83.60993957519531
1993.0	83.55458374023438
1994.0	83.61615905761718
1995.0	83.76430053710938
1996.0	83.59611511230469
1997.0	83.63057861328124
1998.0	83.63175354003906
1999.0	83.6177001953125
2000.0	83.59764099121094
2001.0	83.71473693847656
2002.0	83.74050598144531
2003.0	83.61195373535156
2004.0	83.6600555419922
2005.0	83.58695373535156
2006.0	83.72452392578126
2007.0	83.5977294921875
2008.0	83.68501892089844
2009.0	83.88341369628907
2010.0	83.6574493408203
2011.0	83.6010009765625
2012.0	83.56027221679688
2013.0	83.6687255859375
2014.0	83.72235107421875
2015.0	83.60099182128906
2016.0	83.67962036132812
2017.0	83.67881774902344
2018.0	83.59795837402343
2019.0	83.62633972167968
2020.0	83.71331787109375
2021.0	83.61453857421876
2022.0	83.65654907226562
2023.0	83.61939086914063
2024.0	83.61253051757812
2025.0	83.63985900878906
2026.0	83.53950805664063
2027.0	83.58060607910156
2028.0	83.58834228515624
2029.0	83.55486755371093
2030.0	83.63455810546876
2031.0	83.59696960449219
2032.0	83.64720764160157
2033.0	83.5867431640625
2034.0	83.59850158691407
2035.0	83.62952880859375
2036.0	83.56657104492187
2037.0	83.640380859375
2038.0	83.76521301269531
2039.0	83.710107421875
2040.0	83.76753845214844
2041.0	83.81141967773438
2042.0	83.87201232910157
2043.0	83.86142578125
2044.0	83.9049560546875
2045.0	84.02813415527343
2046.0	83.99862976074219
2047.0	84.0455810546875
2048.0	84.032373046875
2049.0	84.16923522949219
2050.0	84.12177734375
2051.0	84.1252197265625
2052.0	84.2551483154297
2053.0	84.13617858886718
2054.0	84.24044189453124
2055.0	84.27982177734376
2056.0	84.35218200683593
2057.0	84.3188690185547
2058.0	84.31657104492187
2059.0	84.35144348144532
2060.0	84.320654296875
2061.0	84.28241271972657
2062.0	84.31708984375
2063.0	84.35983581542969
2064.0	84.39711303710938
2065.0	84.36522216796875
2066.0	84.40587158203125
2067.0	84.46520080566407
2068.0	84.34655456542968
2069.0	84.51920471191406
2070.0	84.51206970214844
2071.0	84.46518249511719
2072.0	84.43723754882812
2073.0	84.46329345703126
2074.0	84.58936462402343
2075.0	84.51197814941406
2076.0	84.529052734375
2077.0	84.48534851074218
2078.0	84.46565856933594
2079.0	84.57620849609376
2080.0	84.54667053222656
2081.0	84.5165008544922
2082.0	84.53739929199219
2083.0	84.59128112792969
2084.0	84.5094207763672
2085.0	84.39764099121093
2086.0	84.71548767089844
2087.0	84.5409149169922
2088.0	84.65268249511719
2089.0	84.63884887695312
2090.0	84.59653930664062
2091.0	84.56790466308594
2092.0	84.60419616699218
2093.0	84.59290466308593
2094.0	84.58283996582031
2095.0	84.66533813476562
2096.0	84.56493835449218
2097.0	84.49512023925782
2098.0	84.58042907714844
2099.0	84.49180297851562
2100.0	84.65161437988282
2101.0	84.47322692871094
2102.0	84.581689453125
2103.0	84.64013366699218
2104.0	84.5766387939453
2105.0	84.58678894042968
2106.0	84.52588500976563
2107.0	84.639404296875
2108.0	84.61497497558594
2109.0	84.67676391601563
2110.0	84.48086242675781
2111.0	84.63559265136719
2112.0	84.64322814941406
2113.0	84.53006896972656
2114.0	84.57761840820312
2115.0	84.61483764648438
2116.0	84.53250122070312
2117.0	84.65025939941407
2118.0	84.50378723144532
2119.0	84.56231689453125
2120.0	84.55082092285156
2121.0	84.58120727539062
2122.0	84.67276000976562
2123.0	84.61953125
2124.0	84.57052917480469
2125.0	84.54451904296874
2126.0	84.44818725585938
2127.0	84.63619995117188
2128.0	84.59057922363282
2129.0	84.64763793945312
2130.0	84.66410522460937
2131.0	84.59914855957031
2132.0	84.54830017089844
2133.0	84.65323791503906
2134.0	84.61575317382812
2135.0	84.67477722167969
2136.0	84.63422241210938
2137.0	84.55469360351563
2138.0	84.54345092773437
2139.0	84.5334259033203
2140.0	84.65799560546876
2141.0	84.59730834960938
2142.0	84.62616882324218
2143.0	84.5291015625
2144.0	84.51683654785157
2145.0	84.71495666503907
2146.0	84.61933288574218
2147.0	84.615234375
2148.0	84.66219177246094
2149.0	84.52515563964843
2150.0	84.72759399414062
2151.0	84.52667236328125
2152.0	84.7491455078125
2153.0	84.66884765625
2154.0	84.53077392578125
2155.0	84.624658203125
2156.0	84.72561340332031
2157.0	84.63433532714843
2158.0	84.55691223144531
2159.0	84.51849975585938
2160.0	84.60371398925781
2161.0	84.54200439453125
2162.0	84.66562194824219
2163.0	84.57686157226563
2164.0	84.57980346679688
2165.0	84.58720092773437
2166.0	84.5593017578125
2167.0	84.622509765625
2168.0	84.63983459472657
2169.0	84.51773681640626
2170.0	84.49421691894531
2171.0	84.61695556640625
2172.0	84.60128784179688
2173.0	84.54456787109375
2174.0	84.53872680664062
2175.0	84.52984924316407
2176.0	84.52843627929687
2177.0	84.55859375
2178.0	84.61913452148437
2179.0	84.57831726074218
2180.0	84.57294921875
2181.0	84.63517150878906
2182.0	84.50269470214843
2183.0	84.60909118652344
2184.0	84.51087341308593
2185.0	84.63200378417969
2186.0	84.54287109375
2187.0	84.6839599609375
2188.0	84.57360534667968
2189.0	84.56541748046875
2190.0	84.62698364257812
2191.0	84.57906494140624
2192.0	84.42501831054688
2193.0	84.4414306640625
2194.0	84.78680725097657
2195.0	84.59559020996093
2196.0	84.52373962402343
2197.0	84.60459594726562
2198.0	84.51819763183593
2199.0	84.48148193359376
2200.0	84.65208740234375
2201.0	84.64934692382812
2202.0	84.60303344726563
2203.0	84.58586120605469
2204.0	84.58987731933594
2205.0	84.57550964355468
2206.0	84.5461639404297
2207.0	84.60022888183593
2208.0	84.5536865234375
2209.0	84.46964721679687
2210.0	84.64825744628907
2211.0	84.46182250976562
2212.0	84.4582305908203
2213.0	84.60704345703125
2214.0	84.52911987304688
2215.0	84.40839233398438
2216.0	84.58466491699218
2217.0	84.5744842529297
2218.0	84.58206787109376
2219.0	84.63878173828125
2220.0	84.54088745117187
2221.0	84.55801696777344
2222.0	84.47947387695312
2223.0	84.52580871582032
2224.0	84.61118774414062
2225.0	84.53878784179688
2226.0	84.49388732910157
2227.0	84.619384765625
2228.0	84.70984802246093
2229.0	84.71719970703126
2230.0	84.72957763671874
2231.0	84.62698059082031
2232.0	84.61072387695313
2233.0	84.61943969726562
2234.0	84.60186767578125
2235.0	84.6846923828125
2236.0	84.7682373046875
2237.0	84.8196044921875
2238.0	84.60589599609375
2239.0	84.69744873046875
2240.0	84.685888671875
2241.0	84.65383605957031
2242.0	84.72830505371094
2243.0	84.5993865966797
2244.0	84.59180908203125
2245.0	84.71951904296876
2246.0	84.67999877929688
2247.0	84.62687072753906
2248.0	84.54557800292969
2249.0	84.64931640625
2250.0	84.64487915039062
2251.0	84.56580810546875
2252.0	84.54741821289062
2253.0	84.58113403320313
2254.0	84.58056945800782
2255.0	84.59085083007812
2256.0	84.63946838378907
2257.0	84.59358520507813
2258.0	84.66728210449219
2259.0	84.49875183105469
2260.0	84.634033203125
2261.0	84.58392333984375
2262.0	84.543017578125
2263.0	84.57247619628906
2264.0	84.48126220703125
2265.0	84.59133911132812
2266.0	84.59385375976562
2267.0	84.485400390625
2268.0	84.60197143554687
2269.0	84.53442687988282
2270.0	84.58833312988281
2271.0	84.5229736328125
2272.0	84.46592407226562
2273.0	84.4945556640625
2274.0	84.54528503417968
2275.0	84.45327453613281
2276.0	84.51995544433593
2277.0	84.5195098876953
2278.0	84.47349548339844
2279.0	84.64058532714844
2280.0	84.56990356445313
2281.0	84.45134887695312
2282.0	84.52376098632813
2283.0	84.56369323730469
2284.0	84.49588317871094
2285.0	84.44640502929687
2286.0	84.51528625488281
2287.0	84.4231689453125
2288.0	84.45327758789062
2289.0	84.47395935058594
2290.0	84.37674255371094
2291.0	84.45811767578125
2292.0	84.4589630126953
2293.0	84.38066101074219
2294.0	84.44782104492188
2295.0	84.413232421875
2296.0	84.44105529785156
2297.0	84.49136657714844
2298.0	84.42493896484375
2299.0	84.55358581542968
2300.0	84.44285888671875
2301.0	84.51190490722657
2302.0	84.51150512695312
2303.0	84.32554321289062
2304.0	84.47691650390625
2305.0	84.41813354492187
2306.0	84.33377380371094
2307.0	84.33351440429688
2308.0	84.39521484375
2309.0	84.4123321533203
2310.0	84.3352264404297
2311.0	84.32644348144531
2312.0	84.4238067626953
2313.0	84.24787292480468
2314.0	84.38561096191407
2315.0	84.285107421875
2316.0	84.28366394042969
2317.0	84.22354736328126
2318.0	84.17734069824219
2319.0	84.1600341796875
2320.0	84.22277526855468
2321.0	84.133251953125
2322.0	84.21046447753906
2323.0	83.97935791015625
2324.0	84.19575500488281
2325.0	84.23503112792969
2326.0	84.16861267089844
2327.0	84.08883056640624
2328.0	84.12037963867188
2329.0	84.07613525390624
2330.0	84.0929168701172
2331.0	84.12118225097656
2332.0	84.00618286132813
2333.0	83.96578674316406
2334.0	83.98259582519532
2335.0	83.97028198242188
2336.0	84.0964599609375
2337.0	84.09729614257813
2338.0	84.031591796875
2339.0	84.04900817871093
2340.0	84.12568969726563
2341.0	84.08120727539062
2342.0	83.99080810546874
2343.0	84.09202270507812
2344.0	84.02440490722657
2345.0	84.04305419921874
2346.0	84.16187438964843
2347.0	84.027197265625
2348.0	83.99825744628906
2349.0	84.08513488769532
2350.0	84.05828247070312
2351.0	84.1479705810547
2352.0	84.12590942382812
2353.0	84.11606140136719
2354.0	84.24216918945312
2355.0	84.08857727050781
2356.0	84.14168090820313
2357.0	84.15197448730468
2358.0	84.17737121582032
2359.0	84.23169555664063
2360.0	84.190771484375
2361.0	84.16384582519531
2362.0	84.21088562011718
2363.0	84.15733337402344
2364.0	84.10668334960937
2365.0	84.05529174804687
2366.0	84.23963623046875
2367.0	84.0248809814453
2368.0	84.12436218261719
2369.0	84.18883056640625
2370.0	84.06930236816406
2371.0	84.13009643554688
2372.0	84.09858093261718
2373.0	84.13206787109375
2374.0	84.08889465332031
2375.0	84.00496215820313
2376.0	83.92985534667969
2377.0	84.01439208984375
2378.0	83.98028564453125
2379.0	84.1019775390625
2380.0	84.16021118164062
2381.0	84.06047668457032
2382.0	84.0984100341797
2383.0	83.94150085449219
2384.0	84.07360534667968
2385.0	84.1347412109375
2386.0	84.1458251953125
2387.0	84.14199829101562
2388.0	84.14259338378906
2389.0	84.06271057128906
2390.0	84.14689331054687
2391.0	84.07734680175781
2392.0	84.04657592773438
2393.0	84.11291809082032
2394.0	84.16608581542968
2395.0	84.04772338867187
2396.0	84.23324279785156
2397.0	84.19672546386718
2398.0	84.10645751953125
2399.0	84.27195434570312
2400.0	84.0147491455078
2401.0	84.2836181640625
2402.0	84.18583679199219
2403.0	84.30726318359375
2404.0	84.19762573242187
2405.0	84.11522827148437
2406.0	84.22638549804688
2407.0	84.1533416748047
2408.0	84.22664184570313
2409.0	84.09412841796875
2410.0	84.13287658691407
2411.0	84.22994689941406
2412.0	84.2461181640625
2413.0	84.28720397949219
2414.0	84.3152862548828
2415.0	84.17016906738282
2416.0	84.29515075683594
2417.0	84.23067626953124
2418.0	84.22045288085937
2419.0	84.37323608398438
2420.0	84.19356079101563
2421.0	84.28988647460938
2422.0	84.24571838378907
2423.0	84.19200439453125
2424.0	84.29039001464844
2425.0	84.24047241210937
2426.0	84.2263427734375
2427.0	84.39564819335938
2428.0	84.267138671875
2429.0	84.31109924316407
2430.0	84.31719055175782
2431.0	84.31575927734374
2432.0	84.28655395507812
2433.0	84.30902709960938
2434.0	84.39595336914063
2435.0	84.25296325683594
2436.0	84.19744262695312
2437.0	84.29292602539063
2438.0	84.31151123046875
2439.0	84.36898193359374
2440.0	84.27201843261719
2441.0	84.267041015625
2442.0	84.3770965576172
2443.0	84.28854675292969
2444.0	84.39981994628906
2445.0	84.40068054199219
2446.0	84.410693359375
2447.0	84.23460998535157
2448.0	84.2076904296875
2449.0	84.34238891601562
2450.0	84.33601989746094
2451.0	84.32738952636718
2452.0	84.45600280761718
2453.0	84.30484313964844
2454.0	84.21832275390625
2455.0	84.17066650390625
2456.0	84.3163818359375
2457.0	84.24651489257812
2458.0	84.00755615234375
2459.0	83.49695129394532
2460.0	83.1806427001953
2461.0	83.14228515625
2462.0	83.83265075683593
2463.0	84.30667724609376
2464.0	84.36339416503907
2465.0	84.28966369628907
2466.0	84.44407653808594
2467.0	84.42878723144531
2468.0	84.34098510742187
2469.0	84.35442504882812
2470.0	84.28165588378906
2471.0	84.40617980957032
2472.0	84.29341735839844
2473.0	84.26557922363281
2474.0	84.32255249023437
2475.0	84.31114196777344
2476.0	84.35823364257813
2477.0	84.19135437011718
2478.0	84.15062866210937
2479.0	84.06607360839844
2480.0	84.23208923339844
2481.0	84.18815002441406
2482.0	84.3637908935547
2483.0	84.31272583007812
2484.0	84.23886413574219
2485.0	84.36163635253907
2486.0	84.33887329101563
2487.0	84.39563293457032
2488.0	84.26407775878906
2489.0	84.2916259765625
2490.0	84.39119262695313
2491.0	84.4418212890625
2492.0	84.36132507324218
2493.0	84.49167175292969
2494.0	84.30008544921876
2495.0	84.44220275878907
2496.0	84.48720092773438
2497.0	84.39928894042968
2498.0	84.40831604003907
2499.0	84.4361572265625
2500.0	84.42782287597656
2501.0	84.36451721191406
2502.0	84.34261779785156
2503.0	84.32109985351562
2504.0	84.34369506835938
2505.0	84.41602172851563
2506.0	84.33038024902343
2507.0	84.38203735351563
2508.0	84.39336853027343
2509.0	84.4583526611328
2510.0	84.434716796875
2511.0	84.38782348632813
2512.0	84.36793212890625
2513.0	84.49350280761719
2514.0	84.40932922363281
2515.0	84.44678649902343
2516.0	84.44349365234375
2517.0	84.42479248046875
2518.0	84.45744018554687
2519.0	84.45899658203125
2520.0	84.30036010742188
2521.0	84.41925964355468
2522.0	84.30478210449219
2523.0	84.44068603515625
2524.0	84.39520874023438
2525.0	84.40575561523437
2526.0	84.42060852050781
2527.0	84.37101745605469
2528.0	84.34769592285156
2529.0	84.3601287841797
2530.0	84.3980499267578
2531.0	84.44720458984375
2532.0	84.46109008789062
2533.0	84.35211181640625
2534.0	84.33502807617188
2535.0	84.37622375488282
2536.0	84.40720825195312
2537.0	84.45686645507813
2538.0	84.38692321777344
2539.0	84.44665222167968
2540.0	84.37727966308594
2541.0	84.43434143066406
2542.0	84.50671997070313
2543.0	84.32055053710937
2544.0	84.35351867675782
2545.0	84.45693969726562
2546.0	84.40706481933594
2547.0	84.47527465820312
2548.0	84.48623352050781
2549.0	84.4186767578125
2550.0	84.45200805664062
2551.0	84.3898193359375
2552.0	84.26840515136719
2553.0	84.46408386230469
2554.0	84.4920654296875
2555.0	84.43678283691406
2556.0	84.409619140625
2557.0	84.48193054199218
2558.0	84.33055419921875
2559.0	84.54019470214844
2560.0	84.39356079101563
2561.0	84.35558471679687
2562.0	84.38168334960938
2563.0	84.43225402832032
2564.0	84.51918334960938
2565.0	84.37512817382813
2566.0	84.44095458984376
2567.0	84.2971405029297
2568.0	84.43786926269532
2569.0	84.31353149414062
2570.0	84.27026062011718
2571.0	84.30489501953124
2572.0	84.43231201171875
2573.0	84.33121643066406
2574.0	84.34127807617188
2575.0	84.26083984375
2576.0	84.41919860839843
2577.0	84.358544921875
2578.0	84.28699951171875
2579.0	84.32232055664062
2580.0	84.25724487304687
2581.0	84.38813781738281
2582.0	84.31230773925782
2583.0	84.33528747558594
2584.0	84.24152221679688
2585.0	84.1874786376953
2586.0	84.36573181152343
2587.0	84.35032958984375
2588.0	84.31993408203125
2589.0	84.37337036132813
2590.0	84.35018920898438
2591.0	84.45502014160157
2592.0	84.34514465332032
2593.0	84.292041015625
2594.0	84.47142333984375
2595.0	84.35782165527344
2596.0	84.33897705078125
2597.0	84.36091918945313
2598.0	84.17678527832031
2599.0	84.25622253417968
2600.0	84.35842590332031
2601.0	84.29830627441406
2602.0	84.364404296875
2603.0	84.29260559082032
2604.0	84.41408996582031
2605.0	84.3089111328125
2606.0	84.35404663085937
2607.0	84.14144592285156
2608.0	84.09707336425781
2609.0	84.20210266113281
2610.0	84.27234191894532
2611.0	84.28016052246093
2612.0	84.27562255859375
2613.0	84.31157836914062
2614.0	84.27603454589844
2615.0	84.20447998046875
2616.0	84.32080078125
2617.0	84.29385375976562
2618.0	84.32519836425782
2619.0	84.2447723388672
2620.0	84.29520263671876
2621.0	84.42448120117187
2622.0	84.42618408203126
2623.0	84.31502990722656
2624.0	84.34745788574219
2625.0	84.38179626464844
2626.0	84.3513397216797
2627.0	84.20435485839843
2628.0	84.33775329589844
2629.0	84.30257568359374
2630.0	84.26282653808593
2631.0	84.44450378417969
2632.0	84.41566772460938
2633.0	84.41950378417968
2634.0	84.380712890625
2635.0	84.45600891113281
2636.0	84.56544494628906
2637.0	84.45252685546875
2638.0	84.48174743652343
2639.0	84.54496765136719
2640.0	84.44137573242188
2641.0	84.52575073242187
2642.0	84.40201110839844
2643.0	84.3741943359375
2644.0	84.44456176757812
2645.0	84.55250549316406
2646.0	84.421142578125
2647.0	84.41611328125
2648.0	84.49580993652344
2649.0	84.47774353027344
2650.0	84.4748748779297
2651.0	84.43158874511718
2652.0	84.33246154785157
2653.0	84.37047729492187
2654.0	84.4215301513672
2655.0	84.31567077636718
2656.0	84.34876098632813
2657.0	84.41388244628907
2658.0	84.46795349121093
2659.0	84.460107421875
2660.0	84.33007202148437
2661.0	84.3827880859375
2662.0	84.45906066894531
2663.0	84.4377227783203
2664.0	84.48638000488282
2665.0	84.49369812011719
2666.0	84.61733703613281
2667.0	84.51530151367187
2668.0	84.61153869628906
2669.0	84.62433776855468
2670.0	84.67143859863282
2671.0	84.64935302734375
2672.0	84.64856567382813
2673.0	84.74401550292968
2674.0	84.6294677734375
2675.0	84.66266479492188
2676.0	84.55360412597656
2677.0	84.70044860839843
2678.0	84.70833740234374
2679.0	84.6147705078125
2680.0	84.74466857910156
2681.0	84.65302124023438
2682.0	84.70403442382812
2683.0	84.64066162109376
2684.0	84.62567443847657
2685.0	84.61617431640624
2686.0	84.64881286621093
2687.0	84.68441162109374
2688.0	84.635205078125
2689.0	84.70755615234376
2690.0	84.72832336425782
2691.0	84.75025329589843
2692.0	84.70686340332031
2693.0	84.68445129394532
2694.0	84.71585693359376
2695.0	84.90901794433594
2696.0	84.80399780273437
2697.0	84.77975158691406
2698.0	84.77415161132812
2699.0	84.79851684570312
2700.0	84.80359191894532
2701.0	84.792236328125
2702.0	84.8773193359375
2703.0	84.87837524414063
2704.0	84.84141845703125
2705.0	84.73570861816407
2706.0	84.85592956542969
2707.0	84.84933166503906
2708.0	84.85744934082031
2709.0	84.84990234375
2710.0	84.89595642089844
2711.0	84.81470336914063
2712.0	84.83843078613282
2713.0	84.73241271972657
2714.0	84.90618286132812
2715.0	84.85657043457032
2716.0	84.90237426757812
2717.0	84.92605895996094
2718.0	84.81539001464844
2719.0	84.82578125
2720.0	84.84559936523438
2721.0	84.83309020996094
2722.0	84.73829650878906
2723.0	84.76974487304688
2724.0	84.700537109375
2725.0	84.87197875976562
2726.0	84.85938110351563
2727.0	84.885693359375
2728.0	84.96357421875
2729.0	84.91682739257813
2730.0	84.97938842773438
2731.0	84.96912231445313
2732.0	85.04268493652344
2733.0	84.99522094726562
2734.0	84.96191711425782
2735.0	84.97219543457031
2736.0	84.66417846679687
2737.0	84.10262145996094
2738.0	83.82276000976563
2739.0	84.08292541503906
2740.0	84.39363098144531
2741.0	84.78799133300781
2742.0	84.85391845703126
2743.0	84.92093811035156
2744.0	84.84448852539063
2745.0	84.8646484375
2746.0	84.90092468261719
2747.0	84.81677856445313
2748.0	84.61785888671875
2749.0	84.6031005859375
2750.0	84.763720703125
2751.0	84.80512390136718
2752.0	84.83006896972657
2753.0	84.78778076171875
2754.0	84.714111328125
2755.0	84.6397918701172
2756.0	84.82357788085938
2757.0	84.8104034423828
2758.0	84.92415161132813
2759.0	84.90711669921875
2760.0	84.72492370605468
2761.0	84.78424072265625
2762.0	84.6667236328125
2763.0	84.78197021484375
2764.0	84.69160766601563
2765.0	84.67569885253906
2766.0	84.81386108398438
2767.0	84.82147216796875
2768.0	84.63673095703125
2769.0	84.7403564453125
2770.0	84.70558471679688
2771.0	84.711962890625
2772.0	84.70494995117187
2773.0	84.75130004882813
2774.0	84.86910095214844
2775.0	84.88388671875
2776.0	84.83589477539063
2777.0	84.82461547851562
2778.0	84.95892944335938
2779.0	84.81268615722657
2780.0	84.8132080078125
2781.0	84.85489196777344
2782.0	84.78393249511718
2783.0	84.71678466796875
2784.0	84.84864501953125
2785.0	84.85453796386719
2786.0	84.87670593261718
2787.0	84.78787231445312
2788.0	84.76190185546875
2789.0	84.76107177734374
2790.0	84.87033081054688
2791.0	84.80832214355469
2792.0	84.89373779296875
2793.0	84.75162963867187
2794.0	84.88805541992187
2795.0	85.06737976074218
2796.0	85.0395751953125
2797.0	85.05781555175781
2798.0	85.18711853027344
2799.0	85.09658813476562
2800.0	85.07962341308594
2801.0	84.96068420410157
2802.0	85.12003784179687
2803.0	84.99601135253906
2804.0	85.04724731445313
2805.0	85.18168640136719
2806.0	84.94876403808594
2807.0	85.16390686035156
2808.0	85.24028930664062
2809.0	85.17555236816406
2810.0	85.22573547363281
2811.0	85.28023071289063
2812.0	85.29193725585938
2813.0	85.18927917480468
2814.0	85.25311279296875
2815.0	85.24771423339844
2816.0	85.2908447265625
2817.0	85.27643432617188
2818.0	85.2878204345703
2819.0	84.95643310546875
2820.0	85.14144592285156
2821.0	85.30756225585938
2822.0	85.22547302246093
2823.0	85.26272888183594
2824.0	85.24450378417968
2825.0	85.2439453125
2826.0	85.32256774902343
2827.0	85.36331787109376
2828.0	85.28124084472657
2829.0	85.3447052001953
2830.0	85.45871276855469
2831.0	85.41123046875
2832.0	85.23148498535156
2833.0	85.42819213867188
2834.0	85.27675170898438
2835.0	85.29638061523437
2836.0	85.27114868164062
2837.0	85.42900085449219
2838.0	85.23347473144531
2839.0	85.1242889404297
2840.0	85.0911376953125
2841.0	85.18953552246094
2842.0	85.02937622070313
2843.0	85.13133544921875
2844.0	85.29447631835937
2845.0	85.24127197265625
2846.0	85.33482666015625
2847.0	85.16485900878907
2848.0	85.32597961425782
2849.0	85.28139038085938
2850.0	85.38870239257812
2851.0	85.34598388671876
2852.0	85.343017578125
2853.0	85.37393493652344
2854.0	85.3709716796875
2855.0	85.29951477050781
2856.0	85.38252868652344
2857.0	85.32042541503907
2858.0	85.36940307617188
2859.0	85.33968811035156
2860.0	85.36790161132812
2861.0	85.40037231445312
2862.0	85.22799987792969
2863.0	85.33186950683594
2864.0	85.44365539550782
2865.0	85.35875854492187
2866.0	85.41906127929687
2867.0	85.29483032226562
2868.0	85.41809692382813
2869.0	85.29454040527344
2870.0	85.41043395996094
2871.0	85.36327514648437
2872.0	85.46939697265626
2873.0	85.46384887695312
2874.0	85.46957397460938
2875.0	85.33057250976563
2876.0	85.36714477539063
2877.0	85.38256225585937
2878.0	85.36930847167969
2879.0	85.2788330078125
2880.0	85.30465087890624
2881.0	85.35619506835937
2882.0	85.43177795410156
2883.0	85.4141632080078
2884.0	85.40704650878907
2885.0	85.40381774902343
2886.0	85.357568359375
2887.0	85.29620666503907
2888.0	85.340185546875
2889.0	85.30379333496094
2890.0	85.29259948730468
2891.0	85.4507568359375
2892.0	85.31331176757813
2893.0	85.16517944335938
2894.0	85.19332580566406
2895.0	85.2000518798828
2896.0	85.21099243164062
2897.0	85.21080017089844
2898.0	85.1644287109375
2899.0	85.13573913574218
2900.0	85.2330810546875
2901.0	85.2756561279297
2902.0	85.32406311035156
2903.0	85.36661987304687
2904.0	85.30403137207031
2905.0	85.30258178710938
2906.0	85.31132507324219
2907.0	85.32471313476563
2908.0	85.38118286132813
2909.0	85.27127075195312
2910.0	85.40169067382813
2911.0	85.18070983886719
2912.0	85.22320861816407
2913.0	85.24873657226563
2914.0	85.22833557128907
2915.0	85.19665222167968
2916.0	85.27388610839844
2917.0	85.27017211914062
2918.0	85.20474853515626
2919.0	85.1759521484375
2920.0	85.12148742675781
2921.0	85.18414916992188
2922.0	85.19076538085938
2923.0	85.11271057128906
2924.0	85.13493347167969
2925.0	85.16835327148438
2926.0	85.28685302734375
2927.0	85.19178771972656
2928.0	85.1439453125
2929.0	85.22892456054687
2930.0	85.13601684570312
2931.0	85.17254638671875
2932.0	85.18702697753906
2933.0	85.208349609375
2934.0	85.23285217285157
2935.0	85.28069152832032
2936.0	85.20077209472656
2937.0	85.23034973144532
2938.0	85.30482788085938
2939.0	85.1010498046875
2940.0	85.26304626464844
2941.0	85.17638549804687
2942.0	85.37646484375
2943.0	85.28888854980468
2944.0	85.30635986328124
2945.0	85.38046264648438
2946.0	85.28404541015625
2947.0	85.35118408203125
2948.0	85.28021240234375
2949.0	85.26600952148438
2950.0	85.34835510253906
2951.0	85.47603149414063
2952.0	85.22765502929687
2953.0	85.31326904296876
2954.0	85.43014221191406
2955.0	85.33513793945312
2956.0	85.21248779296874
2957.0	85.22323913574219
2958.0	85.31116638183593
2959.0	85.21689147949219
2960.0	85.19059753417969
2961.0	85.21551513671875
2962.0	85.26256103515625
2963.0	85.2113037109375
2964.0	85.3289306640625
2965.0	85.30327453613282
2966.0	85.32190551757813
2967.0	85.17850952148437
2968.0	85.28770446777344
2969.0	85.09110107421876
2970.0	85.15584716796874
2971.0	85.023486328125
2972.0	85.09313354492187
2973.0	85.14230346679688
2974.0	85.12147827148438
2975.0	85.22909240722656
2976.0	85.04750061035156
2977.0	85.1517547607422
2978.0	85.0623565673828
2979.0	85.29292907714844
2980.0	85.26850891113281
2981.0	85.15889282226563
2982.0	85.19623718261718
2983.0	85.19259338378906
2984.0	85.18199462890625
2985.0	85.2813232421875
2986.0	85.29583129882812
2987.0	85.27162170410156
2988.0	85.28984985351562
2989.0	85.31224670410157
2990.0	85.17034912109375
2991.0	85.33447265625
2992.0	85.20842590332032
2993.0	85.2725616455078
2994.0	85.33155517578125
2995.0	85.28229064941407
2996.0	85.26675415039062
2997.0	85.19708557128907
2998.0	85.21075744628907
2999.0	85.32409362792968
3000.0	85.29335327148438
3001.0	85.31826782226562
3002.0	85.25529479980469
3003.0	85.31708984375
3004.0	85.34529113769531
3005.0	85.32763366699218
3006.0	85.32520141601563
3007.0	85.26426696777344
3008.0	85.32739868164063
3009.0	85.27894897460938
3010.0	85.38298645019532
3011.0	85.2624298095703
3012.0	85.28319091796875
3013.0	85.26593017578125
3014.0	85.2956756591797
3015.0	85.27983093261719
3016.0	85.17997436523437
3017.0	85.30547485351562
3018.0	85.21666564941407
3019.0	85.25269470214843
3020.0	85.2461944580078
3021.0	85.24605102539063
3022.0	85.31522216796876
3023.0	85.28210144042968
3024.0	85.327197265625
3025.0	85.4149169921875
3026.0	85.24182739257813
3027.0	85.35417785644532
3028.0	85.29780578613281
3029.0	85.3109130859375
3030.0	85.356787109375
3031.0	85.34371643066406
3032.0	85.38739318847657
3033.0	85.40910339355469
3034.0	85.29463500976563
3035.0	85.246826171875
3036.0	85.24740905761719
3037.0	85.14230346679688
3038.0	85.24099731445312
3039.0	85.34052429199218
3040.0	85.3335968017578
3041.0	85.28949584960938
3042.0	85.35659484863281
3043.0	85.29241333007812
3044.0	85.35924987792968
3045.0	85.35792541503906
3046.0	85.3788818359375
3047.0	85.40338745117188
3048.0	85.32225036621094
3049.0	85.40055541992187
3050.0	85.46867980957032
3051.0	85.40728759765625
3052.0	85.36006469726563
3053.0	85.57238464355468
3054.0	85.41354370117188
3055.0	85.44517211914062
3056.0	85.39674072265625
3057.0	85.30746459960938
3058.0	85.27490844726563
3059.0	85.24303283691407
3060.0	85.27167663574218
3061.0	85.26531066894532
3062.0	85.30359802246093
3063.0	85.28103942871094
3064.0	85.25002746582031
3065.0	85.3038818359375
3066.0	85.22644958496093
3067.0	85.34743041992188
3068.0	85.29069519042969
3069.0	85.24771728515626
3070.0	85.34869079589843
3071.0	85.366748046875
3072.0	85.30671997070313
3073.0	85.21501159667969
3074.0	85.29651184082032
3075.0	85.26791076660156
3076.0	85.09507751464844
3077.0	85.17422485351562
3078.0	85.18747253417969
3079.0	85.33618469238282
3080.0	85.22488403320312
3081.0	85.3032958984375
3082.0	85.36963806152343
3083.0	85.36412658691407
3084.0	85.45287780761718
3085.0	85.42762451171875
3086.0	85.36897277832031
3087.0	85.39678039550782
3088.0	85.3436065673828
3089.0	85.40165100097656
3090.0	85.39176330566406
3091.0	85.32763061523437
3092.0	85.29477233886719
3093.0	85.34534301757813
3094.0	85.39966430664063
3095.0	85.30057983398437
3096.0	85.3489501953125
3097.0	85.42280883789063
3098.0	85.41147155761719
3099.0	85.27732543945312
3100.0	85.28283996582032
3101.0	85.55728149414062
3102.0	85.5744384765625
3103.0	85.48410034179688
3104.0	85.62650756835937
3105.0	85.63443908691406
3106.0	85.57777404785156
3107.0	85.50872192382812
3108.0	85.42670288085938
3109.0	85.43964538574218
3110.0	85.54688720703125
3111.0	85.51515197753906
3112.0	85.51363830566406
3113.0	85.5175048828125
3114.0	85.30980834960937
3115.0	85.16906127929687
3116.0	85.33345031738281
3117.0	85.41512451171874
3118.0	85.42622375488281
3119.0	85.50944213867187
3120.0	85.47395935058594
3121.0	85.48909606933594
3122.0	85.387939453125
3123.0	85.4185546875
3124.0	85.11769409179688
3125.0	84.9284912109375
3126.0	84.86257629394531
3127.0	84.49014892578126
3128.0	84.29439392089844
3129.0	84.732763671875
3130.0	84.7150390625
3131.0	84.88763122558593
3132.0	85.14907836914062
3133.0	85.26007995605468
3134.0	85.17998046875
3135.0	85.2636962890625
3136.0	85.0053497314453
3137.0	85.09475402832031
3138.0	84.52261962890626
3139.0	83.70482177734375
3140.0	83.67960815429687
3141.0	84.15406494140625
3142.0	84.0670166015625
3143.0	83.86298522949218
3144.0	84.05793151855468
3145.0	84.75979309082031
3146.0	85.12177124023438
3147.0	85.49575805664062
3148.0	85.61064147949219
3149.0	85.40982360839844
3150.0	85.34406433105468
3151.0	85.27171325683594
3152.0	85.32364807128906
3153.0	85.3191650390625
3154.0	85.24087219238281
3155.0	85.14079284667969
3156.0	85.12499084472657
3157.0	85.39327087402344
3158.0	85.4908203125
3159.0	85.70398864746093
3160.0	85.61447143554688
3161.0	85.76504516601562
3162.0	85.61248168945312
3163.0	85.54996643066406
3164.0	85.52649536132813
3165.0	85.47255859375
3166.0	85.45724487304688
3167.0	85.32132568359376
3168.0	85.18785705566407
3169.0	85.19932556152344
3170.0	85.1860107421875
3171.0	85.15387878417968
3172.0	85.13443908691406
3173.0	85.244091796875
3174.0	85.33231811523437
3175.0	85.3852325439453
3176.0	85.30998229980469
3177.0	85.40935974121093
3178.0	85.19017639160157
3179.0	85.13241271972656
3180.0	85.1593505859375
3181.0	85.17813110351562
3182.0	85.00049438476563
3183.0	84.9315185546875
3184.0	84.92184143066406
3185.0	84.97342224121094
3186.0	84.7253631591797
3187.0	84.78529052734375
3188.0	84.96528015136718
3189.0	84.87395324707032
3190.0	84.65630798339843
3191.0	84.70779724121094
3192.0	84.9117218017578
3193.0	85.3106201171875
3194.0	85.51718139648438
3195.0	85.39317321777344
3196.0	85.27416381835937
3197.0	85.15946655273437
3198.0	84.98703308105469
3199.0	84.91607360839843
3200.0	84.99359741210938
3201.0	84.96573181152344
3202.0	85.4291748046875
3203.0	85.10526123046876
3204.0	84.92791137695312
3205.0	84.79519653320312
3206.0	84.58435363769532
3207.0	84.79346008300782
3208.0	84.72993469238281
3209.0	84.96636657714843
3210.0	84.91191101074219
3211.0	84.9318115234375
3212.0	84.88753051757813
3213.0	84.7729248046875
3214.0	84.613916015625
3215.0	84.53770446777344
3216.0	84.55752563476562
3217.0	84.36451721191406
3218.0	84.41975708007813
3219.0	84.47184753417969
3220.0	84.59187622070313
3221.0	84.401220703125
3222.0	84.36502990722656
3223.0	84.17172241210938
3224.0	84.24190673828124
3225.0	84.15149536132813
3226.0	84.06836547851563
3227.0	84.29253845214843
3228.0	84.81118469238281
3229.0	85.1208984375
3230.0	85.05577392578125
3231.0	84.82206115722656
3232.0	84.72117309570312
3233.0	85.15124206542968
3234.0	85.08458557128907
3235.0	85.05664367675782
3236.0	84.91946716308594
3237.0	84.88456420898437
3238.0	84.41864929199218
3239.0	83.9894012451172
3240.0	84.14881286621093
3241.0	84.41068115234376
3242.0	84.24130249023438
3243.0	84.28653564453126
3244.0	84.13216247558594
3245.0	84.16815490722657
3246.0	84.15830078125
3247.0	83.89447631835938
3248.0	84.00152282714843
3249.0	83.97415771484376
3250.0	83.9647216796875
3251.0	83.79675598144532
3252.0	83.82742309570312
3253.0	83.98480224609375
3254.0	83.72230529785156
3255.0	83.72188720703124
3256.0	83.74544982910156
3257.0	83.6865478515625
3258.0	83.84393310546875
3259.0	83.63922729492188
3260.0	83.67315979003907
3261.0	83.72748413085938
3262.0	83.66694946289063
3263.0	83.6526611328125
3264.0	83.63742370605469
3265.0	83.6299072265625
3266.0	83.6581817626953
3267.0	83.49293823242188
3268.0	83.66006774902344
3269.0	83.52200927734376
3270.0	83.6550537109375
3271.0	83.62256469726563
3272.0	83.4485595703125
3273.0	83.59896240234374
3274.0	83.64142456054688
3275.0	83.38326721191406
3276.0	83.56050720214844
3277.0	83.47483520507812
3278.0	83.54271240234375
3279.0	83.62638244628906
3280.0	83.5561737060547
3281.0	83.56973571777344
3282.0	83.54284973144532
3283.0	83.66513366699219
3284.0	83.60685119628906
3285.0	83.6469970703125
3286.0	83.60515747070312
3287.0	83.64736328125
3288.0	83.7967041015625
3289.0	83.7392791748047
3290.0	84.0322052001953
3291.0	84.04822387695313
3292.0	84.10569458007812
3293.0	84.22871398925781
3294.0	84.07710876464844
3295.0	84.0742401123047
3296.0	84.21028747558594
3297.0	84.28031616210937
3298.0	84.41308898925782
3299.0	84.50518188476562
3300.0	84.41549987792969
3301.0	84.32660522460938
3302.0	84.46430358886718
3303.0	84.47186584472657
3304.0	84.32067565917968
3305.0	84.41073608398438
3306.0	84.13899841308594
3307.0	84.19111938476563
3308.0	83.969580078125
3309.0	83.97955932617188
3310.0	83.81737670898437
3311.0	83.84073486328126
3312.0	83.94714660644532
3313.0	83.96270751953125
3314.0	83.84770812988282
3315.0	83.87158508300782
3316.0	83.86822814941407
3317.0	83.95343933105468
3318.0	83.94365844726562
3319.0	83.67548217773438
3320.0	83.60356140136719
3321.0	83.72885437011719
3322.0	83.79366760253906
3323.0	83.69319152832031
3324.0	83.83889465332031
3325.0	83.75462951660157
3326.0	83.87410888671874
3327.0	83.77042846679687
3328.0	83.676318359375
3329.0	83.65914611816406
3330.0	83.55599670410156
3331.0	83.6340118408203
3332.0	83.7623779296875
3333.0	83.63575439453125
3334.0	83.71760864257813
3335.0	83.61056518554688
3336.0	83.58974914550781
3337.0	83.62254638671875
3338.0	83.68457641601563
3339.0	83.8093505859375
3340.0	83.7005828857422
3341.0	83.84317932128906
3342.0	83.7805419921875
3343.0	83.65797119140625
3344.0	83.68884887695313
3345.0	83.63785705566406
3346.0	83.69015808105469
3347.0	83.76317443847657
3348.0	83.65777282714843
3349.0	83.63928833007813
3350.0	83.7818359375
3351.0	83.71365966796876
3352.0	83.49254150390625
3353.0	83.63496704101563
3354.0	83.78388977050781
3355.0	83.76729431152344
3356.0	83.99573974609375
3357.0	83.97860412597656
3358.0	84.06381225585938
3359.0	83.95412902832031
3360.0	83.98304443359375
3361.0	84.02257385253907
3362.0	84.01117553710938
3363.0	83.82743835449219
3364.0	83.90577392578125
3365.0	83.96151733398438
3366.0	83.87688293457032
3367.0	83.89129638671875
3368.0	83.88994140625
3369.0	83.95399475097656
3370.0	83.9525634765625
3371.0	83.94414672851562
3372.0	84.07512817382812
3373.0	83.97672729492187
3374.0	83.98084106445313
3375.0	83.98489990234376
3376.0	83.97471923828125
3377.0	83.95513610839843
3378.0	83.8701171875
3379.0	83.83680725097656
3380.0	83.872021484375
3381.0	83.43111877441406
3382.0	83.27098999023437
3383.0	83.25056762695313
3384.0	83.09779663085938
3385.0	83.11926574707032
3386.0	83.11372375488281
3387.0	83.1391845703125
3388.0	83.32019653320313
3389.0	83.20016784667969
3390.0	83.29590148925782
3391.0	83.32919616699219
3392.0	83.52647399902344
3393.0	83.50268859863282
3394.0	83.7531494140625
3395.0	83.89547424316406
3396.0	83.50743408203125
3397.0	83.25676574707032
3398.0	83.41398620605469
3399.0	84.15702514648437
3400.0	84.21976928710937
3401.0	84.15707397460938
3402.0	84.61603088378907
3403.0	84.99203796386719
3404.0	85.17278442382812
3405.0	84.87977905273438
3406.0	84.69998474121094
3407.0	84.3257080078125
3408.0	83.86930541992187
3409.0	83.77703247070312
3410.0	84.18902893066407
3411.0	84.30990295410156
3412.0	84.62953491210938
3413.0	84.84424743652343
3414.0	84.88778686523438
3415.0	85.1553466796875
3416.0	85.3129638671875
3417.0	85.44957275390625
3418.0	85.46949157714843
3419.0	85.44332275390624
3420.0	85.3863311767578
3421.0	85.50144653320312
3422.0	85.29091796875
3423.0	85.30689086914063
3424.0	85.20563659667968
3425.0	84.84960021972657
3426.0	84.43829040527343
3427.0	84.0434814453125
3428.0	84.12207946777343
3429.0	84.36259765625
3430.0	84.48507995605469
3431.0	83.97037048339844
3432.0	84.25739440917968
3433.0	84.60798950195313
3434.0	84.73221130371094
3435.0	84.74416809082031
3436.0	85.0596923828125
3437.0	85.03594055175782
3438.0	85.25548400878907
3439.0	85.0829864501953
3440.0	84.91705627441407
3441.0	85.14741516113281
3442.0	85.05844421386719
3443.0	85.16886901855469
3444.0	85.09821472167968
3445.0	85.2041015625
3446.0	85.00418701171876
3447.0	84.836962890625
3448.0	84.99148559570312
3449.0	84.79718322753907
3450.0	85.02449340820313
3451.0	85.19479064941406
3452.0	85.26037292480468
3453.0	85.09104919433594
3454.0	84.7514862060547
3455.0	84.80801696777344
3456.0	84.61351623535157
3457.0	84.57522583007812
3458.0	84.53404541015625
3459.0	84.50432739257812
3460.0	84.50825500488281
3461.0	84.50058288574219
3462.0	84.52650756835938
3463.0	84.55676574707032
3464.0	84.63561096191407
3465.0	84.63311767578125
3466.0	84.79033203125
3467.0	84.62896728515625
3468.0	84.5912872314453
3469.0	84.60569763183594
3470.0	84.61297607421875
3471.0	84.60716857910157
3472.0	84.58728332519532
3473.0	84.64363403320313
3474.0	84.66141357421876
3475.0	84.49731750488282
3476.0	84.5689697265625
3477.0	84.58213500976562
3478.0	84.5331298828125
3479.0	84.48331298828126
3480.0	84.46289672851563
3481.0	84.47569580078125
3482.0	84.409765625
3483.0	84.36879272460938
3484.0	84.35057373046875
3485.0	84.42195739746094
3486.0	84.41058349609375
3487.0	84.49295654296876
3488.0	84.50281372070313
3489.0	84.35859680175781
3490.0	84.44776306152343
3491.0	84.33652038574219
3492.0	84.29849243164062
3493.0	84.47522888183593
3494.0	84.42037048339844
3495.0	84.32814331054688
3496.0	84.24721069335938
3497.0	84.34746398925782
3498.0	84.29129028320312
3499.0	84.24495849609374
3500.0	84.23441467285156
3501.0	84.26400146484374
3502.0	84.27021789550781
3503.0	84.16027526855468
3504.0	84.02620239257813
3505.0	84.05733642578124
3506.0	83.96076049804688
3507.0	83.89178161621093
3508.0	83.84766540527343
3509.0	83.984765625
3510.0	84.01138305664062
3511.0	83.99502563476562
3512.0	84.04100952148437
3513.0	84.08950805664062
3514.0	84.16176147460938
3515.0	84.09204711914063
3516.0	84.26115417480469
3517.0	84.2828857421875
3518.0	84.09612121582032
3519.0	84.16275634765626
3520.0	84.25848693847657
3521.0	84.2182403564453
3522.0	83.95380859375
3523.0	83.98760375976562
3524.0	83.96195068359376
3525.0	83.98982849121094
3526.0	84.07225646972657
3527.0	84.36873474121094
3528.0	84.57257690429688
3529.0	84.4389404296875
3530.0	84.69447326660156
3531.0	84.58770141601562
3532.0	84.61717529296875
3533.0	84.5242706298828
3534.0	84.50148010253906
3535.0	84.60086975097656
3536.0	84.54813537597656
3537.0	84.63799743652343
3538.0	84.7146240234375
3539.0	84.57513122558593
3540.0	84.73380126953126
3541.0	84.81658020019532
3542.0	84.62151184082032
3543.0	84.68238830566406
3544.0	84.663818359375
3545.0	84.51808471679688
3546.0	84.603125
3547.0	84.68491821289062
3548.0	84.91854553222656
3549.0	84.88446655273438
3550.0	84.838427734375
3551.0	84.89856262207032
3552.0	84.78667602539062
3553.0	84.86145324707032
3554.0	84.88485412597656
3555.0	84.92345581054687
3556.0	85.04559326171875
3557.0	84.9398193359375
3558.0	85.06947326660156
3559.0	84.98607177734375
3560.0	85.04647827148438
3561.0	85.13001098632813
3562.0	85.1338134765625
3563.0	85.13015441894531
3564.0	85.15512390136719
3565.0	85.20584716796876
3566.0	85.25464172363282
3567.0	85.16972045898437
3568.0	85.30132751464843
3569.0	85.2232177734375
3570.0	85.30385131835938
3571.0	85.23798828125
3572.0	85.26180114746094
3573.0	85.14568481445312
3574.0	85.18681030273437
3575.0	85.05218811035157
3576.0	85.09768676757812
3577.0	85.07942199707031
3578.0	85.0411865234375
3579.0	85.05273742675782
3580.0	84.98787231445313
3581.0	84.93867797851563
3582.0	85.05603332519532
3583.0	84.8742919921875
3584.0	84.88202514648438
3585.0	84.76172485351563
3586.0	84.8633056640625
3587.0	84.88025817871093
3588.0	84.86039733886719
3589.0	84.81509704589844
3590.0	84.81664428710937
3591.0	84.70960998535156
3592.0	84.81066284179687
3593.0	84.84546203613282
3594.0	84.61003723144532
3595.0	84.64984130859375
3596.0	84.55845642089844
3597.0	84.74602966308593
3598.0	84.61092834472656
3599.0	84.52165222167969
3600.0	84.65831604003907
