0.0	0.00034828312707114767
1.0	-0.00028283295860687043
2.0	0.0006812143830226602
3.0	-0.0014356618388979394
4.0	0.0005397942151390288
5.0	0.00019572344674590684
6.0	-0.00016125735262233884
7.0	0.0007504859206557485
8.0	0.0025381194669034913
9.0	-0.0005162463186401447
10.0	-5.30417844083767e-06
11.0	0.0004477272513837441
12.0	-3.673088241488256e-05
13.0	4.722120472718746e-05
14.0	-0.0025080796691143103
15.0	0.0004060462942349328
16.0	-0.0014162599066321752
17.0	8.034465562962016e-05
18.0	-0.0011624118118551817
19.0	0.0014898249517094953
20.0	-0.0006692486285988929
21.0	0.0009346936197717879
22.0	0.0006264020800817997
23.0	-0.0018845620588103578
24.0	-0.00048268023810437636
25.0	0.0028107793211018016
26.0	-0.0006322890542066925
27.0	-0.0010099996747410529
28.0	3.408985893531e-05
29.0	-0.001331717646645486
30.0	5.2090130695081904e-05
31.0	0.00038767716444712357
32.0	0.0012370096594104569
33.0	9.864001381178759e-05
34.0	-0.00354272643727728
35.0	-0.0006199691960760163
36.0	0.0008136344150264056
37.0	-0.002772255788671712
38.0	-0.0024237587239443747
39.0	0.00011560748309360455
40.0	-0.0011660266205281958
41.0	-0.000706650832624429
42.0	-0.002448841069839235
43.0	-0.004121022053365049
44.0	-0.0023859138902853315
45.0	-0.002138483925192993
46.0	-0.0028987740922296083
47.0	-4.794416646213379e-05
48.0	0.0005237857767295249
49.0	-0.0027941659555268937
50.0	-0.0006257233813107537
51.0	-0.0018234053977903124
52.0	-0.00030002174270544107
53.0	-0.006093305928362339
54.0	-0.0012651756584185685
55.0	-0.0020098262450735454
56.0	-0.0013751691223279831
57.0	0.0010342852872954962
58.0	-0.0005204513001579498
59.0	-0.00247104632311664
60.0	-0.0021119999187923125
61.0	-0.0019933014054252358
62.0	-0.002294363327769024
63.0	-0.0018193479594837908
64.0	-2.2197876117012815e-05
65.0	-0.0008659975006623622
66.0	-0.00023989788416335054
67.0	-0.000848439858535926
68.0	0.0007372808032582292
69.0	-0.0023268966058268377
70.0	-0.0031050395014121128
71.0	-0.0037452294945754866
72.0	-0.001748084588500091
73.0	-0.002116942616365677
74.0	-0.00013410940177139733
75.0	-0.0012302816889824496
76.0	-0.0006929293139877605
77.0	-0.0029946771794746607
78.0	-0.001873570089580032
79.0	-0.0013491277455606385
80.0	-0.0005968049119261261
81.0	-0.0025185552371058306
82.0	-0.0013347422824738805
83.0	-0.0005942966773365371
84.0	0.0005729914376469315
85.0	-0.0024220619770161586
86.0	-0.0005310006397547682
87.0	0.0020022425240204364
88.0	0.00019048566275031858
89.0	-0.001013466940202955
90.0	0.0007996178099675134
91.0	-0.0008835551427887985
92.0	-0.0006774372768174058
93.0	-0.0024748824466064075
94.0	-0.00098926985357511
95.0	-0.0007415448020605479
96.0	-0.0014290223943963587
97.0	-0.0014975562159738878
98.0	0.0013924464323529805
99.0	-0.0008187099014899254
100.0	-0.0013026516340495745
101.0	-0.000916973680113455
102.0	-0.0004992050777528577
103.0	-0.00380808290252392
104.0	-0.0021565579685584066
105.0	-5.148520352950601e-05
106.0	0.0012111158258543957
107.0	-0.001612418605851197
108.0	0.0011116717015417993
109.0	7.236994506592262e-06
110.0	0.0008328888040808861
111.0	-0.0013329717639401944
112.0	-0.000842095500456741
113.0	4.877040844429163e-05
114.0	-0.0006365678073299676
115.0	-0.0006467482888990922
116.0	-0.0006471171469269578
117.0	-0.0003751212371789088
118.0	0.0015767279030746617
119.0	-0.002714197535085703
120.0	-0.0027850182764358957
121.0	0.0010850401519298353
122.0	0.0023340672058883524
123.0	-0.0019422514543685012
124.0	0.002442142608052969
125.0	-0.0013887430977535399
126.0	-0.0009162359640577238
127.0	-0.003545234671866869
128.0	0.0007238543710439563
129.0	-0.0026488358925478525
130.0	0.0015360797484039771
131.0	-0.001140059015366493
132.0	4.862286523317974e-05
133.0	0.00020405963817570345
134.0	-0.00034310436036007284
135.0	0.0005814014006821982
136.0	-0.00043163028704781354
137.0	0.0012459360236848726
138.0	-0.0002517013410550493
139.0	0.0021073670619621283
140.0	0.00023740440389471808
141.0	0.002567923195555134
142.0	-0.00023436501374536674
143.0	-0.0006848882089803594
144.0	-0.0006010098934437595
145.0	-0.0006244692640160451
146.0	-0.001974415874398449
147.0	-0.0002693327547869556
148.0	-0.0001223797164853404
149.0	0.0001864282244437971
150.0	-0.00298995579671805
151.0	-0.0009187441986471411
152.0	-0.00034170269985425234
153.0	0.00047723589361299096
154.0	0.0007372070316525875
155.0	0.0014604638526915321
156.0	2.1474914382238246e-05
157.0	-8.608408654340106e-05
158.0	-0.0014175140239270556
159.0	-0.0024190373411875923
160.0	-0.0016301975627942152
161.0	-0.0006457154864209655
162.0	-0.0015109088765825189
163.0	-0.004145661769626402
164.0	-0.001428801079579605
165.0	-0.0021631236414545174
166.0	-0.00040005603986248504
167.0	-0.002995046037502526
168.0	0.00022840426801483212
169.0	-0.0012347079853168366
170.0	-0.0011078945953365451
171.0	-0.0015165892902116146
172.0	-0.0026931726274973646
173.0	0.0007425185872538176
174.0	-0.00020212682210994884
175.0	0.0007476088280384657
176.0	-0.0022127719320052595
177.0	-0.0028733966599125246
178.0	-0.0006716830915828401
179.0	-0.002067884498659554
180.0	-0.00035099792215636204
181.0	-0.002688229929924
182.0	-0.0006582566593683954
183.0	0.0013344619503726134
184.0	-0.0018338071941760188
185.0	0.0005734340672802671
186.0	0.0006575336976336209
187.0	-0.0021844436354650793
188.0	-2.2795426122711576e-06
189.0	-0.0022415428581787755
190.0	0.002568660911610865
191.0	0.0016783851755544517
192.0	0.00232337032308025
193.0	2.995864902314673e-05
194.0	0.001952594233469694
195.0	0.00012165675475056583
196.0	-0.0011365917499045906
197.0	-0.0030088413277446647
198.0	-0.0005082052136327436
199.0	-0.001452039135335137
200.0	-0.001840741725099995
201.0	-0.0005066560099156395
202.0	-0.0031933441132831
203.0	0.0012887973265227508
204.0	-0.0006665190791927219
205.0	-0.0007484793329843521
206.0	-0.002307568445166715
207.0	-0.0007111509005644579
208.0	-3.946043182122531e-05
209.0	0.0015515717855743318
210.0	-0.001515187629705794
211.0	0.002525947151983927
212.0	-0.0008189312163066791
213.0	-0.0017605519898420507
214.0	0.0033128688686325063
215.0	7.46642420005245e-05
216.0	-0.002047523535521477
217.0	0.0014406930623979022
218.0	-0.0024548165698905543
219.0	-0.0002824641005790048
220.0	-0.0012024697936814188
221.0	-0.0012431179483521034
222.0	0.00030313490446043427
223.0	0.0006994359695991858
224.0	0.0004119480226807822
225.0	0.002657998325959807
226.0	0.00016237868102689218
227.0	-0.0012051993430875897
228.0	-0.002338109889873917
229.0	0.0018281415348678797
230.0	-0.00025937358803458476
231.0	0.002389764768096056
232.0	0.0002472897990416189
233.0	0.0035534380744063386
234.0	0.0010063996203889954
235.0	-0.0014237846104007705
236.0	0.0022864845202936915
237.0	0.0013451588331807153
238.0	-0.0016176563898467851
239.0	0.0007548384453846655
240.0	-0.0008410626979786143
241.0	-0.0009944338659652282
242.0	-0.001256839466988772
243.0	0.00310121813224313
244.0	0.0008969963293240282
245.0	-0.0007827093579703816
246.0	-0.000521262787819151
247.0	0.0008168803656715541
248.0	0.004062683467677602
249.0	0.002510676429630326
250.0	0.0028298123953397
251.0	0.0011363114178031518
252.0	0.001993537474562774
253.0	0.002361731557978271
254.0	0.0023880680211678398
255.0	0.0020468005737865305
256.0	0.00120750101718121
257.0	0.0014852511121639963
258.0	0.004654995688824091
259.0	-0.0010167128908482753
260.0	0.00043998123279856676
261.0	0.00261587473917766
262.0	-0.00024779144595963974
263.0	0.002340042705939672
264.0	0.0011518772265791482
265.0	0.0005392040422944095
266.0	0.0035000274319714705
267.0	0.0008331101188976399
268.0	0.001424020679538309
269.0	0.0022159588653657227
270.0	0.0025422506768156545
271.0	-0.00044077796613898316
272.0	0.0019188068381171721
273.0	0.0025569312263246362
274.0	-0.0005572633313388666
275.0	0.0033367708688381275
276.0	0.0008103146927756153
277.0	0.0011340982696359584
278.0	0.0034660924934078363
279.0	0.004420992155946197
280.0	-0.0003293828417235761
281.0	0.0021031620804444952
282.0	-0.0007532007157411347
283.0	0.0011981320232734584
284.0	0.004778120498525727
285.0	0.00018510033554344665
286.0	0.001817149565637554
287.0	0.0022577873657256458
288.0	0.0010297852193556392
289.0	-0.00018110191452161043
290.0	0.0026252437330854116
291.0	0.0013418391109299252
292.0	-0.0007923734383003569
293.0	0.00177067345412649
294.0	0.0020850880370790813
295.0	0.0018144200162312112
296.0	0.0032520072940346845
297.0	0.0010349492317457574
298.0	0.001696016589286358
299.0	-0.0013338570232070376
300.0	0.0028607964696804092
301.0	0.00389625472550458
302.0	0.0034863059133348018
303.0	0.00228242708198717
304.0	0.0022253278592734745
305.0	0.0023914615150242716
306.0	0.0004897032949547791
307.0	0.0035079947653734013
308.0	0.0017276646080773284
309.0	0.0021182852595869844
310.0	0.000880987890914696
311.0	0.0017412385835027131
312.0	0.0036588576987704262
313.0	0.0025809807697415414
314.0	-0.0006046247021167735
315.0	0.002099842358193705
316.0	0.002150670994433514
317.0	0.004303916617901695
318.0	0.00015787861308686334
319.0	0.001911577220771144
320.0	0.005387621503770787
321.0	0.0034064112644990813
322.0	0.0022089505628362766
323.0	0.002115850796603037
324.0	0.0010777367629781654
325.0	0.0031642190834026748
326.0	0.0008348806374314978
327.0	0.002044292339197113
328.0	0.0018521910782847847
329.0	0.002682785585432443
330.0	0.002083833919784373
331.0	0.001781517880145704
332.0	0.0034874124874183987
333.0	0.000708214790662318
334.0	0.0012569279929151985
335.0	0.0013338717775279942
336.0	0.0027510980921932183
337.0	-0.0013686034494320445
338.0	0.0002560686201047511
339.0	0.0015353420323482461
340.0	0.00110045841749472
341.0	0.001859125609208589
342.0	0.004583068373390301
343.0	0.0030751029838703148
344.0	0.003760146113222179
345.0	0.0036159226243267346
346.0	0.0005470976040906987
347.0	0.0017714849417876913
348.0	-0.0002425536619638797
349.0	0.0016515323111259057
350.0	0.004955688753140185
351.0	0.0026540146592589275
352.0	0.004169430980941868
353.0	0.0007805847357296148
354.0	0.0036916860632504635
355.0	0.0005889998760562637
356.0	0.0003171515095193265
357.0	0.0015738508104573788
358.0	0.0005387614126609021
359.0	0.00019646116280163802
360.0	0.001589047761205338
361.0	0.0024453885586981174
362.0	0.0012364194865658376
363.0	0.002696138246041246
364.0	-0.0006229938319045827
365.0	-0.0006462318876601147
366.0	0.0024273882869383454
367.0	-0.0005965098255037306
368.0	0.0023561249159546457
369.0	-0.001274397109115208
370.0	0.0024637576884859267
371.0	0.0019263315418857675
372.0	0.003466608894646814
373.0	0.00127345283256368
374.0	0.0002467733978024696
375.0	0.0016649587433401787
376.0	0.0015076039086526852
377.0	-0.002617851818207143
378.0	0.0013970940435041213
379.0	0.0012047714677750389
380.0	0.0034250754807091145
381.0	0.0022758614090910598
382.0	-0.0010612709406143694
383.0	0.0027927790493420296
384.0	0.002121088580598797
385.0	0.004420918384340727
386.0	0.0010869582136748051
387.0	0.00010918935340860596
388.0	0.001994791591857483
389.0	0.0016177449157733837
390.0	-5.709184555313163e-05
391.0	0.0010471215466653218
392.0	0.0017207300771533522
393.0	-0.002452308335301137
394.0	0.002843238827553973
395.0	3.549151944113052e-05
396.0	0.0010261704106824534
397.0	-0.00035793245308033815
398.0	0.002407986354672581
399.0	0.0023592233233886823
400.0	0.0026833757582770622
401.0	0.002749843974898338
402.0	0.002048939950348254
403.0	0.0023819449779052364
404.0	0.0014375208833582239
405.0	0.002030054419321467
406.0	0.003060127347938938
407.0	0.0027057285547657513
408.0	0.001748541972454555
409.0	0.0039488538802782466
410.0	-2.957503667432454e-05
411.0	0.0014744066861447824
412.0	0.0008719877550346383
413.0	0.0004936869616558305
414.0	0.0009954814227641396
415.0	0.004016723757405515
416.0	-0.0011075995089143212
417.0	0.003069791428269085
418.0	0.0015647031313662093
419.0	0.004144201091835896
420.0	0.0022482708286067823
421.0	0.0015341616866590075
422.0	0.003437100252417567
423.0	-0.00021798771730816905
424.0	-0.000138683241317068
425.0	0.0034132720238174157
426.0	0.0013560032591999293
427.0	0.0014485866241941915
428.0	0.0024595527069681215
429.0	0.0011968779059787498
430.0	0.0008526595943745159
431.0	0.0008420364831720558
432.0	0.0016766884286262356
433.0	0.0015091531123697895
434.0	-0.0015024251419416105
435.0	0.0008768566810025328
436.0	-0.0003564570209688758
437.0	0.0007376496612860948
438.0	-0.0011956828059685545
439.0	-0.0014321945734360373
440.0	-0.0003490060888059222
441.0	-0.0027702639553212724
442.0	-0.004251155165595959
443.0	0.0005674585672289477
444.0	-0.002340396809646752
445.0	-0.000772676419612369
446.0	-0.00018508558122249007
447.0	-0.001394866141015971
448.0	-0.0001863396985171987
449.0	-0.00310754773600153
450.0	0.0025111928308693037
451.0	-0.0009062030256997112
452.0	-0.00048415567021583867
453.0	-0.001179157966320245
454.0	0.0023694038049578065
455.0	0.001936733338271474
456.0	0.001780706392484331
457.0	0.003549749494127683
458.0	0.0033074835414256343
459.0	-0.0007793158641139495
460.0	0.0032071541578461947
461.0	0.0012354604556935244
462.0	0.0019080361837036
463.0	0.0021777451736788135
464.0	0.0033974849002248375
465.0	-0.0005457549608693916
466.0	0.000875750106918936
467.0	0.001659352101316553
468.0	0.0008536923968526426
469.0	-0.002062572943058324
470.0	0.0007930521370714029
471.0	0.000523638233518413
472.0	-0.0005369761398062593
473.0	0.0023852647001560267
474.0	0.0019191756961450376
475.0	0.0008906519712446713
476.0	0.0004689734737888362
477.0	-0.0008413577844010098
478.0	0.000883717440320867
479.0	0.002392199231080003
480.0	0.0018816259489083896
481.0	0.00033079925655035323
482.0	-3.473904906444275e-05
483.0	-0.001022319532871729
484.0	-8.556768530442359e-05
485.0	-0.000980491032511806
486.0	0.0032577614792692502
487.0	0.002700785857192215
488.0	0.004112995702678433
489.0	0.0013861020742737954
490.0	0.0003442256887646262
491.0	0.0032148264048257303
492.0	0.0005258513816856065
493.0	0.0020895881050189387
494.0	-0.0020015638252493906
495.0	0.003699948483074618
496.0	0.004741087152528056
497.0	0.0018105101211359734
498.0	0.00018738725531611023
499.0	-0.0006266824121832386
500.0	0.0037894334406348438
501.0	0.001443717698226297
502.0	0.00619468286874069
503.0	0.0026598426160991348
504.0	0.0011614675353036534
505.0	0.0026507687086137787
506.0	0.0011568199241525127
507.0	0.00401701884382791
508.0	0.001013112836496046
509.0	0.0014505784575446312
510.0	0.001932970986387348
511.0	0.0030224300574910063
512.0	0.003101734533482107
513.0	0.002338714817039493
514.0	0.002924608908501156
515.0	0.00285828823509082
516.0	0.000615483882456944
517.0	0.002548890121317235
518.0	0.002988568890533014
519.0	0.0011980582516678165
520.0	0.001800403411172319
521.0	-0.0003228909404331074
522.0	0.00011641897075480579
523.0	0.00018443639109318554
524.0	0.005765479667516259
525.0	0.0013182321971465275
526.0	0.003990829923849454
527.0	-0.0025026205703019685
528.0	0.001533792828631142
529.0	0.0017264842623880897
530.0	0.0021793681490015595
531.0	0.0019916931844234462
532.0	0.0015936216007510088
533.0	0.004196357616976056
534.0	-0.0024204390016935844
535.0	-0.00206434346159201
536.0	-0.0014879659072493826
537.0	-0.0010985256014287934
538.0	0.0017712636269709375
539.0	0.0007501170626278829
540.0	0.0028563701733460224
541.0	0.00040324297322312004
542.0	-0.00035490781725177164
543.0	0.0028281894200171257
544.0	0.00013176346471404854
545.0	0.006134559010198599
546.0	0.0021217525250488865
547.0	0.0028488454695775986
548.0	0.0025583328868306284
549.0	0.0017000002559874093
550.0	0.002639260338144304
551.0	-0.00010445321633103854
552.0	0.001898224560162341
553.0	0.0024225931325760927
554.0	-0.0012910694919746296
555.0	5.806563074657311e-05
556.0	0.0018944622082780434
557.0	-0.000583747337739547
558.0	0.0002297321569151826
559.0	0.00255707876953592
560.0	0.003227883979012138
561.0	0.0007518875811617408
562.0	0.0010727202937991591
563.0	0.0007999128963897371
564.0	0.0017025084905768267
565.0	0.0013717903827925077
566.0	-0.0011600511204768764
567.0	0.001711065996823377
568.0	0.0036204964638724053
569.0	0.0029024774268292205
570.0	-0.001644656797486615
571.0	-0.00016155243904473435
572.0	0.0001243863041567368
573.0	-0.0037167536548243663
574.0	-0.00010209252495273315
575.0	-0.00047677850965852694
576.0	0.0035596348892745835
577.0	0.002633875010937432
578.0	0.0014424635809315884
579.0	0.002264353038621756
580.0	0.0014850297973472426
581.0	0.0007724698591165718
582.0	0.004442164606745648
583.0	0.004704127578135856
584.0	0.0021688188094045697
585.0	0.002162253136508459
586.0	0.002603628652652454
587.0	0.00420985782079597
588.0	0.002881157432818487
589.0	0.00349338798746989
590.0	0.0026847774187828827
591.0	0.003233564392641405
592.0	0.0035254786358941957
593.0	-0.0018181676137945524
594.0	0.0002279616383813247
595.0	0.003939263571553742
596.0	0.005383342750647512
597.0	0.004865466079524229
598.0	0.0036967763040349397
599.0	0.005027616068573975
600.0	0.0025431359360824977
601.0	0.0030114380882606804
602.0	0.0019202822702286345
603.0	0.0036499313344960102
604.0	0.0023930107187412042
605.0	0.002470839762620843
606.0	0.0019380612271718244
607.0	0.005249963687771282
608.0	0.00371787498322892
609.0	0.0018960851836007893
610.0	0.0038652706511638707
611.0	0.00399724805353428
612.0	-2.0796215611192293e-05
613.0	0.00035499634317837005
614.0	-0.0007364545612758997
615.0	-0.0019278659912817433
616.0	0.0029728555385459057
617.0	-0.0004157693918495933
618.0	-3.9976833060202775e-05
619.0	0.0009656039225070271
620.0	-0.00010209252495273315
621.0	-0.0009573267483619158
622.0	0.004558354885523307
623.0	0.003302762158668852
624.0	-0.0001549129945431538
625.0	0.002057792543017028
626.0	-0.002717148399308628
627.0	-0.0029481272963579547
628.0	-0.0015831312784387037
629.0	0.0015108498592978337
630.0	0.0007878881246812847
631.0	-0.00211974593737749
632.0	-0.002649204750575718
633.0	-0.002215058851777923
634.0	-0.006306874726496514
635.0	-0.0034500693006775476
636.0	-0.0017940442987721772
637.0	-0.0032165083974329896
638.0	-0.00532748289090774
639.0	-0.003746704926686949
640.0	-0.005386057545732898
641.0	-0.004401354154542895
642.0	-0.0026141632379284873
643.0	-0.0012375850779341195
644.0	-0.0005793948130108018
645.0	-0.0008235788274578199
646.0	-0.0031382367239200155
647.0	-0.001006975038912658
648.0	-0.0015573112164881128
649.0	-0.0020575564738793176
650.0	-0.0031618436377034128
651.0	-0.00029021011916418216
652.0	-0.004635579002237542
653.0	-0.004662136780243864
654.0	-0.005583027732613121
655.0	-0.0035065045789409825
656.0	-0.0024197012856378534
657.0	-0.0027235665289934547
658.0	-0.002679377337255226
659.0	-0.0006812734003073454
660.0	-0.0015691884449852815
661.0	-0.00028902977347494355
662.0	0.0004520797761124893
663.0	-0.0019201937443022077
664.0	0.000904299718275698
665.0	-0.001930079139448937
666.0	-0.004400173808853656
667.0	-0.0025103665888871456
668.0	-0.0015172532346618757
669.0	-0.0014469488945506605
670.0	-0.001046221533077522
671.0	-0.0012608231336896515
672.0	-0.0038339029644745112
673.0	-0.003228533169141442
674.0	-0.001958186121172363
675.0	-0.003562349684359798
676.0	0.0007645025257146408
677.0	-0.0008518333523923581
678.0	0.0003378813306852694
679.0	-0.0002990627118329562
680.0	-0.0003906870459547335
681.0	-0.0007607254195095583
682.0	-0.0007925947531171106
683.0	-0.0010198112982823119
684.0	0.00243764254011294
685.0	-0.0010522708047344834
686.0	-0.0016534356185497472
687.0	0.00084889724249039
688.0	0.0006937555559700901
689.0	-0.0008619400623558408
690.0	-0.0011495017808798862
691.0	-0.00040455610780251386
692.0	-0.003386404405067913
693.0	-0.0015581964757549558
694.0	-0.005116643642179736
695.0	-0.004380255475348914
696.0	-0.001485974073898771
697.0	-0.00024011919898010424
698.0	-0.0016611816371349243
699.0	-0.0012586837571280998
700.0	-0.00032975169975144167
701.0	-0.0019267594171981466
702.0	4.2278507153822956e-05
703.0	-0.002005399948739158
704.0	-0.0028621833758652733
705.0	-0.000947367581609545
706.0	-0.004082144417228051
707.0	-0.002435193322808208
708.0	-0.0024122503534749
709.0	-0.00411984170767581
710.0	-0.0012142732505731175
711.0	-0.006879637472166127
712.0	-0.0029006921539745777
713.0	-0.006523394388853613
714.0	-0.0023588397110400317
715.0	-0.0037523853403162166
716.0	-0.0004941148369682095
717.0	-0.003156015680863034
718.0	-0.0013818085668295637
719.0	-0.0027164844548583666
720.0	-0.0017196087487489707
721.0	-0.0033225919662471667
722.0	0.0012764774683920745
723.0	-0.001430645369718933
724.0	-0.0017759702554067636
725.0	0.0015476618904789222
726.0	-0.0016667145075529083
727.0	-0.00024786521756528155
728.0	-0.0019416612815240535
729.0	-0.0008558907906988795
730.0	-0.002273190876969574
731.0	-0.002644999769058085
732.0	-0.00015956060569412278
733.0	-0.004220687492494228
734.0	-0.0023991927792884923
735.0	-0.004467896142769812
736.0	-0.0059133769823694025
737.0	0.0004434484982604689
738.0	0.001659499644527665
739.0	0.00047494897384015564
740.0	-0.0003861869780148764
741.0	0.0009174310640677472
742.0	-0.0014577933205698744
743.0	-0.001950292559376074
744.0	0.0016267450516532695
745.0	-0.003055686297283594
746.0	-0.0037632297663354303
747.0	-0.0021387052400097467
748.0	-0.002149992295662468
749.0	-0.004918861967638312
750.0	-0.005313982687087825
751.0	-0.006084969736932542
752.0	-0.0010397296317870533
753.0	-0.003141408902959522
754.0	-0.007811594165371351
755.0	-0.004008520354866045
756.0	-0.0025638510029276558
757.0	-0.004510019729552131
758.0	-0.0023082323896168044
759.0	-0.004119620392859057
760.0	-0.0018734225463689202
761.0	-0.005346294650328885
762.0	-0.004118882676803326
763.0	-0.006542132376669115
764.0	-0.0012816267264612361
765.0	-0.0019264643307759228
766.0	-0.0019775880534381274
767.0	-0.0012109535283223271
768.0	-0.003242033372961357
769.0	-0.002730353516706147
770.0	-0.0041476536029768415
771.0	-0.0046108655143705475
772.0	-0.001681985229906681
773.0	-0.0021823780305089977
774.0	-0.0031525484154011313
775.0	0.0008846026995877101
776.0	-0.00023362729768963556
777.0	-0.0003671539037769778
778.0	0.0005055641901529993
779.0	-0.000835013426321653
780.0	-0.003199245841728949
781.0	-0.0036373016356221538
782.0	-0.005162308266029599
783.0	-0.004025118966119997
784.0	-0.0021238033756840113
785.0	-0.003498832331961275
786.0	-0.002941635395067658
787.0	-0.001068574329566211
788.0	-0.0015985495440034166
789.0	-0.0007314380920970652
790.0	-0.0028878558946047526
791.0	-0.0010103685327689184
792.0	-0.0041062677322504255
793.0	-0.002860781715359453
794.0	-0.00026011130409031596
795.0	-0.0015052284629534232
796.0	0.0013603557839286745
797.0	0.0019711109064686153
798.0	-0.0006937408016491334
799.0	0.001645999440707922
800.0	-0.000743979265044495
801.0	-0.0003812442804413401
802.0	-0.0017708062430166454
803.0	-0.0005933376464640522
804.0	0.0006442548086304597
805.0	-0.002388127038452525
806.0	-0.0013013237451493958
807.0	0.0035807335684683917
808.0	-0.0013615951469025983
809.0	-0.0023983075200216496
810.0	-0.0007000851597284903
811.0	-0.0012181093740628853
812.0	-0.0013069303871728498
813.0	0.0006941981856034258
814.0	0.0018031329605786616
815.0	-5.0526172657192895e-05
816.0	0.002513184664219915
817.0	0.0024827907627236537
818.0	0.0028036234753612433
819.0	0.002728302666071022
820.0	0.0019373235111160932
821.0	0.0037618428601503945
822.0	-0.00151157282103278
823.0	0.0008959635268459014
824.0	0.0025550131645798385
825.0	0.003094504916136079
826.0	0.0013503966171763038
827.0	0.0018462893498389353
828.0	0.0018076330285185188
829.0	-0.0028236745977561406
830.0	0.0006646895433741789
831.0	0.002064358215912967
832.0	0.0005878933019726668
833.0	-0.00022728293961027878
834.0	-1.017310440856035e-05
835.0	0.005007255105435726
836.0	0.003654652717252621
837.0	0.0033566154307372274
838.0	0.0034036079434874404
839.0	0.0024881023183250554
840.0	0.00020878102093231424
841.0	-0.0008648171549731237
842.0	0.0003561766888674369
843.0	0.003568782568365581
844.0	0.0038609918980407674
845.0	0.002866476883309505
846.0	0.0022479019705789168
847.0	0.0025986859550790895
848.0	0.0008944143231289691
849.0	0.0021733188773444267
850.0	0.0003915132879370631
851.0	-0.0024625625884757314
852.0	0.0016679096075631033
853.0	-0.0017590027861249466
854.0	0.0011488525907505818
855.0	0.0003654719111697183
856.0	0.0027902708147524405
857.0	0.0008562744030477017
858.0	2.309788970481247e-05
859.0	2.5827439110983457e-05
860.0	0.0009585218483719393
861.0	-0.001843176188083942
862.0	-0.0007965046482125202
863.0	-0.001742625489687749
864.0	-0.001291364578397025
865.0	-0.0030357679637788527
866.0	-0.0006824537459964122
867.0	-0.004425256154748516
868.0	-0.00393157657025325
869.0	-0.005101446691431777
870.0	-0.00718224859822702
871.0	-0.004823401510026595
872.0	-0.0065731902226154664
873.0	-0.006567509808986371
874.0	-0.0016551323654779631
875.0	-0.0010654021505265327
876.0	-0.002238149364322343
877.0	0.00012018132263910348
878.0	0.00396220654088705
879.0	-0.0013760543815948263
880.0	-0.0011447803981231037
881.0	-0.001015975174792544
882.0	0.00013950948329922584
883.0	-0.001500138222168947
884.0	0.0010225556020094393
885.0	-0.0014437029439055122
886.0	-0.0008603170870332666
887.0	-0.00103559842187489
888.0	-0.002079245325917917
889.0	0.0006750175681544153
890.0	0.001761894633063186
891.0	0.00010085316197898111
892.0	-0.0008972028898198252
893.0	0.0010699169727873463
894.0	0.002328017934231391
895.0	-0.0013742838630611401
896.0	0.0018507894177787923
897.0	-0.0006016738378938489
898.0	0.0014157582597141543
899.0	-0.00041119555230409444
900.0	0.005746594136489644
901.0	0.0029791998966252624
902.0	0.0025280127569400086
903.0	0.00022176482351325157
904.0	0.006102763448196517
905.0	0.001237747375466188
906.0	0.003155956663578348
907.0	0.00023283056434921916
908.0	0.0021646875994924064
909.0	-0.000736011931642564
910.0	0.003324598553918563
911.0	0.0010598102628238636
912.0	0.0015936216007510088
913.0	0.003203465577567539
914.0	0.0021048588273727114
915.0	0.001846584436261159
916.0	0.002076604302438173
917.0	0.0003358157257293596
918.0	0.001974725715141629
919.0	0.000765166470164902
920.0	0.0035831680314523393
921.0	0.004818916196407695
922.0	-1.6960092121424547e-05
923.0	0.0001814117552647908
924.0	0.0032949423684782045
925.0	0.0013989383336434492
926.0	0.0009360215086721385
927.0	0.0014138401979691844
928.0	-0.001368308363009649
929.0	-0.0034715368378992217
930.0	-1.7845351388267604e-05
931.0	0.0036789973470917497
932.0	0.0007841257727971587
933.0	0.0017459599662594959
934.0	0.0006339267838502233
935.0	0.0008586350944260071
936.0	0.00242709320051595
937.0	-0.00014583908705762604
938.0	-0.00032495654538918905
939.0	0.00018458393430446918
940.0	0.001810215034713578
941.0	-0.0006298545912227452
942.0	-0.0006820848879685466
943.0	-6.565672896969308e-07
944.0	0.001168992239072077
945.0	-0.00043222045989243287
946.0	-0.0003364649158584923
947.0	-0.0008447512782572701
948.0	-0.002220665493801549
949.0	-0.002235567358127284
950.0	0.001437373340147112
951.0	-0.0006730109804830188
952.0	0.0010080963673170396
953.0	-0.003808820618579651
954.0	-0.0012763889424656479
955.0	-0.0007063557462022053
956.0	-0.00017106897616359779
957.0	0.001696828076947731
958.0	0.0024271669721215917
959.0	0.0010517691578164625
960.0	0.0014856937417975038
961.0	-0.001138067182016053
962.0	0.0004556945847856751
963.0	-0.0023429788158418115
964.0	0.0014575129884686073
965.0	-0.0024222832918329123
966.0	-0.00525090796432281
967.0	-0.004635579002237542
968.0	-0.0005666323252466181
969.0	-0.0013635132086473962
970.0	-0.001349496603588504
971.0	0.00019137092201716163
972.0	0.001495431593733121
973.0	-0.0023851024026239585
974.0	0.00478099759114301
975.0	-0.0005535747510602107
976.0	0.0002103302246494184
977.0	0.0006812881546281302
978.0	-0.0002896937179252047
979.0	-2.25667341448784e-05
980.0	0.0008021998161625725
981.0	-0.0008989734083535113
982.0	0.0025550131645798385
983.0	0.0011295982016961011
984.0	0.005379211540735521
985.0	-0.0029465043210353805
986.0	4.095061825347249e-05
987.0	0.0006477220740923619
988.0	0.0023200506008294597
989.0	-0.00010858442624320182
990.0	0.0009585218483719393
991.0	-0.001647238803681674
992.0	0.001013776780946307
993.0	-0.0010310245823293913
994.0	-0.0037836645010791495
995.0	-0.0025131699098989587
996.0	-0.0018678896759509365
997.0	-0.0028716261413786665
998.0	-0.003023521877253818
999.0	-0.003495365066499373
1000.0	-0.0012409785717905515
1001.0	-0.003677064531025995
1002.0	-0.0032682960645452836
1003.0	-0.0019676288866857564
1004.0	-0.0017775932307293378
1005.0	-0.002477021823168131
1006.0	-0.002616523929306793
1007.0	-0.004011692533905723
1008.0	-0.001902193472542436
1009.0	-0.0006686584557542737
1010.0	-0.0006972080671110356
1011.0	0.004020117251261947
1012.0	-0.00014532268581864856
1013.0	0.0011684020662274578
1014.0	0.0005257038384744947
1015.0	0.0013822659507840278
1016.0	0.0016099988971882064
1017.0	0.00019321521215648956
1018.0	0.0013489211850648414
1019.0	0.0018220184916052766
1020.0	0.0031121363298679855
1021.0	0.0017033937498436697
1022.0	-0.002783100214690926
1023.0	0.0017419025279529743
1024.0	0.003347910381279737
1025.0	0.001989037406622917
1026.0	0.001691442749740859
1027.0	0.002486626886213593
1028.0	0.002595587547645053
1029.0	0.00404807668977409
1030.0	0.006658927582612351
1031.0	0.005835784007627474
1032.0	0.003599324013072783
1033.0	0.006421678099089137
1034.0	0.004390450711238995
1035.0	0.007228960778875793
1036.0	0.005992548669470348
1037.0	0.004893277974825259
1038.0	0.0058252346680304845
1039.0	0.0038466802065594795
1040.0	0.00929412310528957
1041.0	0.0065232615999632855
1042.0	0.00302796292790899
1043.0	0.004497493310925486
1044.0	0.0028194843705594635
1045.0	0.003968403355755123
1046.0	0.003788031780128851
1047.0	0.004586461867246734
1048.0	0.004674176306273101
1049.0	0.004535338144584529
1050.0	0.005622879153943389
1051.0	0.005672970074127639
1052.0	0.0025235126890001515
1053.0	0.005702036086723378
1054.0	0.004279645759668208
1055.0	0.004885163098212217
1056.0	0.004810063603738921
1057.0	0.003816802706302367
1058.0	0.005989819120064178
1059.0	0.005099617155613406
1060.0	0.006845422201501226
1061.0	0.004949934567905448
1062.0	0.004292703333854615
1063.0	0.007762034400747207
1064.0	0.006838856528605115
1065.0	0.007569638053412484
1066.0	0.006781240904652614
1067.0	0.006138542676899479
1068.0	0.005488098430561339
1069.0	0.006353881993567511
1070.0	0.006500835031869126
1071.0	0.007031990591995571
1072.0	0.004737914973488378
1073.0	0.005519598906141025
1074.0	0.007666869029557886
1075.0	0.008598899494368581
1076.0	0.005855038396682126
1077.0	0.010735103876949302
1078.0	0.005479319609498206
1079.0	0.005946662730803904
1080.0	0.006374538043127984
1081.0	0.008268771559428881
1082.0	0.005591157363546949
1083.0	0.0069388908257623306
1084.0	0.007606818942621266
1085.0	0.00709609811723854
1086.0	0.006816872590144292
1087.0	0.007450939540045234
1088.0	0.007987849285406417
1089.0	0.006499802229391172
1090.0	0.008499529141661626
1091.0	0.008066416045341786
1092.0	0.008093932854220593
1093.0	0.005239045490146597
1094.0	0.005035435858764794
1095.0	0.007478530120529684
1096.0	0.006055549620629722
1097.0	0.006779322842907644
1098.0	0.006481211784786609
1099.0	0.00395689498528582
1100.0	0.005728815179546454
1101.0	0.00382292574956497
1102.0	0.0053467520342833485
1103.0	0.0036089143217972884
1104.0	0.0019821028756989412
1105.0	0.004069691770207048
1106.0	0.003720456989423979
1107.0	0.0033257788996078016
1108.0	0.005301677583278106
1109.0	0.005702478716356886
1110.0	0.005812103322238435
1111.0	0.0035487904632551977
1112.0	0.0067183874967041805
1113.0	0.005724757741239933
1114.0	0.005636305586157834
1115.0	0.006529310871620418
1116.0	0.009241081320882567
1117.0	0.006254954270493892
1118.0	0.004604462139006505
1119.0	0.008438815110274916
1120.0	0.007400996163072268
1121.0	0.006532187964237701
1122.0	0.006577188643637303
1123.0	0.00827600117677508
1124.0	0.008684253242016644
1125.0	0.0048728432400815406
1126.0	0.0032359988556251804
1127.0	0.00233923121827847
1128.0	0.0037957040271085585
1129.0	0.002912879223214927
1130.0	0.005235725767895807
1131.0	0.005318571280954281
1132.0	0.00513561769913295
1133.0	0.002041784104607696
1134.0	0.0026780642026758322
1135.0	0.004713644115254719
1136.0	0.005083092315964924
1137.0	0.005297915231393808
1138.0	0.003473838511993014
1139.0	0.006125263787896317
1140.0	0.004916147172552926
1141.0	0.0037888432677902245
1142.0	0.0037441376748128465
1143.0	0.004735185424082207
1144.0	0.0063189142525257504
1145.0	0.0037155142918504427
1146.0	0.004719029442461591
1147.0	0.007576129954702952
1148.0	0.008446856215282317
1149.0	0.007394061632148464
1150.0	0.007339249329207604
1151.0	0.007685828332190143
1152.0	0.004930311320823102
1153.0	0.005843825112634876
1154.0	0.005110018951999112
1155.0	0.007377536792499983
1156.0	0.005437196022715887
1157.0	0.007017605128908813
1158.0	0.01038299200354878
1159.0	0.005337087953953202
1160.0	0.003699800939863506
1161.0	0.005016845414160231
1162.0	0.005038239179776435
1163.0	0.0043743685012240215
1164.0	0.0037359490265943336
1165.0	0.003852213076977463
1166.0	0.003913664824419905
1167.0	0.0038958858674767146
1168.0	0.0031338251819064133
1169.0	0.005907047378611174
1170.0	0.005655559975212315
1171.0	0.006985071850851
1172.0	0.0053153253303091326
1173.0	0.0055378942643231925
1174.0	0.00882139465677717
1175.0	0.0037048911806479828
1176.0	0.007088720956681229
1177.0	0.005355678398557593
1178.0	0.003955272009963074
1179.0	0.007424086675616688
1180.0	0.004821055572969246
1181.0	0.004933188413440385
1182.0	0.0031883423984250497
1183.0	0.0024568231575619504
1184.0	0.00584013653235622
1185.0	0.008819771681454425
1186.0	0.0052675951015033595
1187.0	0.004297129630189002
1188.0	0.007869298315250451
1189.0	0.004829613079215797
1190.0	0.005697757333600104
1191.0	0.0045003704035429404
1192.0	0.006957038640733214
1193.0	0.006410981216281035
1194.0	0.003856934459734246
1195.0	0.006087271411026163
1196.0	0.006424407648495308
1197.0	0.003070529144324816
1198.0	0.0045041327554270665
1199.0	0.005940982317174808
1200.0	0.005182093810644013
1201.0	0.005843603797818293
1202.0	0.006310430517884842
1203.0	0.006091181306121572
1204.0	0.005848472723786016
1205.0	0.004753480782264202
1206.0	0.005507795449249326
1207.0	0.004987115457114402
1208.0	0.006402940111273634
1209.0	0.009301721580663634
1210.0	0.0073273721007102634
1211.0	0.0061762399673474105
1212.0	0.005616829882286428
1213.0	0.003609135636614042
1214.0	0.0072522726062369675
1215.0	0.005548148517497959
1216.0	0.0047475790538183535
1217.0	0.008316723103051408
1218.0	0.006091255077727214
1219.0	0.007071827259005054
1220.0	0.0050465015996007615
1221.0	0.009176457394400447
1222.0	0.008622506408151978
1223.0	0.010056626420493377
1224.0	0.007999357655875892
1225.0	0.008931388120686586
1226.0	0.007677934770393854
1227.0	0.009959100357925752
1228.0	0.009285860685465415
1229.0	0.008308681998044007
1230.0	0.00855721853721977
1231.0	0.008711179878050831
1232.0	0.007384250008607205
1233.0	0.007761149141480193
1234.0	0.008261320627265928
1235.0	0.009603963848696662
1236.0	0.01065107801820159
1237.0	0.008779418613205964
1238.0	0.012281873131000818
1239.0	0.009422559470592435
1240.0	0.012083058653981267
1241.0	0.01238891573068748
1242.0	0.008119900459382297
1243.0	0.01071444782738883
1244.0	0.008780525187289561
1245.0	0.009560143514986299
1246.0	0.00846079904873574
1247.0	0.007753919524134165
1248.0	0.01116275787445663
1249.0	0.006846159917556957
1250.0	0.010426886108864785
1251.0	0.007097352234533421
1252.0	0.008347780948997758
1253.0	0.004319261111860938
1254.0	0.005857620402877186
1255.0	0.007065999302164846
1256.0	0.0023790678852879535
1257.0	0.0029488059951291727
1258.0	0.003720456989423979
1259.0	0.0018406089362096678
1260.0	0.0007726911739333256
1261.0	0.0009343247617439224
1262.0	0.0015507602979129588
1263.0	-0.0030252186241818625
1264.0	0.0016427534900626017
1265.0	-0.0022509118520865267
1266.0	-0.00380092705678319
1267.0	-0.0037831480998401722
1268.0	-0.0040678327257467626
1269.0	-0.006021083526506154
1270.0	-0.005101077833403912
1271.0	-0.0044379448709070575
1272.0	-0.00450146222330558
1273.0	-0.007300135623932895
1274.0	-0.004261409418770725
1275.0	-0.002537809626160311
1276.0	-0.0041998838997226425
1277.0	-0.003873960946300576
1278.0	-0.0013987760361113806
1279.0	-0.0014085138880469978
1280.0	-0.0015154089445225478
1281.0	-1.2164937759171928e-05
1282.0	-0.001133714657287136
1283.0	0.0018174446520597778
1284.0	0.000624336475125718
1285.0	0.0038342128052176916
1286.0	0.006855823997886932
1287.0	0.005147126069602425
1288.0	0.0045525269286830995
1289.0	0.007799953006011721
1290.0	0.005235209366656658
1291.0	0.006848225522512867
1292.0	0.007023728172171416
1293.0	0.006848815695357486
1294.0	0.007765059036575602
1295.0	0.004798776548086199
1296.0	0.005408793954570237
1297.0	0.007520579935706361
1298.0	0.006966924035880116
1299.0	0.006404341771779455
1300.0	0.005875989532664824
1301.0	0.004941229518447786
1302.0	0.005267742644714472
1303.0	0.005473786739080222
1304.0	0.006837012238465787
1305.0	0.0043474418651898335
1306.0	0.00828979646701722
1307.0	0.007289232180628996
1308.0	0.008550947950746055
1309.0	0.00819868853413442
1310.0	0.011716487545888516
1311.0	0.008423913245949181
1312.0	0.010561961918669231
1313.0	0.00912304675196558
1314.0	0.011766652237678235
1315.0	0.00795302908757594
1316.0	0.011328891530207427
1317.0	0.005754635241497046
1318.0	0.009763162973523483
1319.0	0.009852352844661485
1320.0	0.011139814905123493
1321.0	0.006487482371260324
1322.0	0.0084740779377389
1323.0	0.009646013663873338
1324.0	0.0115478456555483
1325.0	0.008768131557553243
1326.0	0.007954504519687402
1327.0	0.008198983620556644
1328.0	0.007384618866635071
1329.0	0.006653320940588726
1330.0	0.008599932296846536
1331.0	0.0074679807809326934
1332.0	0.00955888939769159
1333.0	0.00849185689468192
1334.0	0.008401044048221515
1335.0	0.007214058914550059
1336.0	0.010705078833481079
1337.0	0.01033341748460368
1338.0	0.007741968524031182
1339.0	0.009596734231350634
1340.0	0.010751628716597784
1341.0	0.008925043762607401
1342.0	0.009147170066987955
1343.0	0.01204823845615079
1344.0	0.010088864612128795
1345.0	0.007937758365222338
1346.0	0.00950879847750734
1347.0	0.006984334134795268
1348.0	0.010047995142641358
1349.0	0.005369695003616485
1350.0	0.008129195681684577
1351.0	0.006976661887815733
1352.0	0.006865414306611438
1353.0	0.006589582273373621
1354.0	0.006780872046624748
1355.0	0.0039534277198237456
1356.0	0.005502336350436984
1357.0	0.006562360550917037
1358.0	0.0037971056876143793
1359.0	0.004071240973924152
1360.0	0.004201005228127196
1361.0	-0.0016214925133367247
1362.0	-0.0032789191757479157
1363.0	0.001801362442044804
1364.0	0.001499857890067508
1365.0	-0.0030916868408033095
1366.0	-0.0031639830142649646
1367.0	0.00298502785346547
1368.0	-0.00107322194071718
1369.0	0.00046830952933857507
1370.0	0.0008235935817787765
1371.0	0.004712980170804629
1372.0	0.0036733907050682958
1373.0	0.001488128204781451
1374.0	0.005708232901591623
1375.0	0.0024710610774375964
1376.0	0.0018749127328011672
1377.0	0.0035481265188051082
1378.0	0.0034480184500424228
1379.0	0.001790370472814478
1380.0	0.0031834734724571555
1381.0	0.0034455839870584756
1382.0	0.003164883027852764
1383.0	0.006231273585105025
1384.0	0.0014141352843915801
1385.0	0.004434418588160471
1386.0	0.005638887592352893
1387.0	0.0034303870363103445
1388.0	0.003324008381073944
1389.0	0.007496825478711851
1390.0	0.0037630232058396334
1391.0	0.0046400938244983555
1392.0	0.004496312965236419
1393.0	0.0040649703874504365
1394.0	0.004410664131165961
1395.0	0.0053460143182276175
1396.0	0.005187995539089863
1397.0	0.0033088852019314548
1398.0	0.007266141668084576
1399.0	0.005274455860821694
1400.0	0.009595922743689261
1401.0	0.007941299402289883
1402.0	0.006819823454367217
1403.0	0.007999062569453496
1404.0	0.005068264223244831
1405.0	0.006329906221756248
1406.0	0.006419391179316474
1407.0	0.006015860496831523
1408.0	0.005445163356117819
1409.0	0.004364040476443785
1410.0	0.008979487207520225
1411.0	0.006116558738438828
1412.0	0.004501993378865515
1413.0	0.008256820559326071
1414.0	0.007350610156465796
1415.0	0.007477423546446087
1416.0	0.0065186877604177865
1417.0	0.00849650450583306
1418.0	0.010183218495656916
1419.0	0.010139103075524158
1420.0	0.00998816637052149
1421.0	0.008477323888384049
1422.0	0.009632956089686931
1423.0	0.009919263690916268
1424.0	0.00912776813472219
1425.0	0.008598088006707208
1426.0	0.008649949445425143
1427.0	0.010005871555859039
1428.0	0.012614361757318995
1429.0	0.009092210220835981
1430.0	0.01157469851997702
1431.0	0.007041433357508964
1432.0	0.009718678695362859
1433.0	0.010142127711352552
1434.0	0.00828057501632058
1435.0	0.010706406722381429
1436.0	0.008258959935887622
1437.0	0.0064633590562379484
1438.0	0.012503704348959319
1439.0	0.009970461185183943
1440.0	0.011250914943116504
1441.0	0.0056276743083056415
1442.0	0.011154716769449229
1443.0	0.009736236337489296
1444.0	0.009116407307463999
1445.0	0.008774107057604735
1446.0	0.012109911518409984
1447.0	0.010573544060744176
1448.0	0.010579593332401138
1449.0	0.01184485013958574
1450.0	0.009557856595213464
1451.0	0.00894016694174989
1452.0	0.010464657170918358
1453.0	0.00771873046827565
1454.0	0.009119653258109147
1455.0	0.012160813926255435
1456.0	0.007211919537988335
1457.0	0.008066268502130675
1458.0	0.007609400948816325
1459.0	0.006900972220497645
1460.0	0.0043934753470673904
1461.0	0.0021323756362513465
1462.0	0.0030424221626013897
1463.0	0.001768091447931431
1464.0	0.0013764379939436484
1465.0	0.0018873801341431273
1466.0	-0.0001121254633107458
1467.0	0.0034970765677485457
1468.0	-0.00014458496976291739
1469.0	0.0006088444379553635
1470.0	0.0007361004575689907
1471.0	-0.0038325013039685186
1472.0	-0.0013123157143797217
1473.0	-0.0010629676875425853
1474.0	-0.0009592448101067137
1475.0	-0.0025810397870262266
1476.0	-0.001449973530379227
1477.0	-0.0024680216872882453
1478.0	-0.0011377720955936576
1479.0	-0.003070735704820613
1480.0	-0.0012712249300755297
1481.0	-0.0015637293461729395
1482.0	0.000774019062833676
1483.0	-0.00047220467011302805
1484.0	0.001088728732208491
1485.0	0.002938625513560048
1486.0	0.0035837582042969585
1487.0	0.001728771182160925
1488.0	0.004124504073147908
1489.0	0.0017954607135989545
1490.0	0.00289052642672641
1491.0	0.005264054064435816
1492.0	0.0051876266810619975
1493.0	0.005322259861232937
1494.0	0.0033966734125634645
1495.0	0.00670053476815552
1496.0	0.0054275319423859126
1497.0	0.005904022742782608
1498.0	0.005306177651218135
1499.0	0.00422431705548837
1500.0	0.005718487154766218
1501.0	0.005085231692526648
1502.0	0.010129734081616406
1503.0	0.005086633353032469
1504.0	0.0079239630749802
1505.0	0.006924726677492327
1506.0	0.007450865768439765
1507.0	0.007801354666517542
1508.0	0.007188755253838445
1509.0	0.006945825356686136
1510.0	0.007609696035238721
1511.0	0.006672575329643378
1512.0	0.0072575841618381974
1513.0	0.0030696438850578013
1514.0	0.0075326047074148125
1515.0	0.008468913925348783
1516.0	0.006237027770339591
1517.0	0.004900655135382572
1518.0	0.007538949065493998
1519.0	0.007503022293579924
1520.0	0.006526802637030829
1521.0	0.004999066457217213
1522.0	0.009813253893707732
1523.0	0.004804752048137519
1524.0	0.0077944201355937374
1525.0	0.005069960970172875
1526.0	0.006326291413083062
1527.0	0.0053789164543131245
1528.0	0.004280973648568386
1529.0	0.0041585865549226535
1530.0	0.005309497373468925
1531.0	0.002115924568208679
1532.0	0.005797349001123811
1533.0	0.007230214896170502
1534.0	0.006853094448480761
1535.0	0.005423105646051525
1536.0	0.0067369041697031016
1537.0	0.0044081558965765434
1538.0	0.00685427479417
1539.0	0.004812350523511585
1540.0	0.007497858281189806
1541.0	0.0067653800094543935
1542.0	0.003305713022891776
1543.0	0.002748811172420383
1544.0	0.006794003392416626
1545.0	0.0011466394425833882
1546.0	0.004859638122684021
1547.0	0.003258572966930623
1548.0	0.0032145313184035068
1549.0	0.000275691867187269
1550.0	0.0037732036874087577
1551.0	0.006177198998219896
1552.0	0.004301629698128859
1553.0	0.005656961635718307
1554.0	0.004827695017470827
1555.0	0.005060518204659654
1556.0	0.00636568545045921
1557.0	0.004398491816246397
1558.0	0.004728177121552761
1559.0	0.006806544565364055
1560.0	0.0026837446163049277
1561.0	0.005403925028602515
1562.0	0.002868247401843191
1563.0	0.004022846800668118
1564.0	0.003832811144711699
1565.0	0.0009618415706227295
1566.0	0.003818646996441695
1567.0	0.003967591868093922
1568.0	0.004408229668182014
1569.0	0.0011068027755739048
1570.0	0.0060985584666788835
1571.0	0.005880489600604852
1572.0	0.004104143110009659
1573.0	0.006584196946166749
1574.0	0.0032683108188662404
1575.0	0.007187943766177072
1576.0	0.00836437956025171
1577.0	0.006397112154433255
1578.0	0.008868682255949436
1579.0	0.007314240754918386
1580.0	0.004216866123325416
1581.0	0.011506017155188378
1582.0	0.00978876172065732
1583.0	0.007986078766872731
1584.0	0.007473292336533923
1585.0	0.005838513557033645
1586.0	0.006583459230111018
1587.0	0.006872717695563279
1588.0	0.0034223459313029434
1589.0	0.0040908642210064974
1590.0	0.00408370837526594
1591.0	0.008412109789057482
1592.0	0.006883119491948986
1593.0	0.0049634347717253625
1594.0	0.004863769332596013
1595.0	0.0062989959190210085
1596.0	0.0032804093621803345
1597.0	0.005792406303550447
1598.0	0.005273054200315702
1599.0	0.005519598906141025
1600.0	0.0019016180540187733
1601.0	0.00477118596760175
1602.0	0.003957558929735909
1603.0	0.003344148029395439
1604.0	0.0025540541337073534
1605.0	0.005049968865062664
1606.0	0.002305738909348172
1607.0	0.0024824956763014297
1608.0	-0.001826356262013237
1609.0	0.0024931925591095317
1610.0	0.00291892849487206
1611.0	-0.003568620270833513
1612.0	-0.005411803836077847
1613.0	-0.003968019743406301
1614.0	-0.008222649551624727
1615.0	-0.0024448574031381834
1616.0	-0.005337294514448999
1617.0	-0.004146251942471021
1618.0	-0.004167867022903979
1619.0	-0.005378827928386698
1620.0	-0.005546289473037674
1621.0	-0.005006871493087075
1622.0	-0.003851681921417529
1623.0	-0.0035314393816247304
1624.0	-0.005071495419569023
1625.0	-0.005715005134983359
1626.0	-0.005860040111540177
1627.0	-0.0026811478557889124
1628.0	-0.0036099323699544583
1629.0	-0.003302526089531313
1630.0	-0.0011756907008583428
1631.0	-0.004686333866871881
1632.0	-0.002338257433085029
1633.0	-0.0051839233464625566
1634.0	-0.0031209741682158027
1635.0	-0.003615539011978084
1636.0	-0.002268469494212963
1637.0	-0.004572651822683639
1638.0	-0.002750714479844396
1639.0	-0.003849173686828112
1640.0	-0.006527968228399112
1641.0	-0.006407351653287065
1642.0	-0.0048528363806503725
1643.0	-0.004245400980361222
1644.0	-0.0049918220855500565
1645.0	-0.004228581054290689
1646.0	-0.005745103950057225
1647.0	-0.004879099072234299
1648.0	-0.0036256457219415667
1649.0	-0.0037087863214224355
1650.0	-0.002209747296176693
1651.0	-0.004461699327901739
1652.0	-0.006236201528357433
1653.0	-0.0030891786062138926
1654.0	-0.0009859501313243197
1655.0	-0.0041700063994655305
1656.0	0.0004212432449828919
1657.0	-0.002445152489560579
1658.0	-0.0013587918258907855
1659.0	-0.0033204525896856152
1660.0	-0.0003950395706836505
1661.0	-0.0014364733265593123
1662.0	-0.002131328079452435
1663.0	-0.0012053468862987017
1664.0	3.379477251291447e-05
1665.0	0.001290198987028743
1666.0	0.0012142880048939023
1667.0	0.0006228610430142557
1668.0	-0.0007382988514152276
1669.0	0.00028565103393963983
1670.0	0.0012950679129964658
1671.0	0.0015734081808238716
1672.0	0.002554496763340861
1673.0	0.0021429249758483366
1674.0	-0.0012457737261528043
1675.0	0.0013191912280190125
1676.0	-0.0003746786075454014
1677.0	0.0019050115478750336
1678.0	0.0029583963038536778
1679.0	0.002530299676712844
1680.0	0.0008924224897785292
1681.0	0.0010820892877069107
1682.0	0.004875277703065488
1683.0	0.0010781793926115011
1684.0	0.004412951050938797
1685.0	0.0014438652414375806
1686.0	0.004595093145098754
1687.0	0.0034323788696609563
1688.0	0.005569025881875014
1689.0	0.0030632257553729744
1690.0	-0.00011802719175659518
1691.0	0.0030342335143827047
1692.0	-0.00040057244110163425
1693.0	0.0033340413194319564
1694.0	0.004194292012019974
1695.0	0.0032483187137560287
1696.0	0.0022661973287610845
1697.0	0.001700295342409633
1698.0	0.0031800062069952534
1699.0	0.0035375034076026482
1700.0	-0.0002883658290248542
1701.0	-0.0007405857711880629
1702.0	0.0011001633310723244
1703.0	0.0015717114338956555
1704.0	0.0001384029092156291
1705.0	-0.00043561395374886494
1706.0	-0.0012409785717905515
1707.0	-0.0013277339799444344
1708.0	-8.630540136015477e-05
1709.0	-0.0023136914884291466
1710.0	-0.0012677576646136276
1711.0	-0.0030826867049234237
1712.0	-0.0046278329836523645
1713.0	-0.0026765740162434134
1714.0	-0.0035454559866836227
1715.0	-0.0032173936566998328
1716.0	-0.002440947508042774
1717.0	-0.0033599203986672327
1718.0	-0.005591142609226164
1719.0	-0.004332303931726388
1720.0	-0.00474306423155754
1721.0	-0.007403932272974237
1722.0	-0.009657949909655364
1723.0	-0.006525017364176187
1724.0	-0.010941649618233075
1725.0	-0.009328043289532418
1726.0	-0.009607195045021026
1727.0	-0.010534209040652885
1728.0	-0.009322510419114435
1729.0	-0.011514633678719613
1730.0	-0.012792431658851475
1731.0	-0.01175874392156099
1732.0	-0.009343904184730639
1733.0	-0.012513870076207486
1734.0	-0.011784268897089356
1735.0	-0.011816064459091268
1736.0	-0.01490303729429836
1737.0	-0.013271356922232117
1738.0	-0.014322380986832457
1739.0	-0.013919735563614349
1740.0	-0.015365290174819581
1741.0	-0.017051192676982064
1742.0	-0.014342004233914803
1743.0	-0.016819033434243326
1744.0	-0.02056692608378008
1745.0	-0.015001374844527359
1746.0	-0.016581636407509173
1747.0	-0.013769684117878524
1748.0	-0.013943121162580991
1749.0	-0.01338894886151577
1750.0	-0.015779665283323745
1751.0	-0.015511431725459823
1752.0	-0.01595745485275496
1753.0	-0.017440190353168974
1754.0	-0.01494073458474629
1755.0	-0.013518049171268724
1756.0	-0.013324546249850404
1757.0	-0.015890027605261196
1758.0	-0.01479606846621734
1759.0	-0.015768820857304532
1760.0	-0.013271947095076737
1761.0	-0.015032137604051313
1762.0	-0.014651844977321894
1763.0	-0.012204767048856126
1764.0	-0.010742171196763434
1765.0	-0.01849704237460952
1766.0	-0.010264795137099724
1767.0	-0.012911277715429836
1768.0	-0.012251612018395055
1769.0	-0.010592341065844365
1770.0	-0.0119411073305377
1771.0	-0.013438818466883093
1772.0	-0.01119099764507021
1773.0	-0.012112404998678446
1774.0	-0.010778024197072038
1775.0	-0.007046803930394879
1776.0	-0.013050706049963027
1777.0	-0.010307287581909907
1778.0	-0.011215489818120624
1779.0	-0.011913590521658895
1780.0	-0.007631370132956191
1781.0	-0.01086677143857636
1782.0	-0.007641698157736428
1783.0	-0.008932258625632645
1784.0	-0.007195748802046934
1785.0	-0.009773550015588404
1786.0	-0.005304835007996827
1787.0	-0.004063996602256995
1788.0	-0.007083394646759042
1789.0	-0.006197987836670523
1790.0	-0.00879932219238975
1791.0	-0.008233420206038471
1792.0	-0.00804264683402632
1793.0	-0.0031244414336777052
1794.0	-0.005946057803638328
1795.0	-0.00725424968526645
1796.0	-0.004384460456866548
1797.0	-0.004113718664413207
1798.0	-0.006458475375949269
1799.0	-0.005067954382501479
1800.0	-0.0038210667051046857
1801.0	-0.0022174195431562283
1802.0	-0.004623775545345843
1803.0	-0.0034147327016079213
1804.0	-0.0008386282349946671
1805.0	-0.0013607098876357554
1806.0	-0.003265345200322359
1807.0	-0.005662110893787468
1808.0	-0.0035968010241624092
1809.0	-0.006764627539077706
1810.0	-0.0033137393735783926
1811.0	-0.0016928296559258948
1812.0	-0.0043658700122621566
1813.0	-0.0005368285965951475
1814.0	-0.002321363735408854
1815.0	0.0013067238266770526
1816.0	-0.0006466007456879803
1817.0	-0.002577867607986548
1818.0	0.00010454174225763697
1819.0	-0.00043517132411535753
1820.0	-0.000884071544027776
1821.0	-0.0019097919479163295
1822.0	-0.00026070147693493524
1823.0	-0.0032899111449782416
1824.0	-0.002556621385581456
1825.0	-0.00453045446429585
1826.0	-0.00023916016810761936
1827.0	-0.002013441053746559
1828.0	-0.003837591544753167
1829.0	-0.005247514470466549
1830.0	-0.0013875627520643012
1831.0	-0.0020942947334547644
1832.0	-0.004141161701686545
1833.0	-0.000883260056366403
1834.0	-0.0020932619309768094
1835.0	-0.0013655788136034779
1836.0	0.0007114607413076382
1837.0	-0.00032075156387138397
1838.0	-0.0015790000685265405
1839.0	-0.0027843543319856345
1840.0	0.002953010976646806
1841.0	-0.0009093752047393895
1842.0	-0.0021938864009784726
1843.0	-0.0004970657011911342
1844.0	9.945150147298882e-05
1845.0	-0.0017206415512269256
1846.0	-0.00282234670885579
1847.0	-0.0031198675941322062
1848.0	-0.0017254367055891783
1849.0	-0.0019054394231875842
1850.0	-0.0014307191413245749
1851.0	-0.0030373171674959567
1852.0	-0.004783859929439508
1853.0	-0.001736281131608392
1854.0	0.0010274982995828038
1855.0	0.003043307421868233
1856.0	0.0011991648257514134
1857.0	0.0006558369507054047
1858.0	-0.00027648860052751365
1859.0	0.0033525579924307057
1860.0	0.0017861654912968447
1861.0	0.0031761700835054854
1862.0	0.0013679542593027399
1863.0	0.0045741420091160575
1864.0	0.002829959938550812
1865.0	0.006595705316636224
1866.0	0.0030621191812893775
1867.0	0.002949912569212769
1868.0	0.002278590958497402
1869.0	0.0004151202017204606
1870.0	0.0023552396566878025
1871.0	0.002836820697869146
1872.0	0.0028184515680813368
1873.0	0.0027588441107783955
1874.0	-0.00031957121818231715
1875.0	0.0004892606653214435
1876.0	0.0021170311422922757
1877.0	-0.0005769603500268546
1878.0	0.0020551367652163273
1879.0	0.000710723025251907
1880.0	0.00040980864611905876
1881.0	0.0011155815966372089
1882.0	0.0012299275852755407
1883.0	-0.00016915091441862802
1884.0	0.00021497783580055915
1885.0	-0.0020253920538495416
1886.0	0.0005044576160694026
1887.0	-0.006027870514219018
1888.0	-0.0009014078713374586
1889.0	-6.764118515012174e-05
1890.0	-0.002196173320751308
1891.0	-0.003516758832115577
1892.0	-0.005066478950390017
1893.0	-0.0024136520139807203
1894.0	-0.0035496609682012558
1895.0	-0.004488994821963793
1896.0	-0.001748084588500091
1897.0	-0.00513272585219471
1898.0	-0.0030365794514402257
1899.0	-0.001212133874011394
1900.0	-0.0018272415212800801
1901.0	-0.000720077264838702
1902.0	-0.00250144022461273
1903.0	-0.0005582961338168216
1904.0	0.0036683742358892897
1905.0	0.0017551814169561354
1906.0	0.0006989195683602083
1907.0	0.0006477220740923619
1908.0	0.0004109889918082973
1909.0	-0.004438977673385185
1910.0	0.001839428590520601
1911.0	-0.004274909622590468
1912.0	-0.00023399615571750114
1913.0	0.0003127252131849395
1914.0	-0.003503332399901304
1915.0	0.00045849790579731615
1916.0	0.0005043100728582907
1917.0	-0.0014749821046684453
1918.0	-0.0013650624123645004
1919.0	0.0002483226015195738
1920.0	0.0025942596587447023
1921.0	-0.0012526344854711384
1922.0	0.0045450022249146765
1923.0	0.0017634438367802902
1924.0	0.003116193768174507
1925.0	0.0002666179597017412
1926.0	0.005014853580809791
1927.0	0.006471695247667745
1928.0	0.005105813970481479
1929.0	0.00805867002675661
1930.0	0.004745882306890309
1931.0	0.007319257224097221
1932.0	0.006073549892389666
1933.0	0.008250402429641243
1934.0	0.008703507631071295
1935.0	0.007569564281806842
1936.0	0.011380310339291854
1937.0	0.00891707642920547
1938.0	0.00939511643331927
1939.0	0.00801573495231309
1940.0	0.00848720928353095
1941.0	0.006561991692889172
1942.0	0.009483789903218123
1943.0	0.009402198507454187
1944.0	0.009592750564649583
1945.0	0.01092174603904929
1946.0	0.009679579744409106
1947.0	0.0114631558523505
1948.0	0.010612643011697929
1949.0	0.009931804863863698
1950.0	0.01194060568361968
1951.0	0.009680833861703987
1952.0	0.010454476689349233
1953.0	0.011381859543008787
1954.0	0.009870500659632369
1955.0	0.011100863497380853
1956.0	0.010665906110921684
1957.0	0.009291614870700153
1958.0	0.012222339445303347
1959.0	0.01098312401488609
1960.0	0.008199721336612375
1961.0	0.008984356133488119
1962.0	0.006783822910847673
1963.0	0.009300983864607903
1964.0	0.013169788175678926
1965.0	0.00998086298156982
1966.0	0.008593735481978462
1967.0	0.008972700219807532
1968.0	0.012466671002961477
1969.0	0.010829826618505288
1970.0	0.01079965403182578
1971.0	0.010635143351397728
1972.0	0.013333561140051246
1973.0	0.011155602028716072
1974.0	0.011994237640871302
1975.0	0.012410530811120438
1976.0	0.011534492994939671
1977.0	0.008176188194434619
1978.0	0.010899688328982996
1979.0	0.01021597308853131
1980.0	0.011378539820757996
1981.0	0.01081079354426739
1982.0	0.012015041233642887
1983.0	0.009553135212456853
1984.0	0.01237364500833388
1985.0	0.012627124245083006
1986.0	0.010640602450210243
1987.0	0.007617810911851763
1988.0	0.009968469351833502
1989.0	0.008753451008044262
1990.0	0.004832711486649833
1991.0	0.007957086525882461
1992.0	0.010186464446302064
1993.0	0.009088374097346214
1994.0	0.008665810340623364
1995.0	0.009548856459333578
1996.0	0.007150320247334782
1997.0	0.011430253716264821
1998.0	0.01234066910064273
1999.0	0.008879674225179934
2000.0	0.011725487681768402
2001.0	0.00979259784414726
2002.0	0.01037111477505161
2003.0	0.012005598468129495
2004.0	0.010906327773484577
2005.0	0.011582813396590062
2006.0	0.01204019735114339
2007.0	0.012946333982398023
2008.0	0.013818756989905603
2009.0	0.016447903240926032
2010.0	0.014114728671464917
2011.0	0.014077695325467245
2012.0	0.01574006468545197
2013.0	0.011690224854304418
2014.0	0.013865454416233422
2015.0	0.012549295201203368
2016.0	0.015800409858810645
2017.0	0.012016442894148879
2018.0	0.01319708366974098
2019.0	0.012708568097635832
2020.0	0.011845735398852583
2021.0	0.013602901271998766
2022.0	0.011866907849652034
2023.0	0.010619134912988397
2024.0	0.014112884381325588
2025.0	0.009627718305691342
2026.0	0.013402168733234245
2027.0	0.013808428965125368
2028.0	0.011744004354767324
2029.0	0.014042063639975396
2030.0	0.00963162820078658
2031.0	0.012408907835797863
2032.0	0.01063853684525416
2033.0	0.009287704975604742
2034.0	0.00877314802673225
2035.0	0.011846325571697203
2036.0	0.009383534291244324
2037.0	0.011517820612080077
2038.0	0.010226153570100436
2039.0	0.009656489231864858
2040.0	0.012916751568563133
2041.0	0.00597683531748324
2042.0	0.010396713522185448
2043.0	0.009993330382911609
2044.0	0.012521557077507978
2045.0	0.01053348607891794
2046.0	0.00811739222479288
2047.0	0.011088691182461289
2048.0	0.011161872615189786
2049.0	0.011176479393093297
2050.0	0.008174638990717515
2051.0	0.011814161151667255
2052.0	0.010575314579278034
2053.0	0.009244179728316603
2054.0	0.008536562487659298
2055.0	0.010256916329624392
2056.0	0.010946533298521926
2057.0	0.0074558084660131295
2058.0	0.008348149807025624
2059.0	0.007654180313399173
2060.0	0.010063634723022824
2061.0	0.009412674075445706
2062.0	0.01139720403696803
2063.0	0.011160913584317301
2064.0	0.010431976349649433
2065.0	0.011513836945379198
2066.0	0.009109251461723441
2067.0	0.010158652551001034
2068.0	0.012424473644573688
2069.0	0.012047131882067193
2070.0	0.010695045895123066
2071.0	0.011628182934017529
2072.0	0.011196914127837018
2073.0	0.014893535511500453
2074.0	0.011711839934737376
2075.0	0.012264610575296778
2076.0	0.013374061751510818
2077.0	0.01216302707442263
2078.0	0.011570272223642632
2079.0	0.010892532483242437
2080.0	0.012056427104369475
2081.0	0.012383751718297361
2082.0	0.013848044317318097
2083.0	0.014592473589156493
2084.0	0.012035475968386606
2085.0	0.01229515202000398
2086.0	0.012498909194597067
2087.0	0.0158528614703732
2088.0	0.01519924504499538
2089.0	0.014729836318733602
2090.0	0.014345633796908773
2091.0	0.012182060148660528
2092.0	0.013776117001884308
2093.0	0.013657197173700477
2094.0	0.013239281028128769
2095.0	0.016987468764087743
2096.0	0.01661300409419853
2097.0	0.015554897955463448
2098.0	0.01806549323632774
2099.0	0.016233965584763994
2100.0	0.016524847025538657
2101.0	0.018447335066774092
2102.0	0.015964182823182967
2103.0	0.016161521868091056
2104.0	0.018083124650059648
2105.0	0.009829631190144931
2106.0	0.016269302183833448
2107.0	0.015168039655837918
2108.0	0.015173277439833679
2109.0	0.015110202717068663
2110.0	0.015206032032708074
2111.0	0.01281944682081226
2112.0	0.013417365683982376
2113.0	0.013705812661773264
2114.0	0.016109955515795513
2115.0	0.014388273784930069
2116.0	0.012809782740482114
2117.0	0.01272450276443952
2118.0	0.014190049480755137
2119.0	0.011999622968078175
2120.0	0.013448571073139667
2121.0	0.01013932439034091
2122.0	0.009670358293712468
2123.0	0.013390734134370412
2124.0	0.012851537469236566
2125.0	0.015789122803158095
2126.0	0.008165491311626517
2127.0	0.013692017371530954
2128.0	0.01406338363398613
2129.0	0.01152335348249806
2130.0	0.008492889697160045
2131.0	0.0111113390653722
2132.0	0.013643992056302958
2133.0	0.011267292239553873
2134.0	0.012416875169199622
2135.0	0.01264571468968757
2136.0	0.010253744150584714
2137.0	0.013416701739532116
2138.0	0.011632387915535163
2139.0	0.014160983468159399
2140.0	0.01334890563401049
2141.0	0.010473878621614998
2142.0	0.01237829261948502
2143.0	0.012573566059437026
2144.0	0.012174019043652954
2145.0	0.011511550025606361
2146.0	0.011695831496328043
2147.0	0.013034343507846614
2148.0	0.012663419875025117
2149.0	0.011911908529051635
2150.0	0.011122035948180302
2151.0	0.007597966349952492
2152.0	0.0113728594071289
2153.0	0.011703798829729974
2154.0	0.009608316373425579
2155.0	0.010935983958924936
2156.0	0.00929803300038498
2157.0	0.009075242751554165
2158.0	0.008655998717082105
2159.0	0.011941122084858658
2160.0	0.012284823995223742
2161.0	0.009919780092155245
2162.0	0.01484787088765059
2163.0	0.012921915580953252
2164.0	0.011547550569126078
2165.0	0.013995071127225355
2166.0	0.010873868267032405
2167.0	0.012984990303718268
2168.0	0.012822176370218432
2169.0	0.009300910093002433
2170.0	0.010923369014371864
2171.0	0.009719859041052098
2172.0	0.010850187581643366
2173.0	0.009173432758572053
2174.0	0.006563614668211918
2175.0	0.008992618553312274
2176.0	0.013372955177427223
2177.0	0.009701637454475573
2178.0	0.009640407021849885
2179.0	0.010239727545525821
2180.0	0.009840106758136279
2181.0	0.007561228090377045
2182.0	0.010887663557274543
2183.0	0.011239037714619336
2184.0	0.00790286439578622
2185.0	0.00713099208667466
2186.0	0.007710689363268249
2187.0	0.011962737165291617
2188.0	0.00869531898285261
2189.0	0.008921133867511992
2190.0	0.012094271938028518
2191.0	0.007244231501229394
2192.0	0.005575075153532147
2193.0	0.01221001958717267
2194.0	0.007780329758929203
2195.0	0.010975156681484329
2196.0	0.01218095357457693
2197.0	0.011556772019822716
2198.0	0.014538399002271362
2199.0	0.010684496555526248
2200.0	0.012258413760428704
2201.0	0.013053081495662288
2202.0	0.009004200695387219
2203.0	0.007979955723610127
2204.0	0.007128852710113108
2205.0	0.01202839389425169
2206.0	0.012417539113649883
2207.0	0.008951085139374574
2208.0	0.009882820517763045
2209.0	0.007990578834812587
2210.0	0.012166641883095642
2211.0	0.010470042498125057
2212.0	0.009163473591819682
2213.0	0.009426469365687844
2214.0	0.008663228334428305
2215.0	0.008760459310573707
2216.0	0.0096691779480234
2217.0	0.0099993058829631
2218.0	0.008546152796383802
2219.0	0.007586162893060793
2220.0	0.010191407143875428
2221.0	0.008969454269162383
2222.0	0.011120412972857728
2223.0	0.008615793192044757
2224.0	0.009763236745129125
2225.0	0.008987749627344551
2226.0	0.007076696184972948
2227.0	0.007189197883471952
2228.0	0.009642029997172459
2229.0	0.011041403583288851
2230.0	0.007313134180834789
2231.0	0.01125054608508864
2232.0	0.008963036139477557
2233.0	0.010474542566065087
2234.0	0.009223154820728266
2235.0	0.010841039902552368
2236.0	0.010876892902860799
2237.0	0.01219297834628521
2238.0	0.008758836335251133
2239.0	0.008338338183484366
2240.0	0.011611215464735713
2241.0	0.010747718821502375
2242.0	0.011476582284564774
2243.0	0.010333269941392567
2244.0	0.013265691262923979
2245.0	0.010463845683256985
2246.0	0.010824293748087304
2247.0	0.012074943777368225
2248.0	0.012833832283899019
2249.0	0.012387882928209524
2250.0	0.01247876954627557
2251.0	0.011416532197628152
2252.0	0.011315686412809736
2253.0	0.01140310576541388
2254.0	0.009567889533571476
2255.0	0.013404013023373573
2256.0	0.010062601920544869
2257.0	0.008027612180810429
2258.0	0.0001067548904248305
2259.0	-0.015979881420849117
2260.0	-0.015316232057113457
2261.0	-0.011913664293264537
2262.0	-0.0004226301511679276
2263.0	0.0025032992690730144
2264.0	0.0061400181090109415
2265.0	0.00604618062672197
2266.0	0.007838019154487518
2267.0	0.002182466556435596
2268.0	0.004381819433386975
2269.0	0.0032010311145835918
2270.0	0.0050726905195792186
2271.0	0.007231173927042987
2272.0	0.006515072951744773
2273.0	0.009641292281116728
2274.0	0.010783866908233202
2275.0	0.006729305694329036
2276.0	0.011175520362220814
2277.0	0.010390811793739598
2278.0	0.01219297834628521
2279.0	0.009643136571256056
2280.0	0.007523088170295778
2281.0	0.0052608081137906675
2282.0	0.00802119405112543
2283.0	0.008004964297899346
2284.0	0.010614192215415033
2285.0	0.009788245319418343
2286.0	0.010287531545937235
2287.0	0.008602514303041596
2288.0	0.01308819677991499
2289.0	0.012719412523655046
2290.0	0.010209628730451954
2291.0	0.010300220262095776
2292.0	0.010770809334046795
2293.0	0.011842784534629659
2294.0	0.012269922130898007
2295.0	0.010323974719090285
2296.0	0.012773708425356928
2297.0	0.011976384912322642
2298.0	0.010145816291631207
2299.0	0.013513858944071876
2300.0	0.012748257221434203
2301.0	0.015202195909218306
2302.0	0.011590411871964128
2303.0	0.011546960396281458
2304.0	0.013474022277062393
2305.0	0.013199665675936039
2306.0	0.015880747137279872
2307.0	0.016233449183524845
2308.0	0.017859301598750876
2309.0	0.017573289083943937
2310.0	0.018128420415881644
2311.0	0.016310688054560034
2312.0	0.0185686155863364
2313.0	0.019101984294630038
2314.0	0.017018747924850676
2315.0	0.016051454632575998
2316.0	0.01758811717666403
2317.0	0.014442200828604087
2318.0	0.014809804739174964
2319.0	0.016880057306373215
2320.0	0.015258336101059517
2321.0	0.014874945066895889
2322.0	0.01483805926410933
2323.0	0.014418151285187182
2324.0	0.015809557537901815
2325.0	0.012506581441576601
2326.0	0.014768787726476242
2327.0	0.017922523864727005
2328.0	0.017474213817659207
2329.0	0.016820523620675744
2330.0	0.01760670762126842
2331.0	0.01729015366175428
2332.0	0.018259291244168283
2333.0	0.0177768249437201
2334.0	0.015089841753930414
2335.0	0.019046139189211223
2336.0	0.014622498632624716
2337.0	0.0139452752934635
2338.0	0.01575437637693309
2339.0	0.014690884910990961
2340.0	0.01511728479120358
2341.0	0.018269766812159634
2342.0	0.015573857258095705
2343.0	0.01391547156481203
2344.0	0.01625299865900172
2345.0	0.012973113075220926
2346.0	0.013672910525687585
2347.0	0.015414141732029906
2348.0	0.013562326888933551
2349.0	0.014859895659359043
2350.0	0.012339857612981358
2351.0	0.014910355437570985
2352.0	0.016213530850020103



