0.000000	48.439501
1.000000	48.408940
2.000000	48.455622
3.000000	48.353117
4.000000	48.448774
5.000000	48.432113
6.000000	48.414827
7.000000	48.458976
8.000000	48.545538
9.000000	48.397638
10.000000	48.422379
11.000000	48.444316
12.000000	48.420857
13.000000	48.424922
14.000000	48.301188
15.000000	48.442298
16.000000	48.354057
17.000000	48.426526
18.000000	48.366349
19.000000	48.494777
20.000000	48.390229
21.000000	48.467896
22.000000	48.452968
23.000000	48.331380
24.000000	48.399263
25.000000	48.558741
26.000000	48.392019
27.000000	48.373729
28.000000	48.424287
29.000000	48.358151
30.000000	48.425158
31.000000	48.441408
32.000000	48.482535
33.000000	48.427412
34.000000	48.251088
35.000000	48.392615
36.000000	48.462034
37.000000	48.288396
38.000000	48.305271
39.000000	48.428234
40.000000	48.366174
41.000000	48.388418
42.000000	48.304057
43.000000	48.223085
44.000000	48.307104
45.000000	48.319085
46.000000	48.282270
47.000000	48.420314
48.000000	48.447999
49.000000	48.287335
50.000000	48.392337
51.000000	48.334342
52.000000	48.408108
53.000000	48.127582
54.000000	48.361373
55.000000	48.325315
56.000000	48.356047
57.000000	48.472719
58.000000	48.397434
59.000000	48.302981
60.000000	48.320367
61.000000	48.326115
62.000000	48.311537
63.000000	48.334538
64.000000	48.421561
65.000000	48.380702
66.000000	48.411019
67.000000	48.381552
68.000000	48.458337
69.000000	48.309961
70.000000	48.272282
71.000000	48.241282
72.000000	48.337989
73.000000	48.320128
74.000000	48.416142
75.000000	48.363062
76.000000	48.389082
77.000000	48.277626
78.000000	48.331913
79.000000	48.357308
80.000000	48.393737
81.000000	48.300681
82.000000	48.358004
83.000000	48.393858
84.000000	48.450382
85.000000	48.305353
86.000000	48.396923
87.000000	48.519590
88.000000	48.431860
89.000000	48.373561
90.000000	48.461355
91.000000	48.379852
92.000000	48.389833
93.000000	48.302796
94.000000	48.374733
95.000000	48.386728
96.000000	48.353439
97.000000	48.350120
98.000000	48.490062
99.000000	48.382992
100.000000	48.359558
101.000000	48.378234
102.000000	48.398463
103.000000	48.238238
104.000000	48.318210
105.000000	48.420143
106.000000	48.481281
107.000000	48.344558
108.000000	48.476466
109.000000	48.422986
110.000000	48.462967
111.000000	48.358090
112.000000	48.381859
113.000000	48.424997
114.000000	48.391812
115.000000	48.391319
116.000000	48.391301
117.000000	48.404472
118.000000	48.498985
119.000000	48.291207
120.000000	48.287778
121.000000	48.475176
122.000000	48.535658
123.000000	48.328587
124.000000	48.540891
125.000000	48.355389
126.000000	48.378269
127.000000	48.250966
128.000000	48.457687
129.000000	48.294372
130.000000	48.497017
131.000000	48.367431
132.000000	48.424990
133.000000	48.432517
134.000000	48.406022
135.000000	48.450789
136.000000	48.401735
137.000000	48.482967
138.000000	48.410448
139.000000	48.524680
140.000000	48.434132
141.000000	48.546981
142.000000	48.411287
143.000000	48.389472
144.000000	48.393533
145.000000	48.392397
146.000000	48.327029
147.000000	48.409594
148.000000	48.416710
149.000000	48.431663
150.000000	48.277854
151.000000	48.378148
152.000000	48.406090
153.000000	48.445745
154.000000	48.458333
155.000000	48.493355
156.000000	48.423676
157.000000	48.418467
158.000000	48.353996
159.000000	48.305500
160.000000	48.343697
161.000000	48.391369
162.000000	48.349474
163.000000	48.221892
164.000000	48.353450
165.000000	48.317892
166.000000	48.403264
167.000000	48.277608
168.000000	48.433696
169.000000	48.362848
170.000000	48.368989
171.000000	48.349199
172.000000	48.292225
173.000000	48.458591
174.000000	48.412848
175.000000	48.458837
176.000000	48.315488
177.000000	48.283498
178.000000	48.390111
179.000000	48.322503
180.000000	48.405640
181.000000	48.292465
182.000000	48.390761
183.000000	48.487254
184.000000	48.333838
185.000000	48.450403
186.000000	48.454475
187.000000	48.316859
188.000000	48.422526
189.000000	48.314094
190.000000	48.547017
191.000000	48.503908
192.000000	48.535140
193.000000	48.424087
194.000000	48.517186
195.000000	48.428527
196.000000	48.367599
197.000000	48.276940
198.000000	48.398027
199.000000	48.352324
200.000000	48.333502
201.000000	48.398102
202.000000	48.268006
203.000000	48.485043
204.000000	48.390361
205.000000	48.386393
206.000000	48.310897
207.000000	48.388200
208.000000	48.420725
209.000000	48.497767
210.000000	48.349267
211.000000	48.544949
212.000000	48.382981
213.000000	48.337385
214.000000	48.583054
215.000000	48.426251
216.000000	48.323489
217.000000	48.492398
218.000000	48.303767
219.000000	48.408958
220.000000	48.364409
221.000000	48.362441
222.000000	48.437314
223.000000	48.456504
224.000000	48.442583
225.000000	48.551343
226.000000	48.430499
227.000000	48.364277
228.000000	48.309418
229.000000	48.511159
230.000000	48.410076
231.000000	48.538355
232.000000	48.434610
233.000000	48.594703
234.000000	48.471368
235.000000	48.353692
236.000000	48.533353
237.000000	48.487772
238.000000	48.344305
239.000000	48.459187
240.000000	48.381909
241.000000	48.374483
242.000000	48.361776
243.000000	48.572805
244.000000	48.466071
245.000000	48.384735
246.000000	48.397395
247.000000	48.462191
248.000000	48.619362
249.000000	48.544209
250.000000	48.559663
251.000000	48.477659
252.000000	48.519168
253.000000	48.536997
254.000000	48.538272
255.000000	48.521747
256.000000	48.481106
257.000000	48.494556
258.000000	48.648043
259.000000	48.373404
260.000000	48.443941
261.000000	48.549303
262.000000	48.410637
263.000000	48.535947
264.000000	48.478413
265.000000	48.448746
266.000000	48.592116
267.000000	48.462977
268.000000	48.491591
269.000000	48.529938
270.000000	48.545738
271.000000	48.401292
272.000000	48.515550
273.000000	48.546449
274.000000	48.395652
275.000000	48.584211
276.000000	48.461873
277.000000	48.477552
278.000000	48.590473
279.000000	48.636712
280.000000	48.406686
281.000000	48.524477
282.000000	48.386164
283.000000	48.480653
284.000000	48.654005
285.000000	48.431599
286.000000	48.510627
287.000000	48.531964
288.000000	48.472501
289.000000	48.413866
290.000000	48.549757
291.000000	48.487611
292.000000	48.384267
293.000000	48.508377
294.000000	48.523601
295.000000	48.510495
296.000000	48.580107
297.000000	48.472751
298.000000	48.504761
299.000000	48.358047
300.000000	48.561163
301.000000	48.611303
302.000000	48.591452
303.000000	48.533157
304.000000	48.530392
305.000000	48.538437
306.000000	48.446349
307.000000	48.592502
308.000000	48.506294
309.000000	48.525209
310.000000	48.465296
311.000000	48.506951
312.000000	48.599807
313.000000	48.547614
314.000000	48.393358
315.000000	48.524316
316.000000	48.526777
317.000000	48.631043
318.000000	48.430281
319.000000	48.515199
320.000000	48.683519
321.000000	48.587583
322.000000	48.529599
323.000000	48.525091
324.000000	48.474823
325.000000	48.575856
326.000000	48.463063
327.000000	48.521626
328.000000	48.512324
329.000000	48.552543
330.000000	48.523541
331.000000	48.508902
332.000000	48.591506
333.000000	48.456930
334.000000	48.483500
335.000000	48.487225
336.000000	48.555851
337.000000	48.356364
338.000000	48.435035
339.000000	48.496981
340.000000	48.475923
341.000000	48.512660
342.000000	48.644560
343.000000	48.571540
344.000000	48.604712
345.000000	48.597728
346.000000	48.449128
347.000000	48.508416
348.000000	48.410891
349.000000	48.502607
350.000000	48.662603
351.000000	48.551150
352.000000	48.624531
353.000000	48.460434
354.000000	48.601397
355.000000	48.451157
356.000000	48.437993
357.000000	48.498846
358.000000	48.448724
359.000000	48.432149
360.000000	48.499582
361.000000	48.541048
362.000000	48.482507
363.000000	48.553190
364.000000	48.392469
365.000000	48.391344
366.000000	48.540176
367.000000	48.393751
368.000000	48.536726
369.000000	48.360926
370.000000	48.541938
371.000000	48.515914
372.000000	48.590498
373.000000	48.484300
374.000000	48.434585
375.000000	48.503258
376.000000	48.495638
377.000000	48.295873
378.000000	48.490287
379.000000	48.480974
380.000000	48.588487
381.000000	48.532839
382.000000	48.371246
383.000000	48.557870
384.000000	48.525345
385.000000	48.636708
386.000000	48.475269
387.000000	48.427923
388.000000	48.519229
389.000000	48.500971
390.000000	48.419871
391.000000	48.473340
392.000000	48.505958
393.000000	48.303889
394.000000	48.560313
395.000000	48.424354
396.000000	48.472326
397.000000	48.405304
398.000000	48.539237
399.000000	48.536876
400.000000	48.552572
401.000000	48.555791
402.000000	48.521851
403.000000	48.537976
404.000000	48.492244
405.000000	48.520936
406.000000	48.570815
407.000000	48.553654
408.000000	48.507305
409.000000	48.613850
410.000000	48.421204
411.000000	48.494031
412.000000	48.464860
413.000000	48.446542
414.000000	48.470840
415.000000	48.617136
416.000000	48.369003
417.000000	48.571283
418.000000	48.498403
419.000000	48.623309
420.000000	48.531503
421.000000	48.496924
422.000000	48.589069
423.000000	48.412080
424.000000	48.415920
425.000000	48.587916
426.000000	48.488297
427.000000	48.492780
428.000000	48.541734
429.000000	48.480592
430.000000	48.463924
431.000000	48.463410
432.000000	48.503826
433.000000	48.495713
434.000000	48.349884
435.000000	48.465096
436.000000	48.405375
437.000000	48.458355
438.000000	48.364738
439.000000	48.353285
440.000000	48.405736
441.000000	48.288492
442.000000	48.216784
443.000000	48.450114
444.000000	48.309308
445.000000	48.385221
446.000000	48.413674
447.000000	48.355093
448.000000	48.413613
449.000000	48.272160
450.000000	48.544234
451.000000	48.378755
452.000000	48.399192
453.000000	48.365538
454.000000	48.537369
455.000000	48.516418
456.000000	48.508862
457.000000	48.594524
458.000000	48.582793
459.000000	48.384899
460.000000	48.577935
461.000000	48.482460
462.000000	48.515028
463.000000	48.528088
464.000000	48.587151
465.000000	48.396209
466.000000	48.465042
467.000000	48.502986
468.000000	48.463974
469.000000	48.322761
470.000000	48.461038
471.000000	48.447992
472.000000	48.396634
473.000000	48.538137
474.000000	48.515567
475.000000	48.465764
476.000000	48.445345
477.000000	48.381895
478.000000	48.465428
479.000000	48.538472
480.000000	48.513749
481.000000	48.438654
482.000000	48.420954
483.000000	48.373132
484.000000	48.418492
485.000000	48.375158
486.000000	48.580385
487.000000	48.553415
488.000000	48.621798
489.000000	48.489755
490.000000	48.439304
491.000000	48.578306
492.000000	48.448099
493.000000	48.523819
494.000000	48.325715
495.000000	48.601797
496.000000	48.652212
497.000000	48.510306
498.000000	48.431710
499.000000	48.392290
500.000000	48.606130
501.000000	48.492545
502.000000	48.722599
503.000000	48.551432
504.000000	48.478877
505.000000	48.550993
506.000000	48.478652
507.000000	48.617151
508.000000	48.471693
509.000000	48.492877
510.000000	48.516235
511.000000	48.568990
512.000000	48.572830
513.000000	48.535883
514.000000	48.564253
515.000000	48.561042
516.000000	48.452439
517.000000	48.546060
518.000000	48.567350
519.000000	48.480649
520.000000	48.509816
521.000000	48.407001
522.000000	48.428273
523.000000	48.431567
524.000000	48.701816
525.000000	48.486468
526.000000	48.615882
527.000000	48.301452
528.000000	48.496906
529.000000	48.506237
530.000000	48.528167
531.000000	48.519079
532.000000	48.499803
533.000000	48.625835
534.000000	48.305432
535.000000	48.322675
536.000000	48.350585
537.000000	48.369442
538.000000	48.508405
539.000000	48.458959
540.000000	48.560949
541.000000	48.442162
542.000000	48.405450
543.000000	48.559584
544.000000	48.429016
545.000000	48.719687
546.000000	48.525377
547.000000	48.560584
548.000000	48.546517
549.000000	48.504954
550.000000	48.550436
551.000000	48.417578
552.000000	48.514553
553.000000	48.539944
554.000000	48.360119
555.000000	48.425448
556.000000	48.514371
557.000000	48.394369
558.000000	48.433760
559.000000	48.546456
560.000000	48.578939
561.000000	48.459044
562.000000	48.474580
563.000000	48.461370
564.000000	48.505076
565.000000	48.489062
566.000000	48.366463
567.000000	48.505490
568.000000	48.597950
569.000000	48.563181
570.000000	48.342997
571.000000	48.414813
572.000000	48.428659
573.000000	48.242661
574.000000	48.417692
575.000000	48.399549
576.000000	48.595003
577.000000	48.550175
578.000000	48.492484
579.000000	48.532282
580.000000	48.494545
581.000000	48.460041
582.000000	48.637737
583.000000	48.650422
584.000000	48.527656
585.000000	48.527338
586.000000	48.548710
587.000000	48.626488
588.000000	48.562149
589.000000	48.591795
590.000000	48.552640
591.000000	48.579214
592.000000	48.593349
593.000000	48.334595
594.000000	48.433674
595.000000	48.613385
596.000000	48.683312
597.000000	48.658235
598.000000	48.601644
599.000000	48.666086
600.000000	48.545781
601.000000	48.568458
602.000000	48.515621
603.000000	48.599375
604.000000	48.538512
605.000000	48.542280
606.000000	48.516482
607.000000	48.676853
608.000000	48.602665
609.000000	48.514449
610.000000	48.609802
611.000000	48.616193
612.000000	48.421629
613.000000	48.439826
614.000000	48.386975
615.000000	48.329284
616.000000	48.566589
617.000000	48.402503
618.000000	48.420700
619.000000	48.469393
620.000000	48.417692
621.000000	48.376280
622.000000	48.643363
623.000000	48.582564
624.000000	48.415135
625.000000	48.522280
626.000000	48.291064
627.000000	48.279880
628.000000	48.345976
629.000000	48.495795
630.000000	48.460788
631.000000	48.319992
632.000000	48.294354
633.000000	48.315377
634.000000	48.117240
635.000000	48.255574
636.000000	48.335764
637.000000	48.266884
638.000000	48.164665
639.000000	48.241211
640.000000	48.161829
641.000000	48.209511
642.000000	48.296051
643.000000	48.362709
644.000000	48.394580
645.000000	48.382756
646.000000	48.270674
647.000000	48.373875
648.000000	48.347227
649.000000	48.323004
650.000000	48.269531
651.000000	48.408583
652.000000	48.198169
653.000000	48.196883
654.000000	48.152291
655.000000	48.252842
656.000000	48.305468
657.000000	48.290754
658.000000	48.292893
659.000000	48.389647
660.000000	48.346652
661.000000	48.408640
662.000000	48.444527
663.000000	48.329655
664.000000	48.466424
665.000000	48.329176
666.000000	48.209568
667.000000	48.301077
668.000000	48.349166
669.000000	48.352571
670.000000	48.371975
671.000000	48.361584
672.000000	48.236988
673.000000	48.266302
674.000000	48.327815
675.000000	48.250138
676.000000	48.459655
677.000000	48.381388
678.000000	48.438997
679.000000	48.408154
680.000000	48.403718
681.000000	48.385800
682.000000	48.384256
683.000000	48.373254
684.000000	48.540673
685.000000	48.371682
686.000000	48.342572
687.000000	48.463742
688.000000	48.456229
689.000000	48.380898
690.000000	48.366974
691.000000	48.403046
692.000000	48.258657
693.000000	48.347184
694.000000	48.174875
695.000000	48.210532
696.000000	48.350681
697.000000	48.411009
698.000000	48.342197
699.000000	48.361687
700.000000	48.406668
701.000000	48.329337
702.000000	48.424683
703.000000	48.325529
704.000000	48.284041
705.000000	48.376762
706.000000	48.224968
707.000000	48.304717
708.000000	48.305828
709.000000	48.223142
710.000000	48.363838
711.000000	48.089506
712.000000	48.282177
713.000000	48.106756
714.000000	48.308415
715.000000	48.240935
716.000000	48.398710
717.000000	48.269813
718.000000	48.355725
719.000000	48.291097
720.000000	48.339368
721.000000	48.261747
722.000000	48.484446
723.000000	48.353360
724.000000	48.336639
725.000000	48.497578
726.000000	48.341929
727.000000	48.410634
728.000000	48.328616
729.000000	48.381191
730.000000	48.312562
731.000000	48.294558
732.000000	48.414910
733.000000	48.218259
734.000000	48.306461
735.000000	48.206289
736.000000	48.136295
737.000000	48.444109
738.000000	48.502993
739.000000	48.445634
740.000000	48.403936
741.000000	48.467060
742.000000	48.352046
743.000000	48.328198
744.000000	48.501407
745.000000	48.274672
746.000000	48.240410
747.000000	48.319074
748.000000	48.318528
749.000000	48.184452
750.000000	48.165319
751.000000	48.127986
752.000000	48.372289
753.000000	48.270521
754.000000	48.044378
755.000000	48.228533
756.000000	48.298487
757.000000	48.204249
758.000000	48.310865
759.000000	48.223153
760.000000	48.331920
761.000000	48.163754
762.000000	48.223189
763.000000	48.105849
764.000000	48.360576
765.000000	48.329351
766.000000	48.326876
767.000000	48.363998
768.000000	48.265648
769.000000	48.290425
770.000000	48.221796
771.000000	48.199366
772.000000	48.341190
773.000000	48.316959
774.000000	48.269981
775.000000	48.465471
776.000000	48.411323
777.000000	48.404857
778.000000	48.447117
779.000000	48.382202
780.000000	48.267720
781.000000	48.246508
782.000000	48.172663
783.000000	48.227729
784.000000	48.319796
785.000000	48.253213
786.000000	48.280194
787.000000	48.370893
788.000000	48.345230
789.000000	48.387218
790.000000	48.282798
791.000000	48.373711
792.000000	48.223800
793.000000	48.284109
794.000000	48.410041
795.000000	48.349749
796.000000	48.488508
797.000000	48.518082
798.000000	48.389043
799.000000	48.502340
800.000000	48.386610
801.000000	48.404175
802.000000	48.336889
803.000000	48.393905
804.000000	48.453832
805.000000	48.306996
806.000000	48.359622
807.000000	48.596024
808.000000	48.356704
809.000000	48.306504
810.000000	48.388736
811.000000	48.363652
812.000000	48.359351
813.000000	48.456251
814.000000	48.509948
815.000000	48.420189
816.000000	48.544331
817.000000	48.542859
818.000000	48.558395
819.000000	48.554747
820.000000	48.516446
821.000000	48.604794
822.000000	48.349442
823.000000	48.466021
824.000000	48.546356
825.000000	48.572480
826.000000	48.488026
827.000000	48.512038
828.000000	48.510166
829.000000	48.285906
830.000000	48.454822
831.000000	48.522598
832.000000	48.451103
833.000000	48.411630
834.000000	48.422143
835.000000	48.665100
836.000000	48.599604
837.000000	48.585172
838.000000	48.587448
839.000000	48.543116
840.000000	48.432746
841.000000	48.380759
842.000000	48.439883
843.000000	48.595446
844.000000	48.609595
845.000000	48.561438
846.000000	48.531485
847.000000	48.548471
848.000000	48.465946
849.000000	48.527874
850.000000	48.441594
851.000000	48.303392
852.000000	48.503400
853.000000	48.337460
854.000000	48.478266
855.000000	48.440333
856.000000	48.557748
857.000000	48.464099
858.000000	48.423754
859.000000	48.423887
860.000000	48.469050
861.000000	48.333384
862.000000	48.384067
863.000000	48.338253
864.000000	48.360105
865.000000	48.275636
866.000000	48.389590
867.000000	48.208353
868.000000	48.232259
869.000000	48.175610
870.000000	48.074852
871.000000	48.189074
872.000000	48.104345
873.000000	48.104620
874.000000	48.342490
875.000000	48.371046
876.000000	48.314259
877.000000	48.428455
878.000000	48.614496
879.000000	48.356004
880.000000	48.367203
881.000000	48.373440
882.000000	48.429391
883.000000	48.349995
884.000000	48.472151
885.000000	48.352728
886.000000	48.380977
887.000000	48.372489
888.000000	48.321953
889.000000	48.455322
890.000000	48.507951
891.000000	48.427519
892.000000	48.379191
893.000000	48.474444
894.000000	48.535365
895.000000	48.356089
896.000000	48.512256
897.000000	48.393501
898.000000	48.491191
899.000000	48.402725
900.000000	48.700901
901.000000	48.566897
902.000000	48.545049
903.000000	48.433374
904.000000	48.718148
905.000000	48.482571
906.000000	48.575456
907.000000	48.433910
908.000000	48.527456
909.000000	48.386996
910.000000	48.583622
911.000000	48.473955
912.000000	48.499803
913.000000	48.577756
914.000000	48.524559
915.000000	48.512052
916.000000	48.523191
917.000000	48.438897
918.000000	48.518257
919.000000	48.459687
920.000000	48.596142
921.000000	48.655981
922.000000	48.421815
923.000000	48.431420
924.000000	48.582186
925.000000	48.490376
926.000000	48.467961
927.000000	48.491098
928.000000	48.356379
929.000000	48.254535
930.000000	48.421772
931.000000	48.600783
932.000000	48.460605
933.000000	48.507180
934.000000	48.453332
935.000000	48.464213
936.000000	48.540162
937.000000	48.415574
938.000000	48.406901
939.000000	48.431574
940.000000	48.510291
941.000000	48.392137
942.000000	48.389608
943.000000	48.422604
944.000000	48.479242
945.000000	48.401707
946.000000	48.406343
947.000000	48.381731
948.000000	48.315105
949.000000	48.314384
950.000000	48.492237
951.000000	48.390047
952.000000	48.471451
953.000000	48.238203
954.000000	48.360830
955.000000	48.388432
956.000000	48.414352
957.000000	48.504801
958.000000	48.540166
959.000000	48.473565
960.000000	48.494577
961.000000	48.367528
962.000000	48.444702
963.000000	48.309183
964.000000	48.493213
965.000000	48.305343
966.000000	48.168373
967.000000	48.198169
968.000000	48.395198
969.000000	48.356611
970.000000	48.357290
971.000000	48.431903
972.000000	48.495049
973.000000	48.307143
974.000000	48.654144
975.000000	48.395830
976.000000	48.432821
977.000000	48.455626
978.000000	48.408608
979.000000	48.421543
980.000000	48.461481
981.000000	48.379105
982.000000	48.546356
983.000000	48.477334
984.000000	48.683111
985.000000	48.279958
986.000000	48.424619
987.000000	48.454000
988.000000	48.534979
989.000000	48.417378
990.000000	48.469050
991.000000	48.342872
992.000000	48.471726
993.000000	48.372711
994.000000	48.239421
995.000000	48.300942
996.000000	48.332188
997.000000	48.283584
998.000000	48.276229
999.000000	48.253381
1000.000000	48.362544
1001.000000	48.244583
1002.000000	48.264376
1003.000000	48.327358
1004.000000	48.336560
1005.000000	48.302692
1006.000000	48.295937
1007.000000	48.228379
1008.000000	48.330527
1009.000000	48.390258
1010.000000	48.388875
1011.000000	48.617301
1012.000000	48.415599
1013.000000	48.479213
1014.000000	48.448092
1015.000000	48.489569
1016.000000	48.500596
1017.000000	48.431992
1018.000000	48.487954
1019.000000	48.510863
1020.000000	48.573334
1021.000000	48.505119
1022.000000	48.287871
1023.000000	48.506983
1024.000000	48.584751
1025.000000	48.518950
1026.000000	48.504540
1027.000000	48.543045
1028.000000	48.548321
1029.000000	48.618654
1030.000000	48.745079
1031.000000	48.705220
1032.000000	48.596925
1033.000000	48.733590
1034.000000	48.635233
1035.000000	48.772681
1036.000000	48.712811
1037.000000	48.659581
1038.000000	48.704709
1039.000000	48.608902
1040.000000	48.872682
1041.000000	48.738509
1042.000000	48.569258
1043.000000	48.640416
1044.000000	48.559163
1045.000000	48.614796
1046.000000	48.606062
1047.000000	48.644724
1048.000000	48.648972
1049.000000	48.642249
1050.000000	48.694911
1051.000000	48.697336
1052.000000	48.544831
1053.000000	48.698744
1054.000000	48.629868
1055.000000	48.659188
1056.000000	48.655552
1057.000000	48.607456
1058.000000	48.712679
1059.000000	48.669573
1060.000000	48.754109
1061.000000	48.662325
1062.000000	48.630500
1063.000000	48.798494
1064.000000	48.753791
1065.000000	48.789178
1066.000000	48.751001
1067.000000	48.719880
1068.000000	48.688384
1069.000000	48.730308
1070.000000	48.737423
1071.000000	48.763143
1072.000000	48.652058
1073.000000	48.689909
1074.000000	48.793886
1075.000000	48.839017
1076.000000	48.706152
1077.000000	48.942458
1078.000000	48.687959
1079.000000	48.710589
1080.000000	48.731308
1081.000000	48.823032
1082.000000	48.693374
1083.000000	48.758635
1084.000000	48.790978
1085.000000	48.766248
1086.000000	48.752727
1087.000000	48.783430
1088.000000	48.809429
1089.000000	48.737373
1090.000000	48.834205
1091.000000	48.813233
1092.000000	48.814565
1093.000000	48.676324
1094.000000	48.666465
1095.000000	48.784766
1096.000000	48.715862
1097.000000	48.750909
1098.000000	48.736473
1099.000000	48.614239
1100.000000	48.700040
1101.000000	48.607752
1102.000000	48.681540
1103.000000	48.597389
1104.000000	48.518615
1105.000000	48.619701
1106.000000	48.602790
1107.000000	48.583679
1108.000000	48.679357
1109.000000	48.698765
1110.000000	48.704073
1111.000000	48.594478
1112.000000	48.747958
1113.000000	48.699844
1114.000000	48.695561
1115.000000	48.738802
1116.000000	48.870113
1117.000000	48.725517
1118.000000	48.645596
1119.000000	48.831266
1120.000000	48.781012
1121.000000	48.738942
1122.000000	48.741121
1123.000000	48.823382
1124.000000	48.843150
1125.000000	48.658592
1126.000000	48.579331
1127.000000	48.535908
1128.000000	48.606434
1129.000000	48.563685
1130.000000	48.676164
1131.000000	48.680175
1132.000000	48.671316
1133.000000	48.521504
1134.000000	48.552315
1135.000000	48.650883
1136.000000	48.668773
1137.000000	48.679175
1138.000000	48.590848
1139.000000	48.719237
1140.000000	48.660689
1141.000000	48.606102
1142.000000	48.603937
1143.000000	48.651926
1144.000000	48.728614
1145.000000	48.602551
1146.000000	48.651144
1147.000000	48.789492
1148.000000	48.831655
1149.000000	48.780676
1150.000000	48.778022
1151.000000	48.794804
1152.000000	48.661375
1153.000000	48.705609
1154.000000	48.670076
1155.000000	48.779876
1156.000000	48.685919
1157.000000	48.762447
1158.000000	48.925408
1159.000000	48.681072
1160.000000	48.601790
1161.000000	48.665565
1162.000000	48.666601
1163.000000	48.634454
1164.000000	48.603540
1165.000000	48.609170
1166.000000	48.612146
1167.000000	48.611285
1168.000000	48.574384
1169.000000	48.708671
1170.000000	48.696493
1171.000000	48.760871
1172.000000	48.680018
1173.000000	48.690795
1174.000000	48.849791
1175.000000	48.602036
1176.000000	48.765890
1177.000000	48.681972
1178.000000	48.614161
1179.000000	48.782130
1180.000000	48.656084
1181.000000	48.661514
1182.000000	48.577024
1183.000000	48.541602
1184.000000	48.705431
1185.000000	48.849712
1186.000000	48.677707
1187.000000	48.630714
1188.000000	48.803688
1189.000000	48.656498
1190.000000	48.698536
1191.000000	48.640556
1192.000000	48.759514
1193.000000	48.733072
1194.000000	48.609399
1195.000000	48.717398
1196.000000	48.733723
1197.000000	48.571319
1198.000000	48.640738
1199.000000	48.710314
1200.000000	48.673567
1201.000000	48.705599
1202.000000	48.728204
1203.000000	48.717587
1204.000000	48.705834
1205.000000	48.652812
1206.000000	48.689338
1207.000000	48.664125
1208.000000	48.732683
1209.000000	48.873050
1210.000000	48.777447
1211.000000	48.721706
1212.000000	48.694618
1213.000000	48.597400
1214.000000	48.773810
1215.000000	48.691292
1216.000000	48.652526
1217.000000	48.825354
1218.000000	48.717591
1219.000000	48.765072
1220.000000	48.667001
1221.000000	48.866984
1222.000000	48.840160
1223.000000	48.909604
1224.000000	48.809986
1225.000000	48.855117
1226.000000	48.794422
1227.000000	48.904882
1228.000000	48.872282
1229.000000	48.824964
1230.000000	48.836999
1231.000000	48.844454
1232.000000	48.780201
1233.000000	48.798451
1234.000000	48.822671
1235.000000	48.887685
1236.000000	48.938389
1237.000000	48.847758
1238.000000	49.017357
1239.000000	48.878901
1240.000000	49.007729
1241.000000	49.022540
1242.000000	48.815823
1243.000000	48.941458
1244.000000	48.847812
1245.000000	48.885563
1246.000000	48.832330
1247.000000	48.798101
1248.000000	48.963166
1249.000000	48.754145
1250.000000	48.927533
1251.000000	48.766308
1252.000000	48.826857
1253.000000	48.631786
1254.000000	48.706277
1255.000000	48.764790
1256.000000	48.537837
1257.000000	48.565425
1258.000000	48.602790
1259.000000	48.511763
1260.000000	48.460052
1261.000000	48.467878
1262.000000	48.497728
1263.000000	48.276147
1264.000000	48.502182
1265.000000	48.313641
1266.000000	48.238585
1267.000000	48.239446
1268.000000	48.225661
1269.000000	48.131079
1270.000000	48.175628
1271.000000	48.207739
1272.000000	48.204663
1273.000000	48.069144
1274.000000	48.216287
1275.000000	48.299748
1276.000000	48.219266
1277.000000	48.235048
1278.000000	48.354903
1279.000000	48.354432
1280.000000	48.349256
1281.000000	48.422047
1282.000000	48.367738
1283.000000	48.510641
1284.000000	48.452868
1285.000000	48.608299
1286.000000	48.754613
1287.000000	48.671873
1288.000000	48.643081
1289.000000	48.800330
1290.000000	48.676139
1291.000000	48.754245
1292.000000	48.762743
1293.000000	48.754274
1294.000000	48.798641
1295.000000	48.655005
1296.000000	48.684544
1297.000000	48.786802
1298.000000	48.759993
1299.000000	48.732751
1300.000000	48.707167
1301.000000	48.661903
1302.000000	48.677714
1303.000000	48.687691
1304.000000	48.753702
1305.000000	48.633150
1306.000000	48.824050
1307.000000	48.775600
1308.000000	48.836695
1309.000000	48.819638
1310.000000	48.989979
1311.000000	48.830544
1312.000000	48.934074
1313.000000	48.864398
1314.000000	48.992408
1315.000000	48.807743
1316.000000	48.971211
1317.000000	48.701290
1318.000000	48.895394
1319.000000	48.899713
1320.000000	48.962055
1321.000000	48.736777
1322.000000	48.832973
1323.000000	48.889721
1324.000000	48.981813
1325.000000	48.847212
1326.000000	48.807814
1327.000000	48.819652
1328.000000	48.780219
1329.000000	48.744807
1330.000000	48.839067
1331.000000	48.784255
1332.000000	48.885503
1333.000000	48.833834
1334.000000	48.829437
1335.000000	48.771960
1336.000000	48.941004
1337.000000	48.923007
1338.000000	48.797522
1339.000000	48.887335
1340.000000	48.943258
1341.000000	48.854810
1342.000000	48.865566
1343.000000	49.006043
1344.000000	48.911165
1345.000000	48.807003
1346.000000	48.883077
1347.000000	48.760836
1348.000000	48.909186
1349.000000	48.682651
1350.000000	48.816273
1351.000000	48.760464
1352.000000	48.755077
1353.000000	48.741721
1354.000000	48.750984
1355.000000	48.614071
1356.000000	48.689074
1357.000000	48.740403
1358.000000	48.606502
1359.000000	48.619776
1360.000000	48.626060
1361.000000	48.344119
1362.000000	48.263862
1363.000000	48.509863
1364.000000	48.495263
1365.000000	48.272928
1366.000000	48.269427
1367.000000	48.567179
1368.000000	48.370668
1369.000000	48.445313
1370.000000	48.462516
1371.000000	48.650851
1372.000000	48.600511
1373.000000	48.494695
1374.000000	48.699044
1375.000000	48.542291
1376.000000	48.513424
1377.000000	48.594446
1378.000000	48.589598
1379.000000	48.509330
1380.000000	48.576788
1381.000000	48.589480
1382.000000	48.575888
1383.000000	48.724371
1384.000000	48.491112
1385.000000	48.637362
1386.000000	48.695686
1387.000000	48.588744
1388.000000	48.583593
1389.000000	48.785652
1390.000000	48.604851
1391.000000	48.647321
1392.000000	48.640359
1393.000000	48.619472
1394.000000	48.636212
1395.000000	48.681504
1396.000000	48.673852
1397.000000	48.582861
1398.000000	48.774482
1399.000000	48.678039
1400.000000	48.887296
1401.000000	48.807175
1402.000000	48.752870
1403.000000	48.809972
1404.000000	48.668055
1405.000000	48.729147
1406.000000	48.733480
1407.000000	48.713940
1408.000000	48.686305
1409.000000	48.633954
1410.000000	48.857446
1411.000000	48.718816
1412.000000	48.640634
1413.000000	48.822453
1414.000000	48.778572
1415.000000	48.784712
1416.000000	48.738288
1417.000000	48.834059
1418.000000	48.915734
1419.000000	48.913598
1420.000000	48.906289
1421.000000	48.833130
1422.000000	48.889089
1423.000000	48.902953
1424.000000	48.864626
1425.000000	48.838978
1426.000000	48.841489
1427.000000	48.907147
1428.000000	49.033457
1429.000000	48.862905
1430.000000	48.983113
1431.000000	48.763601
1432.000000	48.893240
1433.000000	48.913744
1434.000000	48.823603
1435.000000	48.941068
1436.000000	48.822556
1437.000000	48.735609
1438.000000	49.028098
1439.000000	48.905432
1440.000000	48.967435
1441.000000	48.695143
1442.000000	48.962777
1443.000000	48.894090
1444.000000	48.864076
1445.000000	48.847501
1446.000000	49.009030
1447.000000	48.934635
1448.000000	48.934928
1449.000000	48.996195
1450.000000	48.885452
1451.000000	48.855542
1452.000000	48.929362
1453.000000	48.796397
1454.000000	48.864234
1455.000000	49.011495
1456.000000	48.771856
1457.000000	48.813226
1458.000000	48.791103
1459.000000	48.756799
1460.000000	48.635380
1461.000000	48.525891
1462.000000	48.569958
1463.000000	48.508252
1464.000000	48.489287
1465.000000	48.514028
1466.000000	48.417206
1467.000000	48.591974
1468.000000	48.415635
1469.000000	48.452118
1470.000000	48.458280
1471.000000	48.237056
1472.000000	48.359090
1473.000000	48.371164
1474.000000	48.376187
1475.000000	48.297655
1476.000000	48.352424
1477.000000	48.303128
1478.000000	48.367542
1479.000000	48.273943
1480.000000	48.361080
1481.000000	48.346916
1482.000000	48.460116
1483.000000	48.399770
1484.000000	48.475355
1485.000000	48.564932
1486.000000	48.596171
1487.000000	48.506348
1488.000000	48.622355
1489.000000	48.509577
1490.000000	48.562603
1491.000000	48.677535
1492.000000	48.673834
1493.000000	48.680354
1494.000000	48.587112
1495.000000	48.747093
1496.000000	48.685451
1497.000000	48.708524
1498.000000	48.679575
1499.000000	48.627188
1500.000000	48.699540
1501.000000	48.668876
1502.000000	48.913144
1503.000000	48.668944
1504.000000	48.806335
1505.000000	48.757949
1506.000000	48.783426
1507.000000	48.800398
1508.000000	48.770734
1509.000000	48.758971
1510.000000	48.791117
1511.000000	48.745740
1512.000000	48.774067
1513.000000	48.571276
1514.000000	48.787384
1515.000000	48.832723
1516.000000	48.724649
1517.000000	48.659939
1518.000000	48.787692
1519.000000	48.785952
1520.000000	48.738681
1521.000000	48.664704
1522.000000	48.897820
1523.000000	48.655295
1524.000000	48.800062
1525.000000	48.668137
1526.000000	48.728972
1527.000000	48.683097
1528.000000	48.629932
1529.000000	48.624006
1530.000000	48.679736
1531.000000	48.525095
1532.000000	48.703359
1533.000000	48.772742
1534.000000	48.754481
1535.000000	48.685237
1536.000000	48.748855
1537.000000	48.636090
1538.000000	48.754538
1539.000000	48.655663
1540.000000	48.785702
1541.000000	48.750233
1542.000000	48.582707
1543.000000	48.555741
1544.000000	48.751619
1545.000000	48.478159
1546.000000	48.657952
1547.000000	48.580425
1548.000000	48.578292
1549.000000	48.435986
1550.000000	48.605344
1551.000000	48.721752
1552.000000	48.630932
1553.000000	48.696561
1554.000000	48.656406
1555.000000	48.667680
1556.000000	48.730879
1557.000000	48.635622
1558.000000	48.651587
1559.000000	48.752227
1560.000000	48.552590
1561.000000	48.684308
1562.000000	48.561524
1563.000000	48.617433
1564.000000	48.608231
1565.000000	48.469211
1566.000000	48.607545
1567.000000	48.614757
1568.000000	48.636094
1569.000000	48.476230
1570.000000	48.717944
1571.000000	48.707385
1572.000000	48.621369
1573.000000	48.741460
1574.000000	48.580896
1575.000000	48.770695
1576.000000	48.827661
1577.000000	48.732401
1578.000000	48.852081
1579.000000	48.776811
1580.000000	48.626828
1581.000000	48.979788
1582.000000	48.896634
1583.000000	48.809343
1584.000000	48.784512
1585.000000	48.705352
1586.000000	48.741424
1587.000000	48.755431
1588.000000	48.588355
1589.000000	48.620726
1590.000000	48.620380
1591.000000	48.829972
1592.000000	48.755935
1593.000000	48.662978
1594.000000	48.658152
1595.000000	48.727650
1596.000000	48.581482
1597.000000	48.703119
1598.000000	48.677971
1599.000000	48.689909
1600.000000	48.514717
1601.000000	48.653669
1602.000000	48.614271
1603.000000	48.584568
1604.000000	48.546310
1605.000000	48.667169
1606.000000	48.534286
1607.000000	48.542845
1608.000000	48.334199
1609.000000	48.543363
1610.000000	48.563978
1611.000000	48.249834
1612.000000	48.160582
1613.000000	48.230494
1614.000000	48.024474
1615.000000	48.304249
1616.000000	48.164190
1617.000000	48.221863
1618.000000	48.220817
1619.000000	48.162179
1620.000000	48.154070
1621.000000	48.180190
1622.000000	48.236127
1623.000000	48.251634
1624.000000	48.177061
1625.000000	48.145900
1626.000000	48.138877
1627.000000	48.292808
1628.000000	48.247833
1629.000000	48.262719
1630.000000	48.365706
1631.000000	48.195711
1632.000000	48.309411
1633.000000	48.171617
1634.000000	48.271510
1635.000000	48.247562
1636.000000	48.312791
1637.000000	48.201216
1638.000000	48.289439
1639.000000	48.236249
1640.000000	48.106534
1641.000000	48.112375
1642.000000	48.187649
1643.000000	48.217062
1644.000000	48.180919
1645.000000	48.217877
1646.000000	48.144443
1647.000000	48.186377
1648.000000	48.247073
1649.000000	48.243047
1650.000000	48.315634
1651.000000	48.206589
1652.000000	48.120663
1653.000000	48.273050
1654.000000	48.374894
1655.000000	48.220713
1656.000000	48.443034
1657.000000	48.304235
1658.000000	48.356840
1659.000000	48.261851
1660.000000	48.403507
1661.000000	48.353078
1662.000000	48.319431
1663.000000	48.364270
1664.000000	48.424272
1665.000000	48.485111
1666.000000	48.481435
1667.000000	48.452796
1668.000000	48.386886
1669.000000	48.436468
1670.000000	48.485346
1671.000000	48.498824
1672.000000	48.546331
1673.000000	48.526402
1674.000000	48.362312
1675.000000	48.486515
1676.000000	48.404493
1677.000000	48.514882
1678.000000	48.565889
1679.000000	48.545160
1680.000000	48.465849
1681.000000	48.475034
1682.000000	48.658710
1683.000000	48.474844
1684.000000	48.636323
1685.000000	48.492552
1686.000000	48.645142
1687.000000	48.588841
1688.000000	48.692303
1689.000000	48.570965
1690.000000	48.416921
1691.000000	48.569561
1692.000000	48.403239
1693.000000	48.584079
1694.000000	48.625735
1695.000000	48.579928
1696.000000	48.532371
1697.000000	48.504969
1698.000000	48.576620
1699.000000	48.593931
1700.000000	48.408672
1701.000000	48.386775
1702.000000	48.475909
1703.000000	48.498742
1704.000000	48.429338
1705.000000	48.401542
1706.000000	48.362544
1707.000000	48.358344
1708.000000	48.418457
1709.000000	48.310601
1710.000000	48.361248
1711.000000	48.273364
1712.000000	48.198544
1713.000000	48.293029
1714.000000	48.250956
1715.000000	48.266841
1716.000000	48.304439
1717.000000	48.259940
1718.000000	48.151898
1719.000000	48.212854
1720.000000	48.192964
1721.000000	48.064118
1722.000000	47.954972
1723.000000	48.106677
1724.000000	47.892812
1725.000000	47.970947
1726.000000	47.957430
1727.000000	47.912542
1728.000000	47.971215
1729.000000	47.865067
1730.000000	47.803193
1731.000000	47.853247
1732.000000	47.970179
1733.000000	47.816681
1734.000000	47.852011
1735.000000	47.850471
1736.000000	47.700992
1737.000000	47.780002
1738.000000	47.729108
1739.000000	47.748606
1740.000000	47.678608
1741.000000	47.596972
1742.000000	47.728158
1743.000000	47.608214
1744.000000	47.426731
1745.000000	47.696230
1746.000000	47.619709
1747.000000	47.755871
1748.000000	47.747473
1749.000000	47.774308
1750.000000	47.658543
1751.000000	47.671531
1752.000000	47.649934
1753.000000	47.578136
1754.000000	47.699166
1755.000000	47.768056
1756.000000	47.777426
1757.000000	47.653199
1758.000000	47.706171
1759.000000	47.659068
1760.000000	47.779973
1761.000000	47.694740
1762.000000	47.713155
1763.000000	47.831649
1764.000000	47.902472
1765.000000	47.526960
1766.000000	47.925587
1767.000000	47.797438
1768.000000	47.829381
1769.000000	47.909727
1770.000000	47.844416
1771.000000	47.771893
1772.000000	47.880738
1773.000000	47.836121
1774.000000	47.900736
1775.000000	48.081411
1776.000000	47.790686
1777.000000	47.923530
1778.000000	47.879552
1779.000000	47.845748
1780.000000	48.053105
1781.000000	47.896438
1782.000000	48.052605
1783.000000	47.990112
1784.000000	48.074199
1785.000000	47.949375
1786.000000	48.165762
1787.000000	48.225846
1788.000000	48.079639
1789.000000	48.122513
1790.000000	47.996550
1791.000000	48.023952
1792.000000	48.033190
1793.000000	48.271342
1794.000000	48.134712
1795.000000	48.071366
1796.000000	48.210329
1797.000000	48.223439
1798.000000	48.109899
1799.000000	48.177232
1800.000000	48.237610
1801.000000	48.315263
1802.000000	48.198740
1803.000000	48.257286
1804.000000	48.382027
1805.000000	48.356747
1806.000000	48.264519
1807.000000	48.148462
1808.000000	48.248469
1809.000000	48.095075
1810.000000	48.262176
1811.000000	48.340665
1812.000000	48.211229
1813.000000	48.396641
1814.000000	48.310229
1815.000000	48.485911
1816.000000	48.391326
1817.000000	48.297809
1818.000000	48.427698
1819.000000	48.401564
1820.000000	48.379827
1821.000000	48.330159
1822.000000	48.410012
1823.000000	48.263330
1824.000000	48.298838
1825.000000	48.203259
1826.000000	48.411055
1827.000000	48.325140
1828.000000	48.236810
1829.000000	48.168537
1830.000000	48.355446
1831.000000	48.321225
1832.000000	48.222110
1833.000000	48.379866
1834.000000	48.321275
1835.000000	48.356511
1836.000000	48.457087
1837.000000	48.407104
1838.000000	48.346177
1839.000000	48.287810
1840.000000	48.565628
1841.000000	48.378602
1842.000000	48.316402
1843.000000	48.398567
1844.000000	48.427452
1845.000000	48.339318
1846.000000	48.285970
1847.000000	48.271564
1848.000000	48.339086
1849.000000	48.330369
1850.000000	48.353357
1851.000000	48.275561
1852.000000	48.190989
1853.000000	48.338561
1854.000000	48.472390
1855.000000	48.570001
1856.000000	48.480703
1857.000000	48.454393
1858.000000	48.409248
1859.000000	48.584976
1860.000000	48.509127
1861.000000	48.576434
1862.000000	48.488876
1863.000000	48.644128
1864.000000	48.559670
1865.000000	48.742017
1866.000000	48.570912
1867.000000	48.565478
1868.000000	48.532971
1869.000000	48.442737
1870.000000	48.536683
1871.000000	48.560002
1872.000000	48.559113
1873.000000	48.556226
1874.000000	48.407161
1875.000000	48.446327
1876.000000	48.525148
1877.000000	48.394698
1878.000000	48.522151
1879.000000	48.457051
1880.000000	48.442480
1881.000000	48.476655
1882.000000	48.482192
1883.000000	48.414445
1884.000000	48.433046
1885.000000	48.324561
1886.000000	48.447063
1887.000000	48.130751
1888.000000	48.378987
1889.000000	48.419361
1890.000000	48.316291
1891.000000	48.252345
1892.000000	48.177304
1893.000000	48.305760
1894.000000	48.250752
1895.000000	48.205267
1896.000000	48.337989
1897.000000	48.174096
1898.000000	48.275597
1899.000000	48.363941
1900.000000	48.334156
1901.000000	48.387768
1902.000000	48.301510
1903.000000	48.395602
1904.000000	48.600268
1905.000000	48.507626
1906.000000	48.456479
1907.000000	48.454000
1908.000000	48.442537
1909.000000	48.207689
1910.000000	48.511706
1911.000000	48.215633
1912.000000	48.411305
1913.000000	48.437779
1914.000000	48.252995
1915.000000	48.444838
1916.000000	48.447056
1917.000000	48.351213
1918.000000	48.356536
1919.000000	48.434660
1920.000000	48.548257
1921.000000	48.361980
1922.000000	48.642717
1923.000000	48.508026
1924.000000	48.573530
1925.000000	48.435546
1926.000000	48.665468
1927.000000	48.736012
1928.000000	48.669873
1929.000000	48.812858
1930.000000	48.652444
1931.000000	48.777054
1932.000000	48.716733
1933.000000	48.822142
1934.000000	48.844083
1935.000000	48.789174
1936.000000	48.973701
1937.000000	48.854424
1938.000000	48.877572
1939.000000	48.810779
1940.000000	48.833609
1941.000000	48.740385
1942.000000	48.881866
1943.000000	48.877915
1944.000000	48.887142
1945.000000	48.951496
1946.000000	48.891347
1947.000000	48.977712
1948.000000	48.936528
1949.000000	48.903560
1950.000000	49.000831
1951.000000	48.891407
1952.000000	48.928869
1953.000000	48.973776
1954.000000	48.900592
1955.000000	48.960169
1956.000000	48.939107
1957.000000	48.872560
1958.000000	49.014474
1959.000000	48.954468
1960.000000	48.819688
1961.000000	48.857682
1962.000000	48.751126
1963.000000	48.873014
1964.000000	49.060352
1965.000000	48.905936
1966.000000	48.838767
1967.000000	48.857118
1968.000000	49.026305
1969.000000	48.947045
1970.000000	48.945584
1971.000000	48.937618
1972.000000	49.068282
1973.000000	48.962820
1974.000000	49.003428
1975.000000	49.023587
1976.000000	48.981166
1977.000000	48.818548
1978.000000	48.950428
1979.000000	48.917320
1980.000000	48.973615
1981.000000	48.946123
1982.000000	49.004436
1983.000000	48.885224
1984.000000	49.021800
1985.000000	49.034075
1986.000000	48.937882
1987.000000	48.791510
1988.000000	48.905335
1989.000000	48.846501
1990.000000	48.656649
1991.000000	48.807939
1992.000000	48.915891
1993.000000	48.862719
1994.000000	48.842257
1995.000000	48.885017
1996.000000	48.768873
1997.000000	48.976119
1998.000000	49.020204
1999.000000	48.852613
2000.000000	48.990415
2001.000000	48.896819
2002.000000	48.924833
2003.000000	49.003979
2004.000000	48.950749
2005.000000	48.983506
2006.000000	49.005654
2007.000000	49.049532
2008.000000	49.091777
2009.000000	49.219087
2010.000000	49.106108
2011.000000	49.104315
2012.000000	49.184811
2013.000000	48.988707
2014.000000	49.094038
2015.000000	49.030306
2016.000000	49.187733
2017.000000	49.004504
2018.000000	49.061673
2019.000000	49.038018
2020.000000	48.996238
2021.000000	49.081324
2022.000000	48.997263
2023.000000	48.936842
2024.000000	49.106019
2025.000000	48.888835
2026.000000	49.071604
2027.000000	49.091276
2028.000000	48.991312
2029.000000	49.102590
2030.000000	48.889025
2031.000000	49.023508
2032.000000	48.937782
2033.000000	48.872371
2034.000000	48.847455
2035.000000	48.996266
2036.000000	48.877011
2037.000000	48.980359
2038.000000	48.917813
2039.000000	48.890229
2040.000000	49.048099
2041.000000	48.712050
2042.000000	48.926072
2043.000000	48.906539
2044.000000	49.028963
2045.000000	48.932695
2046.000000	48.815701
2047.000000	48.959580
2048.000000	48.963123
2049.000000	48.963830
2050.000000	48.818473
2051.000000	48.994709
2052.000000	48.934720
2053.000000	48.870263
2054.000000	48.835999
2055.000000	48.919303
2056.000000	48.952696
2057.000000	48.783666
2058.000000	48.826875
2059.000000	48.793271
2060.000000	48.909944
2061.000000	48.878422
2062.000000	48.974519
2063.000000	48.963077
2064.000000	48.927780
2065.000000	48.980166
2066.000000	48.863730
2067.000000	48.914545
2068.000000	49.024262
2069.000000	49.005990
2070.000000	48.940518
2071.000000	48.985703
2072.000000	48.964820
2073.000000	49.143820
2074.000000	48.989754
2075.000000	49.016521
2076.000000	49.070243
2077.000000	49.011602
2078.000000	48.982899
2079.000000	48.950081
2080.000000	49.006440
2081.000000	49.022290
2082.000000	49.093195
2083.000000	49.129242
2084.000000	49.005425
2085.000000	49.018000
2086.000000	49.027866
2087.000000	49.190273
2088.000000	49.158623
2089.000000	49.135893
2090.000000	49.117289
2091.000000	49.012523
2092.000000	49.089712
2093.000000	49.083953
2094.000000	49.063717
2095.000000	49.245214
2096.000000	49.227081
2097.000000	49.175845
2098.000000	49.297415
2099.000000	49.208727
2100.000000	49.222813
2101.000000	49.315904
2102.000000	49.195664
2103.000000	49.205219
2104.000000	49.298268
2105.000000	48.898613
2106.000000	49.210438
2107.000000	49.157112
2108.000000	49.157366
2109.000000	49.154312
2110.000000	49.158952
2111.000000	49.043387
2112.000000	49.072340
2113.000000	49.086307
2114.000000	49.202722
2115.000000	49.119354
2116.000000	49.042919
2117.000000	49.038790
2118.000000	49.109755
2119.000000	49.003689
2120.000000	49.073851
2121.000000	48.913609
2122.000000	48.890900
2123.000000	49.071051
2124.000000	49.044941
2125.000000	49.187187
2126.000000	48.818030
2127.000000	49.085639
2128.000000	49.103622
2129.000000	48.980627
2130.000000	48.833884
2131.000000	48.960676
2132.000000	49.083314
2133.000000	48.968228
2134.000000	49.023894
2135.000000	49.034975
2136.000000	48.919149
2137.000000	49.072308
2138.000000	48.985907
2139.000000	49.108348
2140.000000	49.069025
2141.000000	48.929809
2142.000000	49.022025
2143.000000	49.031481
2144.000000	49.012134
2145.000000	48.980055
2146.000000	48.988979
2147.000000	49.053793
2148.000000	49.035832
2149.000000	48.999442
2150.000000	48.961194
2151.000000	48.790549
2152.000000	48.973340
2153.000000	48.989365
2154.000000	48.887896
2155.000000	48.952185
2156.000000	48.872871
2157.000000	48.862083
2158.000000	48.841782
2159.000000	49.000856
2160.000000	49.017499
2161.000000	48.902978
2162.000000	49.141609
2163.000000	49.048349
2164.000000	48.981799
2165.000000	49.100314
2166.000000	48.949177
2167.000000	49.051403
2168.000000	49.043519
2169.000000	48.873010
2170.000000	48.951574
2171.000000	48.893297
2172.000000	48.948031
2173.000000	48.866838
2174.000000	48.740463
2175.000000	48.858082
2176.000000	49.070190
2177.000000	48.892415
2178.000000	48.889450
2179.000000	48.918470
2180.000000	48.899120
2181.000000	48.788770
2182.000000	48.949845
2183.000000	48.966860
2184.000000	48.805313
2185.000000	48.767937
2186.000000	48.796008
2187.000000	49.001903
2188.000000	48.843686
2189.000000	48.854621
2190.000000	49.008272
2191.000000	48.773421
2192.000000	48.692596
2193.000000	49.013877
2194.000000	48.799380
2195.000000	48.954082
2196.000000	49.012470
2197.000000	48.982245
2198.000000	49.126623
2199.000000	48.940007
2200.000000	49.016221
2201.000000	49.054700
2202.000000	48.858643
2203.000000	48.809046
2204.000000	48.767834
2205.000000	49.005082
2206.000000	49.023926
2207.000000	48.856071
2208.000000	48.901188
2209.000000	48.809561
2210.000000	49.011777
2211.000000	48.929623
2212.000000	48.866355
2213.000000	48.879090
2214.000000	48.842132
2215.000000	48.846840
2216.000000	48.890843
2217.000000	48.906829
2218.000000	48.836463
2219.000000	48.789978
2220.000000	48.916131
2221.000000	48.856961
2222.000000	48.961116
2223.000000	48.839835
2224.000000	48.895398
2225.000000	48.857846
2226.000000	48.765308
2227.000000	48.770756
2228.000000	48.889528
2229.000000	48.957290
2230.000000	48.776757
2231.000000	48.967417
2232.000000	48.856650
2233.000000	48.929841
2234.000000	48.869245
2235.000000	48.947588
2236.000000	48.949324
2237.000000	49.013052
2238.000000	48.846762
2239.000000	48.826400
2240.000000	48.984882
2241.000000	48.943069
2242.000000	48.978362
2243.000000	48.923000
2244.000000	49.064996
2245.000000	48.929323
2246.000000	48.946777
2247.000000	49.007336
2248.000000	49.044084
2249.000000	49.022490
2250.000000	49.026891
2251.000000	48.975454
2252.000000	48.970571
2253.000000	48.974804
2254.000000	48.885938
2255.000000	49.071694
2256.000000	48.909894
2257.000000	48.811354
2258.000000	48.427805
2259.000000	47.648848
2260.000000	47.680984
2261.000000	47.845745
2262.000000	48.402171
2263.000000	48.543852
2264.000000	48.719952
2265.000000	48.715408
2266.000000	48.802173
2267.000000	48.528317
2268.000000	48.634815
2269.000000	48.577638
2270.000000	48.668269
2271.000000	48.772788
2272.000000	48.738113
2273.000000	48.889493
2274.000000	48.944819
2275.000000	48.748487
2276.000000	48.963784
2277.000000	48.925786
2278.000000	49.013052
2279.000000	48.889582
2280.000000	48.786924
2281.000000	48.677378
2282.000000	48.811043
2283.000000	48.810257
2284.000000	48.936603
2285.000000	48.896609
2286.000000	48.920785
2287.000000	48.839192
2288.000000	49.056401
2289.000000	49.038543
2290.000000	48.917013
2291.000000	48.921400
2292.000000	48.944187
2293.000000	48.996095
2294.000000	49.016778
2295.000000	48.922550
2296.000000	49.041173
2297.000000	49.002564
2298.000000	48.913923
2299.000000	49.077013
2300.000000	49.039940
2301.000000	49.158766
2302.000000	48.983874
2303.000000	48.981770
2304.000000	49.075084
2305.000000	49.061798
2306.000000	49.191624
2307.000000	49.208702
2308.000000	49.287430
2309.000000	49.273581
2310.000000	49.300462
2311.000000	49.212442
2312.000000	49.321777
2313.000000	49.347604
2314.000000	49.246729
2315.000000	49.199890
2316.000000	49.274299
2317.000000	49.121965
2318.000000	49.139766
2319.000000	49.240013
2320.000000	49.161485
2321.000000	49.142920
2322.000000	49.141134
2323.000000	49.120801
2324.000000	49.188176
2325.000000	49.028238
2326.000000	49.137780
2327.000000	49.290492
2328.000000	49.268783
2329.000000	49.237130
2330.000000	49.275199
2331.000000	49.259871
2332.000000	49.306799
2333.000000	49.283437
2334.000000	49.153326
2335.000000	49.344900
2336.000000	49.130696
2337.000000	49.097903
2338.000000	49.185504
2339.000000	49.134007
2340.000000	49.154655
2341.000000	49.307306
2342.000000	49.176763
2343.000000	49.096460
2344.000000	49.209649
2345.000000	49.050828
2346.000000	49.084714
2347.000000	49.169029
2348.000000	49.079360
2349.000000	49.142191
2350.000000	49.020164
2351.000000	49.144635
2352.000000	49.207738

