0.0	0.004434884139537055
1.0	0.006824408385756414
2.0	0.0021054374675746543
3.0	0.0032693659514156934
4.0	0.002448349928355708
5.0	0.002487761346969721
6.0	0.002846703325909875
7.0	0.0034930505911797195
8.0	0.0007312043549949743
9.0	-0.0005984508000599172
10.0	-0.00036496298390126865
11.0	-0.00150537709193074
12.0	-0.0030692486776061133
13.0	-0.0027369342453597663
14.0	-0.0005090299342970305
15.0	-0.0015553203014012091
16.0	-0.0029000114094400575
17.0	-0.007311440787075799
18.0	-0.00363240141887724
19.0	-0.004457987841742822
20.0	-0.005862491573325321
21.0	-0.004459180119953025
22.0	-0.0018989613766440961
23.0	-0.003369835261925975
24.0	-0.0037252666439139253
25.0	-0.004016381240230879
26.0	-0.0030576570838961098
27.0	-0.0038044869072120704
28.0	-0.002891268035898674
29.0	-0.0026180376127342983
30.0	-0.0007044973230869282
31.0	-0.0033738095226265477
32.0	-0.001952878846815138
33.0	-0.003781767383540432
34.0	-0.0004433221573809254
35.0	-0.0014427824858967192
36.0	-0.0006012327825504415
37.0	0.0010645785900947153
38.0	-0.0011069574566983228
39.0	-0.00021023176729239584
40.0	0.0006104530673758751
41.0	0.0009340241260808391
42.0	-0.002168614965177864
43.0	-0.0006764787851478595
44.0	-0.0011917416849772078
45.0	-0.00010835821800101707
46.0	0.00032516738675312607
47.0	-0.0007558315238026594
48.0	-0.0018780965079660892
49.0	0.0022414234212126158
50.0	0.0024478200269290886
51.0	0.002361644807404941
52.0	0.0027094588563834608
53.0	0.003154907243239322
54.0	0.0040766707750587335
55.0	0.005316971302029143
56.0	0.004877749256937605
57.0	0.0034213151855343503
58.0	0.0014319989918626344
59.0	0.0044238886849320746
60.0	0.00542573356986812
61.0	0.007218588809574949
62.0	0.00341899686679235
63.0	0.004276774801332633
64.0	0.005483426587704829
65.0	0.004165495501716596
66.0	0.004314795228701384
67.0	0.007355634566066304
68.0	0.006714387602028831
69.0	0.00648467533353585
70.0	0.005086464181395924
71.0	0.007098764849452589
72.0	0.006404461505062561
73.0	0.006552966379907266
74.0	0.005753146413917001
75.0	0.007015172899383906
76.0	0.004486682004001155
77.0	0.005145548190477742
78.0	0.003458871949154732
79.0	0.00363526288658185
80.0	0.003056875479291861
81.0	0.0020405907804770377
82.0	0.002351775393331914
83.0	0.0032863890347499367
84.0	0.0030350832831169614
85.0	0.004182121158980566
86.0	0.0035193469494818113
87.0	0.0016025610135955478
88.0	0.003896371814609448
89.0	0.0030020306816239263
90.0	0.0034393980717219875
91.0	0.0050733491210840035
92.0	0.003058531421250433
93.0	0.0026273241352382905
94.0	0.001859828156279228
95.0	0.004183578387904233
96.0	0.00035762384914113675
97.0	0.0030144171274740137
98.0	0.004853175078272335
99.0	0.003641952892094388
100.0	0.0005561381711347143
101.0	0.0012795198563173577
102.0	0.003121059789606049
103.0	0.003655531616154678
104.0	0.002470009649173953
105.0	0.0006519178540185791
106.0	0.003582471456942606
107.0	0.0017155624928485611
108.0	0.0020089291702291103
109.0	0.0029486431128795043
110.0	0.0016891998968680644
111.0	-0.00022341306528256708
112.0	0.0017302672574406493
113.0	0.0020656286228906764
114.0	0.0007033182924125606
115.0	0.0007478962499373491
116.0	-0.00016757470243948923
117.0	-0.0013750875786301736
118.0	-0.001279837797173237
119.0	-0.0029632021545791024
120.0	-0.00075258587756392
121.0	-0.001013959756304828
122.0	-0.0020009011636137252
123.0	0.0009741641591566855
124.0	-0.00331744125835685
125.0	-0.0020787304356666082
126.0	0.0004294917301431605
127.0	5.710350249952554e-05
128.0	-0.0016850799132748474
129.0	0.00021382184945868476
130.0	-0.0015439936584045152
131.0	0.0005940261231468102
132.0	-0.0005252581654910358
133.0	0.002062912878078557
134.0	-0.0005881839599167709
135.0	0.0021957194231560294
136.0	-0.001864915209975764
137.0	-0.0004996904216507771
138.0	0.003941016009812487
139.0	0.001985083606025674
140.0	0.0008911021105146226
141.0	0.002862136704963797
142.0	0.0025360486144817727
143.0	0.002557575859943208
144.0	0.0005604436202270015
145.0	0.000656885679894295
146.0	0.0007811475644654435
147.0	0.0020483405888431236
148.0	-0.00018333926988512526
149.0	0.004396002622349815
150.0	0.003931345308774519
151.0	0.0036854710467657827
152.0	0.0009449533430074141
153.0	0.0036002893924167788
154.0	0.007268929445115538
155.0	0.0043300961323986505
156.0	0.005253449368498384
157.0	0.0053693653055984225
158.0	0.002975270659573311
159.0	0.0026931643875110507
160.0	0.0021624018709495304
161.0	0.003722431671280986
162.0	0.000502021987928613
163.0	0.001951037439357496
164.0	0.0022605661102536464
165.0	-0.0008491604125877143
166.0	0.0001843460825961036
167.0	-0.0008694291421606969
168.0	-0.0016165901538683723
169.0	0.001996940150448988
170.0	0.0011847337386086362
171.0	0.001505655290179885
172.0	-0.0011185490504083265
173.0	-0.000588051484560116
174.0	-0.002356398783279926
175.0	0.0006492683468848639
176.0	0.0010413954026747077
177.0	0.0002137556117804344
178.0	-0.0007030400941634157
179.0	0.0020871558683521123
180.0	-3.748390217413653e-05
181.0	-0.0007455646836595131
182.0	-0.0001364429936183361
183.0	0.00027363447300233535
184.0	-0.0018188137858492126
185.0	0.0003083430164540965
186.0	-0.0030087074396006296
187.0	-0.00022983812008179548
188.0	-0.00443142653272742
189.0	-0.0029428009496494647
190.0	0.0004959943591993493
191.0	-3.2781027011730435e-05
192.0	-0.0027550833692258072
193.0	-0.0038023010638267244
194.0	-0.003087066613080286
195.0	-0.004772285625479783
196.0	-0.0036103442719890304
197.0	-0.0035551682859293813
198.0	-0.00434929181158225
199.0	-0.002377661078028052
200.0	-0.0020775381574564054
201.0	-0.004111895972401279
202.0	-0.001518823340634221
203.0	-0.0009986588526077155
204.0	-0.006289857073993546
205.0	-0.005803208851208445
206.0	-0.0061960645214599675
207.0	-0.007820543582819075
208.0	-0.007813257438201358
209.0	-0.010059112160095076
210.0	-0.009734017634788195
211.0	-0.01053867295129752
212.0	-0.01048945835628873
213.0	-0.01313644845822683
214.0	-0.010959944585558231
215.0	-0.012303774603778591
216.0	-0.012352790485752321
217.0	-0.011654711593696626
218.0	-0.010878869667266453
219.0	-0.016144301431776965
220.0	-0.01393567228511207
221.0	-0.016185103841636243
222.0	-0.015256054165198958
223.0	-0.016975981721050217
224.0	-0.016532056800796273
225.0	-0.015147424372716637
226.0	-0.013178244433261248
227.0	-0.015685009370147506
228.0	-0.015159280917140104
229.0	-0.014842731052339393
230.0	-0.012282247358317155
231.0	-0.012847850893686938
232.0	-0.011407777528834344
233.0	-0.01187236860473139
234.0	-0.010949015368631656
235.0	-0.010799914354681773
236.0	-0.009577498000863941
237.0	-0.011095268162412764
238.0	-0.007816171896048538
239.0	-0.012178320440997085
240.0	-0.008544256456393434
241.0	-0.00846351272649337
242.0	-0.012026106256165119
243.0	-0.00879218408643086
244.0	-0.006252167835016355
245.0	-0.010691417037556106
246.0	-0.01011442062151138
247.0	-0.007627990651876357
248.0	-0.009424091537821925
249.0	-0.008077678250146101
250.0	-0.010181453151994342
251.0	-0.009603993072201092
252.0	-0.009122113962256647
253.0	-0.010414874730474586
254.0	-0.007364563405106757
255.0	-0.009836686036219658
256.0	-0.01117111030411536
257.0	-0.008585456292322673
258.0	-0.008557636467418663
259.0	-0.007969512121412302
260.0	-0.010774810274589883
261.0	-0.008903463386046896
262.0	-0.00932917294475655
263.0	-0.008878690494346567
264.0	-0.010139524701603269
265.0	-0.009096678693773045
266.0	-0.01230933856875933
267.0	-0.009911004711320337
268.0	-0.01058907982451636
269.0	-0.011011808687700736
270.0	-0.008202138847752463
271.0	-0.00878118863182588
272.0	-0.011142230676357803
273.0	-0.008864118205111134
274.0	-0.011044331387766997
275.0	-0.008992751776452975
276.0	-0.011031878704238504
277.0	-0.01104506000222883
278.0	-0.0074858445941524765
279.0	-0.007224934379159938
280.0	-0.010977630045675748
281.0	-0.00967917283712026
282.0	-0.007932087833148575
283.0	-0.009358516236262476
284.0	-0.009140726749871058
285.0	-0.007472133394735531
286.0	-0.007364762118141817
287.0	-0.006487112880098671
288.0	-0.01077129967763768
289.0	-0.009044019739490455
290.0	-0.007468424084748423
291.0	-0.0067876332267402814
292.0	-0.009794956298863644
293.0	-0.00835971828453011
294.0	-0.008621357113984483
295.0	-0.008287585452814777
296.0	-0.008319247063062704
297.0	-0.00883113184129635
298.0	-0.005761280400817371
299.0	-0.007969710834447207
300.0	-0.007127498754317501
301.0	-0.006530895985483221
302.0	-0.005705508275652698
303.0	-0.006754845575960557
304.0	-0.006187851049345512
305.0	-0.007844389147022512
306.0	-0.009061705199607972
307.0	-0.006292374105770606
308.0	-0.007417884736172775
309.0	-0.007567780602262741
310.0	-0.006721660499110713
311.0	-0.006527584101566077
312.0	-0.007913938709282534
313.0	-0.009605516538803009
314.0	-0.006073061152777272
315.0	-0.00967062817661409
316.0	-0.009402034390933716
317.0	-0.012503547441660622
318.0	-0.016682151379921142
319.0	-0.01414412225885708
320.0	-0.013866851337313727
321.0	-0.014733968784500418
322.0	-0.014187706651206725
323.0	-0.0114722930275404
324.0	-0.01217494231940169
325.0	-0.01387837669334548
326.0	-0.015423966679798156
327.0	-0.015412904987514927
328.0	-0.013998266891146091
329.0	-0.012699875920269008
330.0	-0.014372840962175072
331.0	-0.013205600594416889
332.0	-0.013483136466673552
333.0	-0.015326597292634124
334.0	-0.014345551038697836
335.0	-0.011191643984401652
336.0	-0.014823853314011672
337.0	-0.01679064869704681
338.0	-0.016584848230435517
339.0	-0.01631022681602588
340.0	-0.01541727667428562
341.0	-0.01577926558642945
342.0	-0.01636381309780536
343.0	-0.014134915221567481
344.0	-0.01588292755303606
345.0	-0.015995001704792178
346.0	-0.014833590252728046
347.0	-0.016412762742100684
348.0	-0.01458427163144551
349.0	-0.01428083682695672
350.0	-0.01341047373353129
351.0	-0.012149440813239683
352.0	-0.015117882368175805
353.0	-0.013337612287354124
354.0	-0.01396627409250645
355.0	-0.014667664868479133
356.0	-0.015307719554306404
357.0	-0.01464474663177259
358.0	-0.015842257618533438
359.0	-0.014027146518903494
360.0	-0.015987848035531115
361.0	-0.013619652321738132
362.0	-0.016122244284888756
363.0	-0.015831328401606864
364.0	-0.018530911220149302
365.0	-0.016444623065383673
366.0	-0.016313141273873056
367.0	-0.017220928655562216
368.0	-0.02078809258503956
369.0	-0.016246572407138463
370.0	-0.01885123663261537
371.0	-0.019576208022078184
372.0	-0.020749873444635747
373.0	-0.01959872883271476
374.0	-0.02190651578385907
375.0	-0.01985102814952288
376.0	-0.018968676036317328
377.0	-0.01760576956673434
378.0	-0.017925167651703672
379.0	-0.018807321051874167
380.0	-0.016323673064729514
381.0	-0.020548577140151646
382.0	-0.018374656536938358
383.0	-0.014758675438522342
384.0	-0.017598947085864992
385.0	-0.015248039406119563
386.0	-0.018279737943873137
387.0	-0.015775953702512308
388.0	-0.017083684186035647
389.0	-0.016445285442167102
390.0	-0.01601109746062953
391.0	-0.0168031013805753
392.0	-0.01452439277022361
393.0	-0.01315592233565973
394.0	-0.011291132977272626
395.0	-0.010860985494113877
396.0	-0.010614051429251746
397.0	-0.012726635942319469
398.0	-0.014325812210551627
399.0	-0.010816606249624147
400.0	-0.010256301728521796
401.0	-0.010093423277476718
402.0	-0.010413616214586134
403.0	-0.009592997617596266
404.0	-0.01073857826453636
405.0	-0.009295060540409966
406.0	-0.0080177993889242
407.0	-0.010436203262901117
408.0	-0.005593831549966542
409.0	-0.010045798386748095
410.0	-0.009105488304992677
411.0	-0.007497701138575945
412.0	-0.009564714128943734
413.0	-0.007647265816274196
414.0	-0.0059648287863650696
415.0	-0.004178729789849337
416.0	-0.005960390861915973
417.0	-0.007983090845472593
418.0	-0.0041899239574892215
419.0	-0.0037166557457293512
420.0	-0.005766579415084802
421.0	-0.0023933594077952835
422.0	-0.005725114628442098
423.0	-0.005577934507164251
424.0	-0.0036092844691354826
425.0	-0.005534416352493011
426.0	-0.004473354983118339
427.0	-0.0017623792839011106
428.0	-0.0038372745579917955
429.0	-0.00660793040539602
430.0	-0.004211451202950658
431.0	-0.0024239612151896626
432.0	-0.0028363570005524893
433.0	-0.006082731853815394
434.0	-0.002586044814094811
435.0	-0.0047275751925983395
436.0	-0.003347181975932741
437.0	-0.004783016129371299
438.0	-0.004438977628058447
439.0	-0.004584303094342662
440.0	-0.004925029711738524
441.0	-0.007200823864243192
442.0	-0.004372938662750628
443.0	-0.0040699012843319555
444.0	-0.004425133953284846
445.0	-0.0022142527255562005
446.0	-0.003759047859868794
447.0	-0.003000758918199484
448.0	-0.003038779345568389
449.0	-0.0035915327713397145
450.0	-0.0042048274351163695
451.0	-0.0015564463419330073
452.0	-0.0005272452958413222
453.0	-0.004306965935121058
454.0	-0.003733546353706785
455.0	-0.002668179535239981
456.0	-0.0021333765202994834
457.0	-0.00396372228594829
458.0	-0.0005756650387100285
459.0	-0.0014372847585942296
460.0	-0.002431843498912558
461.0	-0.003019835369562264
462.0	-0.0025104676231055244
463.0	-0.003073487889019996
464.0	-0.0014804054871953513
465.0	-0.0002390451573715482
466.0	0.0017842509652900957
467.0	-0.00018420035970361355
468.0	0.0008473190051300722
469.0	0.0014637930774672161
470.0	0.0015581817691058188
471.0	0.0009903923903506909
472.0	-9.054028252684431e-05
473.0	-0.00021731919887505303
474.0	0.001452002770722153
475.0	0.0003739183180135467
476.0	0.0013592700210421224
477.0	-0.0019745385676332287
478.0	-0.0016961416055582316
479.0	-0.0009365941480003145
480.0	-0.0007825253081748704
481.0	-0.00045935167553987126
482.0	-0.0017169402365578338
483.0	-0.0027640916934803463
484.0	-0.0019252577349461884
485.0	-0.0011032481467110598
486.0	0.001173936997038716
487.0	-0.0009786550737480428
488.0	-0.0018571654016096778
489.0	-0.0003749648733311051
490.0	-0.0018715389778100517
491.0	-0.00031038313694679804
492.0	-0.0029640632443975906
493.0	-0.003076137396153711
494.0	-0.004061621574539096
495.0	-0.0010607897948932126
496.0	-0.001228569834135756
497.0	-0.002140000288133771
498.0	-0.0007204606035676237
499.0	-0.0019352596243760248
500.0	-0.0001877771943340673
501.0	-0.0037514305268593626
502.0	-0.0018439841036195065
503.0	-0.0033075718442836686
504.0	-6.62972922532889e-05
505.0	-0.0010939748717430568
506.0	-0.001331436948602278
507.0	-0.0006109034835884093
508.0	-0.00027017686619270134
509.0	-0.001391315809824179
510.0	-0.001494182924290701
511.0	0.0020112474889711113
512.0	-0.0009089730361313648
513.0	-8.782453771472459e-05
514.0	-2.019586812658342e-05
515.0	0.00022461859102860488
516.0	-8.802987451639075e-06
517.0	0.0030815821333136316
518.0	0.002436294670897335
519.0	0.001000791705850492
520.0	0.0013244290022338605
521.0	3.980884468567419e-06
522.0	0.0022286395492924094
523.0	0.0003134433176864673
524.0	0.001522413422800664
525.0	0.0005984640475959065
526.0	0.0013688744844018398
527.0	0.004722554376580208
528.0	0.0019646824010960363
529.0	0.0021974416027930057
530.0	0.002607055405665308
531.0	0.005084278338010578
532.0	0.0016185242940762433
533.0	0.004678705033517253
534.0	0.0020796047730209316
535.0	0.0023131588268579845
536.0	0.003772507356108264
537.0	0.003981023567531678
538.0	0.0032646630762534416
539.0	0.002799542098929776
540.0	0.0028088816115760295
541.0	0.0023121652616828413
542.0	0.002103185386511058
543.0	0.0035919434449455142
544.0	0.0033387830383190616
545.0	0.0021443189847618936
546.0	0.0037272007841217965
547.0	0.0029691767931657965
548.0	0.004126812697564262
549.0	0.0010481516458656504
550.0	0.0017029110962850096
551.0	0.003863584163829723
552.0	0.003264994264645156
553.0	0.0033811089147802536
554.0	0.004406335700171212
555.0	0.003418599440722231
556.0	0.0017405340975837956
557.0	0.005274976613959819
558.0	0.006538261615315177
559.0	0.005266365715775245
560.0	0.00150274083233286
561.0	0.0012764066854352733
562.0	0.0033069889527144796
563.0	0.0024131777211557318
564.0	0.003015808118719276
565.0	0.004929083457653336
566.0	0.0027408555159179238
567.0	0.0002776749713813126
568.0	0.00401003567064589
569.0	0.004276244899905859
570.0	0.0029856037373948616
571.0	0.004580739507248043
572.0	0.004731695176191557
573.0	0.0037456148587009935
574.0	0.0037678044809458583
575.0	0.006028827631180033
576.0	0.003075223316192808
577.0	0.0032307493849419184
578.0	0.001691518215610065
579.0	0.0004560530391587167
580.0	0.0026082476838755106
581.0	0.0029767278884969776
582.0	0.005837996879874291
583.0	0.005068712483600002
584.0	0.004261473897635366
585.0	0.0019420953527812073
586.0	0.005761956025136635
587.0	0.004188479976101544
588.0	0.003623472579836786
589.0	0.0033196403492780314
590.0	0.0037078593820455527
591.0	0.004441375432014687
592.0	0.005959410544276819
593.0	0.005920992690837949
594.0	0.005129916098388914
595.0	0.004289028771826065
596.0	0.005979149372422874
597.0	0.004776273133716191
598.0	0.00498485558281801
599.0	0.004756468067891732
600.0	0.002171741383595938
601.0	0.0023018321838612905
602.0	0.0030897293677498365
603.0	0.005861180067294299
604.0	0.0047456713263218115
605.0	0.004178014422923339
606.0	0.003393031696881972
607.0	0.003117350479618786
608.0	0.0055267460293410104
609.0	0.006299607260245753
610.0	0.0025039895781637264
611.0	0.004707915849666371
612.0	0.006939198282324655
613.0	0.0054407695228520766
614.0	0.004622932908352426
615.0	0.00682685917985507
616.0	0.0030810522318870117
617.0	0.004290022337001208
618.0	0.004905900270233328
619.0	0.004696258018278117
620.0	0.0067260454334172395
621.0	0.005619015115272671
622.0	0.005600402327658415
623.0	0.008011453819339211
624.0	0.004276178662227455
625.0	0.004869734497858055
626.0	0.0041134326865390316
627.0	0.00237310392575829
628.0	0.005788186145760477
629.0	0.006025317034227984
630.0	0.004644658866848921
631.0	0.005073415358762408
632.0	0.0053637351029392774
633.0	0.005527872069872962
634.0	0.003964000484197589
635.0	0.005460574588676536
636.0	0.002544063373561168
637.0	0.005479518564682661
638.0	0.005956893512499759
639.0	0.00459557674719694
640.0	0.005641138499839286
641.0	0.005459382310466333
642.0	0.0024619286524159983
643.0	0.005094810128867189
644.0	0.003768599333086096
645.0	0.0036875244147943197
646.0	0.006507527332564143
647.0	0.0072893306500450205
648.0	0.002418874161493127
649.0	0.003647318144040223
650.0	0.003741971786392135
651.0	0.0033934291229519367
652.0	0.0046314113311803455
653.0	0.0034600642273649347
654.0	0.0018463156698973425
655.0	0.0008181744266592053
656.0	0.005714397372086418
657.0	0.002095833004214937
658.0	0.0023783367023473157
659.0	0.0016117680508851463
660.0	0.0030373353641807116
661.0	0.001322706822596884
662.0	0.0010950479221324397
663.0	0.0026577272295976104
664.0	0.0020242963116046276
665.0	0.0014745235813587317
666.0	0.002428677337887904
667.0	0.000544215389032996
668.0	0.001848700226317748
669.0	0.0005532899509659397
670.0	0.0040911768266159165
671.0	0.005429906543603752
672.0	0.001848898939352653
673.0	0.001819688123203536
674.0	0.0020907989406609706
675.0	0.0032539988100401766
676.0	0.0009330967985841004
677.0	0.0007276275203645206
678.0	0.003119933749074251
679.0	0.001135055479851477
680.0	0.0004036590355894377
681.0	0.004293201745561697
682.0	0.0021635279114813285
683.0	0.0027589384021055605
684.0	0.0036230751537666673
685.0	0.002429538427706392
686.0	0.00202873423605357
687.0	0.002052381087222101
688.0	0.00406805987687416
689.0	0.005161445233280032
690.0	0.004884637975485203
691.0	0.0050325467112248825
692.0	0.0052803418659055
693.0	0.0020386698878050013
694.0	0.003130730490644171
695.0	0.0061528908027162765
696.0	0.0027892090211082254
697.0	0.0029265859659912945
698.0	0.0017462967755995952
699.0	0.0025049831433388695
700.0	-0.0010844366460617439
701.0	7.836579724749717e-05
702.0	0.0014305417629391218
703.0	0.002567975175443009
704.0	0.0012411682405567381
705.0	0.0014571693096329284
706.0	0.0032510843521931514
707.0	-0.0018477596512850199
708.0	0.0008717607084385328
709.0	0.000583759283003664
710.0	0.0005965431549238706
711.0	1.1796930512903765e-05
712.0	0.0007265677175109728
713.0	0.001153866980500947
714.0	-0.002785022799836758
715.0	0.002406421477964789
716.0	0.0020133008569998023
717.0	-0.0026414857508677697
718.0	0.0010468931299771975
719.0	0.002767615537968385
720.0	-0.0009088405607747099
721.0	0.0011802295764812894
722.0	0.0020032989675699657
723.0	0.0015586454328541883
724.0	-0.002052036651294397
725.0	0.00022832790101586778
726.0	-0.00012875942293065465
727.0	0.0003350368008261533
728.0	0.0020698015966261548
729.0	-0.003477272776198248
730.0	0.0027134993547622836
731.0	0.000546003806348223
732.0	0.0010627901727794885
733.0	-0.0015896976564611016
734.0	0.0004267097476527904
735.0	0.0007443856529851456
736.0	-0.0003552260451848963
737.0	0.0021983689302897446
738.0	0.0035227913087556104
739.0	0.002451794287629661
740.0	-0.002505830985621523
741.0	0.0016156760739074686
742.0	0.0004033278471977233
743.0	0.002579235580761299
744.0	0.0013537060560613822
745.0	-0.00036940090835036496
746.0	-0.0003920541943435987
747.0	-0.00422344022273078
748.0	-0.0018361680575750162
749.0	-0.004971793512648504
750.0	-0.0004559073162660724
751.0	-0.0011052352770613463
752.0	-0.005491693049961854
753.0	-0.005646159315857417
754.0	-0.0021892811208209656
755.0	-0.003186953032021379
756.0	-0.0057518084128143085
757.0	-0.003214839094603638
758.0	-0.00471094953533437
759.0	-0.0030073164483555214
760.0	-0.005122285517843648
761.0	-0.00393086839749016
762.0	-0.003023412204192718
763.0	-0.0016277180838300067
764.0	-0.006056303020156493
765.0	-0.002486357108188778
766.0	0.00027880101191311076
767.0	-0.0005493686804079363
768.0	-0.003430111549217995
769.0	-0.004124547368964831
770.0	-0.0011532575938599334
771.0	-0.003967961497362172
772.0	-0.0036584990641442727
773.0	-0.003108858809255032
774.0	-0.0035865649454639983
775.0	-0.0024691353118196295
776.0	-0.002537426358191045
777.0	-0.003486811001879561
778.0	-0.0021921955786679908
779.0	-0.004231388744131925
780.0	-0.0016096351976423698
781.0	-0.001751251353939476
782.0	-0.0015029925355103347
783.0	-0.0027924414198111295
784.0	-0.003476875350128129
785.0	-0.004616627081374018
786.0	-0.0030560011419375377
787.0	-0.0030937566185929785
788.0	-0.0036140535819762934
789.0	-0.0015332631545129996
790.0	-0.003483499117962417
791.0	-0.0007593421207548628
792.0	-0.002994532576435315
793.0	-0.0012802352232432017
794.0	-0.003001686245696377
795.0	-0.003130783480786586
796.0	-0.0016761378266985586
797.0	-0.003543907880611092
798.0	0.0006252903073247725
799.0	-0.0013917794735727024
800.0	-0.0006249458713970688
801.0	-0.0022736016853513274
802.0	-0.00022089603350550682
803.0	-0.0013259392212997881
804.0	-0.0016980624982301134
805.0	-0.0009177826473509986
806.0	-0.002860931179217759
807.0	-0.0009485169301020328
808.0	-0.0030287774561385526
809.0	-0.0021974283552570165
810.0	-0.0001202810001027353
811.0	-0.0016728259427814147
812.0	-0.003185893229167831
813.0	-0.002528285558579697
814.0	-0.003924774531082646
815.0	-0.0004496809745019035
816.0	-0.0012327428078713883
817.0	-0.00026090359122469826
818.0	-0.0021897447845693353
819.0	-0.0010826482287463629
820.0	-0.0048299786433164925
821.0	-0.00353927124312709
822.0	-0.0019078372255419804
823.0	-0.004076458814487839
824.0	-0.0038028309652534983
825.0	-0.006440812742936905
826.0	-0.0048680653083636475
827.0	-0.0031878803595181172
828.0	-0.002517157628618217
829.0	-0.0010821183273197431
830.0	-0.005010343841444183
831.0	-0.0012084998175978328
832.0	-0.0013489236956847363
833.0	-0.00042093382210100144
834.0	-0.00013624428058343083
835.0	-0.0008395559492279967
836.0	0.0006742399516200985
837.0	-0.0015692964515316183
838.0	-0.002171794373738353
839.0	0.0014653827817473837
840.0	-0.0035647727492890986
841.0	-0.001927708529044844
842.0	-0.00047021465478819593
843.0	0.0004594973984325155
844.0	-0.0019859314483083273
845.0	-0.002677850236277949
846.0	-0.0018086131833843168
847.0	-0.002711167788484448
848.0	-0.0016318248198872343
849.0	-0.0006043459534325259
850.0	-0.00017870263240112375
851.0	0.000513481106281962
852.0	-0.001724557569567265
853.0	0.0023693283780927767
854.0	0.002984543934541314
855.0	0.004090117023762369
856.0	0.003795624305849867
857.0	0.0030652214267629712
858.0	0.002149617999029324
859.0	0.003183256969569951
860.0	0.0008155249195254902
861.0	0.0008777220994893919
862.0	0.0032643318878617274
863.0	0.005725790252761362
864.0	0.0022530812526010244
865.0	0.004194905030900773
866.0	0.0028539894705275916
867.0	0.0015498358216345543
868.0	0.002812988347633257
869.0	-0.0006673379855365114
870.0	0.002062780402721902
871.0	0.0005642191678925147
872.0	0.003468410174836045
873.0	0.001087364351444604
874.0	0.00313993752793377
875.0	0.001437496719165124
876.0	0.002947782023061016
877.0	0.0005120238773584495
878.0	0.003846627318173884
879.0	0.00036636722268236597
880.0	0.0017800779915544635
881.0	0.002114114603437633
882.0	0.0033309007545963207
883.0	0.002985537499716457
884.0	0.002463120930626201
885.0	0.004307310371048608
886.0	0.0032618810937630714
887.0	0.001295350661441244
888.0	0.002977191552245347
889.0	0.0033499109682806963
890.0	0.0017084088235874992
891.0	0.0032978481531031317
892.0	0.0024938552133773892
893.0	0.0056386877057404755
894.0	0.003865968720250128
895.0	0.003205976493241589
896.0	0.0041102532779785424
897.0	0.002833720740954609
898.0	0.0033188454971379475
899.0	0.00693058738414008
900.0	0.004184373240044317
901.0	0.0028059009160506
902.0	0.004325459494914649
903.0	0.003344545716334861
904.0	0.004360565464436375
905.0	0.006929395105929878
906.0	0.0013951708427039319
907.0	0.00321657452177645
908.0	0.003503251193644461
909.0	0.005640277410020798
910.0	0.00571307261851956
911.0	0.005260536800081041
912.0	0.0041201226920517245
913.0	0.0031529201128890354
914.0	0.0033709745499937624
915.0	0.0010205305339967008
916.0	0.004670557799081048
917.0	0.0037384611894400862
918.0	0.0014504130664419856
919.0	0.0009010377622660545
920.0	0.004443362562364973
921.0	0.0013043589856959372
922.0	0.0016553524432347914
923.0	0.00094713918639276
924.0	0.00044558748598051093
925.0	0.0019191771160745094
926.0	0.004206165436219062
927.0	0.0021231891653705768
928.0	0.0014059675842738521
929.0	0.0004661874039450538
930.0	-0.0008560491311354662
931.0	0.0010589483874355705
932.0	-0.0003290621622394591
933.0	-0.0033889779509671597
934.0	-0.0026182363257693576
935.0	0.001539966407561527
936.0	-0.001827888347782156
937.0	-0.0012814275014534043
938.0	-0.0007449023068760844
939.0	-0.002806218856906479
940.0	-0.0014225137563237367
941.0	-0.005341863421550293
942.0	-0.00035390129161803874
943.0	-0.0004461703775497
944.0	-0.0030073826860337717
945.0	-0.00021553078155982615
946.0	-0.0032263644506353916
947.0	-0.0007633163814554356
948.0	-0.0036339911231574075
949.0	-0.00175456323785662
950.0	-0.005442147266561349
951.0	-0.004961659147862167
952.0	-0.0032667031967461434
953.0	-0.003432164917246686
954.0	-0.002688117076421095
955.0	-0.003377121406543692
956.0	-0.00528867456584093
957.0	-0.005207533409870903
958.0	-0.003681814726920935
959.0	-0.0047565210580341475
960.0	-0.004408375820664068
961.0	-0.004036782445160516
962.0	-0.00475446769000561
963.0	-0.0035575528423497866
964.0	-0.002740908506060339
965.0	0.0007761797385897276
966.0	-0.0012169782404257523
967.0	0.0013081345333614506
968.0	0.00036603603429065157
969.0	0.0006896733306740201
970.0	0.00023018255600949924
971.0	0.004082367215396283
972.0	0.003962079591525553
973.0	0.0043590419978344576
974.0	0.0037662147766656905
975.0	0.005578610131483515
976.0	0.004570936330853266
977.0	0.004756004404143362
978.0	0.00813253629534987
979.0	0.005705124097118414
980.0	0.0051828400033848135
981.0	0.00710870050120402
982.0	0.00712797566560186
983.0	0.006688886095866822
984.0	0.005961397674627105
985.0	0.007101811782656423
986.0	0.00642492894767045
987.0	0.006090892335787434
988.0	0.00799005904923443
989.0	0.008715626577802265
990.0	0.006784599541072283
991.0	0.007660990263226976
992.0	0.007160829554059835
993.0	0.003910679153131572
994.0	0.00390604251564757
995.0	0.00629311596776812
996.0	0.004279093120074634
997.0	0.0060284964427883185
998.0	0.005425534856833215
999.0	0.009213535205905656
1000.0	0.005815012405489343
1001.0	0.007326953651343807
1002.0	0.005477597672010625
1003.0	0.0072913840180737115
1004.0	0.007490163290780753
1005.0	0.007844137443845036
1006.0	0.007058757291733551
1007.0	0.005846541540380461
1008.0	0.00589641851217268
1009.0	0.007606410416272506
1010.0	0.00662437059716092
1011.0	0.008014765703256354
1012.0	0.008080870906242425
1013.0	0.0072270672324027145
1014.0	0.006269535354278148
1015.0	0.008345225480508917
1016.0	0.007822808911418662
1017.0	0.00791918473340755
1018.0	0.0080250325433995
1019.0	0.005198737046187104
1020.0	0.004878544109077689
1021.0	0.006902767559236071
1022.0	0.005974777685652337
1023.0	0.004019706371683858
1024.0	0.006502824457401737
1025.0	0.009497761083675012
1026.0	0.010993937762083994
1027.0	0.013490568334183758
1028.0	0.009782384387514331
1029.0	0.010354876641431867
1030.0	0.012184957456367208
1031.0	0.008824057657249527
1032.0	0.009726678500028063
1033.0	0.01103156076338278
1034.0	0.010513118454992943
1035.0	0.01104838513368181
1036.0	0.012679951626623574
1037.0	0.008564538433502251
1038.0	0.011273063338620824
1039.0	0.00923824185992758
1040.0	0.009111926607327741
1041.0	0.01088411569139147
1042.0	0.009073641229245526
1043.0	0.01111124469042914
1044.0	0.01329278262665186
1045.0	0.013268274685664995
1046.0	0.011357516378507994
1047.0	0.010118341892069383
1048.0	0.01093220424586846
1049.0	0.009401451499364527
1050.0	0.01269068213051509
1051.0	0.010268900134942778
1052.0	0.010493777052916852
1053.0	0.008762920280139173
1054.0	0.011679497732932791
1055.0	0.00962540108984171
1056.0	0.011005264405080532
1057.0	0.007896465209735911
1058.0	0.011413685929742786
1059.0	0.010613799726074118
1060.0	0.008980312340460471
1061.0	0.00784301140331324
1062.0	0.010053428967293361
1063.0	0.009828750762354347
1064.0	0.00842795634075911
1065.0	0.012301403294894021
1066.0	0.010181002735781809
1067.0	0.009271493174455674
1068.0	0.010497685075939175
1069.0	0.01356376096875264
1070.0	0.01200578453644972
1071.0	0.00946868274288255
1072.0	0.009803315493870743
1073.0	0.010908888583091645
1074.0	0.011607364901217304
1075.0	0.009689519162477647
1076.0	0.009043900511669636
1077.0	0.009138156727951582
1078.0	0.009387541586912523
1079.0	0.010007261305488405
1080.0	0.008390598290173789
1081.0	0.008894667022363098
1082.0	0.0078114160307437164
1083.0	0.006504745350073619
1084.0	0.009536510125505595
1085.0	0.009040919816144206
1086.0	0.009147165052206122
1087.0	0.009817026693287689
1088.0	0.011040502849959069
1089.0	0.009864982772407872
1090.0	0.01078840224618601
1091.0	0.008610043718523778
1092.0	0.009472921954296432
1093.0	0.008303230792439593
1094.0	0.010706797426467613
1095.0	0.011661149896031845
1096.0	0.01097115200073395
1097.0	0.008966733616400182
1098.0	0.01065632431557037
1099.0	0.010791250466354783
1100.0	0.006997818627658103
1101.0	0.009809343122599852
1102.0	0.011219344581484842
1103.0	0.011958888260183086
1104.0	0.007835062881912094
1105.0	0.01033288573222206
1106.0	0.008154659679916484
1107.0	0.00805861504631931
1108.0	0.008590702316447688
1109.0	0.008087759624790176
1110.0	0.010532923520817555
1111.0	0.0075463990796937955
1112.0	0.007402464604654689
1113.0	0.010403163908943762
1114.0	0.008693436955557401
1115.0	0.009035819514911834
1116.0	0.008687144376114828
1117.0	0.009493256921547665
1118.0	0.009167500019457354
1119.0	0.008447960119618785
1120.0	0.008106637363117897
1121.0	0.008224672905924877
1122.0	0.011110449838289056
1123.0	0.010580283460832713
1124.0	0.008506050563525458
1125.0	0.00793302840818115
1126.0	0.009883463084665627
1127.0	0.009915787071696982
1128.0	0.006735119995350183
1129.0	0.008930634081703312
1130.0	0.008218976465587327
1131.0	0.008633624332013751
1132.0	0.008463261023315896
1133.0	0.007586274162056178
1134.0	0.008292699001582983
1135.0	0.009464311056111858
1136.0	0.010279961827226009
1137.0	0.007483142096876346
1138.0	0.007679073149414613
1139.0	0.009617717519154027
1140.0	0.008632961955230322
1141.0	0.009651564972787146
1142.0	0.008789481589154576
1143.0	0.01015040092838743
1144.0	0.009724426418964312
1145.0	0.00904171466828429
1146.0	0.006780956468763424
1147.0	0.009053372499672698
1148.0	0.010181532637208583
1149.0	0.00977542943128833
1150.0	0.011036396113901687
1151.0	0.010967840116816806
1152.0	0.009138156727951582
1153.0	0.010838544168691537
1154.0	0.0084667716202681
1155.0	0.00879531050484878
1156.0	0.009304810726662173
1157.0	0.008022647986979096
1158.0	0.009490673652092354
1159.0	0.00827236403433175
1160.0	0.009303419735417066
1161.0	0.008995745719514394
1162.0	0.005987495319894138
1163.0	0.010904914322391072
1164.0	0.010006797641740037
1165.0	0.008314954861506251
1166.0	0.010513847069454775
1167.0	0.010221805145641083
1168.0	0.007960914470763563
1169.0	0.009906248846015516
1170.0	0.008144856503521708
1171.0	0.009990701885902686
1172.0	0.01030658937391997
1173.0	0.009801659551912171
1174.0	0.007863876271991246
1175.0	0.009018134054794163
1176.0	0.00782049059267666
1177.0	0.007283832922742685
1178.0	0.008449549823898951
1179.0	0.0064053888325593
1180.0	0.006307622019325303
1181.0	0.005973982833512252
1182.0	0.00837887422110713
1183.0	0.0070142455718871675
1184.0	0.007879442126401822
1185.0	0.00823374746785782
1186.0	0.008675619020083227
1187.0	0.008465976768128016
1188.0	0.009061453496430498
1189.0	0.01024319991574571
1190.0	0.006553098855263921
1191.0	0.005980142937598017
1192.0	0.008191487829075033
1193.0	0.008287201274280493
1194.0	0.005280209390548845
1195.0	0.007449758306991597
1196.0	0.007211037714243768
1197.0	0.008496777288557454
1198.0	0.008501347688363052
1199.0	0.008457630820656752
1200.0	0.007926934541773636
1201.0	0.00838722016857824
1202.0	0.0098000036099536
1203.0	0.008992831261667214
1204.0	0.010340503065231491
1205.0	0.008340588843024915
1206.0	0.010018058047058326
1207.0	0.007909580270047832
1208.0	0.0078478467538323
1209.0	0.007390144396483006
1210.0	0.010726867443005536
1211.0	0.008028211951959836
1212.0	0.008147572248333828
1213.0	0.008627994129354605
1214.0	0.0073823283504385155
1215.0	0.007519175393894811
1216.0	0.009111926607327741
1217.0	0.00881438695621156
1218.0	0.01001885289919841
1219.0	0.00879484684110041
1220.0	0.009183065873867932
1221.0	0.0074057764885718325
1222.0	0.00956399876201789
1223.0	0.008441601302497806
1224.0	0.006384656439238102
1225.0	0.010827350001051653
1226.0	0.01039408934701082
1227.0	0.010552728586642015
1228.0	0.007359277638375163
1229.0	0.00971495443096125
1230.0	0.007711662087159279
1231.0	0.008640049386813132
1232.0	0.008213213787571528
1233.0	0.008178968907868291
1234.0	0.010284730940066818
1235.0	0.008041459487628412
1236.0	0.008597855985708596
1237.0	0.011767262656737106
1238.0	0.009206580249679654
1239.0	0.01043714383793369
1240.0	0.011822306167439945
1241.0	0.0083321766578754
1242.0	0.010710705449489781
1243.0	0.008524398400426405
1244.0	0.008606003220144801
1245.0	0.009831532744844718
1246.0	0.009551546078489398
1247.0	0.011224444882717212
1248.0	0.009382110097288282
1249.0	0.008960573512314263
1250.0	0.010264859636563956
1251.0	0.010760714896638655
1252.0	0.00788381381317236
1253.0	0.008777625044731261
1254.0	0.012011083550717151
1255.0	0.011241269253016242
1256.0	0.008835251824889567
1257.0	0.009354091559349369
1258.0	0.012452358963837534
1259.0	0.009738336331416316
1260.0	0.011427463366838137
1261.0	0.009124842954604603
1262.0	0.010216704844408559
1263.0	0.01205175348521977
1264.0	0.012360619779332647
1265.0	0.011936367449546507
1266.0	0.011022353726093026
1267.0	0.011854100253044527
1268.0	0.01042946026724601
1269.0	0.008760469486040364
1270.0	0.013168322029045653
1271.0	0.009880349913783542
1272.0	0.013093142264126485
1273.0	0.009686935893022336
1274.0	0.014179307713593044
1275.0	0.010215048902449987
1276.0	0.011056797318831324
1277.0	0.01130220791709169
1278.0	0.011680756248821244
1279.0	0.010814897317523161
1280.0	0.0113381087387535
1281.0	0.01273459771125645
1282.0	0.009848754541213865
1283.0	0.014064782767738114
1284.0	0.01140341908959964
1285.0	0.012141571777052622
1286.0	0.007279262522936934
1287.0	0.012078712220305291
1288.0	0.009146502675422693
1289.0	0.011294656821760665
1290.0	0.010977908243925048
1291.0	0.013046908364643124
1292.0	0.009731116424477005
1293.0	0.010039916480911477
1294.0	0.010265853201739098
1295.0	0.01348142753457241
1296.0	0.01141375216742119
1297.0	0.010717594168037532
1298.0	0.011320820704706101
1299.0	0.01274221504426588
1300.0	0.012968615428841871
1301.0	0.01060161199325909
1302.0	0.012645176845493563
1303.0	0.011674066243308705
1304.0	0.010328182857059654
1305.0	0.011595972020542359
1306.0	0.012072817066932837
1307.0	0.010892859064932698
1308.0	0.011993530565956288
1309.0	0.011620347486172569
1310.0	0.011390833930714493
1311.0	0.01082019633179059
1312.0	0.012066524487490264
1313.0	0.011089253781219334
1314.0	0.012947816797842269
1315.0	0.01158232705880382
1316.0	0.011222192801653461
1317.0	0.011289225332136579
1318.0	0.01524394591759817
1319.0	0.012622788510213638
1320.0	0.012156144066288056
1321.0	0.01253118180106556
1322.0	0.013272116471008913
1323.0	0.012791495876953074
1324.0	0.01297821989220159
1325.0	0.012859654447967836
1326.0	0.010920215226088338
1327.0	0.009845310181940067
1328.0	0.011477207863273546
1329.0	0.008813194678001356
1330.0	0.009855179596013248
1331.0	0.011397258985513721
1332.0	0.009577908674469894
1333.0	0.0124608373866653
1334.0	0.01224635978419118
1335.0	0.009663752705602328
1336.0	0.011040039186210545
1337.0	0.01150767719531127
1338.0	0.009471398487694514
1339.0	0.010097410785713126
1340.0	0.009059930029828581
1341.0	0.00930189626881515
1342.0	0.011811973089618549
1343.0	0.010606977245204926
1344.0	0.00941304309307453
1345.0	0.007855066660771612
1346.0	0.009658784879726613
1347.0	0.007643834704536233
1348.0	0.005891318210940309
1349.0	0.009242216120628153
1350.0	0.009252747911484763
1351.0	0.008488563816442845
1352.0	0.006497856631526021
1353.0	0.010242868727353995
1354.0	0.00717719026061065
1355.0	0.006531041708375865
1356.0	0.0047223556635451495
1357.0	0.004787864727426195
1358.0	0.00809127022174238
1359.0	0.004443892463791748
1360.0	0.004663602842855046
1361.0	0.00574023006664014
1362.0	0.0049728665630378865
1363.0	0.006216081547855475
1364.0	0.005207149231336619
1365.0	0.0057128739054845
1366.0	0.008416364747049107
1367.0	0.0045761028697640415
1368.0	0.006032470703488891
1369.0	0.002476103515581467
1370.0	0.00562497650632353
1371.0	0.006850307317988542
1372.0	0.004515826582472022
1373.0	0.006493352469398674
1374.0	0.006415324484310732
1375.0	0.006454669665246495
1376.0	0.007715636347859852
1377.0	0.00728403163577759
1378.0	0.006591781659416254
1379.0	0.008023641552154239
1380.0	0.005709297070854046
1381.0	0.006090958573465684
1382.0	0.004253194187842506
1383.0	0.00555986486851245
1384.0	0.0046477720377310055
1385.0	0.004166091640821621
1386.0	0.006066715583192283
1387.0	0.006114870375347525
1388.0	0.0069831138630660145
1389.0	0.003933001250733091
1390.0	0.005927815171707143
1391.0	0.004926765138911335
1392.0	0.006048367746291182
1393.0	0.006814009070256613
1394.0	0.005506013636019812
1395.0	0.007617737059269046
1396.0	0.0057423496723470815
1397.0	0.005654650986221171
1398.0	0.005639350082523905
1399.0	0.003827815817524568
1400.0	0.006313848361089472
1401.0	0.005463356571166906
1402.0	0.004845160319192785
1403.0	0.005559732393155795
1404.0	0.004151585589264591
1405.0	0.005709363308532451
1406.0	0.005415930393473497
1407.0	0.006832886808584334
1408.0	0.006513157535223288
1409.0	0.007688280186704212
1410.0	0.005168400189506035
1411.0	0.007222629307953772
1412.0	0.004574778116197184
1413.0	0.006455530755064983
1414.0	0.006697894420121516
1415.0	0.007670594726586694
1416.0	0.007003912494065617
1417.0	0.004980152707655603
1418.0	0.007720405460700508
1419.0	0.004017653003655321
1420.0	0.0070550479817462885
1421.0	0.006705445515452543
1422.0	0.007144468847509175
1423.0	0.00858692676878202
1424.0	0.004349768722866455
1425.0	0.006279007342281211
1426.0	0.008145121454235018
1427.0	0.006552900142229015
1428.0	0.007235413179873979
1429.0	0.00704584094445669
1430.0	0.005343863799436414
1431.0	0.0074671125787174
1432.0	0.004786010072432717
1433.0	0.004751301528980957
1434.0	0.005486539758586913
1435.0	0.004406600650884676
1436.0	0.0028504126358969836
1437.0	0.0018214765405187628
1438.0	0.004892520259207943
1439.0	0.004638565000441407
1440.0	0.0026471954387411543
1441.0	0.002469744698460489
1442.0	0.003329840951742773
1443.0	0.002851207488037222
1444.0	0.003603071374907149
1445.0	0.00203098631711732
1446.0	0.003156165759127775
1447.0	0.00458756198811739
1448.0	0.00379681658406007
1449.0	0.001698870597906032
1450.0	0.004082632166109593
1451.0	0.0054964754103383456
1452.0	0.0036720247980621475
1453.0	0.0027560239442583814
1454.0	0.004999295396696788
1455.0	0.003593268198512372
1456.0	0.003348784927748898
1457.0	0.004140921323051327
1458.0	0.00473043666030295
1459.0	0.00655607955078935
1460.0	0.0019603769520037495
1461.0	0.006126594444414184
1462.0	0.004650024118794756
1463.0	0.003545842020818963
1464.0	0.00439063737040398
1465.0	0.005916687241745662
1466.0	0.00535439559029287
1467.0	0.0008948776581802901
1468.0	0.006317358958041676
1469.0	0.004279159357752884
1470.0	0.004362552594786661
1471.0	0.003701699277959788
1472.0	0.004615646763734709
1473.0	0.0014410073161173276
1474.0	0.005212978147030823
1475.0	0.005563441703143057
1476.0	0.0019365976254787174
1477.0	0.0027019739987306844
1478.0	0.0015334088774056438
1479.0	0.0022694419591516844
1480.0	0.0020972902331384494
1481.0	0.00016831656443715772
1482.0	0.0015299645181316907
1483.0	0.0037447537688826593
1484.0	0.003030512883311364
1485.0	0.003149409515936832
1486.0	0.0031296706877906233
1487.0	0.00519284189281465
1488.0	0.0013166791938676204
1489.0	0.0031294057370773137
1490.0	0.0011640675829656887
1491.0	-0.0009591149586368935
1492.0	-0.0036300168624568345
1493.0	-0.004447919714634736
1494.0	-0.0015220027491947101
1495.0	-0.003138202100760958
1496.0	-0.001824841414578322
1497.0	0.0032899658693803908
1498.0	0.006172232204792366
1499.0	0.005918674372095948
1500.0	0.009875382087907827
1501.0	0.0100979406871399
1502.0	0.008762854042460768
1503.0	0.010514774396951514
1504.0	0.006845339492112826
1505.0	0.003974532275054045
1506.0	0.004321683947249136
1507.0	0.003929225703067578
1508.0	0.0019310998981762278
1509.0	0.0017294061676221611
1510.0	0.004496882606466051
1511.0	0.0048322439719159236
1512.0	0.0055405234664363595
1513.0	-0.0008709526087626139
1514.0	-0.0012230058691550159
1515.0	0.0018186945580283928
1516.0	0.0012435527969771436
1517.0	0.0020786774455241928
1518.0	0.0028083517101492555
1519.0	0.0008902410206962886
1520.0	0.0006584091464962121
1521.0	0.003099201355752899
1522.0	0.0014448491014610913
1523.0	0.0019065919571893625
1524.0	0.0033442807656215512
1525.0	0.00032596223889320975
1526.0	-6.729085742843209e-05
1527.0	0.0022033367561654603
1528.0	-0.00030316323000748594
1529.0	0.0016369383686554403
1530.0	0.0020571502000627574
1531.0	0.000674041238585039
1532.0	2.5905555999967838e-05
1533.0	-0.0007199969398191001
1534.0	-0.000997930238145882
1535.0	0.0016961548530940666
1536.0	0.0009753564373668881
1537.0	0.0008967323131737673
1538.0	0.0023719116475480876
1539.0	0.00047804394836852167
1540.0	-0.00044113631399557955
1541.0	0.0010415941157097671
1542.0	-8.835443914149845e-05
1543.0	-0.00150537709193074
1544.0	0.00017149597299764675
1545.0	-0.0010083295536456834
1546.0	-0.00036595654907641185
1547.0	-0.0015455833626848367
1548.0	-0.0035615271030503596
1549.0	0.0014214672010061783
1550.0	-0.0005920919829390933
1551.0	-0.0021394703867069972
1552.0	-0.001011177773814458
1553.0	-0.003410571434106846
1554.0	-0.003351553662703433
1555.0	-0.0011678961207737715
1556.0	0.000181762813140793
1557.0	-0.0033865271568685037
1558.0	-0.0004435208704159849
1559.0	0.0009730381186248873
1560.0	-0.0006950253350838657
1561.0	-0.001013827280948173
1562.0	-0.001181541082512312
1563.0	0.0016361435165153566
1564.0	-0.000996936672970739
1565.0	-0.0019487058730795058
1566.0	0.0007536589279531487
1567.0	-0.0022649245494885026
1568.0	-0.00041947659317748896
1569.0	-0.000835979114597543
1570.0	0.0028358403466615502
1571.0	-0.0014505322942628053
1572.0	-0.0009385812783506009
1573.0	0.0005734262051822675
1574.0	-0.0005420162981118152
1575.0	0.00029430062864528275
1576.0	-0.0017045537907077464
1577.0	-0.0030393754846734134
1578.0	-0.0011347110439239273
1579.0	-0.0001270372432936781
1580.0	-0.0008500877400846071
1581.0	-0.0016844837741698232
1582.0	-0.005841692942325565
1583.0	-0.0016627578156733279
1584.0	-0.00022308187689085268
1585.0	-0.0001632692533472021
1586.0	-0.0020815786558353827
1587.0	-0.0006368024158205366
1588.0	-0.002935051141283379
1589.0	-0.0010719839625332518
1590.0	-0.0032122558251483275
1591.0	-0.0017405208500479604
1592.0	0.00021832601158603137
1593.0	-0.002631285148402874
1594.0	-0.0021764310112223546
1595.0	-0.0011280210384112348
1596.0	-0.0001170353538639959
1597.0	-0.003034672609511007
1598.0	0.001668533741225117
1599.0	-0.004170979981483097
1600.0	0.0010933257424954631
1601.0	-0.0037098332648600038
1602.0	-0.003327641860821592
1603.0	9.002362863590557e-05
1604.0	-0.0015359126616467146
1605.0	0.00039319348241123196
1606.0	0.0002299176052960352
1607.0	0.00020925144965308777
1608.0	-0.0025274907064396133
1609.0	-0.0024694002625329395
1610.0	-0.0016962740809148863
1611.0	-7.033779063226621e-05
1612.0	-0.0008192209819767637
1613.0	0.0008801728935880476
1614.0	-0.002192791717773015
1615.0	-0.002724150373439714
1616.0	-0.0014105909742220184
1617.0	-0.001882733145450091
1618.0	-0.001357004692442691
1619.0	-0.00020599255587835905
1620.0	-0.0006352789492186196
1621.0	-0.002793766173377987
1622.0	-0.004502234610875897
1623.0	-0.003864895669860745
1624.0	-0.0012849380984056079
1625.0	-0.001865047685332573
1626.0	-0.0022573072164790717
1627.0	-0.005151363858636111
1628.0	-0.004735523713999486
1629.0	-0.003913911551834476
1630.0	-0.002781445965206304
1631.0	-0.00397451902751821
1632.0	-0.004410561664049413
1633.0	-0.002106881448962332
1634.0	-0.0034328272940301148
1635.0	-0.0019019420721695258
1636.0	-0.002004146809852619
1637.0	-0.0034177251033679075
1638.0	-0.0020412399097246314
1639.0	-0.003268359138704715
1640.0	-0.004440633570017019
1641.0	-0.0030469928176828443
1642.0	-0.0031204504029650353
1643.0	-0.0049998120505875725
1644.0	-6.543620243480063e-05
1645.0	0.0010689502768652529
1646.0	-0.003321018092987304
1647.0	-0.0010895369472941148
1648.0	-0.0020659465637464015
1649.0	-0.0029761847395343684
1650.0	-2.907834079184531e-06
1651.0	-0.00023553456041934477
1652.0	-0.001666334650303936
1653.0	-0.0020565408134217435
1654.0	-0.0008842001444311898
1655.0	-0.0015181609638507923
1656.0	-0.0019230056538825922
1657.0	-0.0018859125540105798
1658.0	-0.002212331832884164
1659.0	-0.0008404170390464851
1660.0	-0.003498932497016339
1661.0	-0.002615189392565678
1662.0	-0.003724670504808901
1663.0	-0.0024941731542331143
1664.0	-0.0007123133691314187
1665.0	-0.0014015164122890748
1666.0	-0.00219517627419342
1667.0	-0.0010258825384065462
1668.0	-0.0027424982103406606
1669.0	-0.0031854295654194617
1670.0	-0.0010189938198589485
1671.0	0.00039511437508326795
1672.0	-0.0009935585513751906
1673.0	-0.0007680192566176875
1674.0	-0.0019086983153604685
1675.0	0.0021072258848898813
1676.0	-0.0013821087725345805
1677.0	-0.001770062854588792
1678.0	-0.0012485073753170242
1679.0	-0.0025205357502136112
1680.0	-0.0012248605241486474
1681.0	0.0013389350537908894
1682.0	0.001778620762630951
1683.0	0.006845670680504541
1684.0	0.002008134318089027
1685.0	0.002104510140077916
1686.0	0.0008451993994231309
1687.0	-0.006124594066528063
1688.0	
1689.0	
1690.0	
1691.0	
1692.0	
1693.0	
1694.0	-0.007437491088962175
1695.0	0.00029443310400209186
1696.0	0.0005888595842361891
1697.0	0.004235442490046584
1698.0	0.002274476022705651
1699.0	0.003625062284116954
1700.0	0.0017850458174301794
1701.0	0.0034342977704894624
1702.0	-0.00048730397580068957
1703.0	0.00046817453429534014
1704.0	0.00012274504173722612
1705.0	0.0017521919289720498
1706.0	0.0024912057062436745
1707.0	0.003248567320416091
1708.0	0.001382850634532249
1709.0	0.0013158843417275365
1710.0	0.0018534031014799997
1711.0	0.0018818853031674378
1712.0	0.004108597336019971
1713.0	3.272803686931522e-05
1714.0	0.0047694506528469975
1715.0	0.007172553623126648
1716.0	0.0010754415693428857
1717.0	0.0019005643284600987
1718.0	0.004194772555544118
1719.0	0.0013672847801216724
1720.0	0.0036843450062338306
1721.0	-0.0008907576745870731
1722.0	0.0013483408041155473
1723.0	0.002965732433891998
1724.0	0.0035343166647872097
1725.0	0.002903402778571287
1726.0	0.004665060071778559
1727.0	0.003527295470882957
1728.0	0.0032073674844868513
1729.0	0.005732281545238994
1730.0	0.005714861035834786
1731.0	0.002550091002290432
1732.0	0.001250375277846491
1733.0	0.002858692345689844
1734.0	0.005358701039385157
1735.0	0.006745718023885044
1736.0	0.004420179374944966
1737.0	0.0018891714477851545
1738.0	0.0020466846468845516
1739.0	0.003055352012689944
1740.0	0.0013333710888101492
1741.0	0.0015038006351862534
1742.0	0.0026730281332948773
1743.0	0.0042610102338869965
1744.0	0.0005846866105005569
1745.0	0.0028520023401773053
1746.0	0.00578368198363313
1747.0	0.0057800389113242725
1748.0	0.004501717956984957
1749.0	0.006120036914258301
1750.0	0.006040949126316811
1751.0	0.005963451042655643
1752.0	0.005086662894430984
1753.0	0.004705067629497596
1754.0	0.0036502988395656524
1755.0	0.00530220029975865
1756.0	0.006181373004403714
1757.0	0.00485304260291568
1758.0	0.002179822380353738
1759.0	0.00314775357397826
1760.0	0.002056289110244269
1761.0	0.0028544531342759613
1762.0	0.0036357927880086237
1763.0	0.0009733030693381972
1764.0	0.0020872883437087673
1765.0	0.0032112092698307693
1766.0	0.0036602344913170843
1767.0	0.005295973957994481
1768.0	0.003004613951079237
1769.0	0.004476547639214664
1770.0	0.005506411062089777
1771.0	0.004613129731957803
1772.0	0.005382546603588593
1773.0	0.003259562775021071
1774.0	0.0065010360400865105
1775.0	0.004314993941736444
1776.0	0.005552446248538078
1777.0	0.004240940217349074
1778.0	0.0036302288230277294
1779.0	0.0027613229585258113
1780.0	0.002418278022388103
1781.0	0.0021398810603129514
1782.0	0.001193675825184925
1783.0	0.0014906193371960824
1784.0	0.002209894286321344
1785.0	0.00332036896373971
1786.0	0.004478402294208295
1787.0	0.004447535536100606
1788.0	0.004074418693995137
1789.0	0.0069072054836850135
1790.0	0.006482489490150504
1791.0	0.005656571878893053
1792.0	0.0049727340876812316
1793.0	0.006609533357212176
1794.0	0.005976831053680873
1795.0	0.0072601198338959035
1796.0	0.006459173827373842
1797.0	0.008067358419860539
1798.0	0.006315901729118163
1799.0	0.005781694853282844
1800.0	0.006070623606214452
1801.0	0.003330834516917916
1802.0	0.00575606087176418
1803.0	0.00748069130277769
1804.0	0.003050781612884193
1805.0	0.0033564684984365794
1806.0	0.006828117695743678
1807.0	0.0047407697381245005
1808.0	0.003911407767593251
1809.0	0.005719232722605478
1810.0	0.005588015881808173
1811.0	0.007085517313784013
1812.0	0.004141318749121445
1813.0	0.006716109781665807
1814.0	0.003945188983548119
1815.0	0.007834400505128665
1816.0	0.0040269925163015745
1817.0	0.004589019217040903
1818.0	0.0035026550545394367
1819.0	0.003688253029256153
1820.0	0.0027688078161785877
1821.0	0.003491659599934457
1822.0	0.005716914403863477
1823.0	0.0059349688409682045
1824.0	0.004056534520842561
1825.0	0.005258019768303981
1826.0	0.0030413096248812846
1827.0	0.006620992475565372
1828.0	0.005301405447618567
1829.0	0.0020448299918909203
1830.0	0.004386398158990098
1831.0	0.002317927939698641
1832.0	0.0005376578588771127
1833.0	0.0013796049882933553
1834.0	0.0022488420411869874
1835.0	0.00333109946763138
1836.0	0.0020876195321004815
1837.0	0.001436503153989981
1838.0	-0.0005887800990219494
1839.0	0.001496382015211882
1840.0	0.0009097148981290333
1841.0	0.0019346767328066814
1842.0	0.0018703599471358385
1843.0	0.0015161208433580908
1844.0	0.0006623171695183802
1845.0	-0.0001317401184560842
1846.0	0.002258446504546705
1847.0	0.0017972335502452075
1848.0	0.0019046710645174807
1849.0	0.00044479263384042725
1850.0	0.00035265602326542086
1851.0	-0.0006065317968178718
1852.0	-0.0017859598973910828
1853.0	-0.001465568247246608
1854.0	-0.001187767424276635
1855.0	-0.0029304145037993773
1856.0	-0.0010263462021549157
1857.0	-0.003141977648426471
1858.0	-0.002686461134462523
1859.0	-0.0036726076896313365
1860.0	-0.005396575743861418
1861.0	-0.004528530969177988
1862.0	-0.002529941500538269
1863.0	-0.0005382407504463018
1864.0	-0.0009015544161569932
1865.0	-0.003527348461025372
1866.0	-0.003185098377027747
1867.0	-0.0006368024158205366
1868.0	-0.0021851081470853333
1869.0	-0.0025213306023536947
1870.0	-0.0017052824051694254
1871.0	-0.0015037873876504184
1872.0	-0.002207827670756972
1873.0	-0.0012937477096252416
1874.0	-0.00025043803804649257
1875.0	-0.0014609316097626065
1876.0	-0.004014062921488878
1877.0	-0.0013117643581344739
1878.0	-0.0023044684434591705
1879.0	-0.005688021528570086
1880.0	-0.004288154434471742
1881.0	-0.0022233935251675485
1882.0	-0.004072484553787266
1883.0	-0.00043477749687475566
1884.0	-0.0008592947773742056
1885.0	-0.0011537874952867073
1886.0	-0.0006828376022688376
1887.0	-0.0001243214984817126
1888.0	-0.00031343007015063217
1889.0	-0.00030508412267936776
1890.0	-0.001647258198941156
1891.0	-0.002287909023873451
1892.0	-0.001435827529670717
1893.0	-0.002225380655517835
1894.0	-0.0032333856445396444
1895.0	-0.00315615251159194
1896.0	-0.006288399845070033
1897.0	-0.00688997043978003
1898.0	-0.0051867347788711465
1899.0	-0.0029567108621014696
1900.0	-0.005067043294105595
1901.0	-0.0018621332274853938
1902.0	-0.0019220783263856993
1903.0	-0.0006925745409852099
1904.0	-0.0025360353669459375
1905.0	-0.0024163438821802317
1906.0	-0.0032224564276130694
1907.0	-0.0010000498438528234
1908.0	-0.003782429760323861
1909.0	-0.0028535787969216375
1910.0	-0.0024872181980071122
1911.0	-0.0015300837459525105
1912.0	-0.004764005915686923
1913.0	-0.0041277930152035704
1914.0	-0.002557562612407373
1915.0	-0.004480641127736056
1916.0	-0.003690624338140569
1917.0	-0.006297871833072941
1918.0	-0.0024088590245276097
1919.0	-0.008826627679169157
1920.0	-0.0041496514490567205
1921.0	-0.0008690317160905779
1922.0	-0.002421179232699293
1923.0	-0.0017665522576365885
1924.0	0.00017262201352944486
1925.0	-0.003574046024257102
1926.0	-0.00031588086424928785
1927.0	-0.0015021976833702508
1928.0	0.0009922470453443222
1929.0	-0.0038354861406764145
1930.0	-0.0021245006714015993
1931.0	-0.0006666093710748322
1932.0	-0.0018634579810522514
1933.0	-0.002269362473937445
1934.0	-0.004188334253209055
1935.0	-0.0015123320481567422
1936.0	-0.0038328366335426993
1937.0	-0.002175106257655497
1938.0	-0.001228569834135756
1939.0	-0.0019432081457771702
1940.0	-0.0009692493234233847
1941.0	0.0007510756584978381
1942.0	0.0012413669535917976
1943.0	0.0017302672574406493
1944.0	-9.934989374632384e-05
1945.0	-0.0021019136230866157
1946.0	-0.00010968297156787465
1947.0	0.0005570654986316072
1948.0	-0.0007118497053830495
1949.0	-0.002365407107534619
1950.0	0.0021979715042196256
1951.0	-0.0014335754486069665
1952.0	-0.0032855809350738636
1953.0	0.0005460700440266276
1954.0	0.0014119289753247112
1955.0	-0.0009167228444974508
1956.0	-0.003864895669860745
1957.0	-0.0011275573746628656
1958.0	-0.00035648456107350353
1959.0	0.002566782897232807
1960.0	0.00021455046392051811
1961.0	0.001262827961374983
1962.0	0.000248000491483672
1963.0	0.0008741452648589382
1964.0	0.00023163978493301175
1965.0	-0.0006760151213994901
1966.0	-0.0005306896551152754
1967.0	0.0012548794399738375
1968.0	-0.0012778506668229507
1969.0	0.0003054285586069173
1970.0	0.0003981613082869479
1971.0	0.002613679173499596
1972.0	-0.0001789675831145878
1973.0	0.00010221136145093361
1974.0	-0.003237889806666991
1975.0	-0.0016033426181997963
1976.0	-0.0020050741373493575
1977.0	0.000599921276519419
1978.0	2.3911801882457897e-06
1979.0	0.0016689311672950817
1980.0	-0.0011747186016429646
1981.0	-0.0005877202961684017
1982.0	-0.0006633637248359386
1983.0	0.0006681460852125844
1984.0	-0.0016627578156733279
1985.0	-0.00012551377669176104
1986.0	-0.0004570333567978705
1987.0	0.0003947831866915536
1988.0	-0.0018789575977845776
1989.0	-0.00013637675594008574
1990.0	-0.00010120454873995529
1991.0	-0.0004142438165884632
1992.0	0.0011061758520940742
1993.0	0.0016724417642472852
1994.0	0.002166376131650103
1995.0	0.002430333279846476
1996.0	0.0015489747318162203
1997.0	0.002610499764939107
1998.0	0.0030251476313655295
1999.0	0.002673822985434961
2000.0	0.0024523904267346854
2001.0	0.003183985584031784
2002.0	0.004830323079244042
2003.0	0.0038815345746607047
2004.0	0.0036901739219280345
2005.0	0.0027647673177997644
2006.0	0.0032547274245020097
2007.0	0.003965722663834412
2008.0	0.005259013333479124
2009.0	0.007315494532990458
2010.0	0.008455180026558096
2011.0	0.006864084755083737
2012.0	0.004476282688501354
2013.0	0.004972005473219398
2014.0	0.009521606647878447
2015.0	0.00842855247986429
2016.0	0.0059737841204771935
2017.0	0.007545140563805343
2018.0	0.007681258992799959
2019.0	0.006041743978456894
2020.0	0.004679301172622278
2021.0	0.004239218037712251
2022.0	0.0026930319121543957
2023.0	0.0025926155917865294
2024.0	0.0010828601893172573
2025.0	0.002028866711410379
2026.0	0.0016062040859044062
2027.0	-8.510879290260485e-05
2028.0	-0.00020407166320647724
2029.0	0.002392908991582749
2030.0	0.0008740127895022832
2031.0	0.003464833340205591
2032.0	-0.0012773207653961768
2033.0	0.0019767376585544095
2034.0	0.0027048884565777096
2035.0	0.004989889646371976
2036.0	0.0015467226507524699
2037.0	0.005310281296516605
2038.0	0.003087874712756205
2039.0	0.005938479437920408
2040.0	0.004038650347689983
2041.0	0.006298679932749015
2042.0	0.003773302208248348
2043.0	0.006509646938271084
2044.0	0.0035025225791826277
2045.0	0.009237248294752438
2046.0	0.005863962049784669
2047.0	0.009604205032771988
2048.0	0.005275109089316474
2049.0	0.00905847280090507
2050.0	0.00956724440825663
2051.0	0.0059164222910321985
2052.0	0.010972874180370927
2053.0	0.008152540074209543
2054.0	0.011718445487798435
2055.0	0.010939556628164428
2056.0	0.008512078192254567
2057.0	0.011628892146678739
2058.0	0.01379565908063112
2059.0	0.01155960753513218
2060.0	0.012700617782266522
2061.0	0.01131625030490035
2062.0	0.011512711258865391
2063.0	0.00909874530933757
2064.0	0.002289313262654548
2065.0	
2066.0	
2067.0	
2068.0	
2069.0	
2070.0	0.0027821878272038182
2071.0	0.002558370712083292
2072.0	0.00789686263580603
2073.0	0.014402396214251892
2074.0	0.013638874495993403
2075.0	0.009961954733501938
2076.0	0.008630179972739951
2077.0	0.002435168630365537
2078.0	0.0030899943184633004
2079.0	0.0024108594024137312
2080.0	0.0008025423345702242
2081.0	0.0003986249720353172
2082.0	0.002375753432892005
2083.0	0.0032555222766420936
2084.0	0.0014932688443297973
2085.0	0.0030093830639198933
2086.0	0.002810603791213006
2087.0	0.005022014920368272
2088.0	0.00647692552516961
2089.0	0.004520728170669487
2090.0	0.006702862245997232
2091.0	0.00398824347447099
2092.0	0.004909675817898842
2093.0	0.007851026162392635
2094.0	0.006315901729118163
2095.0	0.004947961195981057
2096.0	0.004576500295834161
2097.0	0.005908937433379422
2098.0	0.004643267875603813
2099.0	0.006875610111115491
2100.0	0.00662708634197304
2101.0	0.005614577190823729
2102.0	0.00888181691276464
2103.0	0.007912892153964976
2104.0	0.00883882865952002
2105.0	0.007089491574484586
2106.0	0.011046861667079893
2107.0	0.010997382121357792
2108.0	0.00818744733069621
2109.0	0.00878424881256555
2110.0	0.007538384320614246
2111.0	0.011101905177782886
2112.0	0.008206656257415644
2113.0	0.006574692338403761
2114.0	0.00960837800650762
2115.0	0.007968730516808053
2116.0	0.010044751831430537
2117.0	0.008577852206849076
2118.0	0.011924113479053075
2119.0	0.009952019081750507
2120.0	0.008815645472100012
2121.0	0.010230482281503908
2122.0	0.010283869850248331
2123.0	0.00940529328470829
2124.0	0.009793843505867681
2125.0	0.00828574404535698
2126.0	0.010554450766278992
2127.0	0.011458528837980885
2128.0	0.009961027406005046
2129.0	0.00866899525224894
2130.0	0.007923357707143181
2131.0	0.010447278202720182
2132.0	0.008665352179940081
2133.0	0.00795415822757262
2134.0	0.009809608073313316
2135.0	0.00917054695266119
2136.0	0.0077604130184197
2137.0	0.00881975220815724
2138.0	0.009548764095999028
2139.0	0.008544932080712697
2140.0	0.011038714432643686
2141.0	0.010406475792860907
2142.0	0.012623649600032127
2143.0	0.012179658442099778
2144.0	0.01286482098687861
2145.0	0.01335305891394388
2146.0	0.010203192358026672
2147.0	0.011843104798439702
2148.0	0.012333727281925376
2149.0	0.009533661905336822
2150.0	0.012782487552698382
2151.0	0.012828390263790028
2152.0	0.010354479215361747
2153.0	0.010760052519855226
2154.0	0.013766580739838503
2155.0	0.01293682134323729
2156.0	0.00917564725389356
2157.0	0.013114868222622979
2158.0	0.012353929773819954
2159.0	0.010633339841185268
2160.0	0.011008775002032737
2161.0	0.010895972235814783
2162.0	0.009340049171540556
2163.0	0.011658964052646499
2164.0	0.00887539185796526
2165.0	0.011676781988120671
2166.0	0.011537417912887316
2167.0	0.013199188787153496
2168.0	0.01141189751242756
2169.0	0.010067537592780425
2170.0	0.011969552526396197
2171.0	0.01102016788270768
2172.0	0.011653797513735723
2173.0	0.01130267158084006
2174.0	0.011471511422936152
2175.0	0.010325003448499166
2176.0	0.011616638176185306
2177.0	0.013602841198974938
2178.0	0.011175693951456792
2179.0	0.010512853504279633
2180.0	0.01006210610315634
2181.0	0.010990692115845099
2182.0	0.01139003907857441
2183.0	0.01068652869689463
2184.0	0.010757734201113225
2185.0	0.012027709207981276
2186.0	0.011048252658325155
2187.0	0.008116440539512675
2188.0	0.01019365413234536
2189.0	0.012114016902862077
2190.0	0.01407061168343232
2191.0	0.01120324882564749
2192.0	0.010224653365809704
2193.0	0.011703078346422764
2194.0	0.010203126120348268
2195.0	0.011513042447257106
2196.0	0.012471302939843505
2197.0	0.012780964086096464
2198.0	0.009760393478304527
2199.0	0.012827661649328194
2200.0	0.012474946012152363
2201.0	0.01318892194701035
2202.0	0.011573782398297495
2203.0	0.011152510764036784
2204.0	0.010111121985130072
2205.0	0.008957062915362059
2206.0	0.014029676798216388
2207.0	0.011602860739090112
2208.0	0.013388098645787355
2209.0	0.012431759045872837
2210.0	0.010874511228031751
2211.0	0.01160696747514734
2212.0	0.012777784677535976
2213.0	0.011179204548408995
2214.0	0.011803163478398916
2215.0	0.01407869268019012
2216.0	0.012028504060121358
2217.0	0.011460648443687826
2218.0	0.010258898245513097
2219.0	0.011295186723187437
2220.0	0.011907951485537319
2221.0	0.01247117046448685
2222.0	0.011918814464785644
2223.0	0.013409427178213732
2224.0	0.015625077518783035
2225.0	0.01260344710813755
2226.0	0.014865000159798497
2227.0	0.014246207768719352
2228.0	0.014065842570591663
2229.0	0.01309837504071551
2230.0	0.015904865472103295
2231.0	0.016297323716284853
2232.0	0.012493227611375059
2233.0	0.014784918806682019
2234.0	0.016520743405335412
2235.0	0.01273373662143796
2236.0	0.013127652094543186
2237.0	0.012841306611066888
2238.0	0.013349150890921712
2239.0	0.015109748381275436
2240.0	0.011208812790628232
2241.0	0.009945461551594469
2242.0	0.011635847102904742
2243.0	0.013576809791386157
2244.0	0.011764281961211676
2245.0	0.013378825370819351
2246.0	0.013704052371482887
2247.0	0.00950392118776093
2248.0	0.010757270537364855
2249.0	0.010104564454974188
2250.0	0.013187862144156801
2251.0	0.011341619335705704
2252.0	0.011766401566918617
2253.0	0.01230756339897994
2254.0	0.010361036745517785
2255.0	0.014654099391954833
2256.0	0.013261783393187516
2257.0	0.01189298177023192
2258.0	0.015016353254811977
2259.0	0.012796397465150386
2260.0	0.0117452717475273
2261.0	0.015463523821304814
2262.0	0.011396729084086949
2263.0	0.013620924085162574
2264.0	0.010015077351532897
2265.0	0.003924390352548516
2266.0	
2267.0	
2268.0	
2269.0	
2270.0	
2271.0	
2272.0	
2273.0	0.007265551323519989
2274.0	0.004386795585060063
2275.0	-0.00021268256139105152
2276.0	0.0006647017259387855
2277.0	0.0013136322606639404
2278.0	0.003933862340551579
2279.0	0.007197922653931848
2280.0	0.00740153727715795
2281.0	0.005835612323453886
2282.0	0.006663450827383219
2283.0	0.01012814506846416
2284.0	0.006307622019325303
2285.0	0.00742869472527853
2286.0	0.007331126625079439
2287.0	0.009423508646252582
2288.0	0.010907696304881595
2289.0	0.00792468246071004
2290.0	0.009745158812285664
2291.0	0.007942765346897522
2292.0	0.008057886431857477
2293.0	0.008224143004498103
2294.0	0.007627076571915453
2295.0	0.0038342408723237966
2296.0	0.008376887090756844
2297.0	0.009314878853770261
2298.0	0.007680927804408245
2299.0	0.011402425524424498
2300.0	0.007478240508679035
2301.0	0.002126103623217602
2302.0	0.0020315824562223443
2303.0	0.004266971624937856
2304.0	0.0016789992944031685
2305.0	-0.00043173056367092153
2306.0	7.909441170933053e-05
2307.0	0.002912477340504385
2308.0	0.0036047935545441253
2309.0	0.0010183446906113548
2310.0	0.0025891712325127308
2311.0	0.0010417928287446724
2312.0	-0.002219882928215345
2313.0	0.005063016043262607
2314.0	0.004685130088316482
2315.0	0.007342387030397728
2316.0	0.006485668898710993
2317.0	0.0057247304499079684
2318.0	0.005771825439209663
2319.0	0.0038078782763433
2320.0	0.0042965136294788415
2321.0	0.005910129711589625
2322.0	0.0028306075700725245
2323.0	4.961864484674937e-05
2324.0	-0.002784757849123448
2325.0	0.0006694046011010374
2326.0	0.004094223759819596
2327.0	0.0008420199908626418
2328.0	0.0021026554850842845
2329.0	0.0008581819843782426
2330.0	0.0009833049587680337
2331.0	0.003550014994554595
2332.0	0.006299209834175788
2333.0	0.005229537566616543
2334.0	0.005578345180770205
2335.0	0.005708369743357308
2336.0	0.005243646192103607
2337.0	0.006773140422719088
2338.0	0.0072983389742997135
2339.0	0.00804523503529408
2340.0	0.007069620270981722
2341.0	0.005909334859449541
2342.0	0.0057004212219561624
2343.0	0.0049346474226340765
2344.0	0.0074748623870834864
2345.0	0.007071673639010413
2346.0	0.006726442859487358
2347.0	0.008175060884846121
2348.0	0.006921910248277102
