0.0	-0.0025539900829801153
1.0	-0.0003418519665810454
2.0	0.0021968435575537002
3.0	-0.0002278393897632809
4.0	0.001893738838735617
5.0	0.001917268929267052
6.0	-0.003265465715098533
7.0	0.0009551668723447133
8.0	-0.0002317868720562572
9.0	-0.0010931894296982564
10.0	-0.0016746303509854777
11.0	-0.0005944908333385561
12.0	0.002230203653011015
13.0	-0.0025786811977153985
14.0	0.00022588886910080124
15.0	0.0010477392021981142
16.0	-9.966231765835018e-05
17.0	0.0011846626566387386
18.0	0.0007615854367563251
19.0	0.00024849014026901323
20.0	-0.0005557900265436109
21.0	0.0013398528918864689
22.0	0.0014449642831415763
23.0	0.00047651529390472245
24.0	0.001499377617495125
25.0	0.0019725336813701615
26.0	-0.002050415184964396
27.0	0.0029986468727313037
28.0	-0.0021667498101900374
29.0	-0.00017056219570676194
30.0	-0.0005999863479033301
31.0	-0.0025036790341466863
32.0	-0.00036174418127379144
33.0	0.0019591432022190744
34.0	0.002129117145662546
35.0	-8.975491111880816e-05
36.0	2.750853346987591e-05
37.0	-0.0028394472338996676
38.0	0.002792681178968713
39.0	-0.0006682545710897577
40.0	0.0017836737442108288
41.0	0.0027908235402424476
42.0	0.0013998391424186341
43.0	-7.737065294442569e-05
44.0	0.0009620556159541415
45.0	0.0015670266277727975
46.0	-0.0007298662555072024
47.0	0.0017609176698154731
48.0	4.2988856187854e-05
49.0	0.004715027654087125
50.0	0.004078708988764743
51.0	-0.00034092314721800274
52.0	-0.0002772990208471488
53.0	0.0016760855013208812
54.0	0.0037338073986081196
55.0	-0.0025752755267173352
56.0	0.0023124041666434426
57.0	0.0017834415393700232
58.0	0.0009521482094145995
59.0	0.0018144795864196413
60.0	0.0010261441520066068
61.0	0.0012362895329031595
62.0	0.00037937626884940986
63.0	0.003008941287338795
64.0	-0.0018664315494612623
65.0	0.0025997963579027423
66.0	-6.150332215849814e-05
67.0	9.473957503395386e-06
68.0	0.0003282912038800822
69.0	0.0012026972326052191
70.0	0.002577969102870249
71.0	0.000927766701133784
72.0	-0.001140172209147284
73.0	-0.002235018033376285
74.0	-0.0003373626729929759
75.0	0.00035251790893375395
76.0	0.0036907721014522487
77.0	0.0009611267965910988
78.0	0.0006437801808725479
79.0	-0.0003686329248832196
80.0	0.0026615628455473306
81.0	0.0017357621453987586
82.0	0.0015246105435255015
83.0	-0.0015346108320012577
84.0	-0.0010893967506322437
85.0	-0.0013175767074952768
86.0	0.00025011557415429277
87.0	-0.004640969790204368
88.0	0.0006752052359901155
89.0	-0.0029690175350492523
90.0	0.0004484959097852181
91.0	-0.002158003427854344
92.0	-0.0015224587786676809
93.0	0.0006442445905541593
94.0	-7.938309489783492e-05
95.0	0.0015372270065406896
96.0	-0.0014437413376467982
97.0	-0.003740634220926798
98.0	-0.0006776975679476883
99.0	0.0007865861579458958
100.0	-0.001696302802790647
101.0	0.0019106897921119111
102.0	0.0016982223628076618
103.0	-0.00032002471154873234
104.0	0.0015646271777514389
105.0	-0.0014244683358629877
106.0	-0.0018155012877190783
107.0	-0.001467194026564571
108.0	0.0008202558598574981
109.0	-0.0014606148894094305
110.0	-0.0008889265714344273
111.0	0.0012036260519682617
112.0	0.0019286469664647299
113.0	0.00043851110163219435
114.0	-0.00028194311766254225
115.0	-0.0015639460435519343
116.0	0.0014264652974934843
117.0	-0.001791119779438263
118.0	0.002240111059550377
119.0	0.0014368371137146378
120.0	-5.696758760295234e-06
121.0	-0.0006249096674794191
122.0	-0.0027674637332610694
123.0	-0.0013484599513175711
124.0	0.0035412321839964358
125.0	-0.0003451802359654467
126.0	-0.0013682747643966552
127.0	-0.0008374544983971502
128.0	-0.002293611054863796
129.0	-0.00173941550156018
130.0	-0.002426277420556796
131.0	-0.0023847127540590606
132.0	-0.0015163440511941515
133.0	-0.000911837449057107
134.0	-0.0012500050988312665
135.0	-0.0032112071839719473
136.0	-0.0019527343486139901
137.0	-0.002158545239149437
138.0	-0.0035999954890340033
139.0	-0.0021377242050938283
140.0	-0.003741021228994748
141.0	-0.005167687770683573
142.0	-0.0076488738959211745
143.0	-0.003664006623472807
144.0	-0.00398104363273707
145.0	-0.0056207968166389
146.0	-0.0014710641072440656
147.0	-0.004766050797765703
148.0	-0.0040928115627608
149.0	-0.0012277908357310038
150.0	-0.0042039602798759545
151.0	-0.0034835834621946998
152.0	-0.004260463457796575
153.0	-0.0029122047506741646
154.0	-0.0031530785721658673
155.0	-0.005876376944712682
156.0	-0.006043254823612378
157.0	-0.0044194463721101375
158.0	-0.005576523093665338
159.0	-0.005922353503185005
160.0	-0.007766292143737002
161.0	-0.00463694490629773
162.0	-0.0053929264662301545
163.0	-0.005586662705045686
164.0	-0.006085670907859674
165.0	-0.005897739790063384
166.0	-0.0043003252887953685
167.0	-0.004168897348919698
168.0	-0.007664973431547907
169.0	-0.005819022349042502
170.0	-0.004427573541537076
171.0	-0.0033610567078820475
172.0	-0.0038142431554508563
173.0	-0.0066770192356864376
174.0	-0.002819864625661389
175.0	-0.002380920074993228
176.0	-0.004245834552827977
177.0	-0.005083474815097736
178.0	-0.0036066520278026258
179.0	-0.008223967884894061
180.0	-0.005781095558383455
181.0	-0.006540482789313943
182.0	-0.0029709525753889993
183.0	-0.0009703530689309561
184.0	-0.005179994627244474
185.0	-0.005187347780535513
186.0	-0.003641018344236645
187.0	-0.006271976591770504
188.0	-0.004563877783068946
189.0	-0.003806657797319011
190.0	-0.007682543597832776
191.0	-0.005946348003397871
192.0	-0.009030183092046251
193.0	-0.0041794239683678154
194.0	-0.004630907580437682
195.0	-0.007190269335401073
196.0	-0.00923444595031008
197.0	-0.005549896938590488
198.0	-0.007298863799267726
199.0	-0.007706305893204837
200.0	-0.00809617782085708
201.0	-0.006068952159324366
202.0	-0.00727610772487219
203.0	-0.010836194941939202
204.0	-0.007868849281743607
205.0	-0.008705560724650323
206.0	-0.008769958867157075
207.0	-0.008432642635132296
208.0	-0.007327812002750273
209.0	-0.011623911163443482
210.0	-0.010528833134373855
211.0	-0.009370904995069094
212.0	-0.01044671002235491
213.0	-0.009948398434063158
214.0	-0.008106317432237426
215.0	-0.010317139721205505
216.0	-0.008627926906219626
217.0	-0.010078046136826224
218.0	-0.01056513449114744
219.0	-0.008778473044651963
220.0	-0.009611546611719991
221.0	-0.00941626234063266
222.0	-0.009767123855035672
223.0	-0.011902789177207893
224.0	-0.00935232860780752
225.0	-0.01272115643769384
226.0	-0.012728819197439168
227.0	-0.012472387651616006
228.0	-0.014826170720884574
229.0	-0.011955809282516968
230.0	-0.013313665789724453
231.0	-0.01735062434811885
232.0	-0.014763862421944713
233.0	-0.011934756043620553
234.0	-0.012417277702739858
235.0	-0.011711994199708814
236.0	-0.01424542641411959
237.0	-0.010297402309740083
238.0	-0.01223917658986963
239.0	-0.009874712097925618
240.0	-0.011465470060425012
241.0	-0.006516952698782508
242.0	-0.011929802340350872
243.0	-0.009072831381134353
244.0	-0.009969374271346091
245.0	-0.008543172139338697
246.0	-0.007622712150527755
247.0	-0.007169525702958947
248.0	-0.009792666387520335
249.0	-0.00781366193125398
250.0	-0.006823385686984992
251.0	-0.007768923798598986
252.0	-0.011009806761221362
253.0	-0.007422009766489133
254.0	-0.006777796136580439
255.0	-0.009865656109135637
256.0	-0.008930799420196905
257.0	-0.011453008400637147
258.0	-0.010471246333862868
259.0	-0.010401817086472772
260.0	-0.0092434245374864
261.0	-0.010339199181078623
262.0	-0.00838689828150078
263.0	-0.011170492511034047
264.0	-0.010489822721124442
265.0	-0.010132149864725666
266.0	-0.008070790091599559
267.0	-0.007608238048786482
268.0	-0.01114812344470646
269.0	-0.008378616308846698
270.0	-0.01097575005124181
271.0	-0.011413533577706303
272.0	-0.010889679456929889
273.0	-0.008794030768983604
274.0	-0.011673293392913868
275.0	-0.013200272425815262
276.0	-0.013863991262348574
277.0	-0.012926657721775
278.0	-0.013170085796515206
279.0	-0.015065573911717962
280.0	-0.012197379718531088
281.0	-0.014472677551619401
282.0	-0.014727019253875852
283.0	-0.016221180002615028
284.0	-0.013427213956860785
285.0	-0.0140263798476602
286.0	-0.013180380211122698
287.0	-0.014089539564349442
288.0	-0.014533747424741932
289.0	-0.0138765303237501
290.0	-0.011841487099244735
291.0	-0.011239302545515388
292.0	-0.012740661644318457
293.0	-0.013209870225900337
294.0	-0.012147687882606414
295.0	-0.012137083861544455
296.0	-0.010618851210978754
297.0	-0.01265768711455013
298.0	-0.00976217015176599
299.0	-0.012211699017045217
300.0	-0.011913935009564945
301.0	-0.011262136021524405
302.0	-0.012261855262651503
303.0	-0.010691840932594057
304.0	-0.012485391122698962
305.0	-0.012289874646771008
306.0	-0.011677782686502117
307.0	-0.015187326649894896
308.0	-0.011198511895153552
309.0	-0.009765111413082261
310.0	-0.008779634068855811
311.0	-0.013001659885343532
312.0	-0.012070363670630005
313.0	-0.011855419389690916
314.0	-0.013455697750661902
315.0	-0.010885809376250393
316.0	-0.011909600519203839
317.0	-0.013630315790920767
318.0	-0.011635289200641339
319.0	-0.012284998345114808
320.0	-0.01290777172805914
321.0	-0.011290697216939002
322.0	-0.009348768133582312
323.0	-0.010750975765376841
324.0	-0.010356382339295544
325.0	-0.012485623327539767
326.0	-0.012551182494250369
327.0	-0.010855467943723192
328.0	-0.012169747342479532
329.0	-0.011097580191032226
330.0	-0.010319848777681152
331.0	-0.014624771722323536
332.0	-0.009381354212903729
333.0	-0.008999299848223957
334.0	-0.008417317115641643
335.0	-0.009343117815790215
336.0	-0.008013667700770364
337.0	-0.010276890882138762
338.0	-0.007604522771334131
339.0	-0.010099718588631394
340.0	-0.007854142975161528
341.0	-0.00907972012474378
342.0	-0.008813768180449025
343.0	-0.008950304626821521
344.0	-0.013375200072528416
345.0	-0.011861456715550963
346.0	-0.012156279461714783
347.0	-0.010436183402906613
348.0	-0.010236796846299162
349.0	-0.008163439823066802
350.0	-0.011008645737017514
351.0	-0.008215298904172028
352.0	-0.013052203139017766
353.0	-0.011444262018301454
354.0	-0.012441814014247998
355.0	-0.01704024387762339
356.0	-0.013545948032107786
357.0	-0.014558980350772128
358.0	-0.010238035272116492
359.0	-0.009858148152617454
360.0	-0.009740807306415107
361.0	-0.007993620682850474
362.0	-0.00904767585671764
363.0	-0.012189871762012904
364.0	-0.010130447029226544
365.0	-0.013503841554314777
366.0	-0.014732901776508756
367.0	-0.01427816729666815
368.0	-0.014536766087671866
369.0	-0.016920735786240492
370.0	-0.013953235322817753
371.0	-0.017184133477286926
372.0	-0.014845753329122673
373.0	-0.010411801894625797
374.0	-0.01260033251887995
375.0	-0.014730502326487397
376.0	-0.01840529873489459
377.0	-0.020093118320835816
378.0	-0.017963490324523462
379.0	-0.01972607986919259
380.0	-0.018634562314347812
381.0	-0.017895531707791682
382.0	-0.012650024354804803
383.0	-0.012288017008044742
384.0	-0.011990872213473225
385.0	-0.00995629339864929
386.0	-0.011533660881997778
387.0	-0.012021755457295518
388.0	-0.015547011948247081
389.0	-0.018481926332348582
390.0	-0.0153251015220849
391.0	-0.013832643608844668
392.0	-0.015209386109768014
393.0	-0.012278032199891717
394.0	-0.01134952244326732
395.0	-0.009971696319753788
396.0	-0.008741862081423909
397.0	-0.004618755527104106
398.0	-0.009224228937316252
399.0	-0.00704150343408134
400.0	-0.007560016843519944
401.0	-0.00613218927762727
402.0	-0.007684478638172524
403.0	-0.0049204670168775345
404.0	-0.005568163719397774
405.0	-0.002304989092061474
406.0	-0.007323013102707735
407.0	-0.003525225530306097
408.0	-0.00244322837393309
409.0	-0.003494729294551752
410.0	-0.0002740481530764095
411.0	-0.005538131893324861
412.0	-0.005994956216732359
413.0	-0.005178833603040625
414.0	-0.00377755479060914
415.0	-0.005777148076090479
416.0	-0.005005531390212752
417.0	-0.005471721308864699
418.0	-0.004033676729978196
419.0	-0.0033973580646556338
420.0	-0.0035922553276750142
421.0	-0.0009773192141540462
422.0	-0.003405717438923378
423.0	-0.0063116062179286725
424.0	-0.0062752274595414236
425.0	-0.0047980950657918455
426.0	-0.008476761554878535
427.0	-0.00025284011095267137
428.0	-0.005637360761947065
429.0	-0.004639344356319089
430.0	-0.0019029651110756545
431.0	-0.0057250567901444465
432.0	-0.00262543177232362
433.0	-0.0034155474438492582
434.0	-0.002453213182086114
435.0	-0.0016875564204549534
436.0	-0.002832558490290239
437.0	-0.004190182792656918
438.0	-0.0014880924622338416
439.0	-0.005592390424451266
440.0	-0.0033296316527644796
441.0	-0.0019154267708635189
442.0	0.003100352592988528
443.0	-0.0006407769982653466
444.0	-0.002682941171220945
445.0	0.000815456959814961
446.0	-0.0010850622602713179
447.0	-0.0035729049242775417
448.0	-0.0018160430990141715
449.0	-0.001000771903071819
450.0	-0.0009800282706296925
451.0	-0.00037258040717637607
452.0	-0.0020160488685303764
453.0	0.0015453541759676281
454.0	0.0014742220930784107
455.0	0.0005604186430362718
456.0	-0.00032296597286518423
457.0	-0.001844759097656093
458.0	1.0789784934387481e-05
459.0	0.0010430951053827207
460.0	-0.004655598695172966
461.0	-0.001551329580536746
462.0	-0.0018377155508193408
463.0	9.608636311041075e-05
464.0	0.0008386000422782662
465.0	-0.001619210795655044
466.0	0.003467236241404609
467.0	0.00034206869109911875
468.0	0.0006500497115734011
469.0	0.0004404461419719416
470.0	0.0022023390721186546
471.0	-0.0009606778672322198
472.0	0.00042666865475290505
473.0	0.003019003497105481
474.0	0.0019238480664221925
475.0	0.0022048933253669767
476.0	0.0010313300601170934
477.0	0.0013780892889998027
478.0	-0.0011768605739888199
479.0	0.0015930335699388925
480.0	-0.0010599841374680852
481.0	0.0009674737289054338
482.0	-0.0004527684788553945
483.0	-0.00042962539639208934
484.0	0.002165960313731406
485.0	0.0012572653701860919
486.0	0.0009046236186704788
487.0	0.0036193304121087434
488.0	-0.0007807191156357244
489.0	0.0015048731320600793
490.0	0.002553819799430239
491.0	-0.0011092115637113278
492.0	0.0018993117549142334
493.0	0.002329277718406075
494.0	0.0013960464633526212
495.0	-0.00017032999086595625
496.0	-0.0007677156445527669
497.0	0.0013417879322262162
498.0	0.001102926552687742
499.0	0.000997737759819153
500.0	0.0003520534992523227
501.0	0.004277089324395669
502.0	0.001986543373430004
503.0	-5.809765116061504e-05
504.0	0.004100458842183395
505.0	0.0018875467096484259
506.0	0.0030827824267036586
507.0	0.0018831348176738382
508.0	0.00485690481179743
509.0	0.003913766150204615
510.0	0.002607613920875213
511.0	0.004971072191842518
512.0	0.002472083695479423
513.0	0.0027357909929801435
514.0	0.0035767595246343035
515.0	0.002038247651308087
516.0	0.0016072754668395406
517.0	0.004790339424110125
518.0	0.0014294065588099363
519.0	0.0014835102867091976
520.0	0.005277505180045003
521.0	0.003885978970925916
522.0	0.002594068638496982
523.0	0.003531092572616268
524.0	0.00452237503786196
525.0	0.006340074531406875
526.0	0.0038492906060842
527.0	0.004923934609166347
528.0	0.00672390913319925
529.0	0.003414680545776965
530.0	0.004310139813398516
531.0	0.005460947004253044
532.0	0.004091944664688507
533.0	0.004853963550480979
534.0	0.008048095938495132
535.0	0.003565923298731719
536.0	0.004600782872428555
537.0	0.007067881903992651
538.0	0.005866763664304695
539.0	0.001311601302926159
540.0	0.0037345040131305366
541.0	0.0034927013722756105
542.0	0.0064325694596467945
543.0	0.00585345058676727
544.0	0.0061972685543335276
545.0	0.005691681214364399
546.0	0.006057713445031099
547.0	0.004844830160077515
548.0	0.004736700105892294
549.0	0.0069205866333310545
550.0	0.004440871138751769
551.0	0.006960603267557172
552.0	0.0062511400773921635
553.0	0.004282971847028393
554.0	0.008502366008654129
555.0	0.007484844396401355
556.0	0.006733739138125131
557.0	0.0025809877658003627
558.0	0.0038275407526655487
559.0	0.00224800602413669
560.0	0.006681106040884005
561.0	0.0035190953225098355
562.0	0.0062915437196860505
563.0	0.0062468829886447195
564.0	0.0071578225789840685
565.0	0.0072185054440386505
566.0	0.006598518519183628
567.0	0.0045162603103884305
568.0	0.0024944527618068293
569.0	0.0049223865768945494
570.0	0.00728437421720354
571.0	0.0038623714787809995
572.0	0.006897985362162842
573.0	0.004841037481011503
574.0	0.004572686086695388
575.0	0.0035803199988593305
576.0	0.0066874529731983405
577.0	0.0034954104287512567
578.0	0.0067927965692942535
579.0	0.007091489396137568
580.0	0.004467419892213138
581.0	0.006669418397231859
582.0	0.005466442518817818
583.0	0.007624554308931108
584.0	0.004907757671925952
585.0	0.007907070198534209
586.0	0.005815523796108224
587.0	0.006628937353324491
588.0	0.00872884313001822
589.0	0.004586386172300763
590.0	0.006787688062797248
591.0	0.00606104171441532
592.0	0.008130760861808991
593.0	0.007888416409659153
594.0	0.004589172630390072
595.0	0.0048819829346006625
596.0	0.0021555884975102526
597.0	0.005220537592442772
598.0	0.0027445373753158375
599.0	0.005174019222675175
600.0	0.005548565630836764
601.0	0.005283078096223439
602.0	0.004956056278806152
603.0	0.007945848406942815
604.0	0.006089448106602955
605.0	0.0046745466101797565
606.0	0.010070213093531021
607.0	0.0036803228836176133
608.0	0.005599263687738142
609.0	0.0058718721708017
610.0	0.004948780527128594
611.0	0.0036434023139350915
612.0	0.004121899089147938
613.0	0.004491104785971716
614.0	0.005723338474322773
615.0	0.004782289656296848
616.0	0.002051328524004706
617.0	0.006346421463721391
618.0	0.0018811997773340908
619.0	0.002994312382370378
620.0	0.004669283300455608
621.0	0.008309713392428962
622.0	0.0033217986094690962
623.0	0.007110917201148703
624.0	0.005751590063283083
625.0	0.007278104686502866
626.0	0.008497257502157123
627.0	0.005250801623356491
628.0	0.005568148239075042
629.0	0.00519058316798352
630.0	0.005001878034051332
631.0	0.007234914586119671
632.0	0.006403853461005054
633.0	0.004279875782484796
634.0	0.004467574695440281
635.0	0.004504108257054673
636.0	0.0038006049911362308
637.0	0.0030943926687421425
638.0	0.0035217269773718195
639.0	0.003790542781369545
640.0	0.00356801314229861
641.0	0.004432821370938493
642.0	0.005165582446793949
643.0	0.0039939542218838135
644.0	0.003698744467651863
645.0	0.0027566894286494142
646.0	0.0056813867997569075
647.0	0.0038965055903740333
648.0	0.005792380713644919
649.0	0.0037012213192868836
650.0	0.004071975048382459
651.0	0.004498070931194806
652.0	0.0039722043684649825
653.0	0.005636184257420484
654.0	0.006865863692523038
655.0	0.005274331713887746
656.0	0.004675785035997086
657.0	0.004523303857225002
658.0	0.003800450187909087
659.0	0.003239443292609525
660.0	0.004352865504100099
661.0	0.005638893313896129
662.0	0.0050682886185114935
663.0	0.005729917611477913
664.0	0.00842837006606212
665.0	0.0026673679665665724
666.0	0.004730585378418765
667.0	0.005773417318315395
668.0	0.004425236012806647
669.0	0.0025777368980296235
670.0	0.0007968805725533872
671.0	0.00487161111837951
672.0	0.003676297999710795
673.0	0.004358361018665054
674.0	0.0036760657948701693
675.0	0.004771685635235069
676.0	0.004029791168975969
677.0	0.00226356374846815
678.0	0.0013818045664521536
679.0	0.002316506452163743
680.0	0.002513029149068403
681.0	0.0020347645786965417
682.0	0.006241929285375039
683.0	0.0012417076458544518
684.0	0.0022325257014187117
685.0	0.004567577580198384
686.0	0.003712367151643756
687.0	0.0027162083847418654
688.0	0.005431611792702367
689.0	0.002498942055395079
690.0	0.001816105020305101
691.0	0.003281627172016015
692.0	0.0024625632970078303
693.0	0.0011465036611388866
694.0	0.0037455724438737467
695.0	0.0013167098094229836
696.0	0.0030831694347716082
697.0	-0.0017456850322610331
698.0	0.00013254252311132125
699.0	-0.001225623590550451
700.0	0.0024409682468161426
701.0	0.00201626559304845
702.0	0.0013629959743497741
703.0	0.002757463444785313
704.0	0.002077567671011607
705.0	0.0018178078558040427
706.0	0.004932371385047573
707.0	0.0006210241064771922
708.0	0.0017818161054847436
709.0	0.00456618435115391
710.0	0.005261560447645414
711.0	-0.00022358230101583693
712.0	0.002975039380586387
713.0	0.0031082475575746607
714.0	0.0010954185961695587
715.0	0.003426677795883398
716.0	-0.0003101173050091903
717.0	0.0028368000987149507
718.0	0.0029035202896294005
719.0	0.004930668549548632
720.0	0.003140059620760178
721.0	0.005665209862516693
722.0	0.003857649980351944
723.0	-0.00015972596980417728
724.0	0.005744546516446331
725.0	0.0029353323528149176
726.0	0.0041994555059649726
727.0	0.0044774821019798235
728.0	0.003505163032063655
729.0	0.00536047970981333
730.0	0.005762348887572005
731.0	0.0049204515365548025
732.0	0.0031514376579578557
733.0	0.0030096379018612123
734.0	0.004870604897402805
735.0	0.0037050913999663784
736.0	0.0035190953225098355
737.0	0.005245615715245824
738.0	0.0049518765916721896
739.0	0.003295946470530145
740.0	0.006839934151970424
741.0	0.0015632339487067848
742.0	0.0041304906682563085
743.0	0.007221833713423052
744.0	0.006401608814210838
745.0	0.007142110051425465
746.0	0.004878112853921169
747.0	0.002529360889535942
748.0	0.0037019179338091206
749.0	0.003684425169137733
750.0	0.006477849403596881
751.0	0.004726637896125608
752.0	0.006106940871274161
753.0	0.005634481421921542
754.0	0.00955913023899694
755.0	0.0020260955979743297
756.0	0.00527657636068178
757.0	0.003880560857974624
758.0	0.006007479797811152
759.0	0.003972978384600881
760.0	0.003458644662296059
761.0	0.006744730167254859
762.0	0.009794353742696544
763.0	0.0029282114043645033
764.0	0.005238339963568446
765.0	0.00493508044152322
766.0	0.006364688244528497
767.0	0.006431718041897414
768.0	0.004598228619180052
769.0	0.003195711380931237
770.0	0.008452287164661504
771.0	0.005196233485775618
772.0	0.00327976953328993
773.0	0.008017909309195076
774.0	0.007527879693557407
775.0	0.004319273203802159
776.0	0.004113617116493676
777.0	0.00670997684275307
778.0	0.0033330218434396305
779.0	0.008227512878796354
780.0	0.0035124387837410327
781.0	0.006226294159429736
782.0	0.005137950070742395
783.0	0.0062187862029115535
784.0	0.006151369397474867
785.0	0.006404163067459341
786.0	0.004235679461125077
787.0	0.008693935002289106
788.0	0.006987074619404878
789.0	0.005752364079418981
790.0	0.007563794042263044
791.0	0.005830771913985396
792.0	0.009566251187447172
793.0	0.007408603807015314
794.0	0.003377295566413192
795.0	0.004973626445091021
796.0	0.004714640646019176
797.0	0.005734561708293307
798.0	0.006982120916135017
799.0	0.0057744235392921004
800.0	0.003973984605577585
801.0	0.004456119256628942
802.0	0.0064604340405391555
803.0	0.007080420965394178
804.0	0.003816007912240547
805.0	0.0071525592692601
806.0	0.004620597685507459
807.0	0.004085288125919884
808.0	0.008640450487298421
809.0	0.00584114373020655
810.0	0.007473311555976534
811.0	0.008177666239644537
812.0	0.005758169200438223
813.0	0.008641301905047982
814.0	0.004979431566110263
815.0	0.0028002665371005585
816.0	0.005382229563231981
817.0	0.004313003673101306
818.0	0.004322369268345755
819.0	0.0046821319683114215
820.0	0.008737589512353733
821.0	0.008966233878898378
822.0	0.006563765194681659
823.0	0.005957323552204867
824.0	0.006985603988746562
825.0	0.007955601010255213
826.0	0.009864247399768251
827.0	0.006610128761222111
828.0	0.007736709247022968
829.0	0.004278327750212999
830.0	0.007115561297964096
831.0	0.007419594836145222
832.0	0.007070745763695442
833.0	0.003521572174144676
834.0	0.005992309081547641
835.0	0.0042037125947124165
836.0	0.0029957830130285137
837.0	0.005956162528001019
838.0	0.007292423985016996
839.0	0.004969756364411527
840.0	0.005124017780296215
841.0	0.01099175670493215
842.0	0.006041613909404366
843.0	0.005935651100399698
844.0	0.007370909221197073
845.0	0.0070427263795759375
846.0	0.00533098969503551
847.0	0.005585331397291961
848.0	0.006580793549671435
849.0	0.006122498595605801
850.0	0.007929594068088939
851.0	0.004056649528891625
852.0	0.008679228695707027
853.0	0.007821696218744702
854.0	0.0016650170705774907
855.0	0.0035252874515970265
856.0	0.003321334199787665
857.0	0.008077353748431968
858.0	0.005848419481883927
859.0	0.006007015388129721
860.0	0.001911618611474954
861.0	0.008563126275322193
862.0	0.004609064845082637
863.0	0.006772362543306414
864.0	0.007463558952664135
865.0	0.005456148104210326
866.0	0.0072757052364815075
867.0	0.0062834939518727735
868.0	0.006554554402664534
869.0	0.007528731111306967
870.0	0.006176370118664257
871.0	0.006031319494796875
872.0	0.004393191744780505
873.0	0.0039962762702915105
874.0	0.003812524839629002
875.0	0.003067766513667112
876.0	0.003959587905449794
877.0	0.0026306022001113746
878.0	0.0033224952239915137
879.0	0.0029111056477612455
880.0	0.005510871045018523
881.0	0.006491472087588774
882.0	0.0055967868361033015
883.0	0.007479813291518013
884.0	0.004138617837683246
885.0	0.007751570356832191
886.0	0.009280948839754765
887.0	0.005521088058012352
888.0	0.007917596817982505
889.0	0.010059841277309868
890.0	0.007220363082764736
891.0	0.0038863659789938657
892.0	0.00534739883711653
893.0	0.001765948774698816
894.0	0.00489947569927187
895.0	0.004394275367370691
896.0	0.00234955694116659
897.0	0.00658466363035093
898.0	0.0038382221753409896
899.0	0.0021590715701217977
900.0	0.004130026258574877
901.0	0.0049528054110354125
902.0	0.007503265980435786
903.0	0.005173322608152939
904.0	0.004502250618328588
905.0	0.005350494901660126
906.0	0.007966437236157798
907.0	0.005623103384723864
908.0	0.00728313579138621
909.0	0.00541288060221365
910.0	0.006873913460336494
911.0	0.008381774294681043
912.0	0.005670473172240841
913.0	0.008197945462405053
914.0	0.008036563098070132
915.0	0.004806284156509714
916.0	0.0015214370773682438
917.0	0.004710306155658249
918.0	0.004577407585124444
919.0	0.0059558529215467315
920.0	0.0058275984478283185
921.0	0.0064304796160799035
922.0	0.007860242222312325
923.0	0.004959848957871984
924.0	0.004409833091702331
925.0	0.006752702533454654
926.0	0.006608193720882364
927.0	0.005252194852400965
928.0	0.004062299846683722
929.0	0.005314503151340827
930.0	0.0052052894745656
931.0	0.004065550714454462
932.0	0.00529987424637241
933.0	0.001269262620292525
934.0	0.004104406324476551
935.0	0.0032427715619939264
936.0	0.005105209188193835
937.0	0.0028017371677586944
938.0	0.006361205171916952
939.0	0.0048772614361716074
940.0	0.0050895740622487135
941.0	0.005972726473309363
942.0	0.0033834102938867213
943.0	0.008085093909790956
944.0	0.005934257871355224
945.0	0.005549417048586145
946.0	0.005741450451902734
947.0	0.006988313045222208
948.0	0.006851699197236051
949.0	0.00611181717293036
950.0	0.0041141589277889495
951.0	0.004011524388168683
952.0	0.004272677432420901
953.0	0.004164702181463004
954.0	0.0027515035205389277
955.0	0.0017202818226807806
956.0	0.0022228504997199756
957.0	0.0028667545231742023
958.0	0.004173448563798698
959.0	0.004718278521858045
960.0	0.00603070028188812
961.0	0.007340722591897016
962.0	0.0065074942216018445
963.0	0.0035118969724459393
964.0	0.005265972339620001
965.0	0.007118889567348498
966.0	0.005776977792540422
967.0	0.001670589986756107
968.0	0.004532437247628645
969.0	0.005658785528588696
970.0	0.006662994063304043
971.0	0.000545402729999725
972.0	0.002503818357051278
973.0	0.0029823151322639447
974.0	0.002050090098187196
975.0	0.0024248687111895896
976.0	0.005813201747700527
977.0	0.00537603743414479
978.0	0.003163202703223483
979.0	0.0016403259558423876
980.0	0.0037648454456577374
981.0	0.0016497689527003184
982.0	0.005495855131981977
983.0	0.0037977411314334413
984.0	0.003595645518350165
985.0	0.0038608234465092018
986.0	0.004164082968554429
987.0	0.003860668643282058
988.0	0.003981260357254963
989.0	0.004477404700366161
990.0	0.0020140983478678966
991.0	0.00013463236667821224
992.0	-0.0013949009194715054
993.0	0.00017735805737979576
994.0	0.00043247377577214683
995.0	0.0030007367162983747
996.0	0.004595751767545212
997.0	0.005123243764160315
998.0	0.00313154544326529
999.0	-4.161110746593233e-05
1000.0	0.004550936233276557
1001.0	0.0033930080939717955
1002.0	0.003352681853291571
1003.0	0.0034144483409363395
1004.0	0.0016223687814895691
1005.0	0.0025825357980721604
1006.0	0.0034447897734635404
1007.0	0.003597116149008481
1008.0	0.0005986550401496057
1009.0	0.003351598230701204
1010.0	0.0016787171561830456
1011.0	0.002635168895313286
1012.0	-0.0019490190711616395
1013.0	0.0054739504753360015
1014.0	0.0006950200490690193
1015.0	-0.003188838117644541
1016.0	0.0003625801187004397
1017.0	0.001040773056975024
1018.0	0.002187090954241302
1019.0	0.0007543096850789474
1020.0	0.0013930278004226876
1021.0	0.0004134329788289617
1022.0	0.004210988346389794
1023.0	-0.0019107826740481255
1024.0	0.0019114638082478102
1025.0	0.0017839059490516345
1026.0	0.0048415018906931145
1027.0	0.002755218797991098
1028.0	0.003146793561142462
1029.0	0.005857630273901232
1030.0	0.0025256456120835913
1031.0	0.003195401774476949
1032.0	0.006340461539474825
1033.0	0.002373551441379456
1034.0	0.0013078860254738083
1035.0	0.0033422326354569354
1036.0	0.00458421892712021
1037.0	0.00026753093721201815
1038.0	0.0006390586824434924
1039.0	0.0035912336263755774
1040.0	0.002011002283324301
1041.0	0.002172462049272885
1042.0	0.005242364847475085
1043.0	-5.546599629845064e-05
1044.0	0.0025500271203644067
1045.0	0.0026930653022785604
1046.0	0.0015020866739707713
1047.0	-0.0012145551598070606
1048.0	-0.0009199646184840456
1049.0	0.002268517451738011
1050.0	0.0007568639383274499
1051.0	0.0021486223522871623
1052.0	-0.000836835285488395
1053.0	0.0005425388702969351
1054.0	0.004459447526013342
1055.0	0.002413645477219056
1056.0	0.001240856228104891
1057.0	0.0009958801210928874
1058.0	0.003103526059145605
1059.0	0.0007848833224469542
1060.0	0.0001321555150433718
1061.0	0.0011574172886551332
1062.0	0.0022117046673629233
1063.0	0.004908531688061851
1064.0	0.004057578348254667
1065.0	0.0001053745567411976
1066.0	0.00270328231527239
1067.0	0.0022128656915667714
1068.0	0.001496591159405997
1069.0	0.0021217639923715066
1070.0	0.004707132689500992
1071.0	0.004196049834966909
1072.0	0.0008940195976086999
1073.0	0.003540535569474199
1074.0	0.002195140722054759
1075.0	-0.0010288686888049853
1076.0	0.0013620671549867316
1077.0	0.0018579018916436419
1078.0	-0.002107537575793771
1079.0	-0.0009530925091005547
1080.0	0.002088016888846242
1081.0	-0.0022969393242481973
1082.0	-0.0021340863292549596
1083.0	-0.00021143024768207995
1084.0	0.002030430088335436
1085.0	0.001279634436513498
1086.0	0.0012222024392298354
1087.0	-0.0017431307790125308
1088.0	-0.0004065597155422659
1089.0	-0.0016737789332359168
1090.0	-0.0021278167985542863
1091.0	0.0020926609856616357
1092.0	0.0012934119237325346
1093.0	0.001413848834478296
1094.0	0.0006105748886425569
1095.0	-0.003031945046897689
1096.0	0.0004887447488519612
1097.0	-0.0002965720226309595
1098.0	-0.00016816274568540326
1099.0	0.00015762064591437366
1100.0	0.0006197082790460199
1101.0	0.0018743884353381445
1102.0	0.00039516619802185566
1103.0	-0.0010047193853649757
1104.0	0.0029810767064464344
1105.0	0.0031956339793175748
1106.0	0.0012467387507377947
1107.0	0.002159613381416891
1108.0	0.0011862106889105363
1109.0	-0.0004095009768587178
1110.0	0.0004343314144982321
1111.0	0.0011441816127311898
1112.0	0.0036914687159744853
1113.0	7.990942587019573e-05
1114.0	0.0022907317148382735
1115.0	0.00014167591351496437
1116.0	0.0013777022809318533
1117.0	0.00015885907173188401
1118.0	0.0017452825438703512
1119.0	0.00037867965432717294
1120.0	0.0019195135760610867
1121.0	0.0019095287679080628
1122.0	0.00013718661992671467
1123.0	-0.0010727554037104172
1124.0	-0.0018932899093769182
1125.0	0.001233735279654657
1126.0	0.0024788950374751892
1127.0	0.0029614940982081563
1128.0	-0.0011271687380641463
1129.0	0.0029493420448745795
1130.0	0.0018236129768232844
1131.0	-0.0006759173308350848
1132.0	-0.0009608326704595437
1133.0	0.00014330134740024394
1134.0	0.00032519513933648654
1135.0	0.0005779888093211409
1136.0	0.0003953210012489994
1137.0	-0.00019811717014465484
1138.0	-0.0018569111509896697
1139.0	0.0005310060298721135
1140.0	-7.631799100042495e-06
1141.0	-0.0006195689561416085
1142.0	0.0007066302911075029
1143.0	-0.0007539381573337305
1144.0	0.00049811034409641
1145.0	6.489351283382905e-05
1146.0	0.0011087316737069838
1147.0	-8.247915944143054e-05
1148.0	-4.323654135139212e-05
1149.0	-0.0007235193231928675
1150.0	-0.00031971510509444485
1151.0	-0.0009021622473583707
1152.0	-0.0021748769796169757
1153.0	-0.0017497099161676714
1154.0	0.002368675139723257
1155.0	0.00022364422230658628
1156.0	-0.0011882386111864978
1157.0	-0.002497564306673157
1158.0	-0.0007056395504535306
1159.0	-0.002144303342248969
1160.0	0.0007452536962889663
1161.0	-0.0009883102432839549
1162.0	-0.0002225760800391323
1163.0	-0.0031566390463910747
1164.0	-0.002764135463876668
1165.0	0.0006937042216380272
1166.0	-0.0008356742612845466
1167.0	-0.0014421159037613384
1168.0	0.003089051957404332
1169.0	-0.00035129496343915624
1170.0	0.001679104164250995
1171.0	-0.0004692550225500772
1172.0	0.0011204193173591295
1173.0	0.0018976089194151116
1174.0	0.0018302695155919069
1175.0	0.00012511196820661968
1176.0	0.002558928305927244
1177.0	-0.002532782040856557
1178.0	0.0019908778637909297
1179.0	-0.0001699429827980068
1180.0	0.0006657622391320046
1181.0	0.0007754403255890236
1182.0	0.0019735399023468663
1183.0	0.0015565774099381624
1184.0	0.0023217697618877113
1185.0	0.0016602955721486156
1186.0	0.0019149468808593551
1187.0	-0.0031162354040971878
1188.0	0.00038463957857355846
1189.0	0.001909296563067257
1190.0	0.001996915189650977
1191.0	0.001394266226240198
1192.0	0.0014784791818258547
1193.0	0.0020572884482510916
1194.0	0.0005423066654561293
1195.0	0.0025463118429120556
1196.0	0.002886104926571675
1197.0	0.004533211263764545
1198.0	0.0027929907854230005
1199.0	0.0003769768188282314
1200.0	0.003844259501200857
1201.0	-0.0006185627351649039
1202.0	0.0037939484523674284
1203.0	0.0019406442165711627
1204.0	0.0018093710799226364
1205.0	0.004194192196240824
1206.0	0.002893225875021909
1207.0	0.0008152247549741553
1208.0	0.0018263220332989307
1209.0	0.0032361150232251236
1210.0	0.004525625905632699
1211.0	0.003048570913496783
1212.0	0.001143407596595291
1213.0	0.0017427282906218489
1214.0	0.0020497804917329085
1215.0	0.0011571850838143275
1216.0	0.002807542288777936
1217.0	0.001982750694363991
1218.0	0.0023805175866025464
1219.0	0.004289937992251482
1220.0	0.002480443069746987
1221.0	0.004313932492464348
1222.0	0.0002107955544507726
1223.0	0.0025980935224036205
1224.0	0.004586850581982375
1225.0	0.004231499773991115
1226.0	0.004610225869286486
1227.0	0.0017267835582222594
1228.0	0.005216822314990421
1229.0	0.005965992532927079
1230.0	0.004574853331875941
1231.0	0.00254073892673362
1232.0	0.004177473447705336
1233.0	0.004758991770606219
1234.0	0.002746085407587635
1235.0	0.004492962424697801
1236.0	0.004185910223586742
1237.0	0.008755004875411459
1238.0	0.004321827457050481
1239.0	0.004468503514803324
1240.0	0.004248450727367409
1241.0	0.002213949314157138
1242.0	0.0018222971493922924
1243.0	0.004046587319124939
1244.0	0.004621603906484163
1245.0	0.004759378778674168
1246.0	0.002947639209375638
1247.0	0.00722748403121497
1248.0	0.005607700463619368
1249.0	0.005160551341910607
1250.0	0.005424413442638471
1251.0	0.00163305020416501
1252.0	0.007870923644987765
1253.0	0.006633658851753366
1254.0	0.008110017229367045
1255.0	0.007288708707564645
1256.0	0.008986513101658893
1257.0	0.008721567378340662
1258.0	0.005049093018341165
1259.0	0.006778786877234411
1260.0	0.005470002993043024
1261.0	0.00485280252627713
1262.0	0.005899581948466917
1263.0	0.003992560992839159
1264.0	0.005410713357033097
1265.0	0.00411462333747038
1266.0	0.006641089406658068
1267.0	0.007321372188499543
1268.0	0.003450827099323588
1269.0	0.004552793872002823
1270.0	0.010262788308142526
1271.0	0.004825015346998431
1272.0	0.005120225101230201
1273.0	0.006577078272219265
1274.0	0.007604120282943449
1275.0	0.006123427414968844
1276.0	0.005876748472457899
1277.0	0.00021242098833605216
1278.0	0.009292791286634053
1279.0	0.0030023621501836543
1280.0	0.0031505862402082946
1281.0	0.005409474931215767
1282.0	0.008018683325330974
1283.0	0.002262093117810014
1284.0	0.0029429177109465826
1285.0	0.005131138728746448
1286.0	0.0042547202580680826
1287.0	0.00205434718693464
1288.0	0.0035767595246343035
1289.0	0.007326635498223692
1290.0	0.0028230226114959144
1291.0	0.004358438420278536
1292.0	0.0031462517498473687
1293.0	0.005077422008915137
1294.0	0.006644108069588001
1295.0	0.0017832093345293977
1296.0	0.00491503342360351
1297.0	0.004142797524817209
1298.0	0.0033691683969862534
1299.0	0.004036757314199059
1300.0	0.004047283933647176
1301.0	0.0024739413342055082
1302.0	0.0022780378502094234
1303.0	0.005541831690454479
1304.0	0.007572927432666687
1305.0	0.004711699384702904
1306.0	0.004455964453401798
1307.0	0.004951102575536291
1308.0	0.002381446405965589
1309.0	0.007629198405746502
1310.0	0.0045800392399864285
1311.0	0.0040433364513541995
1312.0	0.005584402577928919
1313.0	0.0056327785864226
1314.0	0.005265972339620001
1315.0	0.006206556747964315
1316.0	0.0012732101025855012
1317.0	0.004529805592766661
1318.0	0.005598567073215725
1319.0	0.0004051510061748795
1320.0	0.004675165823088331
1321.0	0.004840650472943553
1322.0	0.0026744115134033244
1323.0	0.004215400238364382
1324.0	0.003291766783396363
1325.0	0.004970530380547426
1326.0	0.005198865140637603
1327.0	0.0036454921575021625
1328.0	0.005031677655283439
1329.0	0.00568804333852571
1330.0	0.0030392053182525143
1331.0	0.0050657343652629905
1332.0	0.004269116958195874
1333.0	0.0076299724218824
1334.0	0.004925714846278951
1335.0	0.004553335683297916
1336.0	0.0050983204445844066
1337.0	0.003573276452022759
1338.0	0.004694516226485804
1339.0	0.0036451825510476947
1340.0	0.005490437019030684
1341.0	0.009505877928847058
1342.0	0.005509787422428156
1343.0	0.003165060341949568
1344.0	0.003613215684635034
1345.0	0.0061231178085145565
1346.0	0.004713944031496938
1347.0	0.002469374639003777
1348.0	0.0032194736763032973
1349.0	0.001657896122127257
1350.0	0.0012014588067877088
1351.0	0.0013535529774918436
1352.0	0.002045987812667076
1353.0	-0.0013267874995124018
1354.0	0.00028564291479216066
1355.0	0.0007207947863944889
1356.0	-0.00033488582135795527
1357.0	-0.0028303912451096863
1358.0	-0.001216412798533326
1359.0	-0.0002674690159212688
1360.0	-0.001941433713029794
1361.0	-0.0012908731508067645
1362.0	-0.0029030713602705214
1363.0	-0.003965563310019092
1364.0	-0.003455951086143145
1365.0	-0.004160847581106242
1366.0	-0.000506872206754836
1367.0	-0.002931864760526105
1368.0	-0.0019151945660228933
1369.0	-0.002249182528663271
1370.0	-0.0009364511621787283
1371.0	-0.0018373285427513914
1372.0	-0.00042985760123289503
1373.0	-0.0013127004058390776
1374.0	0.002024083156021101
1375.0	0.0025577672817233958
1376.0	-0.0005856670493892004
1377.0	-0.001525941851279226
1378.0	0.0005543039155625624
1379.0	-0.00318674827407747
1380.0	-0.0011507762302090628
1381.0	-0.0014201338455018817
1382.0	0.001605417828113275
1383.0	-0.00010175216122524119
1384.0	-0.003734519493453269
1385.0	0.0012270013392723727
1386.0	0.0012788604203775992
1387.0	-0.0014544227603222393
1388.0	-0.000934361318611657
1389.0	-0.0014308926697908044
1390.0	-0.0009010786247680041
1391.0	-0.003891954375495034
1392.0	-0.0022053732153713207
1393.0	-0.0027845694898645072
1394.0	-0.0036081226584609417
1395.0	-0.0020219313911632804
1396.0	-0.002377514403995165
1397.0	-0.0020152748523944775
1398.0	-0.004085922819151371
1399.0	-0.0017713823679728407
1400.0	-0.003965950318087041
1401.0	-0.0033029280960759676
1402.0	-0.0007729015526632536
1403.0	-0.0013227626156057635
1404.0	-0.0009072707538551953
1405.0	-0.002087180951419594
1406.0	-0.0011609158415894106
1407.0	-0.001092725020016645
1408.0	0.0010046265034285812
1409.0	-0.00258611175261992
1410.0	-0.0014531069328912471
1411.0	-0.00015454006169351046
1412.0	-0.0029794667528838872
1413.0	-0.0003807075766033146
1414.0	-0.0012096788581510416
1415.0	-0.0003598865425475259
1416.0	-0.00044479611265559976
1417.0	0.0021577557426908055
1418.0	-0.002903922778020082
1419.0	0.00043479582417984354
1420.0	-0.0002404558527782889
1421.0	-0.0026575534419634246
1422.0	-0.0011950499531824441
1423.0	-0.0017476200726007805
1424.0	-0.00012063815494128259
1425.0	-0.0015538838337852486
1426.0	-0.0001420784019056462
1427.0	-0.002295700898430687
1428.0	0.002604285651490812
1429.0	0.0024519592759460512
1430.0	0.003317231914267365
1431.0	-0.0006307921901121426
1432.0	0.004547607963892336
1433.0	0.0015785594681976191
1434.0	0.001592027348962368
1435.0	0.0010534669216038742
1436.0	0.0038752201466368133
1437.0	0.0015756182068811671
1438.0	0.004617114612895913
1439.0	0.0023790469559442306
1440.0	0.004257197109702923
1441.0	0.002599254546607469
1442.0	0.002745388793065218
1443.0	0.0032420749474715094
1444.0	0.004572066873786633
1445.0	0.0032087148520143745
1446.0	0.0052867933736757905
1447.0	0.004875016789377573
1448.0	0.0013183352433084434
1449.0	0.002757231239944507
1450.0	0.006568331889883571
1451.0	0.003988690912159665
1452.0	0.005136324636856935
1453.0	0.005158151891889248
1454.0	0.004439477909707115
1455.0	-0.0008403183580999401
1456.0	0.004424229791829943
1457.0	0.0019513256392466036
1458.0	0.004048212753010218
1459.0	0.002839586556804079
1460.0	0.0024078403561998136
1461.0	0.0006850352409159956
1462.0	0.003643015305867142
1463.0	0.0021640252733916587
1464.0	0.0015337439339291447
1465.0	0.002328116694202227
1466.0	0.0008874404604535592
1467.0	0.002735481386525676
1468.0	0.003025814839101427
1469.0	0.00080763939684231
1470.0	0.004579420027077673
1471.0	0.0005073211361135349
1472.0	0.00025390825322030557
1473.0	0.003846581549608554
1474.0	-0.0002808594950723559
1475.0	0.0014817300495967743
1476.0	0.0030056904195680557
1477.0	0.00194420469079637
1478.0	0.003977467678189131
1479.0	0.0026792878150595236
1480.0	0.0027241033493279982
1481.0	-0.0009020848457447087
1482.0	0.002124860056915102
1483.0	0.0034527621396633354
1484.0	0.0037465012632369697
1485.0	0.004176854234796761
1486.0	0.004661620540710101
1487.0	0.005879612332160689
1488.0	0.006749993476979008
1489.0	0.004480965174591368
1490.0	0.002997021438846024
1491.0	0.0026142704596440157
1492.0	0.00685487266339331
1493.0	0.0034564000155020242
1494.0	0.003484729006075816
1495.0	0.0011115181317962921
1496.0	0.0043098302069440484
1497.0	0.005620007320180268
1498.0	0.005626354252494603
1499.0	0.0023692943526320122
1500.0	0.0034688616752898884
1501.0	0.007188318814738593
1502.0	0.009451232389652522
1503.0	0.006750148280206152
1504.0	0.005274950926796501
1505.0	0.003869956836912845
1506.0	0.007290024534995637
1507.0	0.004716111276677492
1508.0	0.006453777501770533
1509.0	0.006763383956130095
1510.0	0.006126059069830828
1511.0	0.008107385574504881
1512.0	0.007498621883620393
1513.0	0.005611570544298863
1514.0	0.006874842279699537
1515.0	0.00589973675169406
1516.0	0.008093685488899506
1517.0	0.005699808383791338
1518.0	0.005530685858097427
1519.0	0.007343122041918375
1520.0	0.005707238938696039
1521.0	0.011050891537714934
1522.0	0.008446249838801458
1523.0	0.00785799757551829
1524.0	0.005905619274326965
1525.0	0.009524686520949437
1526.0	0.008574659115747013
1527.0	0.009032721864972022
1528.0	0.010552734752650327
1529.0	0.010687645765137543
1530.0	0.008542614847720871
1531.0	0.006794576806406856
1532.0	0.011428147002351988
1533.0	0.010525179778212254
1534.0	0.013700735778964834
1535.0	0.01157691290367172
1536.0	0.00882257648407547
1537.0	0.010678357571506755
1538.0	0.008865689182845003
1539.0	0.00802835852702971
1540.0	0.010076173017777407
1541.0	0.00856304887370853
1542.0	0.00908225889766955
1543.0	0.008079056583931089
1544.0	0.011785587653910138
1545.0	0.01138193823903886
1546.0	0.012363235896131527
1547.0	0.012020424149541794
1548.0	0.011849443985121798
1549.0	0.009120727499623692
1550.0	0.012639559656647436
1551.0	0.00857287887863459
1552.0	0.011056154847438902
1553.0	0.0093618335259562
1554.0	0.011317307891691301
1555.0	0.01075552698025584
1556.0	0.010753514538302431
1557.0	0.009443260023452908
1558.0	0.009612537352373962
1559.0	0.010283841547039119
1560.0	0.010592906190103408
1561.0	0.011731406524397215
1562.0	0.011439447637936185
1563.0	0.010131902179562129
1564.0	0.012349768015366778
1565.0	0.010635322274350704
1566.0	0.009331259888588192
1567.0	0.0117373664486436
1568.0	0.01285179488111088
1569.0	0.01295620965784357
1570.0	0.011948905058584806
1571.0	0.012159979258844402
1572.0	0.01126320416379186
1573.0	0.009631191141249018
1574.0	0.013865136806229689
1575.0	0.012811623443657619
1576.0	0.014032711299651803
1577.0	0.011547113282439613
1578.0	0.01125917927988522
1579.0	0.012194887386573516
1580.0	0.009328009020817454
1581.0	0.01442111259664591
1582.0	0.013035081902091777
1583.0	0.012010981152683863
1584.0	0.0119445705682237
1585.0	0.010381212776935057
1586.0	0.012514943058767712
1587.0	0.0111460955224305
1588.0	0.01304421529249524
1589.0	0.011196948382559021
1590.0	0.014199434375324355
1591.0	0.011049343505443137
1592.0	0.011258560066976465
1593.0	0.01298492565648549
1594.0	0.009877018666010583
1595.0	0.012813016672702272
1596.0	0.013948730548906772
1597.0	0.009917267505077326
1598.0	0.012115395929416553
1599.0	0.012112299864872958
1600.0	0.008523187042709737
1601.0	0.013999660810648955
1602.0	0.012646370998643202
1603.0	0.013798494016928722
1604.0	0.010318981879608858
1605.0	0.009946757519855146
1606.0	0.012383205512437575
1607.0	0.010922791867223666
1608.0	0.010774645178812508
1609.0	0.012921378931728119
1610.0	0.011766933865034903
1611.0	0.011575829281081536
1612.0	0.011831796417223267
1613.0	0.011810356170258903
1614.0	0.009789013031358913
1615.0	0.010174086058968619
1616.0	0.010144209036122849
1617.0	0.011886674161258427
1618.0	0.011940313479476257
1619.0	0.012712084968581127
1620.0	0.013787038578117562
1621.0	0.013182299771139713
1622.0	0.010875112473252221
1623.0	0.010540505297703088
1624.0	0.009672910610974078
1625.0	0.010195758510773787
1626.0	0.010855529865013942
1627.0	0.013580918081127647
1628.0	0.011023878374571954
1629.0	0.011002128521153303
1630.0	0.011765772840831055
1631.0	0.009571669300398464
1632.0	0.012436070814519506
1633.0	0.011638601989702829
1634.0	0.013094448939715186
1635.0	0.009268332376739756
1636.0	0.010149007936165386
1637.0	0.012494122024711923
1638.0	0.011193078301879527
1639.0	0.010576419646408906
1640.0	0.010324941803855243
1641.0	0.011411660458657305
1642.0	0.009155635627352804
1643.0	0.010566047830187752
1644.0	0.013038410171475997
1645.0	0.0112731115703314
1646.0	0.012765259877117347
1647.0	0.012218727083559058
1648.0	0.010967375196651334
1649.0	0.008679615703774977
1650.0	0.009863241178791546
1651.0	0.012194190772051097
1652.0	0.00827937195990158
1653.0	0.013151261724090094
1654.0	0.012096509935700692
1655.0	0.01290140931542189
1656.0	0.012846763776227536
1657.0	0.0147777018304545
1658.0	0.0128288840034882
1659.0	0.013310322040017319
1660.0	0.014366544459065036
1661.0	0.013622405346011722
1662.0	0.010312402742453717
1663.0	0.013449490141251979
1664.0	0.009822218323588905
1665.0	0.011408332189272905
1666.0	0.0068389279309937195
1667.0	0.006321033734463871
1668.0	0.008870565484501202
1669.0	0.0051176708479818795
1670.0	0.0073141738384356475
1671.0	0.01129517103020452
1672.0	0.01088207861847531
1673.0	0.014271340474349472
1674.0	0.01555241458087564
1675.0	0.014325986013543826
1676.0	0.018413178219157993
1677.0	0.014232639667554526
1678.0	0.013864207986866647
1679.0	0.012514788255540388
1680.0	0.009603636166811126
1681.0	0.00847256638742202
1682.0	0.007293739812447988
1683.0	0.007439022641156177
1684.0	0.009769430423120635
1685.0	0.008071548627412726
1686.0	0.008798427180635459
1687.0	0.010118124692343092
1688.0	0.006901545836388049
1689.0	0.01058191516097368
1690.0	0.009091160083232389
1691.0	0.0057679992053641035
1692.0	0.005038953406960816
1693.0	0.006636367908229013
1694.0	0.00977376491348174
1695.0	0.0068291753276815016
1696.0	0.007017803060000029
1697.0	0.01057703885931748
1698.0	0.007844142686685771
1699.0	0.007446840204128827
1700.0	0.007463868559118603
1701.0	0.0078453811125031
1702.0	0.011448039217044554
1703.0	0.00966114556570845
1704.0	0.009370502506678412
1705.0	0.008048482946563082
1706.0	0.01019583591238727
1707.0	0.0049289657140496905
1708.0	0.008149801658752178
1709.0	0.005034851121440697
1710.0	0.0045089845587108724
1711.0	0.006248353619302855
1712.0	0.008369157831665855
1713.0	0.005768386213432053
1714.0	0.008691535552267747
1715.0	0.009173437998478478
1716.0	0.010360778750947399
1717.0	0.009318798228800329
1718.0	0.009063992116862445
1719.0	0.012172827926700396
1720.0	0.011936056390728813
1721.0	0.010070600101598971
1722.0	0.011192691293811577
1723.0	0.00856506131566194
1724.0	0.008123098102063665
1725.0	0.010398860344833588
1726.0	0.00919890312934948
1727.0	0.010197693551113536
1728.0	0.009359279272707877
1729.0	0.01208946638886394
1730.0	0.013436331866941697
1731.0	0.00698428816131557
1732.0	0.010837650092274786
1733.0	0.011277678265533313
1734.0	0.013034307885955878
1735.0	0.00903759816662822
1736.0	0.010111158547120002
1737.0	0.012470824139021475
1738.0	0.010958938420770108
1739.0	0.012028241712514445
1740.0	0.01058686886424354
1741.0	0.010831922372869026
1742.0	0.009221349597290549
1743.0	0.010504590948997451
1744.0	0.01259753058046809
1745.0	0.012306500513370101
1746.0	0.013801590081472317
1747.0	0.012516336287812187
1748.0	0.007941281711741084
1749.0	0.013761418644019236
1750.0	0.012807830764591787
1751.0	0.012757829322212644
1752.0	0.013483469449617867
1753.0	0.014181554602585198
1754.0	0.01352905900002242
1755.0	0.010762647928706074
1756.0	0.012224532204578299
1757.0	0.013855151998076666
1758.0	0.014557262034950454
1759.0	0.014818260275975529
1760.0	0.013309006212586327
1761.0	0.014826697051856935
1762.0	0.011298963709270533
1763.0	0.012524463457239125
1764.0	0.009173128392024192
1765.0	0.009310516256146246
1766.0	0.009107724028540733
1767.0	0.00967097557063433
1768.0	0.011149655996655527
1769.0	0.012467650672864218
1770.0	0.008815532937238897
1771.0	0.012465251222842859
1772.0	0.010980069061280184
1773.0	0.00882505333571031
1774.0	0.013559013424481674
1775.0	0.012408515840081612
1776.0	0.009708902361293377
1777.0	0.011462281113945202
1778.0	0.011079684937970338
1779.0	0.009459436960693124
1780.0	0.011455469771949256
1781.0	0.011732799753441868
1782.0	0.011684965556243281
1783.0	0.00862651819685224
1784.0	0.008062570040236406
1785.0	0.010205511114086007
1786.0	0.010415269486914609
1787.0	0.008141597087711576
1788.0	0.012012529184955661
1789.0	0.00887219091838666
1790.0	0.011149733398269189
1791.0	0.008904467391253609
1792.0	0.011595644094160439
1793.0	0.012671990932741527
1794.0	0.007980756534671929
1795.0	0.011997203665464827
1796.0	0.009330176265998007
1797.0	0.01222213275455712
1798.0	0.011465299776875135
1799.0	0.00883650877452165
1800.0	0.011165910335509403
1801.0	0.014511285476478132
1802.0	0.010256673580668996
1803.0	0.01098401654357316
1804.0	0.01131034174646821
1805.0	0.011822817830046767
1806.0	0.00970286503543333
1807.0	0.010695231123269387
1808.0	0.01169355713535165
1809.0	0.010065181988647679
1810.0	0.011135104493300591
1811.0	0.009448058923495446
1812.0	0.009366555024385255
1813.0	0.010254583737102104
1814.0	0.011542778792078687
1815.0	0.01279529170319026
1816.0	0.011975066803978225
1817.0	0.01429177450033713
1818.0	0.009292017270498155
1819.0	0.007158596595119968
1820.0	0.010086622235612042
1821.0	0.011135723706209346
1822.0	0.011008320650240494
1823.0	0.011838685160832694
1824.0	0.009416479065150734
1825.0	0.010356289457359148
1826.0	0.011228373437676409
1827.0	0.010486014561735877
1828.0	0.010623479827471414
1829.0	0.00944372443313434
1830.0	0.010355438039609768
1831.0	0.01050250110543056
1832.0	0.011131698822302707
1833.0	0.01175578803267803
1834.0	0.009416556466764396
1835.0	0.008785191504711515
1836.0	0.011426831174920996
1837.0	0.011053368389349774
1838.0	0.011789689939430439
1839.0	0.008551438631670046
1840.0	0.010125477845634131
1841.0	0.010897791146034095
1842.0	0.008721644779954324
1843.0	0.011646729159129766
1844.0	0.012996458496910312
1845.0	0.012153632326530068
1846.0	0.010125864853702081
1847.0	0.008891850928238422
1848.0	0.012091014421135738
1849.0	0.010871629400640676
1850.0	0.010530288284709258
1851.0	0.012451938145305434
1852.0	0.013066971366890775
1853.0	0.01349670512554181
1854.0	0.010681995447345443
1855.0	0.01292548121724842
1856.0	0.008458866301816645
1857.0	0.012320510205429763
1858.0	0.008626440795238758
1859.0	0.009405333232793862
1860.0	0.01167838641908814
1861.0	0.012047050304616825
1862.0	0.011416536760313505
1863.0	0.011128680159372774
1864.0	0.010311551324704156
1865.0	0.01190478613883857
1866.0	0.009948847363422038
1867.0	0.011310496549695355
1868.0	0.00892335338496947
1869.0	0.00971764874362907
1870.0	0.011596727716750806
1871.0	0.010670927016602053
1872.0	0.009335749182176443
1873.0	0.013337335203160298
1874.0	0.011633957892887434
1875.0	0.011367464137297585
1876.0	0.009422129382942833
1877.0	0.010462329667977298
1878.0	0.013294145102777103
1879.0	0.008339745218501697
1880.0	0.010330437318420198
1881.0	0.00782603070910563
1882.0	0.009678947936834124
1883.0	0.010488723618211524
1884.0	0.010776580219152255
1885.0	0.008390830283471025
1886.0	0.006976315795115776
1887.0	0.00961160853301092
1888.0	0.007608919182985986
1889.0	0.007606055323283197
1890.0	0.010823175990533332
1891.0	0.0102528034999895
1892.0	0.008652138130950567
1893.0	0.007705051987064594
1894.0	0.01074082067367376
1895.0	0.008675281213413872
1896.0	0.010738963034947676
1897.0	0.009357499035595273
1898.0	0.010920469818815969
1899.0	0.009146734441789966
1900.0	0.010928596988242906
1901.0	0.011175895143662608
1902.0	0.01104539602314998
1903.0	0.00779003895878633
1904.0	0.01323137239415563
1905.0	0.010926274939835211
1906.0	0.010312712348908005
1907.0	0.00898194640645716
1908.0	0.009750157421336824
1909.0	0.012433206954816716
1910.0	0.008859729258598617
1911.0	0.011357247124303577
1912.0	0.011189053417972888
1913.0	0.010394912862540613
1914.0	0.013389116882651863
1915.0	0.007862719073947345
1916.0	0.0075922778360641595
1917.0	0.008825130737323971
1918.0	0.0067965892483600856
1919.0	0.010738808231720352
1920.0	0.008283551647035543
1921.0	0.007329267153085676
1922.0	0.008961357577242179
1923.0	0.009984297302446243
1924.0	0.009742494661591317
1925.0	0.009655185641461886
1926.0	0.009646671463966998
1927.0	0.0100014030590495
1928.0	0.01353184545811155
1929.0	0.005312722914228404
1930.0	0.010917760762340323
1931.0	0.010088402472724646
1932.0	0.009058419200683829
1933.0	0.009273286080009437
1934.0	0.010830761348665178
1935.0	0.008835812159999411
1936.0	0.009452393413856371
1937.0	0.008289356768054786
1938.0	0.010373704820416874
1939.0	0.006555947631709188
1940.0	0.009415705049014836
1941.0	0.007606906741032757
1942.0	0.009979111394335577
1943.0	0.010821782761488858
1944.0	0.009335594378949298
1945.0	0.008207543262490307
1946.0	0.008349884829882043
1947.0	0.0038574951771248004
1948.0	0.0069591326368988555
1949.0	0.008410025883641353
1950.0	0.008152123707159873
1951.0	0.008348569002451052
1952.0	0.006442089858118387
1953.0	0.006300986716543981
1954.0	0.010151329984573083
1955.0	0.007558995142220507
1956.0	0.004701791978163362
1957.0	0.006499057445720618
1958.0	0.004364166139684295
1959.0	0.00508206610573053
1960.0	0.004043181648126876
1961.0	0.0046374712372700905
1962.0	0.0045568961575231225
1963.0	0.005596632032875978
1964.0	0.003435037170151142
1965.0	0.007589955787656463
1966.0	0.0032864260720585525
1967.0	0.0049528054110354125
1968.0	0.006396268102873208
1969.0	0.005079434450868365
1970.0	0.004865728595746786
1971.0	0.0037684059198827644
1972.0	0.00414241051674926
1973.0	0.007055807252272737
1974.0	0.007259528299241293
1975.0	0.00444543783395368
1976.0	0.0006461796308939065
1977.0	0.005781002676447241
1978.0	0.004951025173922809
1979.0	0.004929662328571927
1980.0	0.0068166362662799755
1981.0	0.0055148185273114995
1982.0	0.0053522751387727295
1983.0	0.003866164157846832
1984.0	0.006533036754086508
1985.0	0.00945432845419612
1986.0	0.004921922167212938
1987.0	0.005506923562725367
1988.0	0.008662819553626007
1989.0	0.005600579515169134
1990.0	0.006873526452268545
1991.0	0.005082220908957673
1992.0	0.006149279553907795
1993.0	0.005630611341242047
1994.0	0.010142738405464712
1995.0	0.008615140159654562
1996.0	0.005240352405521856
1997.0	0.0067415567010977815
1998.0	0.007234527578051722
1999.0	0.004734997270393353
2000.0	0.007061534971678317
2001.0	0.005328590245014331
2002.0	0.010146840690985013
2003.0	0.004112610895517152
2004.0	0.004397139227073481
2005.0	0.005507852382088409
2006.0	0.005406688473126459
2007.0	0.0054214721813221995
2008.0	0.005257999973420207
2009.0	0.0032853424494683663
2010.0	0.005482542054444551
2011.0	0.0069297974253483595
2012.0	0.005320850083655342
2013.0	0.00640207322389245
2014.0	0.004194656605922435
2015.0	0.008633793948529799
2016.0	0.008735731873627648
2017.0	0.005399567524676224
2018.0	0.007870536636919816
2019.0	0.0051535851966875166
2020.0	0.006284190566395011
2021.0	0.006972445714436281
2022.0	0.008842004289086604
2023.0	0.0066272345178253695
2024.0	0.004371983702656766
2025.0	0.005356067817838742
2026.0	0.00747803305440559
2027.0	0.007268893894485561
2028.0	0.007220285681151254
2029.0	0.006985526587133081
2030.0	0.0042767023163277195
2031.0	0.004812166679142437
2032.0	0.006981501703226442
2033.0	0.008273412035655197
2034.0	0.005254284695968036
2035.0	0.004533753075059638
2036.0	0.0038804834563609617
2037.0	0.005640596149395071
2038.0	0.006236124164355797
2039.0	0.005731930053431142
2040.0	0.007062231586200554
2041.0	0.004157349028171964
2042.0	0.006996517616262809
2043.0	0.005531846882301275
2044.0	0.007622077457296267
2045.0	0.005437262110494465
2046.0	0.0033240432562633114
2047.0	0.005089496660635051
2048.0	0.0030560014684014847
2049.0	0.00659039134975669
2050.0	0.007685004969144885
2051.0	0.0049927446436476884
2052.0	0.005109388875327617
2053.0	0.007787329902310684
2054.0	0.008619165043561201
2055.0	0.00968243100944567
2056.0	0.009628714289614178
2057.0	0.006589539932007129
2058.0	0.00938311896969342
2059.0	0.00967345242226917
2060.0	0.00962267696375413
2061.0	0.007506207241752237
2062.0	0.009674536044859357
2063.0	0.005015655521270368
2064.0	0.013192671587360686
2065.0	0.010430362801564638
2066.0	0.006815010832394516
2067.0	0.004636852024361335
2068.0	0.007493126369055618
2069.0	0.006126833085966728
2070.0	0.007363091658224602
2071.0	0.006103457798662617
2072.0	0.008497334903770784
2073.0	0.0046976122910294
2074.0	0.008415366594979164
2075.0	0.006724837952562293
2076.0	0.010980146462893666
2077.0	0.005993315302524166
2078.0	0.010656762521315068
2079.0	0.008968323722465268
2080.0	0.006962073898215308
2081.0	0.00958536938600384
2082.0	0.008042368219089373
2083.0	0.010233685301432835
2084.0	0.009450458373516624
2085.0	0.008079366190385377
2086.0	0.009730807017939352
2087.0	0.007039785118259485
2088.0	0.010183296850985743
2089.0	0.009307342789988989
2090.0	0.009889712530639253
2091.0	0.011804938057307611
2092.0	0.010230047425594146
2093.0	0.010734396339745763
2094.0	0.008414902185297552
2095.0	0.010031976696417507
2096.0	0.00832024001187708
2097.0	0.010808547085564914
2098.0	0.008144693152255172
2099.0	0.00905927061843339
2100.0	0.010920779425270257
2101.0	0.010641049993756464
2102.0	0.008969562148282779
2103.0	0.00759800555546992
2104.0	0.008071548627412726
2105.0	0.0067427951269151114
2106.0	0.009179707529179331
2107.0	0.008832870898682961
2108.0	0.008002661191317723
2109.0	0.009422361587783638
2110.0	0.008754385662502884
2111.0	0.007897549800062796
2112.0	0.007499163694915485
2113.0	0.009034192495630337
2114.0	0.006547356052600638
2115.0	0.006937150578639399
2116.0	0.007794141244306631
2117.0	0.006497819019903108
2118.0	0.007560620576105966
2119.0	0.007901961692037383
2120.0	0.009701162199934388
2121.0	0.009498137767488068
2122.0	0.009109039855971725
2123.0	0.007711089312924642
2124.0	0.008625589377489197
2125.0	0.00908504535575886
2126.0	0.009161827756439995
2127.0	0.009182648790495603
2128.0	0.011799365141129175
2129.0	0.008894869591168534
2130.0	0.00911167151083371
2131.0	0.009891105759683907
2132.0	0.00993793373590579
2133.0	0.012774238464293845
2134.0	0.009789090432972396
2135.0	0.010786023216010184
2136.0	0.00846474882444937
2137.0	0.010377497499482887
2138.0	0.006844887855240286
2139.0	0.009588465450547435
2140.0	0.00891762566556389
2141.0	0.009170264532321221
2142.0	0.011185260738906876
2143.0	0.010836953477752369
2144.0	0.010022146691491627
2145.0	0.010285079972856449
2146.0	0.010090801922745824
2147.0	0.005861113346512777
2148.0	0.008612353701565434
2149.0	0.009033186274653634
2150.0	0.010880298381362707
2151.0	0.009902483796881585
2152.0	0.010745000360807543
2153.0	0.010718916017027786
2154.0	0.009813626744480535
2155.0	0.009256799536314754
2156.0	0.00974590033258938
2157.0	0.007495448417463315
2158.0	0.00961772326048445
2159.0	0.009902328993654442
2160.0	0.0073507848016637015
2161.0	0.008320162610263597
2162.0	0.010076405222618212
2163.0	0.011454308747745407
2164.0	0.012446752237194946
2165.0	0.011692009103079853
2166.0	0.011337432311224672
2167.0	0.011323267815937687
2168.0	0.013510250407920041
2169.0	0.009478864765704259
2170.0	0.007373308671218432
2171.0	0.01133449104990822
2172.0	0.010156438491070088
2173.0	0.01041937177243491
2174.0	0.010234227112727928
2175.0	0.009859061491657764
2176.0	0.010788809674099493
2177.0	0.01054878727035717
2178.0	0.013484862678662522
2179.0	0.012865417565102592
2180.0	0.012246127254769987
2181.0	0.012005717842959715
2182.0	0.008632787727553094
2183.0	0.006985294382292275
2184.0	0.008979701759662947
2185.0	0.010230047425594146
2186.0	0.010696856557154667
2187.0	0.010199318984998814
2188.0	0.007904980354967317
2189.0	0.011390684621374552
2190.0	0.007459611470371159
2191.0	0.010908936978390966
2192.0	0.008794944108023913
2193.0	0.007976963855605916
2194.0	0.009943738856925033
2195.0	0.00944163458956745
2196.0	0.01080305157099996
2197.0	0.012037762110986037
2198.0	0.00828215841799089
2199.0	0.00860027904984534
2200.0	0.008987983732317028
2201.0	0.012200150696297483
2202.0	0.009737463556707975
2203.0	0.008891850928238422
2204.0	0.008655001990653355
2205.0	0.009097274810706098
2206.0	0.008285796293829579
2207.0	0.009851011723844307
2208.0	0.01017207361701521
2209.0	0.00965007713496506
2210.0	0.011152519856358315
2211.0	0.010845932064928869
2212.0	0.009419188121626381
2213.0	0.01472824219937063
2214.0	0.010313021955362472
2215.0	0.009598140652246172
2216.0	0.012632825716264971
2217.0	0.009648606504306744
2218.0	0.011960747505464097
2219.0	0.010460085021183264
2220.0	0.009071345270153484
2221.0	0.010775032186880456
2222.0	0.010823717801828605
2223.0	0.009949234371489988
2224.0	0.010966910786969902
2225.0	0.008767234330358697
2226.0	0.014421267399873053
2227.0	0.0100849194001131
2228.0	0.011314908441669942
2229.0	0.012594821523992444
2230.0	0.012428640259614985
2231.0	0.013849966089966
2232.0	0.012229408506234498
2233.0	0.011403533289230368
2234.0	0.014932969467315892
2235.0	0.01065157661320458
2236.0	0.011122410628671921
2237.0	0.01333532276120689
2238.0	0.009695434480528628
2239.0	0.010480596448784584
2240.0	0.010549793491333875
2241.0	0.015905056332391254
2242.0	0.01283174786319099
2243.0	0.01016023117013592
2244.0	0.01309537775907823
2245.0	0.014488839008537063
2246.0	0.012049991565933097
2247.0	0.012097593558290879
2248.0	0.013735876111534573
2249.0	0.013715596888774058
2250.0	0.015491499510980432
2251.0	0.012379645038212548
2252.0	0.012627252800086535
2253.0	0.011904089524316153
2254.0	0.010678202768279611
2255.0	0.011350048774239861
2256.0	0.014321574121569237
2257.0	0.008915690625224144
2258.0	0.01057580043350015
2259.0	0.012348761794390073
2260.0	0.013454211639681033
2261.0	0.011484495377045465
2262.0	0.013228431132839178
2263.0	0.013019911185828086
2264.0	0.013783710308733162
2265.0	0.010979372446757767
2266.0	0.014967180980522587
2267.0	0.010444449895238142
2268.0	0.012065162282196786
2269.0	0.013290816833392703
2270.0	0.011225199971519332
2271.0	0.01264219131150942
2272.0	0.012194422976891904
2273.0	0.013783555505506017
2274.0	0.011545255643713528
2275.0	0.012471752958384517
2276.0	0.012683446371552868
2277.0	0.013566134372931906
2278.0	0.01307742058472541
2279.0	0.015909700429206648
2280.0	0.012766111294866907
2281.0	0.01126529400735893
2282.0	0.014081706521054239
2283.0	0.012629652250107894
2284.0	0.01126691944124421
2285.0	0.010860715773124429
2286.0	0.011076201865358792
2287.0	0.012589635615881957
2288.0	0.012292723026151064
2289.0	0.012855432756949569
2290.0	0.01209643253408703
2291.0	0.013462106604267166
2292.0	0.015268350659000743
2293.0	0.01224875890963197
2294.0	0.016017753081778205
2295.0	0.010994001351726365
2296.0	0.013573023116541514
2297.0	0.011533645401675044
2298.0	0.015215717561759616
2299.0	0.011474587970505922
2300.0	0.01185323666418763
2301.0	0.012135365545722782
2302.0	0.010091575938881723
2303.0	0.010413179643347719
2304.0	0.012824085103445662
2305.0	0.010677893161825144
2306.0	0.013974040876550629
2307.0	0.007650793455938189
2308.0	0.012066400708014296
2309.0	0.009712617638745728
2310.0	0.010780063291763798
2311.0	0.0134954666997243
2312.0	0.011642007660700891
2313.0	0.01364655464945191
2314.0	0.014820891930837693
2315.0	0.013799732442746232
2316.0	0.01404408933684948
2317.0	0.013680456556204139
2318.0	0.01603184017545153
2319.0	0.01242190631923252
2320.0	0.013082683894449559
2321.0	0.011391845645578401
2322.0	0.010559623496259754
2323.0	0.010148466124870293
2324.0	0.013401965550507856
2325.0	0.00850368183608512
2326.0	0.005100178083310492
2327.0	
2328.0	
2329.0	
2330.0	
2331.0	
2332.0	
2333.0	0.005646556073641457
2334.0	0.0035767595246343035
2335.0	0.0026810680521721273
2336.0	0.00377846812964945
2337.0	0.0037847376603503033
2338.0	0.005279595023611894
2339.0	0.00922754172637774
2340.0	0.00628295214057768
2341.0	0.0053733283776691435
2342.0	0.009082800708964644
2343.0	0.00871614926538937
2344.0	0.008716845879911787
2345.0	0.005703059251562077
2346.0	0.012726094660640789
2347.0	0.00434551235080906
2348.0	0.004958610532054654
2349.0	0.003078370534728891



