0.0	0.0009692662426233959
1.0	6.961863560581819e-05
2.0	-0.00019589410731755483
3.0	0.00020956585023125272
4.0	-0.00022691223588025666
5.0	-6.225411529776747e-05
6.0	-0.00011365645604938104
7.0	-0.00020774681066827058
8.0	0.000535743714930988
9.0	-0.00015844687745139978
10.0	0.0005936056266603644
11.0	0.0002778483906134005
12.0	-7.709284674161061e-05
13.0	-0.0003516855526430232
14.0	-0.00035241682482929214
15.0	-0.0002577170767222235
16.0	0.0004257177205888519
17.0	0.00015953464482839678
18.0	-0.0005257892722969702
19.0	-0.000711288650185002
20.0	-0.0006114090574259992
21.0	-0.0002931533080762809
22.0	9.74374483540901e-05
23.0	-0.0002464737668599706
24.0	-0.0003323068397100184
25.0	0.00018162515878517472
26.0	-0.000656534645246559
27.0	2.1080444249525944e-05
28.0	-0.0006356933879413002
29.0	-0.0006132677075656974
30.0	-0.00094520434073152
31.0	-0.0002960479271464794
32.0	-0.0002150900022041343
33.0	-0.000655133040223208
34.0	-0.0007026962019976192
35.0	-0.0005682030590940406
36.0	-0.0009284460197987919
37.0	-0.0004778909441037342
38.0	-0.0004016862883715695
39.0	-0.0014199523379183822
40.0	-0.001401792411962303
41.0	-0.0008807609793265747
42.0	-0.0012679086625469035
43.0	-0.0006786556288779304
44.0	-0.0007567798740986963
45.0	-0.0001658205386618569
46.0	-0.0007931606653600414
47.0	-0.0014715070270423954
48.0	-0.0008443801880652296
49.0	-0.0012282676161225092
50.0	-0.0012268355414245648
51.0	-0.0009835656608300856
52.0	-0.0013705000563296796
53.0	-0.0011523981268088857
54.0	-0.0014232430627560248
55.0	-0.0012030387257002046
56.0	-0.001087040675171246
57.0	-0.0012095592360265865
58.0	-0.000910286093842429
59.0	-0.0009017241153296396
60.0	-0.0021324552046292486
61.0	-0.0014465523636897285
62.0	-0.0013294574048816504
63.0	-0.0010906360967531201
64.0	-0.002205155847802752
65.0	-0.001683088446236807
66.0	-0.0011615390291358284
67.0	-0.0017272694741503629
68.0	-0.001591953650037019
69.0	-0.0011325014294106307
70.0	-0.0018256255831882087
71.0	-0.0019030794955718923
72.0	-0.0014330847675949267
73.0	-0.0019690768103723046
74.0	-0.0008491943966240292
75.0	-0.001075005153774105
76.0	-0.001734186090244189
77.0	-0.0020252933596830013
78.0	-0.0012587372905456513
79.0	-0.0015175771747702428
80.0	-0.0025686285939965268
81.0	-0.0021757526119844197
82.0	-0.002359240991360638
83.0	-0.0016868666858651062
84.0	-0.0023790158100613704
85.0	-0.002367284985408461
86.0	-0.0023041822896779636
87.0	-0.0024202717492301344
88.0	-0.0026955043182943198
89.0	-0.0027997715441703684
90.0	-0.002676521711128759
91.0	-0.0030471243611373787
92.0	-0.002999500260014064
93.0	-0.0028722284299485435
94.0	-0.003897746262008291
95.0	-0.003044351620764986
96.0	-0.0033421012792279868
97.0	-0.004038120052075763
98.0	-0.003451578819430279
99.0	-0.003834613096603484
100.0	-0.003984371546393227
101.0	-0.00424348565768774
102.0	-0.003920933684244472
103.0	-0.003918892216058065
104.0	-0.004076176675430381
105.0	-0.004699769032174291
106.0	-0.004882160503271106
107.0	-0.005727450211117969
108.0	-0.004962935610167026
109.0	-0.0048283815279142606
110.0	-0.005403405223627853
111.0	-0.006052043652747644
112.0	-0.005584943543840877
113.0	-0.006073707591262668
114.0	-0.006092172213962979
115.0	-0.005810114437827896
116.0	-0.006403816043962818
117.0	-0.00557324318886256
118.0	-0.006224623888680434
119.0	-0.006267037675477504
120.0	-0.006144244887552242
121.0	-0.006244551055753282
122.0	-0.006179772527929512
123.0	-0.005589971040120695
124.0	-0.006561588018126075
125.0	-0.005868677152069232
126.0	-0.005416903289397249
127.0	-0.00651664524835194
128.0	-0.006883774355476208
129.0	-0.006642881109486961
130.0	-0.006548211831054202
131.0	-0.0063007066657150765
132.0	-0.006690657558982391
133.0	-0.006408295086103077
134.0	-0.006308171735948746
135.0	-0.006257835833801659
136.0	-0.007383507485690331
137.0	-0.007156356062865807
138.0	-0.0073152554149824925
139.0	-0.006693125602610552
140.0	-0.006999955224051592
141.0	-0.0071560818357958855
142.0	-0.007739850328068977
143.0	-0.007507183894173694
144.0	-0.007807797702032583
145.0	-0.007614162921073516
146.0	-0.007968525234614658
147.0	-0.008345739803973155
148.0	-0.00810819822217017
149.0	-0.008041500104858082
150.0	-0.008143847741245247
151.0	-0.009405170383665803
152.0	-0.008375234448814701
153.0	-0.00840277903449305
154.0	-0.00898834523755722
155.0	-0.009085025514501794
156.0	-0.009585398507878689
157.0	-0.009741768877018026
158.0	-0.009392677817152315
159.0	-0.009821690833030155
160.0	-0.009181340155353232
161.0	-0.009232651087081916
162.0	-0.009338533205702335
163.0	-0.00911479438641326
164.0	-0.009239019249036183
165.0	-0.00888648511596043
166.0	-0.0097570646535785
167.0	-0.009855542641314153
168.0	-0.010023948531850915
169.0	-0.009948505617979045
170.0	-0.010064808365252234
171.0	-0.010021206261152832
172.0	-0.010229954000625664
173.0	-0.01056655249397817
174.0	-0.0098123061733076
175.0	-0.01043501490949341
176.0	-0.010207132214482901
177.0	-0.010370602017763058
178.0	-0.011358367923212419
179.0	-0.010605614616588696
180.0	-0.010713446794372024
181.0	-0.01091552167514636
182.0	-0.01043982911805221
183.0	-0.010524656691646352
184.0	-0.010733160673723855
185.0	-0.010517861954250047
186.0	-0.010848975906206388
187.0	-0.010927435317845978
188.0	-0.011434663987967797
189.0	-0.011784608198717583
190.0	-0.011996738072051554
191.0	-0.011345296432884778
192.0	-0.01180557133472093
193.0	-0.011921660794273103
194.0	-0.012252256761764193
195.0	-0.012086593141925513
196.0	-0.011633813779997624
197.0	-0.011448680038202442
198.0	-0.012450797160305274
199.0	-0.012602048624141864
200.0	-0.012116849528627637
201.0	-0.012191012716173679
202.0	-0.012718686537833595
203.0	-0.012738491826208637
204.0	-0.012706133031971203
205.0	-0.01287472174055439
206.0	-0.013131977201708923
207.0	-0.013503463472275927
208.0	-0.013368726571976736
209.0	-0.013038648588950895
210.0	-0.013663612081044132
211.0	-0.013325886209737911
212.0	-0.014214930370056294
213.0	-0.013663033157229979
214.0	-0.013705172716957127
215.0	-0.014151888613674982
216.0	-0.013702643733980063
217.0	-0.013444474182592838
218.0	-0.013644538064855074
219.0	-0.013437679445196533
220.0	-0.013084261691562396
221.0	-0.013407362119145507
222.0	-0.013521196822790252
223.0	-0.013511751223719079
224.0	-0.013297244715780159
225.0	-0.013439416216638425
226.0	-0.013005010068387918
227.0	-0.01397872945392804
228.0	-0.01338828810295645
229.0	-0.014379009566824913
230.0	-0.014129310584927264
231.0	-0.014166971102514438
232.0	-0.014370173361242201
233.0	-0.014159018517489828
234.0	-0.014394061585990058
235.0	-0.01387598571177343
236.0	-0.013993811942767494
237.0	-0.013991374368813644
238.0	-0.014094179050317438
239.0	-0.0138426518879544
240.0	-0.014375810251010483
241.0	-0.01427452905322813
242.0	-0.014170231357677487
243.0	-0.014134002914788541
244.0	-0.013657304858438484
245.0	-0.014306217514628197
246.0	-0.014333548812585528
247.0	-0.01379734348208713
248.0	-0.01463583845253769
249.0	-0.01433485900858595
250.0	-0.014705461658594569
251.0	-0.013876838862657222
252.0	-0.013543531094142358
253.0	-0.01422175557712719
254.0	-0.014241012411362672
255.0	-0.014266210832110384
256.0	-0.014874903518061549
257.0	-0.01437041711863753
258.0	-0.014932643551093402
259.0	-0.01321887671316378
260.0	-0.01479117285274681
261.0	-0.013800908433994697
262.0	-0.014278733868298466
263.0	-0.014060936635521904
264.0	-0.0139832694354172
265.0	-0.013893688592613163
266.0	-0.01432687595388703
267.0	-0.014228550314523494
268.0	-0.014858267075826628
269.0	-0.013971660489462098
270.0	-0.014546257609733652
271.0	-0.014243267167269815
272.0	-0.014634345438490843
273.0	-0.014387327787942373
274.0	-0.01441121601269023
275.0	-0.01405344109561364
276.0	-0.014367796726637252
277.0	-0.014671640319984882
278.0	-0.014418437325528572
279.0	-0.014583979066669446
280.0	-0.014053715322683562
281.0	-0.013644355246808649
282.0	-0.01399286738286049
283.0	-0.014193144552843746
284.0	-0.013785399369713203
285.0	-0.014026109797656025
286.0	-0.014488944152143553
287.0	-0.013698042813142281
288.0	-0.014810551565679815
289.0	-0.0139589851049019
290.0	-0.014215448354521543
291.0	-0.01376900668487361
292.0	-0.013219090000884798
293.0	-0.013923061358757186
294.0	-0.014480686870374994
295.0	-0.013639083993133502
296.0	-0.01360276414122106
297.0	-0.013631527513876337
298.0	-0.013342796879042756
299.0	-0.013625860154433745
300.0	-0.013859227390840704
301.0	-0.01360617674475651
302.0	-0.013577261023728833
303.0	-0.013730462546728335
304.0	-0.01321189915772105
305.0	-0.01298986664019956
306.0	-0.013524975062418836
307.0	-0.01304273152532371
308.0	-0.013476924385853484
309.0	-0.013301480000525088
310.0	-0.013152056717153887
311.0	-0.01329431962703565
312.0	-0.01293761114856387
313.0	-0.013094956547284806
314.0	-0.013114335260218093
315.0	-0.012635656675030532
316.0	-0.012800680431706157
317.0	-0.012599184474745975
318.0	-0.01323785932032934
319.0	-0.012213895441665344
320.0	-0.012385835814435078
321.0	-0.01264196389763618
322.0	-0.012411338931927304
323.0	-0.012437573321605517
324.0	-0.0123191681667973
325.0	-0.011906761123480072
326.0	-0.012583523062092367
327.0	-0.012418804002160975
328.0	-0.012667314666756007
329.0	-0.012413167112392693
330.0	-0.012227728673853563
331.0	-0.011967091078837894
332.0	-0.011676014279073674
333.0	-0.011210864229329818
334.0	-0.011602704242411424
335.0	-0.011707489452752724
336.0	-0.011231735956309672
337.0	-0.010832248054947969
338.0	-0.011080484492473364
339.0	-0.011164550324206643
340.0	-0.010304117188171705
341.0	-0.01152116739365521
342.0	-0.011350780974280944
343.0	-0.010343880113293905
344.0	-0.011017259918045344
345.0	-0.009782293544000805
346.0	-0.009943874227466955
347.0	-0.009823945588937297
348.0	-0.010309906426312103
349.0	-0.00968710628110308
350.0	-0.009888876465133183
351.0	-0.009708495992548182
352.0	-0.00950032717688922
353.0	-0.009385578383011496
354.0	-0.00956330799392191
355.0	-0.009339691053330358
356.0	-0.008971190810856764
357.0	-0.008978412123695106
358.0	-0.008334100388343459
359.0	-0.008804125585994733
360.0	-0.007550755528598787
361.0	-0.00842511330584544
362.0	-0.008155456687200633
363.0	-0.00744039436783811
364.0	-0.00799079856661786
365.0	-0.007528390787572371
366.0	-0.007675681193733669
367.0	-0.007479852596216079
368.0	-0.007500328217428487
369.0	-0.0072091295389664625
370.0	-0.007206996661756842
371.0	-0.0073596497306167834
372.0	-0.0073047738469808185
373.0	-0.0063233151641371044
374.0	-0.007056263182385785
375.0	-0.0062906821428297495
376.0	-0.006940630767949962
377.0	-0.0065717648893832345
378.0	-0.0060610017370281615
379.0	-0.006212771185329718
380.0	-0.006026510065581108
381.0	-0.005552615219278037
382.0	-0.005124059248516544
383.0	-0.005437683607353888
384.0	-0.004524842631311147
385.0	-0.005636741990360218
386.0	-0.005383325708183173
387.0	-0.005017537266733353
388.0	-0.004856748794802376
389.0	-0.0046495854783993205
390.0	-0.004638464047234873
391.0	-0.004760891199067001
392.0	-0.004810099723260375
393.0	-0.0049721679215171816
394.0	-0.004318837162536114
395.0	-0.00459062665839054
396.0	-0.004349184958261733
397.0	-0.004713724143060034
398.0	-0.004650347220259899
399.0	-0.003945675059875837
400.0	-0.004165787987908728
401.0	-0.0047047051194308975
402.0	-0.0044117087301777935
403.0	-0.004529138855404696
404.0	-0.004569876810108494
405.0	-0.004631882597559588
406.0	-0.005080061038649414
407.0	-0.004717868018781751
408.0	-0.0050172630396634315
409.0	-0.005065344185903093
410.0	-0.0044128665778061
411.0	-0.005184937658013925
412.0	-0.004676368322217375
413.0	-0.005041090325062386
414.0	-0.004245374777502032
415.0	-0.004247294366990633
416.0	-0.004499065286748999
417.0	-0.0046756675197057
418.0	-0.004677160533752263
419.0	-0.004502691178005466
420.0	-0.004585629631785315
421.0	-0.004738069412924238
422.0	-0.0051306406981918296
423.0	-0.00477018444976606
424.0	-0.004455920227765943
425.0	-0.0050569345557624195
426.0	-0.004939169264116975
427.0	-0.005246852036441807
428.0	-0.004506073311866321
429.0	-0.004979023598262388
430.0	-0.004990145029426836
431.0	-0.0047249065135733835
432.0	-0.004475146592326832
433.0	-0.0044239575392959534
434.0	-0.004638189820165235
435.0	-0.004479869391862419
436.0	-0.004325449081885992
437.0	-0.004333736833329144
438.0	-0.004480661603397591
439.0	-0.004682523196450907
440.0	-0.004232364226523293
441.0	-0.004808545769864909
442.0	-0.004570425264248054
443.0	-0.004072520314499604
444.0	-0.003919349261174412
445.0	-0.004614728170859416
446.0	-0.004349367776308158
447.0	-0.004690414842126331
448.0	-0.004402019373711291
449.0	-0.004272827954157169
450.0	-0.003981842563416163
451.0	-0.004355553120215999
452.0	-0.004380477313894073
453.0	-0.004148450743161847
454.0	-0.004833805129961807
455.0	-0.0036201979976880606
456.0	-0.004415334621434261
457.0	-0.004021361731143035
458.0	-0.003741924347008513
459.0	-0.004009691845839028
460.0	-0.0035527686081894203
461.0	-0.0032045306992075006
462.0	-0.004090863058502109
463.0	-0.004290043320206245
464.0	-0.004783560636837932
465.0	-0.0045878843876924575
466.0	-0.004184465898330057
467.0	-0.0037937837328764737
468.0	-0.003998296187604659
469.0	-0.004386083733988045
470.0	-0.0038644429078638536
471.0	-0.004066334970591479
472.0	-0.004007558968629408
473.0	-0.003970355496158581
474.0	-0.0038767526563309165
475.0	-0.003970081269088943
476.0	-0.0038728830076791205
477.0	-0.0036364383341555384
478.0	-0.004878260384945001
479.0	-0.0038285191617188556
480.0	-0.004139584067904826
481.0	-0.003943968758108254
482.0	-0.00362875997620085
483.0	-0.004094001434967919
484.0	-0.003586742295171224
485.0	-0.003735982760496
486.0	-0.004593094702018985
487.0	-0.004290561304671495
488.0	-0.00401212941979288
489.0	-0.0038207798644155477
490.0	-0.0041293767269730735
491.0	-0.0037815349237585974
492.0	-0.0038070075715762306
493.0	-0.0038373553673015665
494.0	-0.003836014701627119
495.0	-0.002507354078731418
496.0	-0.003923645485267962
497.0	-0.0035926229423351172
498.0	-0.003544541796095172
499.0	-0.003625103615270073
500.0	-0.0036102953535005395
501.0	-0.004204027429309771
502.0	-0.003868708662283093
503.0	-0.0038649608923291036
504.0	-0.0037751362921297376
505.0	-0.0038740103856328336
506.0	-0.004233583013500219
507.0	-0.0034868017630633177
508.0	-0.0035220247066966403
509.0	-0.0036702292030906325
510.0	-0.003508343822880536
511.0	-0.0029326193246552675
512.0	-0.0032591323557738276
513.0	-0.0038143507631120946
514.0	-0.003590947110241844
515.0	-0.00378482564859624
516.0	-0.0038575567614443367
517.0	-0.003660631255647343
518.0	-0.002961931151450387
519.0	-0.0035926534120094265
520.0	-0.0030442602117417734
521.0	-0.003767854039942493
522.0	-0.0036296740664335443
523.0	-0.003925168968989119
524.0	-0.0030513291762079993
525.0	-0.00346096347915255
526.0	-0.003529093671162866
527.0	-0.0037477440548232197
528.0	-0.003085820847654769
529.0	-0.003436557269939727
530.0	-0.0034644979613858047
531.0	-0.002575392861718521
532.0	-0.003138838081151036
533.0	-0.0032293939535366707
534.0	-0.0031033409104480754
535.0	-0.002968725888846691
536.0	-0.0034651378245485775
537.0	-0.003921939183500379
538.0	-0.0028522707932013853
539.0	-0.002991060160198797
540.0	-0.0024439162165826632
541.0	-0.00321997882414009
542.0	-0.003411724485284866
543.0	-0.0032336597079559107
544.0	-0.0027283810969970035
545.0	-0.0036032568587086233
546.0	-0.0030537058108129475
547.0	-0.0025892870332553603
548.0	-0.002773628563515369
549.0	-0.0027374915296496365
550.0	-0.0027427627833247832
551.0	-0.0032313440126998656
552.0	-0.0032550189497267037
553.0	-0.0029075427826050783
554.0	-0.003659321059647205
555.0	-0.0021761182480775545
556.0	-0.0025360565120380743
557.0	-0.0026639682052663678
558.0	-0.0024049759726696607
559.0	-0.0021106998570910116
560.0	-0.0027346578499280573
561.0	-0.002047414343314089
562.0	-0.00253355799873532
563.0	-0.0023348347821478144
564.0	-0.0024596690382592003
565.0	-0.003333021316249947
566.0	-0.0028388031971065836
567.0	-0.0028959643063242845
568.0	-0.0027125978056458727
569.0	-0.0028431298908744426
570.0	-0.0022007072753370866
571.0	-0.003027471421134452
572.0	-0.002120114986487876
573.0	-0.0024587244783521966
574.0	-0.0032508446043306763
575.0	-0.0025096697739877467
576.0	-0.0025404441451551203
577.0	-0.0036218738297813333
578.0	-0.0021273058296516242
579.0	-0.0026976981348528425
580.0	-0.0021307184331870728
581.0	-0.002986885814803054
582.0	-0.002804768570775877
583.0	-0.002750563019976994
584.0	-0.002438858250628251
585.0	-0.00214500871049164
586.0	-0.0030299089950883034
587.0	-0.0023506180734989453
588.0	-0.002753488108721786
589.0	-0.0022774299155345016
590.0	-0.0023709718160135475
591.0	-0.0025516874550170895
592.0	-0.0021284941469542403
593.0	-0.0026535171069392866
594.0	-0.0024425755509079315
595.0	-0.0021882147088235987
596.0	-0.0016506991823247799
597.0	-0.002003020027679798
598.0	-0.002797242561193304
599.0	-0.002215789764176542
600.0	-0.0028398086963624903
601.0	-0.0021019245908572037
602.0	-0.0030516643426265404
603.0	-0.0024099120599262664
604.0	-0.0019527755345559235
605.0	-0.0034552656500353657
606.0	-0.0023902895895979333
607.0	-0.002006219343494228
608.0	-0.0024969943894275494
609.0	-0.0027617149208160343
610.0	-0.002593613727023503
611.0	-0.0021011323793223152
612.0	-0.0022079895275240475
613.0	-0.0024329776034646418
614.0	-0.0026517193961484915
615.0	-0.00204948628117509
616.0	-0.0023985164016921815
617.0	-0.0027985527571934427
618.0	-0.002645381703868251
619.0	-0.0030968813394705963
620.0	-0.0027982175907749016
621.0	-0.003072718887652818
622.0	-0.0030914272677487406
623.0	-0.002891454794509716
624.0	-0.0036900649611402683
625.0	-0.0027383446805334275
626.0	-0.0029202486368395853
627.0	-0.002959067002054498
628.0	-0.0026772834529893374
629.0	-0.003081280866165891
630.0	-0.002630542972424408
631.0	-0.0031029448046806314
632.0	-0.003018696154900644
633.0	-0.0029496518726579175
634.0	-0.0029551364140540833
635.0	-0.002913575778140804
636.0	-0.002750654429000207
637.0	-0.0029215893025140334
638.0	-0.0026058625361416628
639.0	-0.0022560706737639927
640.0	-0.0036247379791769386
641.0	-0.0029677203895907838
642.0	-0.0032732702847059953
643.0	-0.0037045380564912607
644.0	-0.004006644878396714
645.0	-0.003663952450159579
646.0	-0.004275113179738905
647.0	-0.002644315265263441
648.0	-0.003439330010312119
649.0	-0.0038764174899120914
650.0	-0.0034310727285435613
651.0	-0.0032871035168942154
652.0	-0.0034465817928247705
653.0	-0.0038688305409808996
654.0	-0.0032507836649817734
655.0	-0.0033537406948576836
656.0	-0.003783363104223986
657.0	-0.003252977481540296
658.0	-0.004156220510139748
659.0	-0.003764197679011716
660.0	-0.0036097468993606958
661.0	-0.003227779060792301
662.0	-0.0034175746627741663
663.0	-0.004237940176942671
664.0	-0.004175172647630999
665.0	-0.003476868649201487
666.0	-0.003960848957738788
667.0	-0.003403954718306965
668.0	-0.004396199665896584
669.0	-0.00410180167162013
670.0	-0.003409073623609996
671.0	-0.0037571896538943937
672.0	-0.003832815385812689
673.0	-0.003948569678946035
674.0	-0.004282517310623671
675.0	-0.003334514330296511
676.0	-0.0034644979613858047
677.0	-0.004089948968269414
678.0	-0.004485079706188947
679.0	-0.0038386655633019886
680.0	-0.004354608560308996
681.0	-0.004453543593160995
682.0	-0.004635843655234596
683.0	-0.0038846443020063397
684.0	-0.004778228443813882
685.0	-0.004094123313665442
686.0	-0.004311707258721269
687.0	-0.004348910731191811
688.0	-0.004251072606619216
689.0	-0.004154483738697856
690.0	-0.0036631602386246907
691.0	-0.0046506823866787235
692.0	-0.004730147297574221
693.0	-0.004932344057046078
694.0	-0.004878869778433464
695.0	-0.004602418422392353
696.0	-0.005201238933830306
697.0	-0.004923477381789057
698.0	-0.005486861661872953
699.0	-0.004614941458580151
700.0	-0.004783012182698373
701.0	-0.005159982994661542
702.0	-0.004467986218837394
703.0	-0.005534272475275249
704.0	-0.005366445508552639
705.0	-0.005025124215664546
706.0	-0.0054782387440112604
707.0	-0.005086642488324983
708.0	-0.004553849761361751
709.0	-0.00503825664534109
710.0	-0.004796754005863096
711.0	-0.00438410320515054
712.0	-0.0045379750609874075
713.0	-0.004482794480607211
714.0	-0.004618384531790193
715.0	-0.004160608143256794
716.0	-0.004626611343884441
717.0	-0.00461887204658085
718.0	-0.005281465586586383
719.0	-0.004762414682788158
720.0	-0.005105381338095215
721.0	-0.004808545769864909
722.0	-0.005030578287386401
723.0	-0.005313123578312141
724.0	-0.005075673405532652
725.0	-0.005182378205362551
726.0	-0.0049849347151005915
727.0	-0.005435398381772153
728.0	-0.005350845035247934
729.0	-0.005254164758303361
730.0	-0.0049338066014183325
731.0	-0.004647574479887506
732.0	-0.0050394754323180154
733.0	-0.005417329864839286
734.0	-0.005330826459151872
735.0	-0.0051699770478722765
736.0	-0.005249259140721349
737.0	-0.0049531548446770275
738.0	-0.00549743463889784
739.0	-0.004670426735704863
740.0	-0.005191458168340591
741.0	-0.0048265533474488725
742.0	-0.0062816935888749224
743.0	-0.00608574311265981
744.0	-0.005980896962969607
745.0	-0.005264829144351461
746.0	-0.005294598016262927
747.0	-0.006082452387822167
748.0	-0.005606363724960573
749.0	-0.004954007995561102
750.0	-0.005473180778056849
751.0	-0.005157697769079807
752.0	-0.005387073478137163
753.0	-0.006467680481553895
754.0	-0.0056599294125964
755.0	-0.0052153463930881645
756.0	-0.005927026578589549
757.0	-0.0058847651401645945
758.0	-0.006257439728034215
759.0	-0.005978246101295021
760.0	-0.006045553612095572
761.0	-0.005611391221240391
762.0	-0.005901127355329878
763.0	-0.005741710018747943
764.0	-0.006204910009328604
765.0	-0.0058821447481643176
766.0	-0.006175171607091731
767.0	-0.005356603803714021
768.0	-0.006315728215205629
769.0	-0.00563598024849964
770.0	-0.0057906138461970855
771.0	-0.005987387003621964
772.0	-0.006096102801963678
773.0	-0.006040069070699406
774.0	-0.006083579765775596
775.0	-0.005303769388264179
776.0	-0.006080502328658972
777.0	-0.006190833019745056
778.0	-0.00598309077952813
779.0	-0.005519372804482502
780.0	-0.006604641668085918
781.0	-0.0062516504898938174
782.0	-0.0057137693273021485
783.0	-0.005848567166949958
784.0	-0.005858195584067842
785.0	-0.00690912512459632
786.0	-0.006118223785594765
787.0	-0.006274868381804309
788.0	-0.006606622196923422
789.0	-0.006447479087411408
790.0	-0.005611665448310029
791.0	-0.006289371946829611
792.0	-0.0059170020557045054
793.0	-0.006099027890708186
794.0	-0.0062920532781787905
795.0	-0.005999392055344511
796.0	-0.005678058868878169
797.0	-0.005926234367054661
798.0	-0.005505265345224361
799.0	-0.00615140526104168
800.0	-0.005618795352125158
801.0	-0.006560460640172362
802.0	-0.005964930853572051
803.0	-0.005561360015837536
804.0	-0.0062520465956612615
805.0	-0.005358889029295756
806.0	-0.00616261810122934
807.0	-0.0062056412815148735
808.0	-0.006231814731844182
809.0	-0.006623075821111919
810.0	-0.0065628372747773105
811.0	-0.006194428441327214
812.0	-0.006228402128309017
813.0	-0.006413109294661877
814.0	-0.005991378530971282
815.0	-0.006381603651308518
816.0	-0.006269261961710337
817.0	-0.006252077065335571
818.0	-0.006501867456256717
819.0	-0.006419599335314233
820.0	-0.005545790012207139
821.0	-0.005729613558002182
822.0	-0.006488887374952288
823.0	-0.0057176999153025635
824.0	-0.006003109355624191
825.0	-0.005710417663115603
826.0	-0.006180381921417975
827.0	-0.005696432082555267
828.0	-0.005824983638946617
829.0	-0.005690216268972832
830.0	-0.005932511119985715
831.0	-0.005934948693939566
832.0	-0.005973188135340609
833.0	-0.005315743970312418
834.0	-0.005634243477057748
835.0	-0.00608982604903234
836.0	-0.005960055705664349
837.0	-0.005005288457615193
838.0	-0.006237482091287057
839.0	-0.005734915281351638
840.0	-0.006006674307531756
841.0	-0.005890036393840025
842.0	-0.00578263079149845
843.0	-0.005655419900781831
844.0	-0.006226573947843628
845.0	-0.005521840848110663
846.0	-0.005867397425743403
847.0	-0.005546216587649177
848.0	-0.005754507282005663
849.0	-0.005502218377782047
850.0	-0.005095052118465657
851.0	-0.004535872653452098
852.0	-0.004898126612668946
853.0	-0.005430645112562256
854.0	-0.00485875979331419
855.0	-0.003983823092253667
856.0	-0.004654704383702351
857.0	-0.004776400263348494
858.0	-0.004952271224118927
859.0	-0.004685966269660665
860.0	-0.004943648306257234
861.0	-0.004757966110322493
862.0	-0.0050031860500798836
863.0	-0.0050263125329671615
864.0	-0.004469601111581764
865.0	-0.004473897335675597
866.0	-0.004524568404241225
867.0	-0.004928535347743185
868.0	-0.004555525593455024
869.0	-0.004626611343884441
870.0	-0.00476692419460301
871.0	-0.0046274949644425425
872.0	-0.004827680725402585
873.0	-0.004466158038372005
874.0	-0.005686194271949205
875.0	-0.004889046649690907
876.0	-0.0055605982739769565
877.0	-0.00538433120743908
878.0	-0.005676047870366072
879.0	-0.005206632066203259
880.0	-0.0050272266231998555
881.0	-0.005811546512525841
882.0	-0.005031736135014424
883.0	-0.004987006652961309
884.0	-0.005154711740986112
885.0	-0.004672620552263386
886.0	-0.005826141486574639
887.0	-0.0048824652000153375
888.0	-0.005241367495045641
889.0	-0.004697849442685691
890.0	-0.006260029650360182
891.0	-0.005801674338012913
892.0	-0.006316703244787226
893.0	-0.005996040391157966
894.0	-0.006003688279438345
895.0	-0.005510841295644023
896.0	-0.006294673670179351
897.0	-0.006142416707086854
898.0	-0.0060791007236356215
899.0	-0.00530002161831019
900.0	-0.005937508146591224
901.0	-0.006321974498462372
902.0	-0.005566600799838372
903.0	-0.0058232468675044405
904.0	-0.005196424725271507
905.0	-0.005883424474490147
906.0	-0.005549172146068279
907.0	-0.005494600959176261
908.0	-0.005489512523547823
909.0	-0.006012311197300037
910.0	-0.0055602021682095125
911.0	-0.00581444113159604
912.0	-0.005582597378910522
913.0	-0.0055415851971368025
914.0	-0.005882845550675993
915.0	-0.006049179503352039
916.0	-0.006218986998912153
917.0	-0.006746203775455722
918.0	-0.006674112525770682
919.0	-0.006111977502338021
920.0	-0.006615123236087308
921.0	-0.005761058262006638
922.0	-0.005533663081786786
923.0	-0.004957664356491879
924.0	-0.0059884839119010835
925.0	-0.005136856511774264
926.0	-0.005748352407772415
927.0	-0.005248192702116538
928.0	-0.0047033949234307594
929.0	-0.004938437991930706
930.0	-0.005396183910789512
931.0	-0.00490970508894974
932.0	-0.005682263683948506
933.0	-0.005203585098760945
934.0	-0.005436586699074769
935.0	-0.005026921926455624
936.0	-0.005055411072041262
937.0	-0.005129178153819576
938.0	-0.005308918763241804
939.0	-0.0048365778703341996
940.0	-0.0052649205533746735
941.0	-0.0048820690942478935
942.0	-0.0049536118897933745
943.0	-0.004459363300975701
944.0	-0.004409850080038096
945.0	-0.004194916996657138
946.0	-0.004778776897953442
947.0	-0.00482646193842566
948.0	-0.0046420289991424375
949.0	-0.005450602749309414
950.0	-0.00411919985571563
951.0	-0.004412379063015159
952.0	-0.004422190298179468
953.0	-0.004701719091337486
954.0	-0.004853488539639043
955.0	-0.004256100102899034
956.0	-0.003874132264330356
957.0	-0.004472434791303343
958.0	-0.0049937099813344
959.0	-0.0038695008738179816
960.0	-0.003909781783405432
961.0	-0.004067431878870882
962.0	-0.0043289530944446535
963.0	-0.0044821241477698455
964.0	-0.004606470889090574
965.0	-0.004158810432465715
966.0	-0.004176818010049962
967.0	-0.004371580168962743
968.0	-0.00352894132279075
969.0	-0.0039627685472273895
970.0	-0.004776735429767035
971.0	-0.0035981379534055923
972.0	-0.003883699742099336
973.0	-0.003911884190940742
974.0	-0.004286813534717505
975.0	-0.0034865580056679894
976.0	-0.003691771262907851
977.0	-0.003826934738649079
978.0	-0.0038947907035891895
979.0	-0.0030571488840227057
980.0	-0.0034042594150511963
981.0	-0.003530952321302564
982.0	-0.003684245253325278
983.0	-0.0034304328653805053
984.0	-0.002863879739156773
985.0	-0.00299590483843219
986.0	-0.0035739755015880975
987.0	-0.002367041228012849
988.0	-0.0032724780731711073
989.0	-0.003632690564201549
990.0	-0.003076679945327826
991.0	-0.0033012109761520734
992.0	-0.0037736737477572
993.0	-0.0035676378093081407
994.0	-0.003047093891463069
995.0	-0.0025858439600456016
996.0	-0.0034267155651011086
997.0	-0.003390304304165454
998.0	-0.0033063908208040074
999.0	-0.0029432227713544644
1000.0	-0.0028939228381378774
1001.0	-0.003138838081151036
1002.0	-0.003347403002577443
1003.0	-0.0026838953723392163
1004.0	-0.0026901111859216507
1005.0	-0.002985941254895766
1006.0	-0.0032571518269363235
1007.0	-0.0022051253781284422
1008.0	-0.0025238686422688174
1009.0	-0.0028078155382181913
1010.0	-0.0024870917452400284
1011.0	-0.002774055138957407
1012.0	-0.0027977910153328643
1013.0	-0.002855896684457853
1014.0	-0.002264754530974588
1015.0	-0.0021930289173823984
1016.0	-0.0031615989279451797
1017.0	-0.002515976996593394
1018.0	-0.0033974646776548925
1019.0	-0.002724328630298782
1020.0	-0.0025738389083227705
1021.0	-0.0021139296425800353
1022.0	-0.002769119051700801
1023.0	-0.00228084251906995
1024.0	-0.00255802514729733
1025.0	-0.0023997047189945136
1026.0	-0.0021073786625790594
1027.0	-0.0020957087772747692
1028.0	-0.002802117709101007
1029.0	-0.0027130243810876264
1030.0	-0.0026100368815374065
1031.0	-0.002741726814394283
1032.0	-0.0019759020174432017
1033.0	-0.0027955057897511284
1034.0	-0.0021876967243583483
1035.0	-0.00237746185666562
1036.0	-0.003369615395232027
1037.0	-0.00263706348275079
1038.0	-0.002633254773447897
1039.0	-0.0029401148645635308
1040.0	-0.0017096884720081533
1041.0	-0.0030517862213243463
1042.0	-0.0032417341716780433
1043.0	-0.002482765051472169
1044.0	-0.0032021845342768617
1045.0	-0.0026633892814524984
1046.0	-0.0022664303630678608
1047.0	-0.0032384434468404008
1048.0	-0.0023364496748921842
1049.0	-0.0029405109703309748
1050.0	-0.0030671124675591297
1051.0	-0.0025172871925935323
1052.0	-0.00220859892101251
1053.0	-0.0020369632449870083
1054.0	-0.0020976588364379637
1055.0	-0.0018778810748238972
1056.0	-0.0021336130522572713
1057.0	-0.0024958974811484297
1058.0	-0.002421124900113926
1059.0	-0.0023678639092223302
1060.0	-0.0026722864263841123
1061.0	-0.0025673183979963883
1062.0	-0.002439802810535539
1063.0	-0.0026562593776373695
1064.0	-0.00286113746845869
1065.0	-0.002184710696264937
1066.0	-0.002594284059860869
1067.0	-0.0027021467073187915
1068.0	-0.0029940766579668017
1069.0	-0.0029580919724731844
1070.0	-0.0031429819568727538
1071.0	-0.002919304076932298
1072.0	-0.0027016591925278512
1073.0	-0.0023559502665229954
1074.0	-0.0019617336188364407
1075.0	-0.0024132332544385023
1076.0	-0.002434897192953243
1077.0	-0.0020945813993213398
1078.0	-0.003040085866345746
1079.0	-0.0023408373080089466
1080.0	-0.0026231997808882604
1081.0	-0.0025711880466479002
1082.0	-0.0024498882727694853
1083.0	-0.002574631119857942
1084.0	-0.0028748183522745102
1085.0	-0.0028565060779463156
1086.0	-0.002468139607749061
1087.0	-0.0018251990077461711
1088.0	-0.002406956501507165
1089.0	-0.002367620151827002
1090.0	-0.002295437493118465
1091.0	-0.0018771193329633186
1092.0	-0.0021801097754268724
1093.0	-0.0009955402428786075
1094.0	-0.0011057795249414784
1095.0	-0.0015037134729077133
1096.0	-0.0016674879729321015
1097.0	-0.0025717669704620537
1098.0	-0.0015671818047310613
1099.0	-0.0019818436039557145
1100.0	-0.0020085655084245827
1101.0	-0.0020290715993115846
1102.0	-0.0017855579613217769
1103.0	-0.0017391526471753883
1104.0	-0.0014517017386673529
1105.0	-0.0018659369624499686
1106.0	-0.0019088077943633863
1107.0	-0.0023589667642907163
1108.0	-0.001530679134772194
1109.0	-0.0019606367105570372
1110.0	-0.0015367730696568222
1111.0	-0.0018290991260722766
1112.0	-0.0015581627811019248
1113.0	-0.0005723774044897841
1114.0	-0.0015892113793389362
1115.0	-0.0008011437200589613
1116.0	-0.0008678113676967393
1117.0	-0.002086933511040961
1118.0	-0.0019758410780942987
1119.0	-0.001765265158155794
1120.0	-0.001411725525824134
1121.0	-0.0018184956793730798
1122.0	-0.001989918067677847
1123.0	-0.0017981114671841681
1124.0	-0.0017632846293182897
1125.0	-0.0018230966002111444
1126.0	-0.0015370777664010537
1127.0	-0.0013897264208905687
1128.0	-0.0016154152993428383
1129.0	-0.0017893666706246696
1130.0	-0.0017038992338677561
1131.0	-0.0010773817883790533
1132.0	-0.00022867947699674212
1133.0	-0.0009282936714266763
1134.0	-0.00041844460930429763
1135.0	3.601058471686553e-05
1136.0	0.0005754152310299757
1137.0	-0.0009952050764597826
1138.0	-0.0013497502080476334
1139.0	-0.0013502681925125998
1140.0	-0.0006685396969693905
1141.0	-0.0005341074934144312
1142.0	-0.0006612574447821461
1143.0	-0.00039815180613831476
1144.0	-0.0009352407571950958
1145.0	-0.0018397025727717568
1146.0	-0.000874758453465159
1147.0	-0.0005588183993714858
1148.0	-0.0010427682382344774
1149.0	-0.0008864892781180686
1150.0	-0.00087296074267408
1151.0	-0.0006709468012486484
1152.0	-0.00037444639943716706
1153.0	-0.0004005284407432631
1154.0	0.00037580839388380203
1155.0	-0.00038197240901973985
1156.0	9.359826937660394e-05
1157.0	-0.0005979414613309137
1158.0	-0.0008153121186657223
1159.0	-0.0005026627894096919
1160.0	-0.0009882275210170532
1161.0	-4.799430766750999e-05
1162.0	-0.0006093066498906889
1163.0	-0.0005101278596433617
1164.0	-0.0003083576756132585
1165.0	-0.0008702794113249003
1166.0	-0.00025195830825613615
1167.0	-0.0006155224634731235
1168.0	4.2500625369221797e-05
1169.0	-0.0006180209767758778
1170.0	-0.0003385226532921691
1171.0	0.00030652035424574733
1172.0	0.0008747188428884429
1173.0	0.0003328766226217652
1174.0	5.983787011581934e-05
1175.0	0.00037550369713957064
1176.0	0.0008089348158087658
1177.0	0.0008092699822275907
1178.0	0.0005568896689804783
1179.0	0.00014027781059291426
1180.0	0.000823560259531874
1181.0	0.0005798638034956409
1182.0	0.0004887594769704463
1183.0	0.0006271832078747236
1184.0	0.0008002814282727637
1185.0	0.0008086605887391278
1186.0	0.00048251319371370215
1187.0	0.0007633826525461684
1188.0	0.00041346891147097585
1189.0	0.0007003713658391675
1190.0	0.0006882749050931234
1191.0	0.001506020027261352
1192.0	0.0014894749940496427
1193.0	0.0012048882349374962
1194.0	0.001481065363908969
1195.0	0.001862545687686707
1196.0	0.0018571220856394444
1197.0	0.0016368568092344374
1198.0	0.0004461019327780474
1199.0	0.0011776788156776872
1200.0	0.0008874551667972595
1201.0	0.0011397136013465657
1202.0	0.00124254875252467
1203.0	0.0010583291009621833
1204.0	0.0009018977924739423

