0.000000	57.004847
1.000000	56.953612
2.000000	56.938491
3.000000	56.961582
4.000000	56.936725
5.000000	56.946102
6.000000	56.943175
7.000000	56.937816
8.000000	56.980158
9.000000	56.940624
10.000000	56.983453
11.000000	56.965471
12.000000	56.945257
13.000000	56.929619
14.000000	56.929577
15.000000	56.934970
16.000000	56.973892
17.000000	56.958733
18.000000	56.919704
19.000000	56.909140
20.000000	56.914828
21.000000	56.932952
22.000000	56.955196
23.000000	56.935611
24.000000	56.930723
25.000000	56.959991
26.000000	56.912258
27.000000	56.950848
28.000000	56.913445
29.000000	56.914722
30.000000	56.895818
31.000000	56.932788
32.000000	56.937398
33.000000	56.912338
34.000000	56.909629
35.000000	56.917288
36.000000	56.896773
37.000000	56.922432
38.000000	56.926771
39.000000	56.868782
40.000000	56.869816
41.000000	56.899488
42.000000	56.877440
43.000000	56.910998
44.000000	56.906549
45.000000	56.940204
46.000000	56.904477
47.000000	56.865846
48.000000	56.901560
49.000000	56.879698
50.000000	56.879780
51.000000	56.893634
52.000000	56.871598
53.000000	56.884019
54.000000	56.868594
55.000000	56.881135
56.000000	56.887741
57.000000	56.880763
58.000000	56.897807
59.000000	56.898295
60.000000	56.828205
61.000000	56.867267
62.000000	56.873935
63.000000	56.887536
64.000000	56.824065
65.000000	56.853796
66.000000	56.883498
67.000000	56.851280
68.000000	56.858986
69.000000	56.885152
70.000000	56.845679
71.000000	56.841268
72.000000	56.868034
73.000000	56.837509
74.000000	56.901286
75.000000	56.888426
76.000000	56.850886
77.000000	56.834308
78.000000	56.877963
79.000000	56.863222
80.000000	56.803365
81.000000	56.825739
82.000000	56.815289
83.000000	56.853581
84.000000	56.814163
85.000000	56.814831
86.000000	56.818425
87.000000	56.811814
88.000000	56.796139
89.000000	56.790201
90.000000	56.797220
91.000000	56.776115
92.000000	56.778827
93.000000	56.786075
94.000000	56.727672
95.000000	56.776273
96.000000	56.759316
97.000000	56.719678
98.000000	56.753081
99.000000	56.731268
100.000000	56.722739
101.000000	56.707982
102.000000	56.726352
103.000000	56.726468
104.000000	56.717511
105.000000	56.681997
106.000000	56.671610
107.000000	56.623471
108.000000	56.667010
109.000000	56.674673
110.000000	56.641925
111.000000	56.604986
112.000000	56.631587
113.000000	56.603752
114.000000	56.602700
115.000000	56.618763
116.000000	56.584952
117.000000	56.632253
118.000000	56.595157
119.000000	56.592742
120.000000	56.599735
121.000000	56.594022
122.000000	56.597712
123.000000	56.631300
124.000000	56.575967
125.000000	56.615428
126.000000	56.641157
127.000000	56.578527
128.000000	56.557619
129.000000	56.571338
130.000000	56.576729
131.000000	56.590824
132.000000	56.568617
133.000000	56.584697
134.000000	56.590399
135.000000	56.593266
136.000000	56.529159
137.000000	56.542095
138.000000	56.533046
139.000000	56.568476
140.000000	56.551002
141.000000	56.542111
142.000000	56.508866
143.000000	56.522116
144.000000	56.504996
145.000000	56.516023
146.000000	56.495843
147.000000	56.474360
148.000000	56.487888
149.000000	56.491687
150.000000	56.485858
151.000000	56.414026
152.000000	56.472681
153.000000	56.471112
154.000000	56.437764
155.000000	56.432258
156.000000	56.403762
157.000000	56.394857
158.000000	56.414738
159.000000	56.390306
160.000000	56.426773
161.000000	56.423851
162.000000	56.417821
163.000000	56.430563
164.000000	56.423488
165.000000	56.443565
166.000000	56.393986
167.000000	56.388378
168.000000	56.378787
169.000000	56.383083
170.000000	56.376460
171.000000	56.378943
172.000000	56.367055
173.000000	56.347886
174.000000	56.390840
175.000000	56.355377
176.000000	56.368355
177.000000	56.359045
178.000000	56.302792
179.000000	56.345661
180.000000	56.339520
181.000000	56.328012
182.000000	56.355103
183.000000	56.350272
184.000000	56.338398
185.000000	56.350659
186.000000	56.331802
187.000000	56.327334
188.000000	56.298447
189.000000	56.278518
190.000000	56.266437
191.000000	56.303537
192.000000	56.277324
193.000000	56.270713
194.000000	56.251886
195.000000	56.261320
196.000000	56.287106
197.000000	56.297649
198.000000	56.240579
199.000000	56.231965
200.000000	56.259597
201.000000	56.255373
202.000000	56.225323
203.000000	56.224195
204.000000	56.226038
205.000000	56.216437
206.000000	56.201786
207.000000	56.180630
208.000000	56.188303
209.000000	56.207101
210.000000	56.171509
211.000000	56.190743
212.000000	56.140112
213.000000	56.171542
214.000000	56.169143
215.000000	56.143702
216.000000	56.169287
217.000000	56.183989
218.000000	56.172596
219.000000	56.184376
220.000000	56.204503
221.000000	56.186103
222.000000	56.179620
223.000000	56.180158
224.000000	56.192374
225.000000	56.184277
226.000000	56.209017
227.000000	56.153564
228.000000	56.187189
229.000000	56.130768
230.000000	56.144988
231.000000	56.142843
232.000000	56.131271
233.000000	56.143296
234.000000	56.129911
235.000000	56.159415
236.000000	56.152705
237.000000	56.152844
238.000000	56.146989
239.000000	56.161313
240.000000	56.130950
241.000000	56.136718
242.000000	56.142658
243.000000	56.144721
244.000000	56.171869
245.000000	56.134913
246.000000	56.133357
247.000000	56.163894
248.000000	56.116142
249.000000	56.133282
250.000000	56.112177
251.000000	56.159366
252.000000	56.178348
253.000000	56.139723
254.000000	56.138627
255.000000	56.137192
256.000000	56.102527
257.000000	56.131257
258.000000	56.099239
259.000000	56.196837
260.000000	56.107295
261.000000	56.163691
262.000000	56.136479
263.000000	56.148882
264.000000	56.153305
265.000000	56.158407
266.000000	56.133737
267.000000	56.139336
268.000000	56.103474
269.000000	56.153966
270.000000	56.121243
271.000000	56.138498
272.000000	56.116227
273.000000	56.130294
274.000000	56.128934
275.000000	56.149309
276.000000	56.131406
277.000000	56.114103
278.000000	56.128522
279.000000	56.119095
280.000000	56.149293
281.000000	56.172606
282.000000	56.152759
283.000000	56.141353
284.000000	56.164574
285.000000	56.150865
286.000000	56.124507
287.000000	56.169549
288.000000	56.106192
289.000000	56.154688
290.000000	56.140083
291.000000	56.165507
292.000000	56.196825
293.000000	56.156734
294.000000	56.124977
295.000000	56.172906
296.000000	56.174975
297.000000	56.173337
298.000000	56.189780
299.000000	56.173659
300.000000	56.160369
301.000000	56.174780
302.000000	56.176427
303.000000	56.167702
304.000000	56.197234
305.000000	56.209879
306.000000	56.179405
307.000000	56.206868
308.000000	56.182141
309.000000	56.192133
310.000000	56.200642
311.000000	56.192541
312.000000	56.212855
313.000000	56.203894
314.000000	56.202791
315.000000	56.230051
316.000000	56.220653
317.000000	56.232128
318.000000	56.195756
319.000000	56.254070
320.000000	56.244278
321.000000	56.229692
322.000000	56.242826
323.000000	56.241332
324.000000	56.248075
325.000000	56.271562
326.000000	56.233020
327.000000	56.242401
328.000000	56.228248
329.000000	56.242722
330.000000	56.253283
331.000000	56.268126
332.000000	56.284702
333.000000	56.311193
334.000000	56.288877
335.000000	56.282910
336.000000	56.310004
337.000000	56.332755
338.000000	56.318618
339.000000	56.313830
340.000000	56.362832
341.000000	56.293521
342.000000	56.303224
343.000000	56.360567
344.000000	56.322218
345.000000	56.392549
346.000000	56.383347
347.000000	56.390177
348.000000	56.362502
349.000000	56.397970
350.000000	56.386479
351.000000	56.396752
352.000000	56.408607
353.000000	56.415142
354.000000	56.405020
355.000000	56.417755
356.000000	56.438741
357.000000	56.438330
358.000000	56.475023
359.000000	56.448256
360.000000	56.519635
361.000000	56.469840
362.000000	56.485197
363.000000	56.525920
364.000000	56.494574
365.000000	56.520908
366.000000	56.512520
367.000000	56.523672
368.000000	56.522506
369.000000	56.539090
370.000000	56.539211
371.000000	56.530518
372.000000	56.533643
373.000000	56.589537
374.000000	56.547796
375.000000	56.591395
376.000000	56.554381
377.000000	56.575388
378.000000	56.604475
379.000000	56.595832
380.000000	56.606440
381.000000	56.633428
382.000000	56.657834
383.000000	56.639973
384.000000	56.691959
385.000000	56.628637
386.000000	56.643069
387.000000	56.663900
388.000000	56.673057
389.000000	56.684855
390.000000	56.685488
391.000000	56.678516
392.000000	56.675714
393.000000	56.666484
394.000000	56.703691
395.000000	56.688213
396.000000	56.701963
397.000000	56.681202
398.000000	56.684812
399.000000	56.724943
400.000000	56.712407
401.000000	56.681716
402.000000	56.698402
403.000000	56.691715
404.000000	56.689395
405.000000	56.685863
406.000000	56.660340
407.000000	56.680966
408.000000	56.663916
409.000000	56.661178
410.000000	56.698336
411.000000	56.654367
412.000000	56.683330
413.000000	56.662559
414.000000	56.707875
415.000000	56.707765
416.000000	56.693427
417.000000	56.683370
418.000000	56.683285
419.000000	56.693221
420.000000	56.688497
421.000000	56.679816
422.000000	56.657459
423.000000	56.677987
424.000000	56.695884
425.000000	56.661657
426.000000	56.668363
427.000000	56.650841
428.000000	56.693028
429.000000	56.666094
430.000000	56.665460
431.000000	56.680566
432.000000	56.694789
433.000000	56.697705
434.000000	56.685504
435.000000	56.694520
436.000000	56.703315
437.000000	56.702843
438.000000	56.694475
439.000000	56.682979
440.000000	56.708616
441.000000	56.675802
442.000000	56.689363
443.000000	56.717719
444.000000	56.726442
445.000000	56.686840
446.000000	56.701952
447.000000	56.682530
448.000000	56.698954
449.000000	56.706311
450.000000	56.722883
451.000000	56.701600
452.000000	56.700181
453.000000	56.713395
454.000000	56.674364
455.000000	56.743478
456.000000	56.698196
457.000000	56.720632
458.000000	56.736546
459.000000	56.721297
460.000000	56.747318
461.000000	56.767150
462.000000	56.716674
463.000000	56.705331
464.000000	56.677225
465.000000	56.688369
466.000000	56.711344
467.000000	56.733593
468.000000	56.721946
469.000000	56.699861
470.000000	56.729569
471.000000	56.718071
472.000000	56.721418
473.000000	56.723537
474.000000	56.728868
475.000000	56.723553
476.000000	56.729088
477.000000	56.742553
478.000000	56.671832
479.000000	56.731615
480.000000	56.713900
481.000000	56.725040
482.000000	56.742991
483.000000	56.716495
484.000000	56.745384
485.000000	56.736884
486.000000	56.688072
487.000000	56.705301
488.000000	56.721158
489.000000	56.732055
490.000000	56.714481
491.000000	56.734290
492.000000	56.732840
493.000000	56.731111
494.000000	56.731188
495.000000	56.806854
496.000000	56.726197
497.000000	56.745049
498.000000	56.747787
499.000000	56.743199
500.000000	56.744042
501.000000	56.710229
502.000000	56.729326
503.000000	56.729539
504.000000	56.734655
505.000000	56.729024
506.000000	56.708546
507.000000	56.751075
508.000000	56.749069
509.000000	56.740629
510.000000	56.749848
511.000000	56.782636
512.000000	56.764041
513.000000	56.732421
514.000000	56.745144
515.000000	56.734103
516.000000	56.729961
517.000000	56.741176
518.000000	56.780966
519.000000	56.745047
520.000000	56.776278
521.000000	56.735069
522.000000	56.742939
523.000000	56.726110
524.000000	56.775875
525.000000	56.752547
526.000000	56.748667
527.000000	56.736215
528.000000	56.773911
529.000000	56.753937
530.000000	56.752345
531.000000	56.802980
532.000000	56.770892
533.000000	56.765735
534.000000	56.772913
535.000000	56.780579
536.000000	56.752309
537.000000	56.726294
538.000000	56.787212
539.000000	56.779308
540.000000	56.810467
541.000000	56.766271
542.000000	56.755351
543.000000	56.765492
544.000000	56.794267
545.000000	56.744443
546.000000	56.775740
547.000000	56.802188
548.000000	56.791690
549.000000	56.793748
550.000000	56.793448
551.000000	56.765623
552.000000	56.764275
553.000000	56.784064
554.000000	56.741250
555.000000	56.825718
556.000000	56.805220
557.000000	56.797935
558.000000	56.812685
559.000000	56.829444
560.000000	56.793910
561.000000	56.833048
562.000000	56.805362
563.000000	56.816679
564.000000	56.809570
565.000000	56.759833
566.000000	56.787979
567.000000	56.784723
568.000000	56.795166
569.000000	56.787732
570.000000	56.824318
571.000000	56.777234
572.000000	56.828908
573.000000	56.809624
574.000000	56.764513
575.000000	56.806723
576.000000	56.804970
577.000000	56.743383
578.000000	56.828498
579.000000	56.796014
580.000000	56.828304
581.000000	56.779545
582.000000	56.789917
583.000000	56.793004
584.000000	56.810755
585.000000	56.827490
586.000000	56.777095
587.000000	56.815781
588.000000	56.792837
589.000000	56.819949
590.000000	56.814621
591.000000	56.804330
592.000000	56.828430
593.000000	56.798531
594.000000	56.810544
595.000000	56.825029
596.000000	56.855641
597.000000	56.835576
598.000000	56.790345
599.000000	56.823459
600.000000	56.787921
601.000000	56.829944
602.000000	56.775856
603.000000	56.812404
604.000000	56.838437
605.000000	56.752871
606.000000	56.813521
607.000000	56.835394
608.000000	56.807444
609.000000	56.792369
610.000000	56.801942
611.000000	56.829989
612.000000	56.823903
613.000000	56.811090
614.000000	56.798633
615.000000	56.832930
616.000000	56.813053
617.000000	56.790271
618.000000	56.798994
619.000000	56.773281
620.000000	56.790290
621.000000	56.774657
622.000000	56.773592
623.000000	56.784980
624.000000	56.739499
625.000000	56.793700
626.000000	56.783340
627.000000	56.781130
628.000000	56.797177
629.000000	56.774170
630.000000	56.799839
631.000000	56.772936
632.000000	56.777734
633.000000	56.781666
634.000000	56.781353
635.000000	56.783720
636.000000	56.792999
637.000000	56.783264
638.000000	56.801244
639.000000	56.821165
640.000000	56.743220
641.000000	56.780637
642.000000	56.763236
643.000000	56.738675
644.000000	56.721470
645.000000	56.740987
646.000000	56.706181
647.000000	56.799055
648.000000	56.753779
649.000000	56.728887
650.000000	56.754249
651.000000	56.762448
652.000000	56.753366
653.000000	56.729319
654.000000	56.764516
655.000000	56.758653
656.000000	56.734186
657.000000	56.764391
658.000000	56.712952
659.000000	56.735278
660.000000	56.744074
661.000000	56.765826
662.000000	56.755018
663.000000	56.708298
664.000000	56.711873
665.000000	56.751641
666.000000	56.724078
667.000000	56.755793
668.000000	56.699285
669.000000	56.716051
670.000000	56.755502
671.000000	56.735677
672.000000	56.731370
673.000000	56.724778
674.000000	56.705760
675.000000	56.759748
676.000000	56.752345
677.000000	56.716726
678.000000	56.694224
679.000000	56.731037
680.000000	56.701654
681.000000	56.696020
682.000000	56.685638
683.000000	56.728418
684.000000	56.677529
685.000000	56.716488
686.000000	56.704097
687.000000	56.701978
688.000000	56.707550
689.000000	56.713051
690.000000	56.741032
691.000000	56.684793
692.000000	56.680267
693.000000	56.668752
694.000000	56.671797
695.000000	56.687541
696.000000	56.653439
697.000000	56.669257
698.000000	56.637173
699.000000	56.686828
700.000000	56.677257
701.000000	56.655788
702.000000	56.695197
703.000000	56.634473
704.000000	56.644030
705.000000	56.663468
706.000000	56.637664
707.000000	56.659965
708.000000	56.690307
709.000000	56.662720
710.000000	56.676474
711.000000	56.699974
712.000000	56.691211
713.000000	56.694354
714.000000	56.686632
715.000000	56.712702
716.000000	56.686163
717.000000	56.686604
718.000000	56.648870
719.000000	56.678430
720.000000	56.658898
721.000000	56.675802
722.000000	56.663158
723.000000	56.647067
724.000000	56.660590
725.000000	56.654513
726.000000	56.665757
727.000000	56.640103
728.000000	56.644919
729.000000	56.650425
730.000000	56.668669
731.000000	56.684970
732.000000	56.662651
733.000000	56.641132
734.000000	56.646059
735.000000	56.655219
736.000000	56.650704
737.000000	56.667567
738.000000	56.636570
739.000000	56.683668
740.000000	56.653996
741.000000	56.674777
742.000000	56.591907
743.000000	56.603066
744.000000	56.609037
745.000000	56.649817
746.000000	56.648122
747.000000	56.603254
748.000000	56.630367
749.000000	56.667518
750.000000	56.637952
751.000000	56.655918
752.000000	56.642855
753.000000	56.581315
754.000000	56.627316
755.000000	56.652635
756.000000	56.612105
757.000000	56.614512
758.000000	56.593288
759.000000	56.609188
760.000000	56.605355
761.000000	56.630081
762.000000	56.613580
763.000000	56.622659
764.000000	56.596280
765.000000	56.614661
766.000000	56.597974
767.000000	56.644591
768.000000	56.589969
769.000000	56.628680
770.000000	56.619874
771.000000	56.608668
772.000000	56.602476
773.000000	56.605668
774.000000	56.603190
775.000000	56.647600
776.000000	56.603365
777.000000	56.597082
778.000000	56.608912
779.000000	56.635321
780.000000	56.573515
781.000000	56.593618
782.000000	56.624250
783.000000	56.616574
784.000000	56.616025
785.000000	56.556175
786.000000	56.601217
787.000000	56.592296
788.000000	56.573403
789.000000	56.582466
790.000000	56.630065
791.000000	56.591470
792.000000	56.612676
793.000000	56.602310
794.000000	56.591317
795.000000	56.607984
796.000000	56.626284
797.000000	56.612150
798.000000	56.636124
799.000000	56.599327
800.000000	56.629659
801.000000	56.576031
802.000000	56.609947
803.000000	56.632930
804.000000	56.593596
805.000000	56.644461
806.000000	56.598688
807.000000	56.596238
808.000000	56.594748
809.000000	56.572466
810.000000	56.575896
811.000000	56.596877
812.000000	56.594942
813.000000	56.584423
814.000000	56.608440
815.000000	56.586217
816.000000	56.592615
817.000000	56.593594
818.000000	56.579368
819.000000	56.584053
820.000000	56.633817
821.000000	56.623348
822.000000	56.580108
823.000000	56.624026
824.000000	56.607772
825.000000	56.624441
826.000000	56.597677
827.000000	56.625238
828.000000	56.617917
829.000000	56.625592
830.000000	56.611793
831.000000	56.611654
832.000000	56.609476
833.000000	56.646918
834.000000	56.628779
835.000000	56.602834
836.000000	56.610224
837.000000	56.664598
838.000000	56.594425
839.000000	56.623046
840.000000	56.607569
841.000000	56.614212
842.000000	56.620329
843.000000	56.627573
844.000000	56.595046
845.000000	56.635180
846.000000	56.615501
847.000000	56.633792
848.000000	56.621930
849.000000	56.636298
850.000000	56.659486
851.000000	56.691331
852.000000	56.670701
853.000000	56.640374
854.000000	56.672943
855.000000	56.722770
856.000000	56.684564
857.000000	56.677633
858.000000	56.667617
859.000000	56.682783
860.000000	56.668108
861.000000	56.678683
862.000000	56.664718
863.000000	56.663401
864.000000	56.695105
865.000000	56.694860
866.000000	56.691975
867.000000	56.668969
868.000000	56.690212
869.000000	56.686163
870.000000	56.678173
871.000000	56.686113
872.000000	56.674713
873.000000	56.695301
874.000000	56.625821
875.000000	56.671218
876.000000	56.632973
877.000000	56.643012
878.000000	56.626398
879.000000	56.653132
880.000000	56.663349
881.000000	56.618682
882.000000	56.663092
883.000000	56.665639
884.000000	56.656088
885.000000	56.683543
886.000000	56.617851
887.000000	56.671593
888.000000	56.651153
889.000000	56.682107
890.000000	56.593141
891.000000	56.619244
892.000000	56.589913
893.000000	56.608175
894.000000	56.607739
895.000000	56.635807
896.000000	56.591168
897.000000	56.599839
898.000000	56.603445
899.000000	56.647813
900.000000	56.611508
901.000000	56.589613
902.000000	56.632631
903.000000	56.618016
904.000000	56.653713
905.000000	56.614588
906.000000	56.633624
907.000000	56.636732
908.000000	56.637022
909.000000	56.607248
910.000000	56.632996
911.000000	56.618517
912.000000	56.631720
913.000000	56.634056
914.000000	56.614621
915.000000	56.605149
916.000000	56.595478
917.000000	56.565453
918.000000	56.569559
919.000000	56.601572
920.000000	56.572918
921.000000	56.621557
922.000000	56.634507
923.000000	56.667310
924.000000	56.608605
925.000000	56.657105
926.000000	56.622281
927.000000	56.650765
928.000000	56.681791
929.000000	56.668405
930.000000	56.642337
931.000000	56.670041
932.000000	56.626044
933.000000	56.653305
934.000000	56.640036
935.000000	56.663366
936.000000	56.661743
937.000000	56.657542
938.000000	56.647306
939.000000	56.674206
940.000000	56.649812
941.000000	56.671615
942.000000	56.667541
943.000000	56.695688
944.000000	56.698508
945.000000	56.710748
946.000000	56.677498
947.000000	56.674782
948.000000	56.685285
949.000000	56.639237
950.000000	56.715060
951.000000	56.698364
952.000000	56.697805
953.000000	56.681886
954.000000	56.673243
955.000000	56.707264
956.000000	56.729017
957.000000	56.694944
958.000000	56.665257
959.000000	56.729281
960.000000	56.726987
961.000000	56.718009
962.000000	56.703115
963.000000	56.694392
964.000000	56.687310
965.000000	56.712805
966.000000	56.711779
967.000000	56.700687
968.000000	56.748675
969.000000	56.723969
970.000000	56.677614
971.000000	56.744735
972.000000	56.728472
973.000000	56.726867
974.000000	56.705515
975.000000	56.751089
976.000000	56.739402
977.000000	56.731705
978.000000	56.727840
979.000000	56.775544
980.000000	56.755776
981.000000	56.748561
982.000000	56.739831
983.000000	56.754285
984.000000	56.786550
985.000000	56.779032
986.000000	56.746111
987.000000	56.814845
988.000000	56.763281
989.000000	56.742767
990.000000	56.774432
991.000000	56.761645
992.000000	56.734738
993.000000	56.746472
994.000000	56.776116
995.000000	56.802384
996.000000	56.754497
997.000000	56.756571
998.000000	56.761350
999.000000	56.782032
1000.000000	56.784839
1001.000000	56.770892
1002.000000	56.759014
1003.000000	56.796800
1004.000000	56.796446
1005.000000	56.779599
1006.000000	56.764154
1007.000000	56.824066
1008.000000	56.805914
1009.000000	56.789743
1010.000000	56.808008
1011.000000	56.791666
1012.000000	56.790314
1013.000000	56.787005
1014.000000	56.820670
1015.000000	56.824755
1016.000000	56.769595
1017.000000	56.806363
1018.000000	56.756163
1019.000000	56.794498
1020.000000	56.803068
1021.000000	56.829260
1022.000000	56.791947
1023.000000	56.819754
1024.000000	56.803969
1025.000000	56.812985
1026.000000	56.829633
1027.000000	56.830297
1028.000000	56.790068
1029.000000	56.795142
1030.000000	56.801007
1031.000000	56.793507
1032.000000	56.837120
1033.000000	56.790444
1034.000000	56.825059
1035.000000	56.814252
1036.000000	56.757749
1037.000000	56.799468
1038.000000	56.799684
1039.000000	56.782209
1040.000000	56.852281
1041.000000	56.775849
1042.000000	56.765032
1043.000000	56.808255
1044.000000	56.767284
1045.000000	56.797968
1046.000000	56.820575
1047.000000	56.765219
1048.000000	56.816587
1049.000000	56.782186
1050.000000	56.774976
1051.000000	56.806289
1052.000000	56.823868
1053.000000	56.833643
1054.000000	56.830186
1055.000000	56.842703
1056.000000	56.828139
1057.000000	56.807507
1058.000000	56.811765
1059.000000	56.814798
1060.000000	56.797462
1061.000000	56.803439
1062.000000	56.810701
1063.000000	56.798374
1064.000000	56.786707
1065.000000	56.825229
1066.000000	56.801904
1067.000000	56.795761
1068.000000	56.779136
1069.000000	56.781185
1070.000000	56.770656
1071.000000	56.783394
1072.000000	56.795789
1073.000000	56.815477
1074.000000	56.837927
1075.000000	56.812215
1076.000000	56.810981
1077.000000	56.830362
1078.000000	56.776516
1079.000000	56.816338
1080.000000	56.800257
1081.000000	56.803219
1082.000000	56.810127
1083.000000	56.803023
1084.000000	56.785927
1085.000000	56.786970
1086.000000	56.809088
1087.000000	56.845703
1088.000000	56.812572
1089.000000	56.814812
1090.000000	56.818923
1091.000000	56.842746
1092.000000	56.825491
1093.000000	56.892952
1094.000000	56.886674
1095.000000	56.864011
1096.000000	56.854685
1097.000000	56.803186
1098.000000	56.860397
1099.000000	56.836782
1100.000000	56.835260
1101.000000	56.834092
1102.000000	56.847960
1103.000000	56.850603
1104.000000	56.866973
1105.000000	56.843383
1106.000000	56.840941
1107.000000	56.815305
1108.000000	56.862476
1109.000000	56.837990
1110.000000	56.862129
1111.000000	56.845481
1112.000000	56.860911
1113.000000	56.917051
1114.000000	56.859142
1115.000000	56.904023
1116.000000	56.900226
1117.000000	56.830797
1118.000000	56.837124
1119.000000	56.849116
1120.000000	56.869250
1121.000000	56.846085
1122.000000	56.836322
1123.000000	56.847246
1124.000000	56.849229
1125.000000	56.845823
1126.000000	56.862111
1127.000000	56.870503
1128.000000	56.857650
1129.000000	56.847744
1130.000000	56.852611
1131.000000	56.888291
1132.000000	56.936624
1133.000000	56.896781
1134.000000	56.925817
1135.000000	56.951698
1136.000000	56.982417
1137.000000	56.892971
1138.000000	56.872780
1139.000000	56.872750
1140.000000	56.911574
1141.000000	56.919230
1142.000000	56.911989
1143.000000	56.926973
1144.000000	56.896386
1145.000000	56.844877
1146.000000	56.899830
1147.000000	56.917823
1148.000000	56.890262
1149.000000	56.899162
1150.000000	56.899933
1151.000000	56.911437
1152.000000	56.928323
1153.000000	56.926837
1154.000000	56.971050
1155.000000	56.927894
1156.000000	56.954978
1157.000000	56.915595
1158.000000	56.903216
1159.000000	56.921021
1160.000000	56.893368
1161.000000	56.946914
1162.000000	56.914948
1163.000000	56.920596
1164.000000	56.932087
1165.000000	56.900085
1166.000000	56.935298
1167.000000	56.914594
1168.000000	56.952068
1169.000000	56.914451
1170.000000	56.930369
1171.000000	56.967104
1172.000000	56.999462
1173.000000	56.968605
1174.000000	56.953055
1175.000000	56.971032
1176.000000	56.995716
1177.000000	56.995735
1178.000000	56.981362
1179.000000	56.957636
1180.000000	56.996549
1181.000000	56.982670
1182.000000	56.977482
1183.000000	56.985365
1184.000000	56.995223
1185.000000	56.995700
1186.000000	56.977126
1187.000000	56.993122
1188.000000	56.973194
1189.000000	56.989533
1190.000000	56.988844
1191.000000	57.035415
1192.000000	57.034472
1193.000000	57.018265
1194.000000	57.033994
1195.000000	57.055719
1196.000000	57.055410
1197.000000	57.042866
1198.000000	56.975053
1199.000000	57.016716
1200.000000	57.000188
1201.000000	57.014554
1202.000000	57.020410
1203.000000	57.009919
1204.000000	57.001010



