0.0	7.403357088300123e-05
1.0	0.0002623655503517917
2.0	0.0004148037997380386
3.0	9.032888392659115e-05
4.0	0.0003250144227973466
5.0	0.0010050134319760976
6.0	8.19610204718232e-05
7.0	-8.86993526219758e-05
8.0	0.001015858623427645
9.0	-0.0008967486933546398
10.0	0.000189697262453787
11.0	-0.00020584944099103422
12.0	0.00019316552164907287
13.0	0.0007988997426654446
14.0	-0.000314411458971839
15.0	-0.0006683390520750244
16.0	-0.000654300860094728
17.0	-0.001032451215830838
18.0	-0.0007584036876819967
19.0	0.00016806193128425634
20.0	0.00023599577012218826
21.0	-0.0016991277055617754
22.0	0.0011633972685538968
23.0	0.0013130278795437768
24.0	0.0006800981022989606
25.0	0.0006668306345841979
26.0	0.0013728691135932213
27.0	0.0007208363849084482
28.0	0.000731461369426766
29.0	0.0006287898869042063
30.0	0.0018317803620158237
31.0	0.0006955676393439659
32.0	0.0012576458358883815
33.0	0.0006671609449837855
34.0	-0.00020249128526236303
35.0	-0.0001375302400202073
36.0	-0.00033687256614046697
37.0	0.00030139722923054634
38.0	-0.00013631910188847133
39.0	0.0017656632303752393
40.0	0.0011438539032479942
41.0	0.0013557480245505339
42.0	0.0007340488008899036
43.0	0.001923992015219731
44.0	0.001995228958053027
45.0	0.001875821748620675
46.0	0.0009909752399958013
47.0	0.0008900103612042309
48.0	0.0009463833360583893
49.0	0.00125803119802102
50.0	0.0008977176038600799
51.0	0.001586414786893443
52.0	0.0013516191445563292
53.0	0.0005285406806448621
54.0	0.0003312352686551793
55.0	0.0006611052543256186
56.0	0.000753757321395472
57.0	-0.0007784425185871528
58.0	0.0005351468886355898
59.0	0.0017029593061966334
60.0	0.0005437349590235871
61.0	0.001661175040655332
62.0	0.0013401683840391703
63.0	0.0023248236850571856
64.0	0.0006760793257711142
65.0	0.0026298653390288322
66.0	0.0019046688568468012
67.0	0.0008188284701042424
68.0	0.00036019248034792036
69.0	0.0009828275834740064
70.0	0.0013733095274591671
71.0	0.0010040775525108985
72.0	0.0012416808332441228
73.0	0.001332791451782909
74.0	6.186713783335977e-05
75.0	-0.0003589483111759436
76.0	-0.0010399382515534578
77.0	-0.00038691459167017805
78.0	-0.0005942394191125671
79.0	0.000933556282209829
80.0	0.001366813422935054
81.0	0.0011177043299513637
82.0	0.001494533444089123
83.0	-0.00010670126939681133
84.0	0.0013444073674997335
85.0	0.0013073024992851974
86.0	0.0009114254854407886
87.0	0.0013093394134157743
88.0	0.001453685058013021
89.0	0.0006247711103766161
90.0	-1.5590650858025093e-05
91.0	-2.3793359113127385e-05
92.0	0.00010987224923249393
93.0	0.0009344371099419773
94.0	-0.0007407320813067488
95.0	-8.847914568900282e-05
96.0	-0.0005689156218147775
97.0	-0.00011710604698215619
98.0	-0.0006895339693786092
99.0	-0.0002258882718961903
100.0	0.0006086960042657429
101.0	0.0007299199208956988
102.0	0.0004610472556731325
103.0	0.0007963123112025635
104.0	0.0007538674248620867
105.0	-0.0003183201320330708
106.0	0.00045455115114876313
107.0	-0.0004820990384698618
108.0	0.001474274406250994
109.0	0.0017190344123072503
110.0	0.000316151093743069
111.0	0.0021264722901354325
112.0	0.0018356890350770554
113.0	0.0009353179376741255
114.0	-0.00024989082759588555
115.0	0.0004971061409558545
116.0	-0.001868742095723504
117.0	0.0006486085108763894
118.0	-0.0002490099998637373
119.0	0.0013156703627402217
120.0	0.00012765395907435648
121.0	0.002157576519425109
122.0	0.0004003802456248472
123.0	0.0006110632287959075
124.0	0.0014174059657973258
125.0	0.0005738482571147567
126.0	0.00045972601407478185
127.0	0.0015588889202654108
128.0	0.0007559043389924072
129.0	0.00046446046313485467
130.0	0.0014975062376848993
131.0	0.0011580572504279562
132.0	0.0015030114110105056
133.0	0.0004920413814961941
134.0	-0.00041014642310408336
135.0	0.0013404986944387579
136.0	-0.0005515743258391174
137.0	-0.0009531767199421056
138.0	-0.0013238950916883907
139.0	-0.0005251494938762066
140.0	0.000978973962146082
141.0	0.0006512509940728343
142.0	-9.079131848586005e-05
143.0	0.00014593113451521596
144.0	0.0005493502358158082
145.0	0.0013968716692929165
146.0	-0.0004077791985741751
147.0	0.0009196281936961473
148.0	0.0005714810325845922
149.0	0.0010899582563903586
150.0	0.0006257069898418155
151.0	0.0003897552611065294
152.0	-0.00015619277759396178
153.0	7.469419168192019e-05
154.0	-0.00033665235920723763
155.0	-0.001708431448481999
156.0	-0.0009773994825747739
157.0	-0.00027312265902979085
158.0	-0.0017183958122013979
159.0	-0.00034254289466573905
160.0	-0.0010974122610729938
161.0	4.4085427991497225e-05
162.0	-0.0003210176669625667
163.0	4.6342549055047126e-05
164.0	5.823372343840826e-05
165.0	-0.0008900323818972974
166.0	0.0006440392170162386
167.0	-0.000151238121600916
168.0	-0.0006829277613878814
169.0	7.320779488416026e-05
170.0	0.00037736862112391494
171.0	-0.00027422369369491215
172.0	-0.0004883198843276945
173.0	-0.0017763102355866237
174.0	-0.002035824106155659
175.0	-0.0016423143168414146
176.0	-0.0015609478550890543
177.0	-0.001456900079235093
178.0	-0.0014309156611381282
179.0	-0.0010229823177106926
180.0	0.0007256258857015719
181.0	-5.7760278532221534e-05
182.0	-0.001759684612143446
183.0	0.0006202568682495164
184.0	0.0002811381913921609
185.0	-0.00023150354868815503
186.0	-0.0004823742971361421
187.0	0.000561406565398835
188.0	0.00016310727529121054
189.0	-0.0002462574132009341
190.0	3.5497357603756295e-05
191.0	-0.0007145274562770673
192.0	-0.0017166892084704087
193.0	-0.0008210525601275516
194.0	-0.0011898441212098744
195.0	-0.001042030217417342
196.0	-0.0015833539105241186
197.0	-0.001635267694984741
198.0	-0.002482348714595647
199.0	-0.0014330626787350633
200.0	-0.0005250944421428992
201.0	-0.0007486595308958271
202.0	-0.0008128498518721929
203.0	0.000375937276059206
204.0	-5.8365847597833155e-05
205.0	-7.631271263936135e-05
206.0	-0.0009163471103935935
207.0	0.00012528673454419192
208.0	-0.0009657285151243858
209.0	-0.00045237110251158713
210.0	-0.0016159995883451184
211.0	-0.000996006968415221
212.0	-0.002225642482422722
213.0	-0.0011736038598993354
214.0	-0.0023809434219381307
215.0	-0.002381108577137796
216.0	-0.00142403419448112
217.0	-0.0017537940766849446
218.0	-0.0009443684426211354
219.0	-0.0023976240971146155
220.0	-0.0009673250153887604
221.0	-0.0007784425185871528
222.0	-0.001443192197654128
223.0	-0.0008754436725844405
224.0	-0.0018396747805644047
225.0	-0.0006435657721097955
226.0	-0.0015539562849654317
227.0	-0.002028282018699732
228.0	-0.0016060352246257195
229.0	-0.00029872171499386067
230.0	-0.001606090276359027
231.0	-0.0012701646000304208
232.0	-0.0023495088822488666
233.0	-0.001539202420452909
234.0	-0.0018867440124983397
235.0	-0.0031452816864652746
236.0	-0.003097496781998857
237.0	-0.001949998454009506
238.0	-0.0028088054928041076
239.0	-0.00343920289031935
240.0	-0.002349563933982174
241.0	-0.002130182776956758
242.0	-0.001563149924419297
243.0	-0.0024514096405058926
244.0	-0.0018140757246003349
245.0	-0.002029328001631546
246.0	-0.0016467184555018998
247.0	-0.0014959868098468985
248.0	-0.0010896499666838374
249.0	-0.0022830614402086944
250.0	-0.0009919331401543234
251.0	-0.00308367879695179
252.0	-0.0036853942414405714
253.0	-0.0028421668431573336
254.0	-0.00268697600710854
255.0	-0.0033882249853241834
256.0	-0.00295887651766019
257.0	-0.0038470261302801707
258.0	-0.0024428766218512026
259.0	-0.002239350364003431
260.0	-0.0015052355010338149
261.0	-0.0017085415519483573
262.0	-0.0024196998421503486
263.0	-0.002214577084038202
264.0	-0.0015934834294431832
265.0	-0.0012938918970638357
266.0	-0.002163929489442623
267.0	-0.002478605196734337
268.0	-0.0013649636846974657
269.0	-0.0022969895287226327
270.0	-0.0020386317445517696
271.0	-0.004059746027581808
272.0	-0.002952710723535408
273.0	-0.0036818709305119785
274.0	-0.003679118343849175
275.0	-0.003404630401834644
276.0	-0.003803315054074907
277.0	-0.002801868974413792
278.0	-0.0031017908171929835
279.0	-0.00314770396272849
280.0	-0.002926891460638365
281.0	-0.0023757135072788042
282.0	-0.004354713214367698
283.0	-0.0026977661468267798
284.0	-0.0027504506555526796
285.0	-0.002100619996198149
286.0	-0.0021660214553062508
287.0	-0.0018315821757756607
288.0	-0.0022560310391799157
289.0	-0.0029827689698932705
290.0	-0.0033270625096766446
291.0	-0.003702240071816722
292.0	-0.0040122914335149786
293.0	-0.0036943126222279002
294.0	-0.003744960216823479
295.0	-0.0036756500846541456
296.0	-0.005107545666644375
297.0	-0.0029781996760331196
298.0	-0.0017866599614389175
299.0	-0.0028193754255893743
300.0	-0.0020509082810680258
301.0	-0.0023403152427950015
302.0	-0.002251131434920177
303.0	-0.0028975488868129857
304.0	-0.0034570947036275707
305.0	-0.0014796914968030522
306.0	-0.002917037200385581
307.0	-0.0032131054218365917
308.0	-0.000879297293912365
309.0	-0.0020532204538646266
310.0	-0.0041179357096333144
311.0	-0.004077913099556309
312.0	-0.004379651649532592
313.0	-0.004628320328650336
314.0	-0.0030173414583782327
315.0	-0.004164674631167662
316.0	-0.0020857560282190116
317.0	-0.0030759165025626336
318.0	-0.002572633557135592
319.0	-0.001659930871483355
320.0	-0.0026466781383649987
321.0	-0.0019181785521876036
322.0	-0.0027004086300229683
323.0	-0.002440729604254011
324.0	-0.0026742040049930306
325.0	-0.002711363924940874
326.0	-0.0039883989812818975
327.0	-0.0034401387697848055
328.0	-0.002396743269382467
329.0	-0.002266545920231875
330.0	-0.0031088374390496575
331.0	-0.004336821401059477
332.0	-0.004528841846656526
333.0	-0.004540677969306579
334.0	-0.004531814640252559
335.0	-0.0026884624039063
336.0	-0.0027437343440955934
337.0	-0.00329838055665044
338.0	-0.004000730569531204
339.0	-0.002812438907199059
340.0	-0.001967064491318886
341.0	-0.0022358821048084013
342.0	-0.0032849479337357557
343.0	-0.003978379565829191
344.0	-0.0038365663009615187
345.0	-0.002994494989076966
346.0	-0.003650106080423383
347.0	-0.0034326517340619294
348.0	-0.002517141410013582
349.0	-0.004268612303555264
350.0	-0.004628100121717363
351.0	-0.004424518812136284
352.0	-0.0048520505726029305
353.0	-0.004351244955172668
354.0	-0.004005299863391355
355.0	-0.004632339105177926
356.0	-0.0035550317370900576
357.0	-0.004182181082343243
358.0	-0.003564885997342842
359.0	-0.004185649341538273
360.0	-0.002990421160815812
361.0	-0.003532405474721764
362.0	-0.003826216575109481
363.0	-0.004666471179796686
364.0	-0.003841576008687872
365.0	-0.003813664779927201
366.0	-0.004312653690160115
367.0	-0.003356515186968639
368.0	-0.0034918873990455058
369.0	-0.004390551892717446
370.0	-0.004735065639433793
371.0	-0.005397613249170526
372.0	-0.005098131820257537
373.0	-0.004953896279126649
374.0	-0.004846600451010631
375.0	-0.00451612489627458
376.0	-0.003439423097252323
377.0	-0.004281549460870439
378.0	-0.004100484310191295
379.0	-0.005266314865354813
380.0	-0.004492507702707524
381.0	-0.0037542089080106517
382.0	-0.00502805096382267
383.0	-0.005063284073106551
384.0	-0.0046878863040335
385.0	-0.004110723932576718
386.0	-0.005455637776022366
387.0	-0.004462064094217022
388.0	-0.0035912007258393944
389.0	-0.005599267748087643
390.0	-0.004363686646888333
391.0	-0.006087906932468264
392.0	-0.0057155920604576044
393.0	-0.0053814280395932945
394.0	-0.004919488945841609
395.0	-0.006204671658704427
396.0	-0.004696694581354471
397.0	-0.005771965035311763
398.0	-0.006042599355998626
399.0	-0.004636578088638746
400.0	-0.003841961370820767
401.0	-0.005040272448605362
402.0	-0.0041590043026423894
403.0	-0.0045437608663689705
404.0	-0.005551978309220479
405.0	-0.004756205505004071
406.0	-0.004434703382788656
407.0	-0.004980266059356252
408.0	-0.00526009401949698
409.0	-0.004046863921999684
410.0	-0.00598589607074488
411.0	-0.004927746705830018
412.0	-0.0055485100500254495
413.0	-0.004616043792134337
414.0	-0.005506285370617946
415.0	-0.004153499129316783
416.0	-0.005144650534858911
417.0	-0.005552308619620067
418.0	-0.005579063761982565
419.0	-0.005842926719478778
420.0	-0.004783180854299542
421.0	-0.005263727433891932
422.0	-0.0055392063071052254
423.0	-0.003938687266151518
424.0	-0.004201889602848812
425.0	-0.00480966073799576
426.0	-0.006225536265608424
427.0	-0.0045023619629605644
428.0	-0.004729175103975548
429.0	-0.005374546572936287
430.0	-0.0057280888039068336
431.0	-0.004123385831225613
432.0	-0.00555385006815139
433.0	-0.005685533814099742
434.0	-0.0042342049702702245
435.0	-0.004182346237542909
436.0	-0.005179608385476512
437.0	-0.0058200802501775116
438.0	-0.005323348461008147
439.0	-0.003524037611266996
440.0	-0.004332967779731552
441.0	-0.004754829211672669
442.0	-0.005743228030552251
443.0	-0.005545867566829261
444.0	-0.0038214821260494085
445.0	-0.0052437436547198265
446.0	-0.003465792877481926
447.0	-0.005982868225415796
448.0	-0.004370623165278649
449.0	-0.005692910746356003
450.0	-0.0047641880063262
451.0	-0.00535571888016261
452.0	-0.004035743471882113
453.0	-0.00541996425287254
454.0	-0.005245560361917431
455.0	-0.0040760413406253975
456.0	-0.0038508797516080954
457.0	-0.004495975961902809
458.0	-0.003648454528425701
459.0	-0.004767215851655284
460.0	-0.0054028431638298525
461.0	-0.004098117085661131
462.0	-0.005387483730251462
463.0	-0.003952119889066202
464.0	-0.00436319118128908
465.0	-0.004600904565488919
466.0	-0.004297734670447671
467.0	-0.004808504651597332
468.0	-0.0033834354845310595
469.0	-0.0036460322521624858
470.0	-0.004450778488899529
471.0	-0.004748333107148556
472.0	-0.005847661168538851
473.0	-0.00418344727220803
474.0	-0.005136943292203063
475.0	-0.003726352730983032
476.0	-0.004697190046953724
477.0	-0.005367775209745893
478.0	-0.0043742015279402925
479.0	-0.0033054271785071137
480.0	-0.005142613620728591
481.0	-0.005101159665586621
482.0	-0.005177791678279165
483.0	-0.004705282651742211
484.0	-0.004639110468368577
485.0	-0.004908258392257423
486.0	-0.004962098987381751
487.0	-0.005632904357106893
488.0	-0.0033441285469860246
489.0	-0.003809701055132662
490.0	-0.00578908612435445
491.0	-0.005479144866122809
492.0	-0.005520598821264522
493.0	-0.004256335767039008
494.0	-0.00443118007186032
495.0	-0.005089984163735742
496.0	-0.005453270551492458
497.0	-0.0053530763969664216
498.0	-0.004935343845019509
499.0	-0.0048640518504529055
500.0	-0.005074019161091484
501.0	-0.004583453166046644
502.0	-0.0034493324092384143
503.0	-0.005268516934685056
504.0	-0.005973949844628211
505.0	-0.004339463884255665
506.0	-0.005019738152100953
507.0	-0.00649435387909794
508.0	-0.004811807755592696
509.0	-0.005406201319558523
510.0	-0.00562211421738891
511.0	-0.00499166176814036
512.0	-0.004054516112922482
513.0	-0.004510124257349464
514.0	-0.005005369649721069
515.0	-0.0040808858931520855
516.0	-0.005022821049163344
517.0	-0.0046491849355543334
518.0	-0.004664489317399673
519.0	-0.004831681431298186
520.0	-0.004684913510437468
521.0	-0.005846174771741091
522.0	-0.005555942034015018
523.0	-0.006064399842368078
524.0	-0.005088717973870699
525.0	-0.004262116199030895
526.0	-0.005588918022235349
527.0	-0.006020028145363639
528.0	-0.005691974866890804
529.0	-0.004990230423075651
530.0	-0.006363771167814453
531.0	-0.006218379540285136
532.0	-0.005911300972182913
533.0	-0.00527088415921522
534.0	-0.00538236391905875
535.0	-0.005382749281191389
536.0	-0.005003167580390826
537.0	-0.005147017759389076
538.0	-0.005649089566684381
539.0	-0.005048530208593772
540.0	-0.004476102286197319
541.0	-0.006449376613027633
542.0	-0.005205372596640504
543.0	-0.004256335767039008
544.0	-0.005180158902809073
545.0	-0.004404314826031462
546.0	-0.00538610743692006
547.0	-0.005101434924252901
548.0	-0.005410385251286036
549.0	-0.00427384221821459
550.0	-0.005221117392351533
551.0	-0.004685188769103748
552.0	-0.005215722322492541
553.0	-0.004313204207492676
554.0	-0.006738012850489331
555.0	-0.005417927338741963
556.0	-0.006246896338111931
557.0	-0.00471777939519144
558.0	-0.004979275128157746
559.0	-0.0054695658645363045
560.0	-0.005947304805732327
561.0	-0.005820410560577099
562.0	-0.005614682233399341
563.0	-0.005175479505482307
564.0	-0.004912442323984935
565.0	-0.00439330447938025
566.0	-0.005775708553173329
567.0	-0.00498912938841053
568.0	-0.005607360352876131
569.0	-0.00468028916484401
570.0	-0.005220071409419719
571.0	-0.005776093915305968
572.0	-0.004373210596741786
573.0	-0.004714916705062023
574.0	-0.005103471838383478
575.0	-0.0045675432151356925
576.0	-0.005265323934156307
577.0	-0.005507166198350094
578.0	-0.004751801366343586
579.0	-0.005969215395568395
580.0	-0.005448756309365359
581.0	-0.005358966932424923
582.0	-0.003957459907191887
583.0	-0.004366329130084778
584.0	-0.0052362015672639
585.0	-0.004614337188403347
586.0	-0.004312103172827555
587.0	-0.003800287208745824
588.0	-0.005288665869056826
589.0	-0.004025283642563461
590.0	-0.005129676463413416
591.0	-0.0045266948290595905
592.0	-0.004224515865217105
593.0	-0.005554180378550722
594.0	-0.003817408297788511
595.0	-0.0052484781037799
596.0	-0.004658543730207864
597.0	-0.004859042142726553
598.0	-0.0038939852587477476
599.0	-0.004292174445388757
600.0	-0.004956758969256066
601.0	-0.004751195797277974
602.0	-0.005350654120703206
603.0	-0.004047634646265474
604.0	-0.003872460031044575
605.0	-0.004962979815113899
606.0	-0.005938166218011769
607.0	-0.003979315445294647
608.0	-0.004745965882618648
609.0	-0.004198146084987502
610.0	-0.004638449847569401
611.0	-0.0045264746221266175
612.0	-0.0038831951190295075
613.0	-0.004727193241578279
614.0	-0.004662562506735711
615.0	-0.00437023780314601
616.0	-0.0046867302176350715
617.0	-0.004021319917768921
618.0	-0.004508087343219143
619.0	-0.005332762307394985
620.0	-0.004880842629096005
621.0	-0.004927746705830018
622.0	-0.0054852005567809755
623.0	-0.005710307094064971
624.0	-0.005387263523318489
625.0	-0.003977168427697712
626.0	-0.005460262121616081
627.0	-0.004669388921659412
628.0	-0.00477040885218429
629.0	-0.005101655131185874
630.0	-0.004968374884973147
631.0	-0.004660635696071749
632.0	-0.005017205772371123
633.0	-0.0038719095137120145
634.0	-0.004627384449184881
635.0	-0.005962719291044025
636.0	-0.003474325896136616
637.0	-0.004158288630110163
638.0	-0.00589627184900411
639.0	-0.0056785422439763755
640.0	-0.004160490699440405
641.0	-0.0036033671588890357
642.0	-0.0051418428964628005
643.0	-0.005487292522644603
644.0	-0.0049334720860885976
645.0	-0.004080335375819525
646.0	-0.00420728467270806
647.0	-0.0043190396912178705
648.0	-0.005073413592025616
649.0	-0.004188291824734718
650.0	-0.005046933708329398
651.0	-0.004778446405239726
652.0	-0.0054945042997011995
653.0	-0.004511720757614095
654.0	-0.006479104548985907
655.0	-0.0055263792532564094
656.0	-0.004796062959881667
657.0	-0.0039781593588962185
658.0	-0.004730166035174056
659.0	-0.00514955013911865
660.0	-0.005051447950456497
661.0	-0.004568203835934612
662.0	-0.005287619886125012
663.0	-0.005753302497738008
664.0	-0.006068363567162361
665.0	-0.004103402052053764
666.0	-0.005664118689863184
667.0	-0.0044253996398684325
668.0	-0.005115473116233197
669.0	-0.00329105867612723
670.0	-0.0053420109985819015
671.0	-0.004797053891080173
672.0	-0.005501550921558129
673.0	-0.004954281641259544
674.0	-0.004914203979448975
675.0	-0.005207409510770825
676.0	-0.004658323523274891
677.0	-0.0043865331161896
678.0	-0.005565410932135164
679.0	-0.004300817567510062
680.0	-0.0035672532218730063
681.0	-0.0053318814796628365
682.0	-0.003899270225140381
683.0	-0.0037667056514596245
684.0	-0.005140356499665041
685.0	-0.004248848731316389
686.0	-0.004936554983150989
687.0	-0.0047527372458090415
688.0	-0.0035096140571538046
689.0	-0.003906922416062922
690.0	-0.003918208021380416
691.0	-0.004574865095658647
692.0	-0.0041006494653909615
693.0	-0.0038077191927353925
694.0	-0.004035908627081778
695.0	-0.00507352369549223
696.0	-0.003114507767575186
697.0	-0.005149219828719318
698.0	-0.004393084272447277
699.0	-0.0045597809207465366
700.0	-0.0036270394041891434
701.0	-0.004526529673859925
702.0	-0.004259473715834706
703.0	-0.0040656916147733604
704.0	-0.004835645156092725
705.0	-0.0043465655578459024
706.0	-0.0035318549573892036
707.0	-0.004335775418127663
708.0	-0.003883250170762815
709.0	-0.0054046048192941485
710.0	-0.003103497420923973
711.0	-0.00576067942999427
712.0	-0.0032673864308271224
713.0	-0.003984710515153638
714.0	-0.004189558014599505
715.0	-0.004797219046279839
716.0	-0.0032966739529194508
717.0	-0.0044247940708025645
718.0	-0.003798470501548476
719.0	-0.004488543977913241
720.0	-0.00500872780544974
721.0	-0.0031195174753012827
722.0	-0.004585710287110194
723.0	-0.0052830505922646055
724.0	-0.00426822694142237
725.0	-0.004733854501302314
726.0	-0.004818413963583424
727.0	-0.004409214430291201
728.0	-0.0036802193785142965
729.0	-0.004618466068397552
730.0	-0.005066862435768195
731.0	-0.003533836819786473
732.0	-0.004028972108691463
733.0	-0.005843036822945393
734.0	-0.00414248878266557
735.0	-0.005680634209840003
736.0	-0.004679408337111861
737.0	-0.004788135510292588
738.0	-0.004935949414085121
739.0	-0.004441144435579718
740.0	-0.0054073023542236445
741.0	-0.004741947106090802
742.0	-0.005000525097194637
743.0	-0.0037139660910004177
744.0	-0.00444252072891112
745.0	-0.00455653286848448
746.0	-0.005385942281720395
747.0	-0.005440443497643898
748.0	-0.0036239014553934453
749.0	-0.003993408689008251
750.0	-0.003990656102345448
751.0	-0.0043314813829335354
752.0	-0.0038470261302801707
753.0	-0.004830580396633065
754.0	-0.002540097982781207
755.0	-0.00617153051528443
756.0	-0.0050206740315664085
757.0	-0.0045195381037363026
758.0	-0.004750535176478799
759.0	-0.003793736052488403
760.0	-0.004012841950847538
761.0	-0.00338800477839121
762.0	-0.004370733268745263
763.0	-0.004620668137727795
764.0	-0.004940959121811474
765.0	-0.00458361832124631
766.0	-0.003875763135039939
767.0	-0.004660470540871826
768.0	-0.003734885749637722
769.0	-0.004887834199219372
770.0	-0.00426475868222734
771.0	-0.004413618568951686
772.0	-0.0041852639794056345
773.0	-0.004296798790982216
774.0	-0.004132909781079066
775.0	-0.004599253013491237
776.0	-0.0036112946084778576
777.0	-0.004322452898679593
778.0	-0.0033321823208696125
779.0	-0.004451384057965397
780.0	-0.004422151587606376
781.0	-0.002812438907199059
782.0	-0.0030191581655755802
783.0	-0.003856605131866931
784.0	-0.004340124505054841
785.0	-0.004731156966372562
786.0	-0.003440909494050339
787.0	-0.003401877815171841
788.0	-0.0047183849642573085
789.0	-0.004522290690399106
790.0	-0.004259693922767679
791.0	-0.002991797454147214
792.0	-0.00411033857044408
793.0	-0.003818234073787352
794.0	-0.003776339704779436
795.0	-0.005572842916124732
796.0	-0.004430299244128171
797.0	-0.0045129318957455745
798.0	-0.003472674344138934
799.0	-0.004392974168980662
800.0	-0.004164784734634276
801.0	-0.0035687396186707666
802.0	-0.004678747716312943
803.0	-0.003330695924071596
804.0	-0.005385667023054114
805.0	-0.003400061107974237
806.0	-0.004288816289660086
807.0	-0.0032382090122014084
808.0	-0.003531249388323592
809.0	-0.004337482021858652
810.0	-0.0038402547670897775
811.0	-0.004354272800501752
812.0	-0.003798910915414422
813.0	-0.004847316123542857
814.0	-0.0044323361582587475
815.0	-0.0044664682328775076
816.0	-0.0038345844385645053
817.0	-0.00541622073501123
818.0	-0.004282870702468533
819.0	-0.004160600802906764
820.0	-0.004729945828241083
821.0	-0.003137244133409838
822.0	-0.00397502141010052
823.0	-0.0036683282041311918
824.0	-0.004159940182107844
825.0	-0.00494420717407353
826.0	-0.0034765830172001663
827.0	-0.0036340860260458173
828.0	-0.004438722159316503
829.0	-0.004333408193597498
830.0	-0.004119036744298435
831.0	-0.0038202709879179286
832.0	-0.004796173063348025
833.0	-0.0038182891255206593
834.0	-0.004906606840259741
835.0	-0.004795512442549106
836.0	-0.0046197873099956465
837.0	-0.0036258833177907146
838.0	-0.0037420424749610103
839.0	-0.004583398114313336
840.0	-0.004912001910118733
841.0	-0.0033696725512170436
842.0	-0.002787005006434655
843.0	-0.002689178076438783
844.0	-0.004396222221242719
845.0	-0.003879726859834478
846.0	-0.004462559559816276
847.0	-0.003988894446881151
848.0	-0.003770504221054242
849.0	-0.0047227340511844865
850.0	-0.004493939047772232
851.0	-0.004170840425292443
852.0	-0.0038087651756672065
853.0	-0.0034756471377349668
854.0	-0.004495315341103634
855.0	-0.0058621948261184005
856.0	-0.003401492453038946
857.0	-0.004215982846562416
858.0	-0.004680894733909878
859.0	-0.004266079923825434
860.0	-0.0036960742776921966
861.0	-0.0037271234552485656
862.0	-0.0036392058372385285
863.0	-0.0033615799464282994
864.0	-0.004422702104938937
865.0	-0.003847411492413066
866.0	-0.0035488659429655325
867.0	-0.0039917020852772616
868.0	-0.00393659530028789
869.0	-0.00271031794200906
870.0	-0.004201173930316586
871.0	-0.004635697260906598
872.0	-0.003504329090761171
873.0	-0.005163258020699614
874.0	-0.004824139343842259
875.0	-0.004883870474425089
876.0	-0.004589013391105558
877.0	-0.0034067774194315795
878.0	-0.0051312729636777904
879.0	-0.004255785249706447
880.0	-0.004261951043831229
881.0	-0.0032926001246585536
882.0	-0.004943546553274611
883.0	-0.004394515617511729
884.0	-0.005340689756983807
885.0	-0.004132194108546584
886.0	-0.0049983230278643955
887.0	-0.004795292235615876
888.0	-0.004795512442549106
889.0	-0.005103196579717198
890.0	-0.003736757508568377
891.0	-0.0038612845291936967
892.0	-0.0038742216865088716
893.0	-0.004699502219750325
894.0	-0.00497206335110115
895.0	-0.0049739351100318045
896.0	-0.004456669024358031
897.0	-0.004437786279851047
898.0	-0.003485281191054778
899.0	-0.004040532972675237
900.0	-0.003667777686798631
901.0	-0.004178492616214985
902.0	-0.0044656424568786665
903.0	-0.004556312661551507
904.0	-0.0038070585719364733
905.0	-0.003773311859450352
906.0	-0.003840309818823085
907.0	-0.004953896279126649
908.0	-0.004369797389279808
909.0	-0.0037635126509308753
910.0	-0.0033971984178450755
911.0	-0.005131658325810429
912.0	-0.004848967675540539
913.0	-0.004130542556548902
914.0	-0.0032265930964843273
915.0	-0.003932246213360712
916.0	-0.004040257714008956
917.0	-0.0033480372200472563
918.0	-0.004430023985461891
919.0	-0.004791053252155313
920.0	-0.003308510075569505
921.0	-0.0024117173408282192
922.0	-0.003741436905895142
923.0	-0.004571396836463617
924.0	-0.004860033073925059
925.0	-0.004380367322065075
926.0	-0.004143754972530357
927.0	-0.0042460961446535855
928.0	-0.0036570976505467495
929.0	-0.004069875546500873
930.0	-0.0032682122068259634
931.0	-0.0033297049928730895
932.0	-0.004100374206724681
933.0	-0.0034136588860885875
934.0	-0.004807678875598491
935.0	-0.004006841311922679
936.0	-0.00347586734466794
937.0	-0.003896022172878068
938.0	-0.004111659812042174
939.0	-0.00571801433672082
940.0	-0.003199727850655471
941.0	-0.00369029384570031
942.0	-0.005170634952955876
943.0	-0.005479585279988755
944.0	-0.0045523489367569675
945.0	-0.004433822555056764
946.0	-0.004708585755737575
947.0	-0.004150911697853645
948.0	-0.0046335502433096625
949.0	-0.0050047640806552005
950.0	-0.004366604388751059
951.0	-0.0044314002787932925
952.0	-0.0033570657043011996
953.0	-0.003342697201921572
954.0	-0.004723284568517047
955.0	-0.003919143900845615
956.0	-0.00507445957495743
957.0	-0.003144731169132714
958.0	-0.004722348689051591
959.0	-0.004920204618374092
960.0	-0.003490290898780875
961.0	-0.003748868889884711
962.0	-0.0036218645412628685
963.0	-0.004685739286436309
964.0	-0.003818234073787352
965.0	-0.004282099978203
966.0	-0.003740280819496714
967.0	-0.004292064341922399
968.0	-0.0039532209237313235
969.0	-0.003481317466260239
970.0	-0.004390937254850085
971.0	-0.0039353291104231025
972.0	-0.003928998161098656
973.0	-0.004282595443802253
974.0	-0.00423971014359583
975.0	-0.00500647068438619
976.0	-0.004468945560874031
977.0	-0.004466192974211227
978.0	-0.0040527544574581855
979.0	-0.004710292359468565
980.0	-0.004418408069745066
981.0	-0.0037487037346850454
982.0	-0.003200608678387619
983.0	-0.004587471942574234
984.0	-0.0053127234764898295
985.0	-0.005419468787273286
986.0	-0.0042704290107526115
987.0	-0.005305621802899591
988.0	-0.0047165132053266536
989.0	-0.003973920375435399
990.0	-0.005464170794677057
991.0	-0.004707154410673123
992.0	-0.004822818102243909
993.0	-0.004772776076714198
994.0	-0.004530768657320488
995.0	-0.005269948279749765
996.0	-0.004711008032001048
997.0	-0.005350268758570311
998.0	-0.004237287867332615
999.0	-0.005046823604863039
1000.0	-0.004630357242780913
1001.0	-0.004189778221532478
1002.0	-0.005005039339321481
1003.0	-0.004666801490196274
1004.0	-0.0038645325814557533
1005.0	-0.0040235770388324715
1006.0	-0.004149865714921831
1007.0	-0.005512341061276113
1008.0	-0.004682656389374175
1009.0	-0.0035204041968720447
1010.0	-0.005170084435623315
1011.0	-0.0047379283295632115
1012.0	-0.0053318814796628365
1013.0	-0.004812688583324844
1014.0	-0.00415927956130867
1015.0	-0.005320320615679063
1016.0	-0.004677151216048568
1017.0	-0.004769307817519168
1018.0	-0.005207574665970747
1019.0	-0.004943326346341638
1020.0	-0.003760925219467738
1021.0	-0.004222203692420249
1022.0	-0.0038554490454685026
1023.0	-0.00468028916484401
1024.0	-0.005050567122724349
1025.0	-0.004520033569335556
1026.0	-0.005260534433362926
1027.0	-0.00476644512738975
1028.0	-0.004978944817758158
1029.0	-0.005323623719674427
1030.0	-0.005451563947761469
1031.0	-0.004469881440339486
1032.0	-0.00639597643176925
1033.0	-0.005296373111712676
1034.0	-0.005373005124405219
1035.0	-0.00452840143279058
1036.0	-0.005284096575196675
1037.0	-0.004675609767517244
1038.0	-0.005069945332830586
1039.0	-0.004485791391250438
1040.0	-0.004952134623662609
1041.0	-0.005740475443889448
1042.0	-0.004491626874975631
1043.0	-0.006183091379268204
1044.0	-0.005157532640440779
1045.0	-0.004585545131910272
1046.0	-0.003875432824640351
1047.0	-0.005476061969060418
1048.0	-0.0046440100726283145
1049.0	-0.005691314246091628
1050.0	-0.003923382884306434
1051.0	-0.005921595646301899
1052.0	-0.004956483710589786
1053.0	-0.005191719766792846
1054.0	-0.005410715561685623
1055.0	-0.003989500015947019
1056.0	-0.004365998819685191
1057.0	-0.00392833754029948
1058.0	-0.005700617989011852
1059.0	-0.005383685160656845
1060.0	-0.0055922761779640204
1061.0	-0.006139710613462272
1062.0	-0.004972338609767431
1063.0	-0.004518326965604823
1064.0	-0.003982893807956291
1065.0	-0.005456683758954437
1066.0	-0.004645331314226409
1067.0	-0.004661626627270255
1068.0	-0.0051252723247529304
1069.0	-0.005031849533417287
1070.0	-0.006122039007087024
1071.0	-0.004934077655154466
1072.0	-0.003598522606362348
1073.0	-0.005610608405138187
1074.0	-0.004033045936952617
1075.0	-0.005517020458602878
1076.0	-0.004103787414186659
1077.0	-0.004859482556592499
1078.0	-0.005562438138539131
1079.0	-0.005163478227632588
1080.0	-0.0046054188076157625
1081.0	-0.005024087239028131
1082.0	-0.004468229888341804
1083.0	-0.004694767770690509
1084.0	-0.005402953267296467
1085.0	-0.005165735348696137
1086.0	-0.004697300150420082
1087.0	-0.004505499911756006
1088.0	-0.004720587033587551
1089.0	-0.005015994634239643
1090.0	-0.005403118422496133
1091.0	-0.00466773736966173
1092.0	-0.004504894342690138
1093.0	-0.0051895176974626036
1094.0	-0.004934848379419999
1095.0	-0.006440072870107409
1096.0	-0.005461142949347973
1097.0	-0.003152328308321948
1098.0	-0.005664724258929052
1099.0	-0.004577837889254423
1100.0	-0.0058354947354892096
1101.0	-0.003528001336061279
1102.0	-0.005092461491732265
1103.0	-0.0047122742218658345
1104.0	-0.004455457886226295
1105.0	-0.004580150062051281
1106.0	-0.005431470065123006
1107.0	-0.003432982044461517
1108.0	-0.004003097794061113
1109.0	-0.0034541219100317944
1110.0	-0.004628815794249589
1111.0	-0.005374931935069181
1112.0	-0.004742662778623285
1113.0	-0.004710072152535592
1114.0	-0.004743158244222538
1115.0	-0.004238829315863682
1116.0	-0.004383395167394158
1117.0	-0.0037616959437332714
1118.0	-0.004475001251532198
1119.0	-0.0034647468945501123
1120.0	-0.006367900047808657
1121.0	-0.0041381947474716995
1122.0	-0.004248298213983828
1123.0	-0.004106815259515743
1124.0	-0.005298354974109945
1125.0	-0.003885011826226855
1126.0	-0.003984380204754051
1127.0	-0.004193907101526682
1128.0	-0.00530501623383398
1129.0	-0.0043226731056125655
1130.0	-0.00400540996685797
1131.0	-0.005075725764822472
1132.0	-0.004670214697658252
1133.0	-0.003364442636557717
1134.0	-0.004443731867042856
1135.0	-0.004279677701939784
1136.0	-0.004285072771798776
1137.0	-0.00397551687570003
1138.0	-0.004974210368698085
1139.0	-0.004753783228740855
1140.0	-0.0052760039704079316
1141.0	-0.003248999151919648
1142.0	-0.00511541806449989
1143.0	-0.004360548698092891
1144.0	-0.00406315923504353
1145.0	-0.004580260165517895
1146.0	-0.004552899454089528
1147.0	-0.004911286237586506
1148.0	-0.004565946714871318
1149.0	-0.005520323562598242
1150.0	-0.004383890632993412
1151.0	-0.005603561783281513
1152.0	-0.004200843619916998
1153.0	-0.004495370392836941
1154.0	-0.0050383456379414
1155.0	-0.0055972308339570665
1156.0	-0.004865318040317693
1157.0	-0.003916776676315707
1158.0	-0.004635917467839571
1159.0	-0.0046883817696327535
1160.0	-0.003982948859689598
1161.0	-0.004390331685784473
1162.0	-0.0040757110302260665
1163.0	-0.0037333443011063985
1164.0	-0.0026753600913914594
1165.0	-0.004059801079314859
1166.0	-0.00455053222955962
1167.0	-0.0052737468493443814
1168.0	-0.004558900093014388
1169.0	-0.0036300121977849197
1170.0	-0.004007006467122345
1171.0	-0.004003923570059954
1172.0	-0.004277475632609542
1173.0	-0.0035464987184353675
1174.0	-0.00359841250289599
1175.0	-0.00449801287603313
1176.0	-0.005131493170610763
1177.0	-0.004095584705931301
1178.0	-0.0028402950842266786
1179.0	-0.004383340115660851
1180.0	-0.004010419674584324
1181.0	-0.0034918873990455058
1182.0	-0.0034771885862660344
1183.0	-0.0030584100513870514
1184.0	-0.003580465637854462
1185.0	-0.003665520565735081
1186.0	-0.004449292092101514
1187.0	-0.003464967101483085
1188.0	-0.002827192771711582
1189.0	-0.0038621103051925377
1190.0	-0.004711393394133686
1191.0	-0.004049891767328767
1192.0	-0.0037333993528397055
1193.0	-0.003864477529722446
1194.0	-0.002772801659254693
1195.0	-0.003911051296057127
1196.0	-0.00314742870406221
1197.0	-0.004651221849684911
1198.0	-0.004508252498418809
1199.0	-0.003354808583237906



