0.000000	37.592794
1.000000	37.599874
2.000000	37.605604
3.000000	37.593407
4.000000	37.602229
5.000000	37.627790
6.000000	37.593092
7.000000	37.586677
8.000000	37.628198
9.000000	37.556303
10.000000	37.597142
11.000000	37.582274
12.000000	37.597272
13.000000	37.620042
14.000000	37.578193
15.000000	37.564889
16.000000	37.565416
17.000000	37.551202
18.000000	37.561503
19.000000	37.596329
20.000000	37.598882
21.000000	37.526141
22.000000	37.633744
23.000000	37.639368
24.000000	37.615576
25.000000	37.615078
26.000000	37.641618
27.000000	37.617108
28.000000	37.617507
29.000000	37.613648
30.000000	37.658868
31.000000	37.616158
32.000000	37.637286
33.000000	37.615090
34.000000	37.582400
35.000000	37.584842
36.000000	37.577348
37.000000	37.601341
38.000000	37.584887
39.000000	37.656383
40.000000	37.633009
41.000000	37.640974
42.000000	37.617604
43.000000	37.662334
44.000000	37.665012
45.000000	37.660524
46.000000	37.627262
47.000000	37.623467
48.000000	37.625586
49.000000	37.637301
50.000000	37.623757
51.000000	37.649645
52.000000	37.640819
53.000000	37.609879
54.000000	37.602463
55.000000	37.614862
56.000000	37.618345
57.000000	37.560750
58.000000	37.610128
59.000000	37.654026
60.000000	37.610450
61.000000	37.652455
62.000000	37.640388
63.000000	37.677402
64.000000	37.615425
65.000000	37.688868
66.000000	37.661608
67.000000	37.620791
68.000000	37.603551
69.000000	37.626956
70.000000	37.641634
71.000000	37.627755
72.000000	37.636686
73.000000	37.640111
74.000000	37.592337
75.000000	37.576519
76.000000	37.550920
77.000000	37.575467
78.000000	37.567674
79.000000	37.625104
80.000000	37.641390
81.000000	37.632026
82.000000	37.646191
83.000000	37.586000
84.000000	37.640548
85.000000	37.639153
86.000000	37.624272
87.000000	37.639229
88.000000	37.644655
89.000000	37.613497
90.000000	37.589425
91.000000	37.589117
92.000000	37.594141
93.000000	37.625137
94.000000	37.562167
95.000000	37.586685
96.000000	37.568626
97.000000	37.585609
98.000000	37.564092
99.000000	37.581520
100.000000	37.612892
101.000000	37.617449
102.000000	37.607342
103.000000	37.619945
104.000000	37.618349
105.000000	37.578046
106.000000	37.607098
107.000000	37.571889
108.000000	37.645429
109.000000	37.654630
110.000000	37.601896
111.000000	37.669946
112.000000	37.659015
113.000000	37.625170
114.000000	37.580618
115.000000	37.608698
116.000000	37.519765
117.000000	37.614393
118.000000	37.580651
119.000000	37.639467
120.000000	37.594810
121.000000	37.671115
122.000000	37.605062
123.000000	37.612981
124.000000	37.643292
125.000000	37.611582
126.000000	37.607292
127.000000	37.648610
128.000000	37.618426
129.000000	37.607470
130.000000	37.646303
131.000000	37.633543
132.000000	37.646510
133.000000	37.608507
134.000000	37.574594
135.000000	37.640401
136.000000	37.569278
137.000000	37.554181
138.000000	37.540246
139.000000	37.570271
140.000000	37.626811
141.000000	37.614492
142.000000	37.586599
143.000000	37.595497
144.000000	37.610661
145.000000	37.642520
146.000000	37.574683
147.000000	37.624580
148.000000	37.611493
149.000000	37.630983
150.000000	37.613532
151.000000	37.604662
152.000000	37.584140
153.000000	37.592819
154.000000	37.577357
155.000000	37.525791
156.000000	37.553271
157.000000	37.579745
158.000000	37.525417
159.000000	37.577135
160.000000	37.548760
161.000000	37.591669
162.000000	37.577944
163.000000	37.591753
164.000000	37.592200
165.000000	37.556555
166.000000	37.614221
167.000000	37.584326
168.000000	37.564340
169.000000	37.592763
170.000000	37.604197
171.000000	37.579703
172.000000	37.571655
173.000000	37.523240
174.000000	37.513485
175.000000	37.528277
176.000000	37.531335
177.000000	37.535246
178.000000	37.536223
179.000000	37.551557
180.000000	37.617288
181.000000	37.587840
182.000000	37.523865
183.000000	37.613327
184.000000	37.600579
185.000000	37.581309
186.000000	37.571879
187.000000	37.611115
188.000000	37.596143
189.000000	37.580755
190.000000	37.591346
191.000000	37.563152
192.000000	37.525481
193.000000	37.559148
194.000000	37.545285
195.000000	37.550841
196.000000	37.530493
197.000000	37.528542
198.000000	37.496700
199.000000	37.536143
200.000000	37.570273
201.000000	37.561869
202.000000	37.559456
203.000000	37.604143
204.000000	37.587817
205.000000	37.587143
206.000000	37.555566
207.000000	37.594721
208.000000	37.553710
209.000000	37.573007
210.000000	37.529266
211.000000	37.552571
212.000000	37.506349
213.000000	37.545896
214.000000	37.500512
215.000000	37.500505
216.000000	37.536482
217.000000	37.524086
218.000000	37.554513
219.000000	37.499885
220.000000	37.553650
221.000000	37.560750
222.000000	37.535762
223.000000	37.557103
224.000000	37.520858
225.000000	37.565820
226.000000	37.531598
227.000000	37.513768
228.000000	37.529641
229.000000	37.578782
230.000000	37.529638
231.000000	37.542266
232.000000	37.501693
233.000000	37.532153
234.000000	37.519089
235.000000	37.471780
236.000000	37.473576
237.000000	37.516711
238.000000	37.484428
239.000000	37.460732
240.000000	37.501691
241.000000	37.509938
242.000000	37.531253
243.000000	37.497863
244.000000	37.521820
245.000000	37.513729
246.000000	37.528111
247.000000	37.533777
248.000000	37.549051
249.000000	37.504191
250.000000	37.552725
251.000000	37.474096
252.000000	37.451477
253.000000	37.483174
254.000000	37.489008
255.000000	37.462648
256.000000	37.478787
257.000000	37.445402
258.000000	37.498184
259.000000	37.505834
260.000000	37.533430
261.000000	37.525787
262.000000	37.499055
263.000000	37.506765
264.000000	37.530112
265.000000	37.541374
266.000000	37.508669
267.000000	37.496841
268.000000	37.538702
269.000000	37.503668
270.000000	37.513379
271.000000	37.437405
272.000000	37.479019
273.000000	37.451610
274.000000	37.451713
275.000000	37.462031
276.000000	37.447045
277.000000	37.484689
278.000000	37.473415
279.000000	37.471689
280.000000	37.479990
281.000000	37.500708
282.000000	37.426318
283.000000	37.488602
284.000000	37.486622
285.000000	37.511049
286.000000	37.508591
287.000000	37.521162
288.000000	37.505207
289.000000	37.477889
290.000000	37.464947
291.000000	37.450844
292.000000	37.439189
293.000000	37.451142
294.000000	37.449238
295.000000	37.451844
296.000000	37.398019
297.000000	37.478061
298.000000	37.522851
299.000000	37.484031
300.000000	37.512918
301.000000	37.502039
302.000000	37.505391
303.000000	37.481092
304.000000	37.460059
305.000000	37.534390
306.000000	37.480360
307.000000	37.469231
308.000000	37.556959
309.000000	37.512831
310.000000	37.435218
311.000000	37.436723
312.000000	37.425380
313.000000	37.416033
314.000000	37.476589
315.000000	37.433461
316.000000	37.511608
317.000000	37.474388
318.000000	37.493306
319.000000	37.527615
320.000000	37.490523
321.000000	37.517907
322.000000	37.488503
323.000000	37.498264
324.000000	37.489488
325.000000	37.488091
326.000000	37.440087
327.000000	37.460697
328.000000	37.499918
329.000000	37.504812
330.000000	37.473150
331.000000	37.426990
332.000000	37.419772
333.000000	37.419327
334.000000	37.419660
335.000000	37.488952
336.000000	37.486874
337.000000	37.466025
338.000000	37.439624
339.000000	37.484292
340.000000	37.516069
341.000000	37.505965
342.000000	37.466530
343.000000	37.440464
344.000000	37.445795
345.000000	37.477448
346.000000	37.452804
347.000000	37.460978
348.000000	37.495392
349.000000	37.429554
350.000000	37.416041
351.000000	37.423694
352.000000	37.407623
353.000000	37.426448
354.000000	37.439452
355.000000	37.415882
356.000000	37.456378
357.000000	37.432803
358.000000	37.456007
359.000000	37.432673
360.000000	37.477601
361.000000	37.457228
362.000000	37.446184
363.000000	37.414599
364.000000	37.445607
365.000000	37.446656
366.000000	37.427899
367.000000	37.463840
368.000000	37.458751
369.000000	37.424970
370.000000	37.412020
371.000000	37.387115
372.000000	37.398373
373.000000	37.403794
374.000000	37.407828
375.000000	37.420250
376.000000	37.460723
377.000000	37.429068
378.000000	37.435874
379.000000	37.392051
380.000000	37.421138
381.000000	37.448891
382.000000	37.401007
383.000000	37.399682
384.000000	37.413794
385.000000	37.435489
386.000000	37.384934
387.000000	37.422282
388.000000	37.455018
389.000000	37.379535
390.000000	37.425980
391.000000	37.361167
392.000000	37.375162
393.000000	37.387723
394.000000	37.405088
395.000000	37.356778
396.000000	37.413463
397.000000	37.373043
398.000000	37.362870
399.000000	37.415722
400.000000	37.445592
401.000000	37.400547
402.000000	37.433674
403.000000	37.419211
404.000000	37.381312
405.000000	37.411226
406.000000	37.423311
407.000000	37.402803
408.000000	37.392284
409.000000	37.437890
410.000000	37.365001
411.000000	37.404777
412.000000	37.381443
413.000000	37.416494
414.000000	37.383030
415.000000	37.433881
416.000000	37.396624
417.000000	37.381300
418.000000	37.380294
419.000000	37.370376
420.000000	37.410212
421.000000	37.392148
422.000000	37.381793
423.000000	37.441956
424.000000	37.432062
425.000000	37.409216
426.000000	37.355993
427.000000	37.420768
428.000000	37.412242
429.000000	37.387982
430.000000	37.374692
431.000000	37.435013
432.000000	37.381242
433.000000	37.376292
434.000000	37.430848
435.000000	37.432797
436.000000	37.395310
437.000000	37.371235
438.000000	37.389907
439.000000	37.457543
440.000000	37.427135
441.000000	37.411277
442.000000	37.374123
443.000000	37.381542
444.000000	37.446362
445.000000	37.392899
446.000000	37.459732
447.000000	37.365115
448.000000	37.425720
449.000000	37.376015
450.000000	37.410926
451.000000	37.388690
452.000000	37.438308
453.000000	37.386275
454.000000	37.392831
455.000000	37.436793
456.000000	37.445257
457.000000	37.421008
458.000000	37.452866
459.000000	37.410812
460.000000	37.386918
461.000000	37.435963
462.000000	37.387496
463.000000	37.441451
464.000000	37.425999
465.000000	37.417063
466.000000	37.428459
467.000000	37.409260
468.000000	37.462828
469.000000	37.452957
470.000000	37.422707
471.000000	37.411521
472.000000	37.370198
473.000000	37.432756
474.000000	37.396914
475.000000	37.449938
476.000000	37.413444
477.000000	37.388237
478.000000	37.425585
479.000000	37.465760
480.000000	37.396700
481.000000	37.398259
482.000000	37.395378
483.000000	37.413140
484.000000	37.415627
485.000000	37.405510
486.000000	37.403486
487.000000	37.378270
488.000000	37.464306
489.000000	37.446805
490.000000	37.372400
491.000000	37.384050
492.000000	37.382492
493.000000	37.430016
494.000000	37.423443
495.000000	37.398679
496.000000	37.385023
497.000000	37.388789
498.000000	37.404492
499.000000	37.407172
500.000000	37.399279
501.000000	37.417719
502.000000	37.460351
503.000000	37.391968
504.000000	37.365451
505.000000	37.426891
506.000000	37.401319
507.000000	37.345889
508.000000	37.409135
509.000000	37.386792
510.000000	37.378676
511.000000	37.402375
512.000000	37.437602
513.000000	37.420476
514.000000	37.401859
515.000000	37.436611
516.000000	37.401203
517.000000	37.415248
518.000000	37.414673
519.000000	37.408388
520.000000	37.413905
521.000000	37.370254
522.000000	37.381163
523.000000	37.362051
524.000000	37.398726
525.000000	37.429798
526.000000	37.379924
527.000000	37.363718
528.000000	37.376050
529.000000	37.402429
530.000000	37.350797
531.000000	37.356262
532.000000	37.367806
533.000000	37.391879
534.000000	37.387688
535.000000	37.387674
536.000000	37.401942
537.000000	37.396535
538.000000	37.377662
539.000000	37.400237
540.000000	37.421755
541.000000	37.347579
542.000000	37.394341
543.000000	37.430016
544.000000	37.395289
545.000000	37.424453
546.000000	37.387548
547.000000	37.398248
548.000000	37.386635
549.000000	37.429358
550.000000	37.393750
551.000000	37.413895
552.000000	37.393952
553.000000	37.427878
554.000000	37.336729
555.000000	37.386351
556.000000	37.355190
557.000000	37.412670
558.000000	37.402840
559.000000	37.384410
560.000000	37.366452
561.000000	37.371222
562.000000	37.378955
563.000000	37.395465
564.000000	37.405353
565.000000	37.424867
566.000000	37.372902
567.000000	37.402470
568.000000	37.379231
569.000000	37.414079
570.000000	37.393789
571.000000	37.372888
572.000000	37.425622
573.000000	37.412778
574.000000	37.398172
575.000000	37.418317
576.000000	37.392088
577.000000	37.382997
578.000000	37.411391
579.000000	37.365629
580.000000	37.385193
581.000000	37.388568
582.000000	37.441250
583.000000	37.425881
584.000000	37.393183
585.000000	37.416558
586.000000	37.427919
587.000000	37.447159
588.000000	37.391210
589.000000	37.438701
590.000000	37.397187
591.000000	37.419853
592.000000	37.431212
593.000000	37.381230
594.000000	37.446515
595.000000	37.392721
596.000000	37.414897
597.000000	37.407360
598.000000	37.443636
599.000000	37.428669
600.000000	37.403687
601.000000	37.411414
602.000000	37.388880
603.000000	37.437861
604.000000	37.444446
605.000000	37.403453
606.000000	37.366796
607.000000	37.440429
608.000000	37.411610
609.000000	37.432203
610.000000	37.415652
611.000000	37.419861
612.000000	37.444042
613.000000	37.412316
614.000000	37.414746
615.000000	37.425734
616.000000	37.413837
617.000000	37.438850
618.000000	37.420552
619.000000	37.389553
620.000000	37.406540
621.000000	37.404777
622.000000	37.383823
623.000000	37.375361
624.000000	37.387504
625.000000	37.440510
626.000000	37.384760
627.000000	37.414489
628.000000	37.410692
629.000000	37.398240
630.000000	37.403250
631.000000	37.414818
632.000000	37.401415
633.000000	37.444466
634.000000	37.416068
635.000000	37.365873
636.000000	37.459411
637.000000	37.433701
638.000000	37.368370
639.000000	37.376555
640.000000	37.433618
641.000000	37.454561
642.000000	37.396729
643.000000	37.383744
644.000000	37.404562
645.000000	37.436632
646.000000	37.431860
647.000000	37.427659
648.000000	37.399302
649.000000	37.432573
650.000000	37.400297
651.000000	37.410390
652.000000	37.383473
653.000000	37.420416
654.000000	37.346462
655.000000	37.382275
656.000000	37.409727
657.000000	37.440472
658.000000	37.412204
659.000000	37.396440
660.000000	37.400127
661.000000	37.418293
662.000000	37.391250
663.000000	37.373745
664.000000	37.361902
665.000000	37.435764
666.000000	37.377097
667.000000	37.423661
668.000000	37.397721
669.000000	37.466300
670.000000	37.389205
671.000000	37.409690
672.000000	37.383208
673.000000	37.403780
674.000000	37.405286
675.000000	37.394265
676.000000	37.414905
677.000000	37.425122
678.000000	37.380808
679.000000	37.428344
680.000000	37.455918
681.000000	37.389586
682.000000	37.443438
683.000000	37.448421
684.000000	37.396785
685.000000	37.430297
686.000000	37.404446
687.000000	37.411356
688.000000	37.458085
689.000000	37.443150
690.000000	37.442726
691.000000	37.418042
692.000000	37.435868
693.000000	37.446879
694.000000	37.438302
695.000000	37.399298
696.000000	37.472937
697.000000	37.396452
698.000000	37.424875
699.000000	37.418609
700.000000	37.453671
701.000000	37.419859
702.000000	37.429898
703.000000	37.437182
704.000000	37.408239
705.000000	37.426624
706.000000	37.457249
707.000000	37.427030
708.000000	37.444040
709.000000	37.386852
710.000000	37.473351
711.000000	37.373467
712.000000	37.467190
713.000000	37.440226
714.000000	37.432526
715.000000	37.409684
716.000000	37.466089
717.000000	37.423683
718.000000	37.447227
719.000000	37.421287
720.000000	37.401733
721.000000	37.472749
722.000000	37.417634
723.000000	37.391421
724.000000	37.429569
725.000000	37.412066
726.000000	37.408887
727.000000	37.424269
728.000000	37.451672
729.000000	37.416403
730.000000	37.399548
731.000000	37.457174
732.000000	37.438562
733.000000	37.370372
734.000000	37.434295
735.000000	37.376476
736.000000	37.414112
737.000000	37.410025
738.000000	37.404469
739.000000	37.423069
740.000000	37.386751
741.000000	37.411762
742.000000	37.402042
743.000000	37.450403
744.000000	37.423017
745.000000	37.418731
746.000000	37.387554
747.000000	37.385505
748.000000	37.453789
749.000000	37.439899
750.000000	37.440003
751.000000	37.427191
752.000000	37.445402
753.000000	37.408430
754.000000	37.494529
755.000000	37.358023
756.000000	37.401284
757.000000	37.420122
758.000000	37.411439
759.000000	37.447405
760.000000	37.439169
761.000000	37.462656
762.000000	37.425715
763.000000	37.416320
764.000000	37.404281
765.000000	37.417713
766.000000	37.444321
767.000000	37.414824
768.000000	37.449617
769.000000	37.406278
770.000000	37.429699
771.000000	37.424103
772.000000	37.432687
773.000000	37.428495
774.000000	37.434655
775.000000	37.417125
776.000000	37.454263
777.000000	37.427530
778.000000	37.464755
779.000000	37.422684
780.000000	37.423783
781.000000	37.484292
782.000000	37.476521
783.000000	37.445042
784.000000	37.426866
785.000000	37.412167
786.000000	37.460668
787.000000	37.462135
788.000000	37.412647
789.000000	37.420018
790.000000	37.429889
791.000000	37.477550
792.000000	37.435504
793.000000	37.446484
794.000000	37.448059
795.000000	37.380528
796.000000	37.423476
797.000000	37.420370
798.000000	37.459474
799.000000	37.424879
800.000000	37.433457
801.000000	37.455862
802.000000	37.414137
803.000000	37.464810
804.000000	37.387564
805.000000	37.462203
806.000000	37.428795
807.000000	37.468287
808.000000	37.457272
809.000000	37.426965
810.000000	37.445656
811.000000	37.426334
812.000000	37.447210
813.000000	37.407801
814.000000	37.423400
815.000000	37.422117
816.000000	37.445869
817.000000	37.386416
818.000000	37.429018
819.000000	37.433614
820.000000	37.412213
821.000000	37.472082
822.000000	37.440590
823.000000	37.452119
824.000000	37.433639
825.000000	37.404159
826.000000	37.459327
827.000000	37.453406
828.000000	37.423160
829.000000	37.427119
830.000000	37.435177
831.000000	37.446407
832.000000	37.409723
833.000000	37.446482
834.000000	37.405572
835.000000	37.409748
836.000000	37.416354
837.000000	37.453714
838.000000	37.449348
839.000000	37.417721
840.000000	37.405369
841.000000	37.463345
842.000000	37.485248
843.000000	37.488925
844.000000	37.424757
845.000000	37.444172
846.000000	37.422264
847.000000	37.440069
848.000000	37.448278
849.000000	37.412484
850.000000	37.421084
851.000000	37.433229
852.000000	37.446840
853.000000	37.459362
854.000000	37.421032
855.000000	37.369651
856.000000	37.462149
857.000000	37.431533
858.000000	37.414057
859.000000	37.429649
860.000000	37.451076
861.000000	37.449909
862.000000	37.453214
863.000000	37.463650
864.000000	37.423762
865.000000	37.445387
866.000000	37.456609
867.000000	37.439963
868.000000	37.442035
869.000000	37.488131
870.000000	37.432089
871.000000	37.415755
872.000000	37.458284
873.000000	37.395924
874.000000	37.408672
875.000000	37.406427
876.000000	37.417510
877.000000	37.461951
878.000000	37.397127
879.000000	37.430036
880.000000	37.429805
881.000000	37.466243
882.000000	37.404183
883.000000	37.424821
884.000000	37.389255
885.000000	37.434682
886.000000	37.402124
887.000000	37.409756
888.000000	37.409748
889.000000	37.398182
890.000000	37.449547
891.000000	37.444866
892.000000	37.444379
893.000000	37.413357
894.000000	37.403111
895.000000	37.403041
896.000000	37.422485
897.000000	37.423195
898.000000	37.459000
899.000000	37.438128
900.000000	37.452140
901.000000	37.432942
902.000000	37.422148
903.000000	37.418740
904.000000	37.446904
905.000000	37.448173
906.000000	37.445654
907.000000	37.403794
908.000000	37.425751
909.000000	37.448541
910.000000	37.462311
911.000000	37.397112
912.000000	37.407739
913.000000	37.434744
914.000000	37.468724
915.000000	37.442198
916.000000	37.438138
917.000000	37.464159
918.000000	37.423487
919.000000	37.409916
920.000000	37.465644
921.000000	37.499355
922.000000	37.449371
923.000000	37.418173
924.000000	37.407323
925.000000	37.425353
926.000000	37.434248
927.000000	37.430401
928.000000	37.452541
929.000000	37.437025
930.000000	37.467159
931.000000	37.464848
932.000000	37.435878
933.000000	37.461692
934.000000	37.409291
935.000000	37.439394
936.000000	37.459353
937.000000	37.443560
938.000000	37.435454
939.000000	37.375071
940.000000	37.469734
941.000000	37.451293
942.000000	37.395647
943.000000	37.384034
944.000000	37.418889
945.000000	37.423344
946.000000	37.413016
947.000000	37.433979
948.000000	37.415836
949.000000	37.401882
950.000000	37.425871
951.000000	37.423435
952.000000	37.463819
953.000000	37.464359
954.000000	37.412463
955.000000	37.442691
956.000000	37.399262
957.000000	37.471801
958.000000	37.412498
959.000000	37.405061
960.000000	37.458811
961.000000	37.449091
962.000000	37.453865
963.000000	37.413874
964.000000	37.446484
965.000000	37.429047
966.000000	37.449414
967.000000	37.428673
968.000000	37.441410
969.000000	37.459149
970.000000	37.424956
971.000000	37.442082
972.000000	37.442320
973.000000	37.429029
974.000000	37.430641
975.000000	37.401818
976.000000	37.422024
977.000000	37.422127
978.000000	37.437668
979.000000	37.412951
980.000000	37.423923
981.000000	37.449098
982.000000	37.469700
983.000000	37.417568
984.000000	37.390306
985.000000	37.386293
986.000000	37.429486
987.000000	37.390573
988.000000	37.412718
989.000000	37.440632
990.000000	37.384613
991.000000	37.413069
992.000000	37.408722
993.000000	37.410603
994.000000	37.419700
995.000000	37.391914
996.000000	37.412925
997.000000	37.388895
998.000000	37.430732
999.000000	37.400301
1000.000000	37.415956
1001.000000	37.432518
1002.000000	37.401872
1003.000000	37.414586
1004.000000	37.444744
1005.000000	37.438765
1006.000000	37.434018
1007.000000	37.382802
1008.000000	37.413990
1009.000000	37.457679
1010.000000	37.395668
1011.000000	37.411913
1012.000000	37.389586
1013.000000	37.409102
1014.000000	37.433664
1015.000000	37.390020
1016.000000	37.414197
1017.000000	37.410733
1018.000000	37.394259
1019.000000	37.404192
1020.000000	37.448638
1021.000000	37.431299
1022.000000	37.445085
1023.000000	37.414079
1024.000000	37.400161
1025.000000	37.420103
1026.000000	37.392268
1027.000000	37.410841
1028.000000	37.402853
1029.000000	37.389896
1030.000000	37.385087
1031.000000	37.421988
1032.000000	37.349587
1033.000000	37.390921
1034.000000	37.388040
1035.000000	37.419789
1036.000000	37.391382
1037.000000	37.414255
1038.000000	37.399432
1039.000000	37.421390
1040.000000	37.403861
1041.000000	37.374227
1042.000000	37.421171
1043.000000	37.357589
1044.000000	37.396140
1045.000000	37.417641
1046.000000	37.444334
1047.000000	37.384166
1048.000000	37.415443
1049.000000	37.376075
1050.000000	37.442531
1051.000000	37.367419
1052.000000	37.403697
1053.000000	37.394855
1054.000000	37.386623
1055.000000	37.440046
1056.000000	37.425893
1057.000000	37.442345
1058.000000	37.375725
1059.000000	37.387639
1060.000000	37.379798
1061.000000	37.359220
1062.000000	37.403101
1063.000000	37.420167
1064.000000	37.440294
1065.000000	37.384895
1066.000000	37.415393
1067.000000	37.414781
1068.000000	37.397352
1069.000000	37.400864
1070.000000	37.359884
1071.000000	37.404539
1072.000000	37.454743
1073.000000	37.379109
1074.000000	37.438409
1075.000000	37.382627
1076.000000	37.435750
1077.000000	37.407343
1078.000000	37.380919
1079.000000	37.395916
1080.000000	37.416894
1081.000000	37.401156
1082.000000	37.422051
1083.000000	37.413535
1084.000000	37.386914
1085.000000	37.395831
1086.000000	37.413440
1087.000000	37.420650
1088.000000	37.412564
1089.000000	37.401460
1090.000000	37.386908
1091.000000	37.414551
1092.000000	37.420672
1093.000000	37.394937
1094.000000	37.404510
1095.000000	37.347929
1096.000000	37.384727
1097.000000	37.471515
1098.000000	37.377074
1099.000000	37.417930
1100.000000	37.370655
1101.000000	37.457394
1102.000000	37.398586
1103.000000	37.412877
1104.000000	37.422531
1105.000000	37.417843
1106.000000	37.385842
1107.000000	37.460966
1108.000000	37.439535
1109.000000	37.460171
1110.000000	37.416014
1111.000000	37.387968
1112.000000	37.411735
1113.000000	37.412960
1114.000000	37.411716
1115.000000	37.430674
1116.000000	37.425240
1117.000000	37.448609
1118.000000	37.421796
1119.000000	37.459772
1120.000000	37.350642
1121.000000	37.434457
1122.000000	37.430318
1123.000000	37.435636
1124.000000	37.390846
1125.000000	37.443974
1126.000000	37.440238
1127.000000	37.432362
1128.000000	37.390596
1129.000000	37.427522
1130.000000	37.439448
1131.000000	37.399215
1132.000000	37.414458
1133.000000	37.463542
1134.000000	37.422971
1135.000000	37.429138
1136.000000	37.428935
1137.000000	37.440572
1138.000000	37.403031
1139.000000	37.411317
1140.000000	37.391686
1141.000000	37.467881
1142.000000	37.397723
1143.000000	37.426098
1144.000000	37.437277
1145.000000	37.417839
1146.000000	37.418868
1147.000000	37.405396
1148.000000	37.418377
1149.000000	37.382502
1150.000000	37.425221
1151.000000	37.379373
1152.000000	37.432102
1153.000000	37.421030
1154.000000	37.400620
1155.000000	37.379611
1156.000000	37.407124
1157.000000	37.442780
1158.000000	37.415747
1159.000000	37.413775
1160.000000	37.440292
1161.000000	37.424979
1162.000000	37.436805
1163.000000	37.449675
1164.000000	37.489445
1165.000000	37.437403
1166.000000	37.418957
1167.000000	37.391771
1168.000000	37.418642
1169.000000	37.453559
1170.000000	37.439388
1171.000000	37.439504
1172.000000	37.429221
1173.000000	37.456698
1174.000000	37.454747
1175.000000	37.420931
1176.000000	37.397119
1177.000000	37.436058
1178.000000	37.483245
1179.000000	37.425242
1180.000000	37.439260
1181.000000	37.458751
1182.000000	37.459304
1183.000000	37.475046
1184.000000	37.455422
1185.000000	37.452224
1186.000000	37.422762
1187.000000	37.459763
1188.000000	37.483737
1189.000000	37.444835
1190.000000	37.412910
1191.000000	37.437776
1192.000000	37.449673
1193.000000	37.444746
1194.000000	37.485782
1195.000000	37.442995
1196.000000	37.471700
1197.000000	37.415172
1198.000000	37.420546
1199.000000	37.463904


