0.0	-0.0004426704886129076
1.0	-5.514306167491469e-05
2.0	0.00043256312524096095
3.0	0.0014559218919536127
4.0	-0.0008189884445238537
5.0	0.0003318662804678819
6.0	-0.000985764650015845
7.0	-0.0011466535282877025
8.0	0.0005442339479525009
9.0	5.4926408032792676e-05
10.0	-0.00038944905054289896
11.0	0.0015205411955216686
12.0	-0.0006018638166453228
13.0	-0.00086726452772895
14.0	0.0010041990490071504
15.0	-0.0005489249702819245
16.0	-0.0007755164203304742
17.0	0.000592933918717403
18.0	-0.0007417467113956996
19.0	0.0014367998531425745
20.0	-0.0019298564430364849
21.0	-0.0005510915066989776
22.0	-0.0005941396433325512
23.0	-0.0014077682651550286
24.0	-0.0012993001484511537
25.0	-0.00046810374220388514
26.0	-0.001785687574069807
27.0	-0.0009048021260846102
28.0	-0.0007262041675345465
29.0	-0.0013108864084204206
30.0	-0.0010236319386957011
31.0	-0.0019658397870058984
32.0	-0.0014406431003521675
33.0	-0.001325628275779767
34.0	-0.0006251776324370523
35.0	-0.0021872503891007303
36.0	-0.0010673865545956908
37.0	-0.0017410851830499865
38.0	-0.0013874687608999637
39.0	-0.0014834086452793502
40.0	-0.0014792639669162445
41.0	-0.003280974490748157
42.0	-0.001983643064519495
43.0	-0.0028200674173385052
44.0	-0.0029952271767918794
45.0	-0.0018496474969892519
46.0	-0.002885864186350588
47.0	-0.002795529037484944
48.0	-0.001989059405562018
49.0	-0.0018228012848654422
50.0	-0.0038096564751161632
51.0	-0.0025623437809498446
52.0	-0.0014821369825997136
53.0	-0.0021715194507685768
54.0	-0.0037112203639955276
55.0	-0.002793739290009892
56.0	-0.00292443795429686
57.0	-0.0028267554210604454
58.0	-0.003043785851703586
59.0	-0.002445492110284587
60.0	-0.0015493938087624331
61.0	-0.003962962475928445
62.0	-0.0029323976206986563
63.0	-0.0030491550941283037
64.0	-0.0023959443644000736
65.0	-0.003759072559640818
66.0	-0.0027759360124962953
67.0	-0.0032165435816511015
68.0	-0.0037549278812779316
69.0	-0.004671372785672736
70.0	-0.006499175943744457
71.0	-0.004857459424446766
72.0	-0.005751626682640672
73.0	-0.00609219678767101
74.0	-0.006235093993958052
75.0	-0.005390380284413268
76.0	-0.004611887231440593
77.0	-0.006332964921665466
78.0	-0.006807483495608242
79.0	-0.00690361177445863
80.0	-0.005426928811795902
81.0	-0.0072197847954888214
82.0	-0.008168916140609763
83.0	-0.008455699624156873
84.0	-0.007126670828175099
85.0	-0.008683704032738255
86.0	-0.008514855488064821
87.0	-0.007215451722654715
88.0	-0.006390990418747192
89.0	-0.008083008261813617
90.0	-0.006071426297238335
91.0	-0.006034971967091311
92.0	-0.009099631926186305
93.0	-0.00880889215874731
94.0	-0.007321847500176928
95.0	-0.007178008321534665
96.0	-0.007926593752229061
97.0	-0.006593278982030986
98.0	-0.007492485792325415
99.0	-0.005878557457506755
100.0	-0.007146876135194554
101.0	-0.008863762048438955
102.0	-0.006884254242558786
103.0	-0.007078488942205613
104.0	-0.005444025610043083
105.0	-0.007721997356675019
106.0	-0.008321939549715435
107.0	-0.005462817958529706
108.0	-0.007142872752684863
109.0	-0.007573118625932234
110.0	-0.0068035272117163564
111.0	-0.007554184981592415
112.0	-0.007657566447577964
113.0	-0.008031435275365246
114.0	-0.005894005804132298
115.0	-0.0067995709278244705
116.0	-0.007774559414096416
117.0	-0.009768102608069077
118.0	-0.008957535396401069
119.0	-0.007870358002622388
120.0	-0.007774889104420612
121.0	-0.007740883902397251
122.0	-0.007649889372882778
123.0	-0.008724821126043801
124.0	-0.00877469856225273
125.0	-0.008208620275382477
126.0	-0.008131566936725324
127.0	-0.009303097954914125
128.0	-0.006754638846480455
129.0	-0.008218652280965497
130.0	-0.006826746830272696
131.0	-0.006529601650817932
132.0	-0.006660441610958315
133.0	-0.007667457157307788
134.0	-0.005338713100729287
135.0	-0.007017967218382638
136.0	-0.0052394292144890406
137.0	-0.007112399946993583
138.0	-0.0066374574854907815
139.0	-0.005309088070157618
140.0	-0.005618337594376846
141.0	-0.005590502311280009
142.0	-0.004739194795248676
143.0	-0.004544065221864652
144.0	-0.006090783829138178
145.0	-0.007369370005497803
146.0	-0.006165576434142669
147.0	-0.0045633285565288865
148.0	-0.005370693062189229
149.0	-0.007705559939076449
150.0	-0.004917604359327739
151.0	-0.004502241649292691
152.0	-0.004348558859538409
153.0	-0.003715035352034218
154.0	-0.005830705261861464
155.0	-0.0032638776925009764
156.0	-0.003267268792979861
157.0	-0.005925232187708018
158.0	-0.003666947663300122
159.0	-0.004367586701113838
160.0	-0.0033772440654519587
161.0	-0.004027252089172304
162.0	-0.0032936911175436455
163.0	-0.004412754275546659
164.0	-0.003716118620242854
165.0	-0.004095356690454855
166.0	-0.003557678870094441
167.0	-0.002363540515380326
168.0	-0.002474457760207645
169.0	-0.003921798284005314
170.0	-0.0027996737158478306
171.0	-0.0026223945185952086
172.0	-0.004159175317521104
173.0	-0.0030399237650470903
174.0	-0.002737079652843413
175.0	-0.0031556921675037117
176.0	-0.0019975371567590105
177.0	-0.0036946887491615676
178.0	-0.0029545810696639447
179.0	-0.002502245944686676
180.0	-0.0031385482706387264
181.0	-0.0017395780272817637
182.0	-0.0034851940973601985
183.0	-0.0031680320053572
184.0	-0.003489009085398889
185.0	-0.002362080458229689
186.0	-0.0030315402110857076
187.0	-0.002435413006083762
188.0	-0.0028532248442422544
189.0	-0.003512793887368229
190.0	-0.0034712058078852923
191.0	-0.0026660549372598077
192.0	-0.0021051574983430546
193.0	-0.003555512333677607
194.0	-0.0031885199040832648
195.0	-0.002723279757839507
196.0	-0.002240095038228519
197.0	-0.00448142406024243
198.0	-0.003241505849064468
199.0	-0.002473091900292618
200.0	-0.002734866017808555
201.0	-0.002960939383061689
202.0	-0.002150513467247096
203.0	-0.0022059485403517435
204.0	-0.004058713965836831
205.0	-0.0018437130711515324
206.0	-0.003458394983854194
207.0	-0.002257804118506725
208.0	-0.0023852058795504182
209.0	-0.0037558227550153482
210.0	-0.0011667175394537428
211.0	-0.002119852267084596
212.0	-0.0004609918509219198
213.0	-0.003735334856289283
214.0	-0.002515998741072996
215.0	-0.0024088493856665627
216.0	-0.0010880628477927565
217.0	-0.0034314074758771884
218.0	-0.002143589970436131
219.0	-0.0035961113421875174
220.0	-0.0021703419853245504
221.0	-0.0023699459273958754
222.0	-0.0032543637717131527
223.0	-0.0030362971714794004
224.0	-0.001609821335350017
225.0	-0.0025113830765322795
226.0	-0.001258465646852438
227.0	-0.0028308059021879416
228.0	-0.0022991096062832707
229.0	-0.0013929322005602916
230.0	-0.0013029738406366486
231.0	-0.0025667239524015365
232.0	-0.0020361580233230875
233.0	-0.0024948514616983195
234.0	-0.0029575482825830233
235.0	-0.0024692298136361223
236.0	-0.000990474511791952
237.0	-0.0016026623454502467
238.0	-0.0024533104808329687
239.0	-0.002040302701686193
240.0	0.00012392588305275962
241.0	-0.0013076366037949507
242.0	-0.0007162192605691121
243.0	-0.002634451764742086
244.0	-0.0014181770596802688
245.0	-0.0017760323574287878
246.0	-0.0013752231202820856
247.0	-0.0031767923482608025
248.0	-0.0010986600367889972
249.0	-0.0005239156042507526
250.0	-0.0014331073215103963
251.0	-0.0003627441342722848
252.0	6.6748161090865e-05
253.0	0.0005819128421613565
254.0	-0.00014321747688811483
255.0	-7.360571983712237e-05
256.0	0.00011530683600257162
257.0	-0.0016572967420530875
258.0	-9.325526318797252e-07
259.0	-0.0009495458129576263
260.0	0.0004245563602215791
261.0	0.0006612740130887588
262.0	-0.000987224707166482
263.0	-0.0008743293203931104
264.0	0.00047123109042284295
265.0	0.0009447134947750072
266.0	0.0005820070393969663
267.0	0.0015494126482093358
268.0	-5.095128469400404e-05
269.0	-0.0015992241463537763
270.0	0.0005484728235509971
271.0	-0.000279285383599801
272.0	-0.0008439036133194156
273.0	-0.0005063478198259614
274.0	-0.0005799629593864255
275.0	0.00038876141072316625
276.0	0.00010984339634224369
277.0	-0.002228791369965862
278.0	0.00015293863159362238
279.0	0.00024713586711576157
280.0	0.00023239399975641517
281.0	-0.0005143545848453432
282.0	0.000529068193033568
283.0	-0.0004371128517171891
284.0	0.0008621967164575255
285.0	3.8771582140833536e-05
286.0	0.00045686601200571673
287.0	0.0007186401295218731
288.0	0.00042903072890888074
289.0	0.0008645987459633839
290.0	-0.0019205780153374666
291.0	-0.00038765930306806603
292.0	-0.00033283651199400555
293.0	0.0005827135186633824
294.0	-0.0007857839190022996
295.0	-0.0017384947590731276
296.0	-0.0015043675301830261
297.0	0.0002680476534016326
298.0	-0.0006204206720431403
299.0	0.00017361492479068806
300.0	-0.0003674539960483917
301.0	0.0006252906691193455
302.0	0.00045050769860797236
303.0	-2.9615610848327243e-05
304.0	-0.0007560646911950208
305.0	-0.0009378653557527495
306.0	-0.0005052645516173252
307.0	0.0011299523584292063
308.0	-0.0008703730365012245
309.0	-0.00017835304573769729
310.0	-0.0003911446007823413
311.0	0.0007161439027804048
312.0	0.00042441506436838365
313.0	-5.45307796438892e-05
314.0	0.0007787379657848225
315.0	-0.0003397600088049705
316.0	0.0012654550817278911
317.0	0.0005894957196209326
318.0	0.0010505911875018038
319.0	0.0005642037618831505
320.0	0.00014521445828085083
321.0	0.0014515888191195066
322.0	-0.0010631005803793897
323.0	-0.0013730094852472275
324.0	0.001370202407628466
325.0	0.00011935731712984815
326.0	-0.0002098620210200283
327.0	0.000546306287133944
328.0	0.0019977914892947185
329.0	0.0001927840622195311
330.0	-0.00033420237190925206
331.0	-0.00013530490910412354
332.0	-0.0012331265904968508
333.0	0.0004240382754263828
334.0	-0.0007882801457435486
335.0	-0.0012617154514779079
336.0	-0.003591966663824631
337.0	-0.003541005959407066
338.0	-0.004279653581754052
339.0	-0.0027860622153149254
340.0	-0.002157436964057842
341.0	-0.003488914888163279
342.0	0.0008935172972686368
343.0	-0.0014283032624988988
344.0	-0.004322230732210015
345.0	-0.004059561740956442
346.0	-0.0014111122670161084
347.0	-0.0011288973493916916
348.0	-0.00019158775732860172
349.0	-0.003458583378325194
350.0	-0.0011489613605579511
351.0	-0.0014810066157734916
352.0	-0.0022626552761362464
353.0	-0.0018718309459547595
354.0	-0.0009020704062543365
355.0	0.0002594286063514446
356.0	0.0004576195898899377
357.0	-0.0008143727799833566
358.0	0.000890220394025362
359.0	-0.0011597469440251921
360.0	-0.00040508579163966177
361.0	0.001144129042375332
362.0	-0.0005536819306758363
363.0	0.002318627273482993
364.0	0.0006200156239300179
365.0	0.002360827634996955
366.0	0.0020397092591020703
367.0	0.0010712674806988697
368.0	0.002070417557882156
369.0	0.0001168610903885992
370.0	0.000666266466571476
371.0	0.0014868656838225038
372.0	0.0017102544278633884
373.0	0.00068571819570671
374.0	0.002529487785199389
375.0	-4.417850346155011e-06
376.0	0.0008936114945042467
377.0	0.003820366700794697
378.0	0.0020208227133798377
379.0	0.0011963143108545094
380.0	0.002014181808275483
381.0	0.00045366330599805175
382.0	0.002461430282534644
383.0	0.0029422600712573593
384.0	0.0015420181652207603
385.0	0.0017488281958096606
386.0	0.0042778826737259025
387.0	0.0010167743799494437
388.0	0.0012963517749789773
389.0	0.0027485434564061676
390.0	-0.0003174823626040723
391.0	0.0032903188565116637
392.0	0.0011465310718811903
393.0	0.0014075045128951016
394.0	0.0021338122973885995
395.0	0.0024401888059243575
396.0	0.001571360604086038
397.0	0.0023070881121315307
398.0	0.0015285479605410505
399.0	0.004131688564195367
400.0	0.004419225625626697
401.0	0.0016733762101563395
402.0	0.0028616272376505397
403.0	0.003892239191498133
404.0	0.0024203602878469033
405.0	0.001554687693398444
406.0	0.001896105573548613
407.0	0.00408991209024143
408.0	0.0027938052280745995
409.0	0.0019237524621742292
410.0	0.0032070014016923752
411.0	0.0026385681839340702
412.0	0.0015950041102019636
413.0	0.0034883214455791564
414.0	0.003401141904103592
415.0	0.0005397595792651992
416.0	0.00514567470597361
417.0	0.003623635774406841
418.0	0.004264412469046193
419.0	0.0031105434325177923
420.0	0.004244018767555518
421.0	0.004256970887439812
422.0	0.0040865680883803495
423.0	0.004026234759028376
424.0	0.0032805694426352536
425.0	0.0031794016116843448
426.0	0.002690282466235637
427.0	0.004899819921260826
428.0	0.0015546405947808584
429.0	0.005159097812035515
430.0	0.0021133714972803395
431.0	0.005031413459285211
432.0	0.00492920945874369
433.0	0.004164092413215114
434.0	0.004542200116600894
435.0	0.0035468650274562974
436.0	0.003471742732127391
437.0	0.003986813215962492
438.0	0.003894405727915186
439.0	0.0037754346194506802
440.0	0.004030238141538067
441.0	0.004524867825264908
442.0	0.003248165593615506
443.0	0.0037256513804773614
444.0	0.003187643869792532
445.0	0.000614316691181104
446.0	0.002954976698052848
447.0	0.005432552386756109
448.0	0.002898740948446175
449.0	0.0037349298081761607
450.0	0.004870241989306743
451.0	0.0016448344477933067
452.0	0.00471943221523593
453.0	0.003763707063628218
454.0	0.004594997667111096
455.0	0.003001086244840891
456.0	0.003932838200008263
457.0	0.0016799229180253035
458.0	0.001332288020330805
459.0	0.0037720906175896006
460.0	0.00444220975109423
461.0	0.003290884039924884
462.0	0.004903399416210492
463.0	0.0028626163086233466
464.0	0.001618977306642304
465.0	0.0015447498850510338
466.0	0.004159476748674398
467.0	0.0023098198319618044
468.0	0.004275245151131239
469.0	0.004298087980745357
470.0	0.004517803032600747
471.0	0.0038245113791578024
472.0	0.004946777243168481
473.0	0.003890496542641105
474.0	0.002723769583463801
475.0	0.0027536772057420804
476.0	0.003426339664605764
477.0	0.0031499649755836762
478.0	0.0036726183368783532
479.0	0.0060779447459361775
480.0	0.005252400173820018
481.0	0.0042773645889304865
482.0	0.005217876887001241
483.0	0.003619208504337344
484.0	0.0019261073930622826
485.0	0.003297336550558019
486.0	0.002925021977156764
487.0	0.004175254785624356
488.0	0.0037136883315658743
489.0	0.004838544619553631
490.0	0.0038688782770885987
491.0	0.0024380222695073043
492.0	0.003439009192783448
493.0	0.004671250329266224
494.0	0.004999056708883268
495.0	0.0057176874186818
496.0	0.005086047855888052
497.0	0.004111860046118132
498.0	0.002994351142501146
499.0	0.00523308974053798
500.0	0.0045612279581763214
501.0	0.004599189444091788
502.0	0.0034278468203739866
503.0	0.0034210646194164367
504.0	0.004389176707495222
505.0	0.004108845734581248
506.0	0.003953231901498718
507.0	0.0033365696991531214
508.0	0.005032355431640432
509.0	0.004976260977886954
510.0	0.004497880317287683
511.0	0.004362424692607022
512.0	0.008327704420529058
513.0	0.005116614858814942
514.0	0.006703885375980792
515.0	0.006010782117008848
516.0	0.004716841791259071
517.0	0.005087602110274079
518.0	0.004623021344678933
519.0	0.0045872734937983245
520.0	0.0054003369322075815
521.0	0.006250514081412692
522.0	0.004198380206945085
523.0	0.004007489509159558
524.0	0.006525852600843949
525.0	0.004668094721876364
526.0	0.003432132794590288
527.0	0.005173462890452641
528.0	0.005217547196676826
529.0	0.005989069654220951
530.0	0.004719479313853516
531.0	0.005797990561964423
532.0	0.005876692352242995
533.0	0.005942206529548687
534.0	0.005841038698597997
535.0	0.006444183597646299
536.0	0.004864354662086609
537.0	0.0073978835086901526
538.0	0.006037534131897048
539.0	0.0062726975303782
540.0	0.008157772607647206
541.0	0.004923651821847752
542.0	0.004335766874954213
543.0	0.004185993270474012
544.0	0.005665737643291208
545.0	0.0051240093418035175
546.0	0.005494581266347526
547.0	0.006613126339555123
548.0	0.005659567724364464
549.0	0.007366562927879041
550.0	0.004982430896813698
551.0	0.0061344159886316555
552.0	0.00611373969543459
553.0	0.006707135180606262
554.0	0.006517798737206763
555.0	0.004971927905052849
556.0	0.004962037195323024
557.0	0.006886486717040327
558.0	0.006554771152149202
559.0	0.006004706395317714
560.0	0.006728612150305354
561.0	0.004121044276581541
562.0	0.003925537914255297
563.0	0.00576544541709148
564.0	0.005650807381461081
565.0	0.0050545859792235255
566.0	0.004627071825806428
567.0	0.006335479987853618
568.0	0.006132390748068018
569.0	0.004880603685214179
570.0	0.006413852087807994
571.0	0.00546340198138961
572.0	0.005772039223578031
573.0	0.003881359410795282
574.0	0.004435568845989875
575.0	0.0046214199916751
576.0	0.004958881587933164
577.0	0.005643601292943506
578.0	0.0039358996101627325
579.0	0.005322765508755232
580.0	0.006019825051619061
581.0	0.005194186282267511
582.0	0.005131592219262874
583.0	0.004925206076233999
584.0	0.0046598524637681766
585.0	0.0033419860401956445
586.0	0.00359584758992781
587.0	0.005527267707073664
588.0	0.006891950156700655
589.0	0.00449227558177416
590.0	0.004422663824723386
591.0	0.006212552595497227
592.0	0.0058552153825441235
593.0	0.007302273314635181
594.0	0.007016714395149685
595.0	0.006562118536519973
596.0	0.00694893948419155
597.0	0.0057541417488288235
598.0	0.0065092267887741605
599.0	0.006395295232410177
600.0	0.008763696325143367
601.0	0.005452616397922368
602.0	0.004975742893091539
603.0	0.0043300679422050795
604.0	0.006110866679751121
605.0	0.006387100072919794
606.0	0.007010968363782966
607.0	0.0055798297644950616
608.0	0.006340001455158725
609.0	0.00697644507696397
610.0	0.005942536219873102
611.0	0.0076311158638428375
612.0	0.006988313928639848
613.0	0.005730639538566094
614.0	0.006900427907897648
615.0	0.007545820267077716
616.0	0.005421813901906673
617.0	0.00852914520869324
618.0	0.006605590560713352
619.0	0.006879233529905167
620.0	0.005622312717715634
621.0	0.005235585967279448
622.0	0.006605449264860157
623.0	0.005056187332227577
624.0	0.007033387305837279
625.0	0.006102718618878544
626.0	0.005646474308626975
627.0	0.005825025168559234
628.0	0.009428304920369862
629.0	0.005631025962001432
630.0	0.0058010048735010885
631.0	0.005878011113540437
632.0	0.006793090158020214
633.0	0.006361431326240011
634.0	0.005806374115925806
635.0	0.007282020908997921
636.0	0.007477150482381945
637.0	0.006742129453602649
638.0	0.008374661742436932
639.0	0.008255502239501425
640.0	0.007664273290746806
641.0	0.006258520846432075
642.0	0.008506537872167926
643.0	0.0082277611536402
644.0	0.008590326313164824
645.0	0.007972580842610592
646.0	0.007340564490874843
647.0	0.008287717694049953
648.0	0.008129183746666149
649.0	0.009416671561782792
650.0	0.009320213592608208
651.0	0.009691539095036438
652.0	0.009839287458953
653.0	0.008715278946085075
654.0	0.008351724715587202
655.0	0.009848377492180798
656.0	0.00914213371885356
657.0	0.00936872516890211
658.0	0.009159701503278352
659.0	0.008927364021863083
660.0	0.009244290620777276
661.0	0.009509173247065487
662.0	0.008724792866872678
663.0	0.009770193786697422
664.0	0.006301616081683453
665.0	0.00904803068056703
666.0	0.00879718344237153
667.0	0.008702091333111974
668.0	0.008889025747005615
669.0	0.008186832454805873
670.0	0.009942668924938548
671.0	0.010158333495666442
672.0	0.011524758594150461
673.0	0.008404616463333014
674.0	0.01060638264642741
675.0	0.009042473043671093
676.0	0.008669357793768031
677.0	0.009201242484143703
678.0	0.010215746710717141
679.0	0.010330478943583151
680.0	0.008871928948758215
681.0	0.010002013183317495
682.0	0.010365802906903953
683.0	0.009894204447262233
684.0	0.009640060305823676
685.0	0.010566914004743721
686.0	0.009823085534443016
687.0	0.008456424942870192
688.0	0.011655598554290844
689.0	0.009591124841969749
690.0	0.00916219773001982
691.0	0.009376166750508272
692.0	0.010173169560261179
693.0	0.010120372009750975
694.0	0.0090733697369224
695.0	0.010001683492993081
696.0	0.009248388200522577
697.0	0.010481241619036378
698.0	0.009295769409990258
699.0	0.009661443078287157
700.0	0.009846210955763745
701.0	0.008466975033248628
702.0	0.010601861179122303
703.0	0.009650469100348696
704.0	0.010695964217409051
705.0	0.008155606071230153
706.0	0.011527772905687345
707.0	0.01106319214009198
708.0	0.01169068702452284
709.0	0.009134032756598569
710.0	0.011195350861529584
711.0	0.01075262385457553
712.0	0.011460939967084211
713.0	0.011541572800691251
714.0	0.010111988455789592
715.0	0.010469231471507306
716.0	0.011684093218036292
717.0	0.010760018337564107
718.0	0.011241319112464431
719.0	0.011954674777073637
720.0	0.008992124621284554
721.0	0.00924033433688539
722.0	0.009516661927289673
723.0	0.011211646983274958
724.0	0.009113356463401502
725.0	0.008049634181267746
726.0	0.010906495038801032
727.0	0.01031625516101922
728.0	0.011229732852495166
729.0	0.012306501451748825
730.0	0.011735713303102467
731.0	0.011864009937883576
732.0	0.01224197634541616
733.0	0.011657011512823676
734.0	0.013511849277489987
735.0	0.012693934681451429
736.0	0.011233171051591854
737.0	0.011516375040189078
738.0	0.012398908939795913
739.0	0.01309761693428138
740.0	0.010673733669825738
741.0	0.011567147350135424
742.0	0.01221093835631166
743.0	0.011014068281767271
744.0	0.012557442887179717
745.0	0.012259402833987756
746.0	0.013424999426338619
747.0	0.011866129375682825
748.0	0.012662896692346708
749.0	0.011054290501335181
750.0	0.012973464977863376
751.0	0.011665913151580474
752.0	0.012408375761965932
753.0	0.012121403883947822
754.0	0.012566250328701125
755.0	0.01186151371114211
756.0	0.012558337760917134
757.0	0.011018495551836769
758.0	0.013326280723511373
759.0	0.010679102912250457
760.0	0.011599268607448561
761.0	0.010808341519387006
762.0	0.01102678490856276
763.0	0.011183717502942732
764.0	0.011430891048952738
765.0	0.012243766092890993
766.0	0.013095874285424353
767.0	0.012817945342016237
768.0	0.011060366223026315
769.0	0.01448495381905149
770.0	0.013687150332796777
771.0	0.011847525421667202
772.0	0.01234658237546354
773.0	0.013538412897907406
774.0	0.012527676560754852
775.0	0.013810784204419583
776.0	0.013365042885928866
777.0	0.013319828212878238
778.0	0.01155056863668366
779.0	0.01222497374440437
780.0	0.012304664605656188
781.0	0.012714987763590495
782.0	0.011814179600292234
783.0	0.014127757901951582
784.0	0.015044249904964191
785.0	0.01274216366603872
786.0	0.01486456867820571
787.0	0.01392622291655201
788.0	0.01449898920714442
789.0	0.014482080803368021
790.0	0.013139628901324342
791.0	0.013021317173508448
792.0	0.015319729720248644
793.0	0.01258664403019158
794.0	0.013523435537459255
795.0	0.014317942120470693
796.0	0.01285345769980804
797.0	0.011989527754216828
798.0	0.012658328126424015
799.0	0.013454907048616897
800.0	0.01278888549485757
801.0	0.013427495653080088
802.0	0.013394950508207144
803.0	0.013644949971282815
804.0	0.01380395490484423
805.0	0.012629126983412153
806.0	0.013104069444914735
807.0	0.01227885456312299
808.0	0.013931450863123532
809.0	0.012490751244429998
810.0	0.014288788076076635
811.0	0.012711455367258415
812.0	0.014000073549201278
813.0	0.012645752795481722
814.0	0.014186678272770724
815.0	0.013738111037214342
816.0	0.01424842456065553
817.0	0.013212820153325
818.0	0.014372199728131533
819.0	0.011214143210016207
820.0	0.013221910186553018
821.0	0.012801696318888669
822.0	0.013249557075178634
823.0	0.013887931740312129
824.0	0.014189598387071779
825.0	0.01574361728009827
826.0	0.015849589170060678
827.0	0.014193460473728275
828.0	0.013738487826156342
829.0	0.01370928668314448
830.0	0.01335209076604457
831.0	0.014979913193102526
832.0	0.013705848484048008
833.0	0.013773670493623949
834.0	0.014736083648953601
835.0	0.013314835759395521
836.0	0.014039165401942966
837.0	0.013606140710247737
838.0	0.012865420748719308
839.0	0.013937997570992277
840.0	0.014460085748873733
841.0	0.017043868820628204
842.0	0.013500686905080746
843.0	0.014364240061729957
844.0	0.013794582279909819
845.0	0.014829291813502714
846.0	0.01294916209109862
847.0	0.012245555840366046
848.0	0.012821948724525929
849.0	0.014411338679491027
850.0	0.013924103478752762
851.0	0.013853691045199961
852.0	0.013828446186079984
853.0	0.0138685271097947
854.0	0.013847003041477802
855.0	0.015153989684347483
856.0	0.015351615484472976
857.0	0.015206127854209075
858.0	0.014052682705240481
859.0	0.012949067893863011
860.0	0.015670991211510832
861.0	0.011796894407574053
862.0	0.015873091380323626
863.0	0.01497539172579764
864.0	0.014051552338414259
865.0	0.01220330838023428
866.0	0.01591995450499589
867.0	0.014230998072083934
868.0	0.013844648110589748
869.0	0.014748235092335868
870.0	0.014194590840554496
871.0	0.01439669100936729
872.0	0.013288036645889517
873.0	0.0140006387326145
874.0	0.013555980682332198
875.0	0.013034646082334962
876.0	0.013962017866050423
877.0	0.013621259366549083
878.0	0.014049432900615012
879.0	0.015394333930782354
880.0	0.014661903325979917
881.0	0.013731752723816597
882.0	0.015087015449891375
883.0	0.013918074855679212
884.0	0.016520179289742917
885.0	0.014240606190107148
886.0	0.015480100513725085
887.0	0.01505983954744315
888.0	0.015189737535228091
889.0	0.014239570020516318
890.0	0.013214562802182247
891.0	0.01390262650905367
892.0	0.01560175624340206
893.0	0.014741782581702735
894.0	0.013776025424512003
895.0	0.015303480697121074
896.0	0.013991313206297675
897.0	0.013871070435153753
898.0	0.014962863493473151
899.0	0.014243102416848398
900.0	0.014991311058600793
901.0	0.012879880024372044
902.0	0.014961167943233709
903.0	0.014461592904641956
904.0	0.015198968864309305
905.0	0.01216746633211806
906.0	0.016100718999962786
907.0	0.016359149115617862
908.0	0.015010668590500636
909.0	0.012960512857979082
910.0	0.013687856812063193
911.0	0.014043592672012464
912.0	0.01396766970018175
913.0	0.013886942669339321
914.0	0.013940682192204526
915.0	0.012685551127489826
916.0	0.014799148698135629
917.0	0.012656679674802378
918.0	0.014607881211407882
919.0	0.014429801337653234
920.0	0.012506152492437956
921.0	0.014024093844259424
922.0	0.014006478961216828
923.0	0.014847424781340726
924.0	0.014997151287203123
925.0	0.013406630965411802
926.0	0.013345967945735632
927.0	0.015359151263314746
928.0	0.014158842989673888
929.0	0.01469807506442033
930.0	0.01516529335261014
931.0	0.013238112111062782
932.0	0.013644808675429618
933.0	0.015348177285376505
934.0	0.013387226334894373
935.0	0.016164066640851425
936.0	0.014328633506702545
937.0	0.01213002293099801
938.0	0.013883598667478242
939.0	0.015166894705613974
940.0	0.015067752115226922
941.0	0.013807534399794114
942.0	0.014081318664839124
943.0	0.016016365375552667
944.0	0.014199441998184018
945.0	0.014301316308401124
946.0	0.014601475799392333
947.0	0.012995648426828665
948.0	0.014855808335302109
949.0	0.014849544219139975
950.0	0.0129790697133769
951.0	0.01620749156642722
952.0	0.013227703316537541
953.0	0.014930177052747013
954.0	0.01387530931075225
955.0	0.015806493934809297
956.0	0.013011520661014233
957.0	0.014328821901173544
958.0	0.014655780505670978
959.0	0.013419771479767096
960.0	0.012343756458397876
961.0	0.014631477618906222
962.0	0.013509023360424323
963.0	0.015430835359547182
964.0	0.01477630586852151
965.0	0.01624342781177883
966.0	0.015006005827342335
967.0	0.015510997206976391
968.0	0.014552634532774235
969.0	0.015094409932879731
970.0	0.014283936918447333
971.0	0.015726661777704286
972.0	0.016355239930343563
973.0	0.015476002933980004
974.0	0.015992910263907742
975.0	0.016651443137442885
976.0	0.015385338094789945
977.0	0.015210555124278572
978.0	0.01480343467235193
979.0	0.013914401163493937
980.0	0.015447649566087752
981.0	0.013774471170125755
982.0	0.015887644853211754
983.0	0.014219788601056669
984.0	0.017143953383370478
985.0	0.013980716017301435
986.0	0.015116640480463043
987.0	0.015014954564716939
988.0	0.015140707874138994
989.0	0.014715124764049925
990.0	0.01619689437743098
991.0	0.014558145071052148
992.0	0.0155508426376023
993.0	0.015765188447032973
994.0	0.014938466409472785
995.0	0.015335931644758627
996.0	0.014902247572414568
997.0	0.015841582405041296
998.0	0.01426123538468641
999.0	0.013788789149925077
1000.0	0.014206271297759372
1001.0	0.01421154634294848
1002.0	0.015691620406090092
1003.0	0.014571097190936442
1004.0	0.013697888817646213
1005.0	0.015837484825296212
1006.0	0.015400079962149073
1007.0	0.014056403496043562
1008.0	0.015107456249999634
1009.0	0.013976147451378743
1010.0	0.015514482504690667
1011.0	0.013268161029194257
1012.0	0.016380814479787956
1013.0	0.014712722734544067
1014.0	0.013876675170667277
1015.0	0.013657148513282888
1016.0	0.013377100132075742
1017.0	0.01285783787125995
1018.0	0.014296794841096017
1019.0	0.012551649757195193
1020.0	0.014491688921391455
1021.0	0.010507852338071383
1022.0	0.010309802650386085
1023.0	0.010348564812803359
1024.0	0.007277593638928425
1025.0	-0.0019387109831754783
1026.0	-9.743762042426746e-05
1027.0	9.053296306020516e-05
1028.0	0.00033163078737907657
1029.0	0.0013375630655199132
1030.0	0.004913007534233926
1031.0	0.005395438675960474
1032.0	0.008820826948487456
1033.0	0.009276694469797024
1034.0	0.008497023951380103
1035.0	0.009694835998279711
1036.0	0.004023220447491711
1037.0	0.006351163827568186
1038.0	0.00437735495443715
1039.0	0.005490766278308835
1040.0	0.010709528619324152
1041.0	0.0054284548070110275
1042.0	0.003839064852045929
1043.0	0.004032357579337315
1044.0	0.004138235272064331
1045.0	0.0044772982213262275
1046.0	0.005508993443382457
1047.0	0.005755978594921462
1048.0	0.005812638232087941
1049.0	0.0060790280141445946
1050.0	0.00841756858321731
1051.0	0.009090372337934189
1052.0	0.007955295649892412
1053.0	0.0070037151766478055
1054.0	0.00779214603796811
1055.0	0.009339194335565832
1056.0	0.007683866315735236
1057.0	0.005496889098617774
1058.0	0.006118496655828502
1059.0	0.008433158225696267
1060.0	0.006807455236437341
1061.0	0.005136961461687812
1062.0	0.005940087091749439
1063.0	0.006042243993673155
1064.0	0.0036519420436812874
1065.0	0.002429780011399117
1066.0	0.0057401063607358934
1067.0	0.007015348535234658
1068.0	0.007675953747951464
1069.0	0.007603704468306027
1070.0	0.00697597409078636
1071.0	0.008070545967553617
1072.0	0.009715229699770168
1073.0	0.00818457172115321
1074.0	0.008426611517827302
1075.0	0.008676092896107776
1076.0	0.008905981249399602
1077.0	0.010169260374986878
1078.0	0.009410737135944853
1079.0	0.010689464608157891
1080.0	0.008262567032165586
1081.0	0.007981717974456416
1082.0	0.009759219808759182
1083.0	0.009145336424861225
1084.0	0.009492594533613723
1085.0	0.008071252446820033
1086.0	0.008388932623618447
1087.0	0.009492359040524917
1088.0	0.00846791700560385
1089.0	0.008725405148903704
1090.0	0.007517466899185464
1091.0	0.007598947507912115
1092.0	0.010892600946561517
1093.0	0.006806654559935315
1094.0	0.005438722305682853
1095.0	0.006419880710881542
1096.0	0.006287392299119522
1097.0	0.006500843234812778
1098.0	0.007479364117416803
1099.0	0.008081755438580883
1100.0	0.005507486287614015
1101.0	0.00825517254917701
1102.0	0.007491515560799071
1103.0	0.009459295810856558
1104.0	0.010974693837318973
1105.0	0.00827245774189541
1106.0	0.008090327387013267
1107.0	0.009251072821734827
1108.0	0.008655322405675101
1109.0	0.009489109235899448
1110.0	0.009348990848060266
1111.0	0.008209533988566577
1112.0	0.010787665226189722
1113.0	0.008240760372142298
1114.0	0.009651222678232917
1115.0	0.011759780696778199
1116.0	0.011267741437028436
1117.0	0.010500316559229611
1118.0	0.01101628191680213
1119.0	0.01037366837606992
1120.0	0.011030081811806034
1121.0	0.010584057901608705
1122.0	0.011387984208172358
1123.0	0.01053168423865831
1124.0	0.011224269412834838
1125.0	0.010570069612133581
1126.0	0.010555845829569869
1127.0	0.010237082384562819
1128.0	0.009441304138871962
1129.0	0.008188292511956291
1130.0	0.011352471850380557
1131.0	0.010903669121735368
1132.0	0.01115526993781487
1133.0	0.00964326301183134
1134.0	0.011725775494754839
1135.0	0.00979449667346218
1136.0	0.009698321295993987
1137.0	0.010324780010834018
1138.0	0.012841683045367772
1139.0	0.011159838503737782
1140.0	0.011940545191745314
1141.0	0.010814841128637946
1142.0	0.011709667767480465
1143.0	0.009932071735942308
1144.0	0.010741508580783874
1145.0	0.013327599484808815
1146.0	0.008150896209454046
1147.0	0.01242740360354136
1148.0	0.010660593155470443
1149.0	0.010840839565642146
1150.0	0.009854924200049544
1151.0	0.01327051596008231
1152.0	0.009622586718634274
1153.0	0.01030165458951329
1154.0	0.010311592397860917
1155.0	0.01023439776335057
1156.0	0.012028054423545294
1157.0	0.010747348809386421
1158.0	0.010152493267064112
1159.0	0.011440923054535757
1160.0	0.012500783250013237
1161.0	0.011141375845575355
1162.0	0.012473654446182819
1163.0	0.012009262075058673
1164.0	0.01077678544548709
1165.0	0.011499372439177289
1166.0	0.010297180220825987
1167.0	0.010893731313387738
1168.0	0.010832173419973933
1169.0	0.011210987602626347
1170.0	0.009533287739359244
1171.0	0.010252719125659582
1172.0	0.009596917971954493
1173.0	0.011335375052133376
1174.0	0.01037691818069561
1175.0	0.01258264064768189
1176.0	0.010449544249283047
1177.0	0.012907244321291268
1178.0	0.011307068782858929
1179.0	0.010635207000497271
1180.0	0.010647688134203954
1181.0	0.009792518531516126
1182.0	0.010386149509776604
1183.0	0.010177502633095066
1184.0	0.010109115440106124
1185.0	0.01324032574609742
1186.0	0.012990797269199363
1187.0	0.01010341650735699
1188.0	0.01005650628406692
1189.0	0.009795532843052792
1190.0	0.013497908086632886
1191.0	0.011468617041779398
1192.0	0.012447185023001009
1193.0	0.013414355138724573
1194.0	0.01230216837891472
1195.0	0.010895379765009375
1196.0	0.012667229765180815
1197.0	0.01142877161115349
1198.0	0.012334854819640858
1199.0	0.011326756005082969
1200.0	0.012546845698183475
1201.0	0.012608968775010283
1202.0	0.012930369742611997
1203.0	0.012442993246020318
1204.0	0.012395423642081637
1205.0	0.013434513347126443
1206.0	0.012451518095835116
1207.0	0.013106895361980399
1208.0	0.014037422753085938
1209.0	0.012435174875471936
1210.0	0.013284268756468631
1211.0	0.015372715665229847
1212.0	0.014036292386259497
1213.0	0.012834806647174611
1214.0	0.01321512798559525
1215.0	0.013597003578402133
1216.0	0.01296531691699058
1217.0	0.012867257594812165
1218.0	0.012538556341457485
1219.0	0.012772966162054415
1220.0	0.012072091631151895
1221.0	0.011454534555068882
1222.0	0.013561302826139111
1223.0	0.01332802337236862
1224.0	0.01411909175628359
1225.0	0.01456827127387078
1226.0	0.012357838945108392
1227.0	0.012567945878940567
1228.0	0.013484390783335371
1229.0	0.013338903153071471
1230.0	0.013884022555038048
1231.0	0.013840550530844667
1232.0	0.011961786668355602
1233.0	0.012530879266762518
1234.0	0.011154751853019673
1235.0	0.01483409587251443
1236.0	0.01252263700865433
1237.0	0.010638551002358351
1238.0	0.008397457473433245
1239.0	0.011070586623080554
1240.0	0.012779559968540966
1241.0	0.010391895541143541
1242.0	0.010689558805393502
1243.0	0.011205288669877213
1244.0	0.011560318050560068
1245.0	0.013523435537459255
1246.0	0.014213477386276728
1247.0	0.01566185407966523
1248.0	0.016268861065369806
1249.0	0.016475812391811902
1250.0	0.013379455062963796
1251.0	0.015272065919074573
1252.0	0.017139290620212178
1253.0	0.014120693109287421
1254.0	0.01571064824766552
1255.0	0.014987590267797713
1256.0	0.015636091135749836
1257.0	0.016301029421300527
1258.0	0.015219645157506371
1259.0	0.013312433729889663
1260.0	0.014046512786313737
1261.0	0.01599724333674163
1262.0	0.014999977204268785
1263.0	0.01480734385762601
1264.0	0.015170050313004052
1265.0	0.01485759808277716
1266.0	0.018240833092407985
1267.0	0.01719849358273771
1268.0	0.018114137810630707
1269.0	0.012599407755604874
1270.0	0.013012462633369455
1271.0	0.012315026301563623
1272.0	0.014988909029094935
1273.0	0.014303765436524786
1274.0	0.013363535730160423
1275.0	0.014577643898805406
1276.0	0.014104114395835438
1277.0	0.014132703256816495
1278.0	0.014248801349597532
1279.0	0.016253648211833067
1280.0	0.012233969580396778
1281.0	0.01366647403959971
1282.0	0.013509588543837544
1283.0	0.013988769880938622
1284.0	0.014501108644943668
1285.0	0.015022113554616488
1286.0	0.014558050873816758
1287.0	0.014021126631340565
1288.0	0.01229873017981825
1289.0	0.011607416668321139
1290.0	0.01421404256968995
1291.0	0.013385530784654931
1292.0	0.014886563732700218
1293.0	0.013104823022798955
1294.0	0.016733394732347147
1295.0	0.014691245764844974
1296.0	0.012970639060797711
1297.0	0.014161810202592749
1298.0	0.015415528308774835
1299.0	0.016201886830913476
1300.0	0.015356184050395887
1301.0	0.015067186931813921
1302.0	0.0129179357075229
1303.0	0.015311204870434065
1304.0	0.01660622846439226
1305.0	0.013367303619581309
1306.0	0.013179756923656862
1307.0	0.015998467900803462
1308.0	0.01427154998197604
1309.0	0.014714559580636704
1310.0	0.015218138001738149
1311.0	0.016117815798209967
1312.0	0.015363578533384244
1313.0	0.01612638774664257
1314.0	0.014079670213217486
1315.0	0.015415999294952446
1316.0	0.017224256526653103
1317.0	0.016086212625692466
1318.0	0.015597046381625953
1319.0	0.0155376550246292
1320.0	0.015551407821015521
1321.0	0.014993665989488847
1322.0	0.016924944810781505
1323.0	0.014234954355975821
1324.0	0.01650421285832196
1325.0	0.01462690905298331
1326.0	0.014604725604018022
1327.0	0.016118239685769992
1328.0	0.013492821435914558
1329.0	0.015173676906571742
1330.0	0.016871629175475886
1331.0	0.015498516073269708
1332.0	0.01734638324250747
1333.0	0.016213284696411742
1334.0	0.015265801802912218
1335.0	0.014886563732700218
1336.0	0.01590106795927366
1337.0	0.015239002689406214
1338.0	0.015525974567424543
1339.0	0.015265142422263608
1340.0	0.016039914684433203
1341.0	0.014760339437100551
1342.0	0.015236977448842576
1343.0	0.015655966752445096
1344.0	0.015604064075672308
1345.0	0.015702500186792943
1346.0	0.01693064374353064
1347.0	0.014759680056451941
1348.0	0.01428148779032367
1349.0	0.015009255631967805
1350.0	0.01549705601611907
1351.0	0.01432943418320457
1352.0	0.016343371078667904
1353.0	0.015441856436103229
1354.0	0.0181228039562987
1355.0	0.015455844725578136
1356.0	0.01645358184422881
1357.0	0.016003978439081596
1358.0	0.01421719817707981
1359.0	0.016005579792085427
1360.0	0.015978403889637203
1361.0	0.014384492467367217
1362.0	0.014424526292464126
1363.0	0.017022486048164726
1364.0	0.016765139200718284
1365.0	0.015591111955788014
1366.0	0.015549947763864884
1367.0	0.01704716572387148
1368.0	0.014673583783184573
1369.0	0.01707763852956298
1370.0	0.016176123886998305
1371.0	0.01522204718701223
1372.0	0.016457726522591695
1373.0	0.016641646624948672
1374.0	0.015273902765167212
1375.0	0.01702479388043497
1376.0	0.01899087858025302
1377.0	0.014756288955973055
1378.0	0.01511810053761368
1379.0	0.014684604859740621
1380.0	0.01643332943859155
1381.0	0.014406864310803725
1382.0	0.018236452920956294
1383.0	0.014589795342187675
1384.0	0.015523949326860685
1385.0	0.015077454430485745
1386.0	0.01528586581407848
1387.0	0.015998467900803462
1388.0	0.017216767846429136
1389.0	0.01429476960053238
1390.0	0.017266598184020262
1391.0	0.017737584361630955
1392.0	0.013786104528712827
1393.0	0.015944916772409258
1394.0	0.01782985055382485
1395.0	0.014467809922186504
1396.0	0.013853172960404546
1397.0	0.01536800580345374
1398.0	0.015858114019875476
1399.0	0.015765047151179556
1400.0	0.01670584204095692
1401.0	0.015208247292008323
1402.0	0.015072226483914222
1403.0	0.01563345361315517
1404.0	0.017357310121828125
1405.0	0.015153848388494288
1406.0	0.016228356254095286
1407.0	0.01339546859300256
1408.0	0.017028326276767054
1409.0	0.015624033889602958
1410.0	0.01745009439881743
1411.0	0.01698890473370095
1412.0	0.015549099988745053
1413.0	0.015316527014240978
1414.0	0.016247007306728713
1415.0	0.015298676638109578
1416.0	0.016074108280927785
1417.0	0.016046037504742143
1418.0	0.016790148566749236
1419.0	0.015778894144801485
1420.0	0.016387690877980896
1421.0	0.01651584621690881
1422.0	0.01692890109467339
1423.0	0.015204102613645219
1424.0	0.01612553997152296
1425.0	0.016110986498634614
1426.0	0.01428530277836236
1427.0	0.016527338279642468
1428.0	0.017577967146038737
1429.0	0.016929230784997806
1430.0	0.016134394511661952
1431.0	0.015772206141079326
1432.0	0.017122288019200387
1433.0	0.01583437631652394
1434.0	0.014405828141212893
1435.0	0.017376526357874553
1436.0	0.01682707388307409
1437.0	0.01578040130056971
1438.0	0.015399373482882657
1439.0	0.018478115928688386
1440.0	0.014428529674973817
1441.0	0.017662697559390855
1442.0	0.018072926520089773
1443.0	0.01865318149090615
1444.0	0.01755211000488795
1445.0	0.017264290351750013
1446.0	0.017379352274940217
1447.0	0.015685497585781152
1448.0	0.018119507053055425
1449.0	0.01612935495956143
1450.0	0.015704666723209998
1451.0	0.016864470185576335
1452.0	0.015684131725866128
1453.0	0.016530211295325937
1454.0	0.01600972447044831
1455.0	0.017657563810054944
1456.0	0.017456829501157175
1457.0	0.015128462233521116
1458.0	0.017323587511511154
1459.0	0.015475296454713587
1460.0	0.017680265343815865
1461.0	0.01607957172058811
1462.0	0.016721525880671488
1463.0	0.015729723187858754
1464.0	0.017148569047910976
1465.0	0.016733959915760366
1466.0	0.01803656638717836
1467.0	0.01739155081694051
1468.0	0.016336306286003747
1469.0	0.01574262820912546
1470.0	0.01687685712204741
1471.0	0.016694067386516655
1472.0	0.016234573271639834
1473.0	0.015692091392267703
1474.0	0.016035628710216902
1475.0	0.016486032791866143
1476.0	0.018389806020386378
1477.0	0.017196327046320875
1478.0	0.016792079610077483
1479.0	0.016177536845531137
1480.0	0.01537459960994029
1481.0	0.01620089775994067
1482.0	0.018678708941732736
1483.0	0.017332583347503563
1484.0	0.015665857462174918
1485.0	0.017644046506757428
1486.0	0.01749822918616933
1487.0	0.018798339430845853
1488.0	0.017493048338215616
1489.0	0.017571750128494188
1490.0	0.01719406631266821
1491.0	0.016755483984077266
1492.0	0.018121438096383672
1493.0	0.0203153388103121
1494.0	0.016875397064896772
1495.0	0.017102176909416324
1496.0	0.018228210662848104
1497.0	0.016899464458572724
1498.0	0.01813636835821402
1499.0	0.01841740581039419
1500.0	0.01733004002214451
1501.0	0.01791655910912302
1502.0	0.0178585807106591
1503.0	0.020096942519753934
1504.0	0.018591859090581368
1505.0	0.017107875842165457
1506.0	0.016485656002923923
1507.0	0.019360979518619634
1508.0	0.017981979089193103
1509.0	0.01855879586091301
1510.0	0.019747753367673405
1511.0	0.01773513523350751
1512.0	0.019497518411508933
1513.0	0.019362769266094468
1514.0	0.019217281635830568
1515.0	0.019491583985670993
1516.0	0.018747755515370508
1517.0	0.020428092901232056
1518.0	0.017505576570539885
1519.0	0.019537552236605842
1520.0	0.02109081755174811
1521.0	0.019362109885445858
1522.0	0.01908540550609957
1523.0	0.016552959927704666
1524.0	0.018779311589270424
1525.0	0.01601862610920533
1526.0	0.01840172197067984
1527.0	0.016693219611397043
1528.0	0.019049280866276743
1529.0	0.019682992768251938
1530.0	0.021055729081516115
1531.0	0.01776306471383974
1532.0	0.01926781845268811
1533.0	0.01910042996516531
1534.0	0.018086726415093898
1535.0	0.019541367224644533
1536.0	0.020723307037358574
1537.0	0.019486026348775276
1538.0	0.01862755984284417
1539.0	0.020199382013384257
1540.0	0.018662318622751754
1541.0	0.019818401294315013
1542.0	0.018205556227704988
1543.0	0.020902470179321637
1544.0	0.019410715658975147
1545.0	0.020769039795204395
1546.0	0.018438270498062476
1547.0	0.020229195438427147
1548.0	0.019671359409665082
1549.0	0.019154828868679346
1550.0	0.021115921115014674
1551.0	0.018256140143180333
1552.0	0.02163848027907374
1553.0	0.019222886371344092
1554.0	0.020026812677907745
1555.0	0.021115120438512866
1556.0	0.020532887325750437
1557.0	0.01983827691101027
1558.0	0.02192917294789515
1559.0	0.018480517958194023
1560.0	0.02116570435398821
1561.0	0.021090440762806112
1562.0	0.02108205720884451
1563.0	0.020871997373630137
1564.0	0.019880335976670816
1565.0	0.020323392673949288
1566.0	0.019741913139071077
1567.0	0.019203905628386468
1568.0	0.018666981385910275
1569.0	0.018645928303770987
1570.0	0.02271049191793349
1571.0	0.021542446197458962
1572.0	0.020093739813746268
1573.0	0.01932273544099756
1574.0	0.019738569137209998
1575.0	0.020676067123744087
1576.0	0.02101696691909884
1577.0	0.021600330398687275
1578.0	0.019096756272980034
1579.0	0.02299534435815257
1580.0	0.021271016863302006
1581.0	0.02030931018723877
1582.0	0.020184169159847522
1583.0	0.02142889143003698
1584.0	0.021888997826945044
1585.0	0.02138160441780491
1586.0	0.020085450457020277
1587.0	0.022353908282864387
1588.0	0.020642862598222535
1589.0	0.018899130472854544
1590.0	0.021822824268990744
1591.0	0.022040278587193467
1592.0	0.018044149264637713
1593.0	0.021539055096980297
1594.0	0.021205691080467316
1595.0	0.021903504201215368
1596.0	0.020067882672595485
1597.0	0.022098209887039585
1598.0	0.021384147743163964
1599.0	0.02126583601534829
1600.0	0.0228163225120427
1601.0	0.02181844409753883
1602.0	0.022315946796949142
1603.0	0.02285126968642128
1604.0	0.021683742050742173
1605.0	0.02191998871743174
1606.0	0.02201639958798874
1607.0	0.021749915608696477
1608.0	0.02232475423847033
1609.0	0.02341621760646531
1610.0	0.021850800847940773
1611.0	0.02159910583462566
1612.0	0.021691136533730747
1613.0	0.023502926161763485
1614.0	0.02284090799051385
1615.0	0.022777324856536402
1616.0	0.02319702063940534
1617.0	0.021113330691037813
1618.0	0.022233477117249465
1619.0	0.02262067485386326
1620.0	0.02333426601156105
1621.0	0.02207141077353358
1622.0	0.022550686307870268
1623.0	0.024702904745080148
1624.0	0.02383483012112583
1625.0	0.023770210817557556
1626.0	0.02504074313028021
1627.0	0.02175406028705958
1628.0	0.02573723748973082
1629.0	0.0237148699416883
1630.0	0.024462654695880888
1631.0	0.023504763007856123
1632.0	0.022867565808166658
1633.0	0.02518444101306928
1634.0	0.02223456038545788
1635.0	0.02282070268349439
1636.0	0.023740491589750275
1637.0	0.023715764815425713
1638.0	0.0234023706128436
1639.0	0.021897805268466235
1640.0	0.02577392731296687
1641.0	0.021974528916798974
1642.0	0.023819004985558067
1643.0	0.02288452131056064
1644.0	0.02472372233413041
1645.0	0.02283266573240566
1646.0	0.02389864874819208
1647.0	0.02401173252943645
1648.0	0.02285414270210475
1649.0	0.024668240162407956
1650.0	0.02377162377609039
1651.0	0.025471459989705195
1652.0	0.025609364742509518
1653.0	0.023478246486056727
1654.0	0.025386635379117464
1655.0	0.02385479993505648
1656.0	0.024650766575218558
1657.0	0.024347027589277464
1658.0	0.025502497978809695
1659.0	0.024885270593050877
1660.0	0.02446453864059133
1661.0	0.024526803013271332
1662.0	0.02386520872958172
1663.0	0.025899680622388926
1664.0	0.02464224172540376
1665.0	0.026020629872799267
1666.0	0.024356541510065065
1667.0	0.024932275013576557
1668.0	0.02498413059173132
1669.0	0.026229182552245194
1670.0	0.025466561733458088
1671.0	0.024772092614571115
1672.0	0.024720237036416133
1673.0	0.023789097363279787
1674.0	0.025194331722799106
1675.0	0.024572724165588377
1676.0	0.025222590893455746
1677.0	0.024125805381653632
1678.0	0.025315328071827247
1679.0	0.025242654904622006
1680.0	0.02670685673357805
1681.0	0.022516634007228885
1682.0	0.0248152349484403
1683.0	0.024946169105816072
1684.0	0.024780381971297106
1685.0	0.025863697278419293
1686.0	0.025568671536764
1687.0	0.0254852598847091
1688.0	0.025306567728923646
1689.0	0.0260926436593559
1690.0	0.025958553894590262
1691.0	0.024891817300919623
1692.0	0.026188583543735284
1693.0	0.02413508380935265
1694.0	0.026179116721565265
1695.0	0.02539709127226051
1696.0	0.02505011575521462
1697.0	0.027479980544126006
1698.0	0.025249719697286167
1699.0	0.026557789608364264
1700.0	0.027267330284934777
1701.0	0.024180863665816277
1702.0	0.02483760679187681
1703.0	0.025492277578755676
1704.0	0.0264667008816144
1705.0	0.02530548446071523
1706.0	0.0264981156596609
1707.0	0.02678537012938584
1708.0	0.02705095923494047
1709.0	0.027376928768464873
1710.0	0.027323895724865866
1711.0	0.026975271756198342
1712.0	0.027224941528949814
1713.0	0.02720082703665606
1714.0	0.027345231398711544
1715.0	0.02514450138520776
1716.0	0.02768707316642152
1717.0	0.026604464338565528
1718.0	0.025815326997978807
1719.0	0.026309485695527816
1720.0	0.026763893159686747
1721.0	0.026680811197956265
1722.0	0.025189527663787386
1723.0	0.02575245034326778
1724.0	0.026173559084669545
1725.0	0.027405988615623322
1726.0	0.02639751301212343
1727.0	0.02694804875513253
1728.0	0.027556044811810135
1729.0	0.026455350114733937
1730.0	0.027879376822739877
1731.0	0.025370103764283284
1732.0	0.02576314172949941
1733.0	0.02731584186122868
1734.0	0.025646949439482983
1735.0	0.025825170609090828
1736.0	0.02568472253092723
1737.0	0.02941446207142633
1738.0	0.02729139767861073
1739.0	0.027635217588266536
1740.0	0.02932370303500088
1741.0	0.027132581139520315
1742.0	0.027308824167182322
1743.0	0.027393648777770053
1744.0	0.029236052507347485
1745.0	0.028553923226314004
1746.0	0.026600366758820226
1747.0	0.028785931017404856
1748.0	0.02728984342422448
1749.0	0.02836567005112292
1750.0	0.027371653723275546
1751.0	0.029280419405278504
1752.0	0.026783627480528593
1753.0	0.028272603182427004
1754.0	0.029345745188112973
1755.0	0.027867460872446414
1756.0	0.028659565425951994
1757.0	0.027351542613491483
1758.0	0.031058957409171882
1759.0	0.027638373195656395
1760.0	0.027911874868995015
1761.0	0.027831901416036805
1762.0	0.02833175904633495
1763.0	0.028083926119676115
1764.0	0.028340472290620748
1765.0	0.027837459052932525
1766.0	0.027950354439705897
1767.0	0.02814185741952223
1768.0	0.02901219277712921
1769.0	0.02893730597488911
1770.0	0.028662485540253267
1771.0	0.02882591774388418
1772.0	0.028991799075638536
1773.0	0.028660978384484826
1774.0	0.029047610937685403
1775.0	0.027317584510085927
1776.0	0.030460239780193295
1777.0	0.027505884783894596
1778.0	0.02913026901185608
1779.0	0.029484968702214738
1780.0	0.028139926376194203
1781.0	0.028559669257680723
1782.0	0.026981630069596085
1783.0	0.028406127763779637
1784.0	0.028202002354403205
1785.0	0.02689350855576508
1786.0	0.02834207364362458
1787.0	0.02779215018264629
1788.0	0.027317113523908317
1789.0	0.028717967711975722
1790.0	0.02750729774242743
1791.0	0.029879984809376918
1792.0	0.029537059773458527
1793.0	0.028441169135393827
1794.0	0.026776562687864432
1795.0	0.02763813770256759
1796.0	0.02807568386156793
1797.0	0.02779069012549587
1798.0	0.027047285542754974
1799.0	0.0273472566392754
1800.0	0.028033624795907378
1801.0	0.030125227312058675
1802.0	0.03012221300052201
1803.0	0.029021518303445813
1804.0	0.028776322899381642
1805.0	0.02978272616370031
1806.0	0.02981023175647273
1807.0	0.028601116041310465
1808.0	0.030120658746135984
1809.0	0.027740294604491525
1810.0	0.02957723489440863
1811.0	0.028645812629565674
1812.0	0.028783340593428
1813.0	0.02871537728799886
1814.0	0.028000985453799046
1815.0	0.028701765787465958
1816.0	0.029145199273686428
1817.0	0.028527312507279
1818.0	0.028894446232726537
1819.0	0.028641055669171984
1820.0	0.02813191961117482
1821.0	0.028226540734256764
1822.0	0.029098712937956163
1823.0	0.028495662236143474
1824.0	0.027758380473711732
1825.0	0.02786157354522628
1826.0	0.02831904241953946
1827.0	0.028253669538087185
1828.0	0.028236384345368785
1829.0	0.02739741666719094
1830.0	0.029850124285716224
1831.0	0.027522416398728773
1832.0	0.028861100411351568
1833.0	0.02656574927476584
1834.0	0.02703423922563529
1835.0	0.02813870181213237
1836.0	0.02967934469771476
1837.0	0.02800715537272557
1838.0	0.03023609745826819
1839.0	0.027486809843701363
1840.0	0.027537676350883316
1841.0	0.028629752000909326
1842.0	0.028586374173951337
1843.0	0.02816889202611726
1844.0	0.02997875061082175
1845.0	0.02739501463768508
1846.0	0.02726262042315867
1847.0	0.029769774043816016
1848.0	0.02758369170043597
1849.0	0.02983029576763899
1850.0	0.027523640962790606
1851.0	0.026856112253262836
1852.0	0.027851541539643043
1853.0	0.0284966513071165
1854.0	0.027776136652607523
1855.0	0.027777832202846967
1856.0	0.0271541994050726
1857.0	0.030214290798244902
1858.0	0.026264883304508217
1859.0	0.026077101115494744
1860.0	0.028360347907316008
1861.0	0.027461093998403775
1862.0	0.02709612680937329
1863.0	0.02849443767208164
1864.0	0.02975922395343736
1865.0	0.02528914124035205
1866.0	0.027548509032968363
1867.0	0.027694373452174483
1868.0	0.02836670622071375
1869.0	0.028230355722295455
1870.0	0.027073990459025588
1871.0	0.0293818698279358
1872.0	0.0281047908073444
1873.0	0.02677449034868299
1874.0	0.027400619373198605
1875.0	0.02878140955009997
1876.0	0.029121508668952478
1877.0	0.029127537292026027
1878.0	0.028769069712246482
1879.0	0.027452616247206782
1880.0	0.027392659706797027
1881.0	0.02721839482108107
1882.0	0.0289767746165728
1883.0	0.02787297141072433
1884.0	0.026728098210188334
1885.0	0.027768977662707972
1886.0	0.02631914091216884
1887.0	0.03000173473628928
1888.0	0.02838917226138565
1889.0	0.028773449883698173
1890.0	0.03016441336203597
1891.0	0.028759508692841072
1892.0	0.028036921699150653
1893.0	0.028357145201308123
1894.0	0.027982946683196425
1895.0	0.028013325291652316
1896.0	0.028495944827850082
1897.0	0.02940998770273903
1898.0	0.028518269572668786
1899.0	0.028352765029856432
1900.0	0.02714704041517305
1901.0	0.029025992672133117
1902.0	0.025996374084652316
1903.0	0.029252819615270473
1904.0	0.02886957816254856
1905.0	0.028040642489953735
1906.0	0.02845219021195009
1907.0	0.0272420854258148
1908.0	0.027795352888654173
1909.0	0.027398499935399355
1910.0	0.028003387483304686
1911.0	0.029015866469314488
1912.0	0.029348053020383222
1913.0	0.027467640706272518
1914.0	0.027988504320092363
1915.0	0.028892185499073873
1916.0	0.029735910137645632
1917.0	0.027582467136374137
1918.0	0.028089577953807444
1919.0	0.028507625285054742
1920.0	0.02821405960055008
1921.0	0.02893579881912067
1922.0	0.029032021295206444
1923.0	0.028004235258424517
1924.0	0.029843012394434477
1925.0	0.02770586551490814
1926.0	0.02811585898251825
1927.0	0.02854012333130988
1928.0	0.027395061736302885
1929.0	0.027131686265782898
1930.0	0.026877447927108732
1931.0	0.027807363036183246
1932.0	0.02698549215625258
1933.0	0.02717826679874855
1934.0	0.026090618418792257
1935.0	0.027229839785196924
1936.0	0.02744880125916809
1937.0	0.02727943462969946
1938.0	0.027663900646482983
1939.0	0.028327708565207454
1940.0	0.027302889741344386
1941.0	0.027847491058515545
1942.0	0.027709539207093417
1943.0	0.026582610579924434
1944.0	0.029064660637315
1945.0	0.027035181197990508
1946.0	0.028496227419556694
1947.0	0.02753485043381765
1948.0	0.026884748212861697
1949.0	0.024475465519911768
1950.0	0.022321551532462663
1951.0	0.025481586192523824
1952.0	0.02738804404225631
1953.0	0.02767539270921664
1954.0	0.025490582028516232
1955.0	0.02562787449928975
1956.0	0.028928828223692117
1957.0	0.026841134892814904
1958.0	0.027670258959880727
1959.0	0.029954494822674798
1960.0	0.02749933807602585
1961.0	0.02657290826466561
1962.0	0.028273639352017835
1963.0	0.028264078332612207
1964.0	0.028258520695716487
1965.0	0.027975928989150068
1966.0	0.02755025168182561
1967.0	0.02534080842403603
1968.0	0.028891667414278458
1969.0	0.02556198353304206
1970.0	0.028574646618128873
1971.0	0.02889364555622451
1972.0	0.02688559598798131
1973.0	0.025722307227900695
1974.0	0.02679502534602686
1975.0	0.029224607543231633
1976.0	0.029842211717932454
1977.0	0.028941356456016386
1978.0	0.03041511930437806
1979.0	0.02481382198990747
1980.0	0.028220653407036632
1981.0	0.027718346648614823
1982.0	0.02758416268661358
1983.0	0.026618028740480627
1984.0	0.02794404322492574
1985.0	0.02678668889068306
1986.0	0.028303923763238113
1987.0	0.027341322213437463
1988.0	0.027527361753593688
1989.0	0.028546858433649843
1990.0	0.0273212582022712
1991.0	0.03035309042478686
1992.0	0.02903960417266602
1993.0	0.02996853021076773
1994.0	0.02797220819834699
1995.0	0.028930665069784756
1996.0	0.028522743941356087
1997.0	0.02837763310003419
1998.0	0.02824961905695969
1999.0	0.02953663588589872
2000.0	0.02859169631775825
2001.0	0.02664704148902149
2002.0	0.025206954152358983
2003.0	0.029326057965888934
2004.0	0.02708821424158952
2005.0	0.02843810772523936
2006.0	0.027433870997337965
2007.0	0.02916752401850513
2008.0	0.028875465489768694
2009.0	0.02792520377782131
2010.0	0.026569328769715725
2011.0	0.02838144808807288
2012.0	0.027065041721650984
2013.0	0.027939851447945047
2014.0	0.028077709102131785
2015.0	0.02747946245933059
2016.0	0.027418705242418812
2017.0	0.027559483010906605
2018.0	0.027191689904810457
2019.0	0.02803075178022391
2020.0	0.0280432800125484
2021.0	0.027018696681774135
2022.0	0.02656998815036434
2023.0	0.027287158803012232
2024.0	0.026080162525649212
2025.0	0.027360491350866087
2026.0	0.027482288376396255
2027.0	0.029019210471175567
2028.0	0.028585055412653895
2029.0	0.027708408840267193
2030.0	0.028212976332341447
2031.0	0.029554156571705705
2032.0	0.02791955194368998
2033.0	0.025666919253413634
2034.0	0.028021426253907307
2035.0	0.029497402737303616
2036.0	0.027382203813653982
2037.0	0.028019777802285668
2038.0	0.02758731829400344
2039.0	0.028626407999048246
2040.0	0.029126689516906196
2041.0	0.02828706245807974
2042.0	0.02704643776763536
2043.0	0.029269680920428847
2044.0	0.02852005932014362
2045.0	0.028387429612528624
2046.0	0.029321913287525828
2047.0	0.027043894442276308
2048.0	0.031746314636776886
2049.0	0.027507015150720817
2050.0	0.029625463878995922
2051.0	0.0278011931172565
2052.0	0.02972215734125953
2053.0	0.02919865620484524
2054.0	0.02993824579954723
2055.0	0.027179397165574774
2056.0	0.029163850326319855
2057.0	0.02822705881905218
2058.0	0.028007956049227598
2059.0	0.02890852871943705
2060.0	0.03006852057627439
2061.0	0.027792574070206313
2062.0	0.0289858646498006
2063.0	0.029602338457675414
2064.0	0.029476396753782136
2065.0	0.027892187646770976
2066.0	0.02910954562004121
2067.0	0.02940702048982017
2068.0	0.03036486507922713
2069.0	0.028261817598959762
2070.0	0.030247448225148653
2071.0	0.029020576331090592
2072.0	0.031604924586258284
2073.0	0.027182929561906852
2074.0	0.028004753343219932
2075.0	0.028147462155035972
2076.0	0.030448512224370613
2077.0	0.02937061325829095
2078.0	0.028625560223928415
2079.0	0.029147978092134288
2080.0	0.029956614260474048
2081.0	0.029420349398646465
2082.0	0.03120387985602278
2083.0	0.02950409074102578
2084.0	0.03047060147610073
2085.0	0.029710476884054652
2086.0	0.02973237774131355
2087.0	0.029192674680389497
2088.0	0.030695638671763035
2089.0	0.029502771979728337
2090.0	0.030935276438931267
2091.0	0.029083971070597035
2092.0	0.028386817330497596
2093.0	0.030397127632393463
2094.0	0.02916389742493744
2095.0	0.030366513530848765
2096.0	0.03031729547528845
2097.0	0.030189234333595924
2098.0	0.02866173196236905
2099.0	0.029600784203289165
2100.0	0.031170298541559005
2101.0	0.03070694234002569
2102.0	0.029838161236804956
2103.0	0.029514264042462213
2104.0	0.029686833377938728
2105.0	0.029354646826869772
2106.0	0.03025634986390545
2107.0	0.02901869238638015
2108.0	0.028543985417966374
2109.0	0.02929525546987324
2110.0	0.029858319445206827
2111.0	0.0294305227000829
2112.0	0.02997700796196472
2113.0	0.030808816650242796
2114.0	0.03131583327044071
2115.0	0.028806889902308532
2116.0	0.029080156082558345
2117.0	0.027817300844530875
2118.0	0.030241419602075322
2119.0	0.029040357750550243
2120.0	0.030659702426411424
2121.0	0.029446583328739468
2122.0	0.03184037057644583
2123.0	0.02896386959530631
2124.0	0.030052130257293627
2125.0	0.03067256034906011
2126.0	0.02891408635633277
2127.0	0.029083217492712816
2128.0	0.030782818213238815
2129.0	0.030237934304361048
2130.0	0.031288421874903896
2131.0	0.031166577750755924
2132.0	0.028539275556190267
2133.0	0.030332414131589578
2134.0	0.028487419978035285
2135.0	0.0289900093281637
2136.0	0.030820073219887868
2137.0	0.030275142212392293
2138.0	0.03136137763381575
2139.0	0.031009833550847174
2140.0	0.031684238658567884
2141.0	0.03098873337009008
2142.0	0.030006020710505364
2143.0	0.03154534483479053
2144.0	0.03197431904535827
2145.0	0.03094940602425959
2146.0	0.03393343314974776
2147.0	0.029989489095671406
2148.0	0.03229162243321468
2149.0	0.030360155217451022
2150.0	0.031363402874379394
2151.0	0.03248938952919337
2152.0	0.03176651994379656
2153.0	0.030047467494135106
2154.0	0.030719847361292178
2155.0	0.030674773984094968
2156.0	0.031004464308422453
2157.0	0.029285176365672193
2158.0	0.030604220254688754
2159.0	0.03306371007417181
2160.0	0.03314504938704526
2161.0	0.03151873411575553
2162.0	0.03091836803515509
2163.0	0.03199353528140492
2164.0	0.03129892486666453
2165.0	0.031297370612278504
2166.0	0.030659043045762596
2167.0	0.03170580982550237
2168.0	0.03131653974970713
2169.0	0.033132756647809576
2170.0	0.03343480008351123
2171.0	0.034041100589949615
2172.0	0.030978089082476255
2173.0	0.030723992039655285
2174.0	0.03472002716497543
2175.0	0.03267745430991323
2176.0	0.0326669042195348
2177.0	0.032199120747931985
2178.0	0.03210855010597732
2179.0	0.03452866548101207
2180.0	0.033632755573961136
2181.0	0.03280433798616173
2182.0	0.03320189741868274
2183.0	0.030966408625271377
2184.0	0.030336747204423684
2185.0	0.02934348445446053
2186.0	0.03169657849642137
2187.0	0.03319422034398777
2188.0	0.034354588989767336
2189.0	0.03315121930597201
2190.0	0.03224301665968517
2191.0	0.03167227560965662
2192.0	0.029870470888589094
2193.0	0.02785766435995198
2194.0	0.02970571992366096
2195.0	0.0319669716609875
2196.0	0.03213082775217843
2197.0	0.033090179497353614
2198.0	0.03533621838114342
2199.0	0.03320298068689138
2200.0	0.036040060124964794
2201.0	0.031027118743565354
2202.0	0.03045934490645566
2203.0	0.02987748858263545
2204.0	0.031151411995836993
2205.0	0.031197097655065228
2206.0	0.03427136573218344
2207.0	0.032266189179623705
2208.0	0.03562271927298413
2209.0	0.03297243295295094
2210.0	0.03401058068564031
2211.0	0.03437757311523465
2212.0	0.03390390231641149
2213.0	0.03301661145641074
2214.0	0.03414961580527107
2215.0	0.034807677692628824
2216.0	0.032780270592485776
2217.0	0.034732508298682116
2218.0	0.033658989504053924
2219.0	0.03344723411860033
2220.0	0.03430720778029966
2221.0	0.03452164778696572
2222.0	0.03262239602575059
2223.0	0.03274348657201434
2224.0	0.03432896734170514
2225.0	0.03501373414533351
2226.0	0.03362145190569848
2227.0	0.035930084852492696
2228.0	0.03586913924110992
2229.0	0.033656587474548284
2230.0	0.036269430393461206
2231.0	0.034675047985013606
2232.0	0.03410035065109295
2233.0	0.03605320063932031
2234.0	0.03355038009149707
2235.0	0.03321517922889145
2236.0	0.03422271286003634
2237.0	0.033993954873570736
2238.0	0.03489697667190364
2239.0	0.03313068430862814
2240.0	0.035785303701495214
2241.0	0.03529722072563734
2242.0	0.034666617332434424
2243.0	0.03600657300773685
2244.0	0.0357801228535415
2245.0	0.03555499146064359
2246.0	0.03471804902302938
2247.0	0.035250027910640656
2248.0	0.034191109687518616
2249.0	0.034924811955000475
2250.0	0.034615797923870054
2251.0	0.035354869433776845
2252.0	0.03400295070956315
2253.0	0.03438675734569806
2254.0	0.03646187534563298
2255.0	0.0344850521609655
2256.0	0.03523651060734336
2257.0	0.03473330897518392
2258.0	0.03496428059668438
2259.0	0.034363773220230744
2260.0	0.03558452229397986
2261.0	0.036395324998736676
2262.0	0.03589626804494034
2263.0	0.03542518767009403
2264.0	0.03461094676624075
2265.0	0.03677164295464762
2266.0	0.03488840472347125
2267.0	0.03584954621612127
2268.0	0.033846677495831784
2269.0	0.03376821119864202
2270.0	0.035651261035347166
2271.0	0.03712591875744625
2272.0	0.03478393998927707
2273.0	0.035143161146940834
2274.0	0.035770279242429474
2275.0	0.03483085021256714
2276.0	0.03616449467308963
2277.0	0.03561692614299939
2278.0	0.035011332115827645
2279.0	0.03686155421595346
2280.0	0.03707566453229533
2281.0	0.03453271596213957
2282.0	0.036941150879969666
2283.0	0.03495721580402022
2284.0	0.03536678538407031
2285.0	0.03541520276312882
2286.0	0.034636945203244944
2287.0	0.03490865712910851
2288.0	0.034744047460033574
2289.0	0.03593926908295611
2290.0	0.03473024756502945
2291.0	0.03491284890608921
2292.0	0.038183659515124486
2293.0	0.03464853146321399
2294.0	0.03445038757829331
2295.0	0.03583423916534892
2296.0	0.03673099684751969
2297.0	0.03484954836381837
2298.0	0.033508038434129694
2299.0	0.035991595647288696
2300.0	0.036347755394797995
2301.0	0.036241642208982176
2302.0	0.03570763808080726
2303.0	0.03555659281364742
2304.0	0.03616684960397768
2305.0	0.034013453701323776
2306.0	0.03562954857255949
2307.0	0.03734370276597362
2308.0	0.03582185222887785
2309.0	0.03543352412543783
2310.0	0.036378322397724885
2311.0	0.035176506968315584
2312.0	0.035701797852204925
2313.0	0.034515807558363386
2314.0	0.036213006249383534
2315.0	0.0352866706352589
2316.0	0.035587866295840945
2317.0	0.03565620639021208
2318.0	0.035906912332554386
2319.0	0.03468955435928393
2320.0	0.03534073984844852
2321.0	0.033861419363191134
2322.0	0.03492321060199664
2323.0	0.03378328275632556
2324.0	0.03474762695498346
2325.0	0.03570377599415076
2326.0	0.03470712214370894
2327.0	0.037507794350253136
2328.0	0.035913223547334325
2329.0	0.03431069307801393
2330.0	0.03403559005167148
2331.0	0.03441171961311142
2332.0	0.03676033928638497
2333.0	0.03631045328953114
2334.0	0.03391219167313748
2335.0	0.03586796177566589
2336.0	0.03511810468229186
2337.0	0.03496315022985794
2338.0	0.03396701446421132
2339.0	0.03491835944436734
2340.0	0.0360088808400071
2341.0	0.0348022613515863
2342.0	0.033633933039405164
2343.0	0.037406249730360226
2344.0	0.034645941039237134
2345.0	0.03595471742958187
2346.0	0.034928721140274774
2347.0	0.035292934751421035


