0.000000	72.845092
1.000000	72.873334
2.000000	72.908876
3.000000	72.983456
4.000000	72.817667
5.000000	72.901538
6.000000	72.805512
7.000000	72.793787
8.000000	72.917015
9.000000	72.881355
10.000000	72.848970
11.000000	72.988165
12.000000	72.833490
13.000000	72.814148
14.000000	72.950536
15.000000	72.837348
16.000000	72.820835
17.000000	72.920564
18.000000	72.823296
19.000000	72.982062
20.000000	72.736709
21.000000	72.837190
22.000000	72.834053
23.000000	72.774758
24.000000	72.782663
25.000000	72.843238
26.000000	72.747216
27.000000	72.811413
28.000000	72.824428
29.000000	72.781818
30.000000	72.802753
31.000000	72.734087
32.000000	72.772362
33.000000	72.780744
34.000000	72.831791
35.000000	72.717951
36.000000	72.799564
37.000000	72.750467
38.000000	72.776237
39.000000	72.769245
40.000000	72.769547
41.000000	72.638244
42.000000	72.732790
43.000000	72.671833
44.000000	72.659068
45.000000	72.742555
46.000000	72.667038
47.000000	72.673622
48.000000	72.732395
49.000000	72.744511
50.000000	72.599715
51.000000	72.690615
52.000000	72.769338
53.000000	72.719098
54.000000	72.606888
55.000000	72.673752
56.000000	72.664227
57.000000	72.671346
58.000000	72.655529
59.000000	72.699131
60.000000	72.764437
61.000000	72.588542
62.000000	72.663647
63.000000	72.655138
64.000000	72.702742
65.000000	72.603401
66.000000	72.675049
67.000000	72.642939
68.000000	72.603703
69.000000	72.536915
70.000000	72.403710
71.000000	72.523354
72.000000	72.458189
73.000000	72.433369
74.000000	72.422955
75.000000	72.484516
76.000000	72.541250
77.000000	72.415823
78.000000	72.381241
79.000000	72.374235
80.000000	72.481852
81.000000	72.351193
82.000000	72.282023
83.000000	72.261123
84.000000	72.357979
85.000000	72.244507
86.000000	72.256812
87.000000	72.351509
88.000000	72.411594
89.000000	72.288284
90.000000	72.434883
91.000000	72.437540
92.000000	72.214195
93.000000	72.235384
94.000000	72.343755
95.000000	72.354238
96.000000	72.299683
97.000000	72.396852
98.000000	72.331320
99.000000	72.448939
100.000000	72.356507
101.000000	72.231385
102.000000	72.375646
103.000000	72.361491
104.000000	72.480606
105.000000	72.314594
106.000000	72.270871
107.000000	72.479237
108.000000	72.356799
109.000000	72.325443
110.000000	72.381529
111.000000	72.326823
112.000000	72.319289
113.000000	72.292043
114.000000	72.447813
115.000000	72.381818
116.000000	72.310763
117.000000	72.165479
118.000000	72.224551
119.000000	72.303781
120.000000	72.310739
121.000000	72.313217
122.000000	72.319849
123.000000	72.241510
124.000000	72.237875
125.000000	72.279130
126.000000	72.284745
127.000000	72.199367
128.000000	72.385092
129.000000	72.278399
130.000000	72.379837
131.000000	72.401492
132.000000	72.391957
133.000000	72.318568
134.000000	72.488281
135.000000	72.365901
136.000000	72.495517
137.000000	72.359019
138.000000	72.393632
139.000000	72.490440
140.000000	72.467903
141.000000	72.469931
142.000000	72.531972
143.000000	72.546193
144.000000	72.433472
145.000000	72.340292
146.000000	72.428021
147.000000	72.544789
148.000000	72.485950
149.000000	72.315791
150.000000	72.518970
151.000000	72.549241
152.000000	72.560441
153.000000	72.606610
154.000000	72.452426
155.000000	72.639490
156.000000	72.639242
157.000000	72.445537
158.000000	72.610115
159.000000	72.559054
160.000000	72.631228
161.000000	72.583857
162.000000	72.637317
163.000000	72.555762
164.000000	72.606531
165.000000	72.578894
166.000000	72.618078
167.000000	72.705104
168.000000	72.697020
169.000000	72.591542
170.000000	72.673319
171.000000	72.686239
172.000000	72.574243
173.000000	72.655811
174.000000	72.677881
175.000000	72.647374
176.000000	72.731777
177.000000	72.608093
178.000000	72.662030
179.000000	72.694995
180.000000	72.648623
181.000000	72.750576
182.000000	72.623361
183.000000	72.646474
184.000000	72.623083
185.000000	72.705210
186.000000	72.656422
187.000000	72.699866
188.000000	72.669417
189.000000	72.621349
190.000000	72.624380
191.000000	72.683057
192.000000	72.723934
193.000000	72.618236
194.000000	72.644981
195.000000	72.678887
196.000000	72.714100
197.000000	72.550758
198.000000	72.641120
199.000000	72.697120
200.000000	72.678042
201.000000	72.661567
202.000000	72.720629
203.000000	72.716589
204.000000	72.581564
205.000000	72.742987
206.000000	72.625314
207.000000	72.712809
208.000000	72.703525
209.000000	72.603638
210.000000	72.792325
211.000000	72.722863
212.000000	72.843756
213.000000	72.605131
214.000000	72.693993
215.000000	72.701802
216.000000	72.798057
217.000000	72.627280
218.000000	72.721133
219.000000	72.615277
220.000000	72.719184
221.000000	72.704637
222.000000	72.640183
223.000000	72.656075
224.000000	72.760033
225.000000	72.694329
226.000000	72.785639
227.000000	72.671051
228.000000	72.709799
229.000000	72.775839
230.000000	72.782395
231.000000	72.690296
232.000000	72.728962
233.000000	72.695534
234.000000	72.661814
235.000000	72.697401
236.000000	72.805169
237.000000	72.760554
238.000000	72.698562
239.000000	72.728660
240.000000	72.886384
241.000000	72.782055
242.000000	72.825156
243.000000	72.685360
244.000000	72.773999
245.000000	72.747920
246.000000	72.777130
247.000000	72.645836
248.000000	72.797285
249.000000	72.839171
250.000000	72.772911
251.000000	72.850916
252.000000	72.882217
253.000000	72.919761
254.000000	72.866915
255.000000	72.871988
256.000000	72.885756
257.000000	72.756573
258.000000	72.877284
259.000000	72.808152
260.000000	72.908293
261.000000	72.925544
262.000000	72.805406
263.000000	72.813633
264.000000	72.911694
265.000000	72.946201
266.000000	72.919767
267.000000	72.990269
268.000000	72.873639
269.000000	72.760805
270.000000	72.917324
271.000000	72.856999
272.000000	72.815851
273.000000	72.840451
274.000000	72.835086
275.000000	72.905684
276.000000	72.885357
277.000000	72.714924
278.000000	72.888498
279.000000	72.895363
280.000000	72.894289
281.000000	72.839867
282.000000	72.915909
283.000000	72.845497
284.000000	72.940187
285.000000	72.880178
286.000000	72.910647
287.000000	72.929725
288.000000	72.908619
289.000000	72.940362
290.000000	72.737386
291.000000	72.849101
292.000000	72.853096
293.000000	72.919819
294.000000	72.820086
295.000000	72.750655
296.000000	72.767718
297.000000	72.896887
298.000000	72.832138
299.000000	72.890005
300.000000	72.850573
301.000000	72.922922
302.000000	72.910184
303.000000	72.875194
304.000000	72.822252
305.000000	72.809003
306.000000	72.840530
307.000000	72.959700
308.000000	72.813922
309.000000	72.864354
310.000000	72.848847
311.000000	72.929543
312.000000	72.908283
313.000000	72.873378
314.000000	72.934105
315.000000	72.852591
316.000000	72.969575
317.000000	72.920313
318.000000	72.953917
319.000000	72.918470
320.000000	72.887935
321.000000	72.983140
322.000000	72.799876
323.000000	72.777291
324.000000	72.977209
325.000000	72.886051
326.000000	72.862058
327.000000	72.917166
328.000000	73.022946
329.000000	72.891402
330.000000	72.852997
331.000000	72.867492
332.000000	72.787485
333.000000	72.908255
334.000000	72.819905
335.000000	72.785402
336.000000	72.615579
337.000000	72.619293
338.000000	72.565462
339.000000	72.674311
340.000000	72.720124
341.000000	72.623089
342.000000	72.942469
343.000000	72.773261
344.000000	72.562360
345.000000	72.581502
346.000000	72.774514
347.000000	72.795081
348.000000	72.863390
349.000000	72.625300
350.000000	72.793619
351.000000	72.769420
352.000000	72.712456
353.000000	72.740938
354.000000	72.811612
355.000000	72.896259
356.000000	72.910702
357.000000	72.818003
358.000000	72.942229
359.000000	72.792833
360.000000	72.847831
361.000000	72.960733
362.000000	72.837001
363.000000	73.046328
364.000000	72.922537
365.000000	73.049403
366.000000	73.026001
367.000000	72.955423
368.000000	73.028239
369.000000	72.885869
370.000000	72.925908
371.000000	72.985711
372.000000	73.001991
373.000000	72.927326
374.000000	73.061695
375.000000	72.877030
376.000000	72.942476
377.000000	73.155770
378.000000	73.024624
379.000000	72.964537
380.000000	73.024141
381.000000	72.910414
382.000000	73.056735
383.000000	73.091776
384.000000	72.989730
385.000000	73.004802
386.000000	73.189113
387.000000	72.951452
388.000000	72.971827
389.000000	73.077659
390.000000	72.854215
391.000000	73.117142
392.000000	72.960908
393.000000	72.979927
394.000000	73.032859
395.000000	73.055187
396.000000	72.991869
397.000000	73.045487
398.000000	72.988749
399.000000	73.178459
400.000000	73.199414
401.000000	72.999304
402.000000	73.085900
403.000000	73.161008
404.000000	73.053742
405.000000	72.990654
406.000000	73.015535
407.000000	73.175414
408.000000	73.080957
409.000000	73.017550
410.000000	73.111070
411.000000	73.069644
412.000000	72.993592
413.000000	73.131572
414.000000	73.125219
415.000000	72.916689
416.000000	73.252355
417.000000	73.141433
418.000000	73.188131
419.000000	73.104040
420.000000	73.186645
421.000000	73.187589
422.000000	73.175171
423.000000	73.170774
424.000000	73.116431
425.000000	73.109059
426.000000	73.073413
427.000000	73.234438
428.000000	72.990650
429.000000	73.253334
430.000000	73.031369
431.000000	73.244028
432.000000	73.236580
433.000000	73.180820
434.000000	73.208376
435.000000	73.135838
436.000000	73.130364
437.000000	73.167901
438.000000	73.161166
439.000000	73.152496
440.000000	73.171065
441.000000	73.207113
442.000000	73.114070
443.000000	73.148868
444.000000	73.109659
445.000000	72.922122
446.000000	73.092703
447.000000	73.273262
448.000000	73.088605
449.000000	73.149544
450.000000	73.232283
451.000000	72.997223
452.000000	73.221292
453.000000	73.151641
454.000000	73.212224
455.000000	73.096064
456.000000	73.163967
457.000000	72.999781
458.000000	72.974446
459.000000	73.152252
460.000000	73.201089
461.000000	73.117183
462.000000	73.234699
463.000000	73.085972
464.000000	72.995339
465.000000	72.989930
466.000000	73.180484
467.000000	73.045686
468.000000	73.188921
469.000000	73.190586
470.000000	73.206598
471.000000	73.156073
472.000000	73.237860
473.000000	73.160881
474.000000	73.075853
475.000000	73.078033
476.000000	73.127055
477.000000	73.106913
478.000000	73.145003
479.000000	73.320297
480.000000	73.260133
481.000000	73.189075
482.000000	73.257617
483.000000	73.141111
484.000000	73.017722
485.000000	73.117653
486.000000	73.090520
487.000000	73.181634
488.000000	73.147996
489.000000	73.229973
490.000000	73.159306
491.000000	73.055029
492.000000	73.127978
493.000000	73.217781
494.000000	73.241670
495.000000	73.294042
496.000000	73.248010
497.000000	73.177014
498.000000	73.095573
499.000000	73.258726
500.000000	73.209763
501.000000	73.212529
502.000000	73.127165
503.000000	73.126670
504.000000	73.197224
505.000000	73.176794
506.000000	73.165453
507.000000	73.120513
508.000000	73.244097
509.000000	73.240009
510.000000	73.205146
511.000000	73.195274
512.000000	73.484253
513.000000	73.250238
514.000000	73.365914
515.000000	73.315402
516.000000	73.221103
517.000000	73.248123
518.000000	73.214266
519.000000	73.211661
520.000000	73.270915
521.000000	73.332873
522.000000	73.183319
523.000000	73.169408
524.000000	73.352939
525.000000	73.217551
526.000000	73.127477
527.000000	73.254381
528.000000	73.257593
529.000000	73.313820
530.000000	73.221295
531.000000	73.299894
532.000000	73.305630
533.000000	73.310405
534.000000	73.303032
535.000000	73.346987
536.000000	73.231854
537.000000	73.416490
538.000000	73.317352
539.000000	73.334490
540.000000	73.471869
541.000000	73.236175
542.000000	73.193331
543.000000	73.182416
544.000000	73.290256
545.000000	73.250777
546.000000	73.277783
547.000000	73.359299
548.000000	73.289807
549.000000	73.414208
550.000000	73.240459
551.000000	73.324412
552.000000	73.322905
553.000000	73.366151
554.000000	73.352352
555.000000	73.239693
556.000000	73.238972
557.000000	73.379221
558.000000	73.355047
559.000000	73.314959
560.000000	73.367716
561.000000	73.177683
562.000000	73.163435
563.000000	73.297523
564.000000	73.289168
565.000000	73.245717
566.000000	73.214561
567.000000	73.339065
568.000000	73.324265
569.000000	73.233038
570.000000	73.344777
571.000000	73.275511
572.000000	73.298003
573.000000	73.160215
574.000000	73.200605
575.000000	73.214149
576.000000	73.238742
577.000000	73.288643
578.000000	73.164190
579.000000	73.265261
580.000000	73.316061
581.000000	73.255891
582.000000	73.251329
583.000000	73.236288
584.000000	73.216950
585.000000	73.120907
586.000000	73.139408
587.000000	73.280165
588.000000	73.379619
589.000000	73.204737
590.000000	73.199664
591.000000	73.330107
592.000000	73.304065
593.000000	73.409523
594.000000	73.388712
595.000000	73.355582
596.000000	73.383773
597.000000	73.296699
598.000000	73.351727
599.000000	73.343424
600.000000	73.516027
601.000000	73.274725
602.000000	73.239971
603.000000	73.192916
604.000000	73.322696
605.000000	73.342827
606.000000	73.388293
607.000000	73.283996
608.000000	73.339395
609.000000	73.385777
610.000000	73.310429
611.000000	73.433488
612.000000	73.386642
613.000000	73.294986
614.000000	73.380237
615.000000	73.427272
616.000000	73.272480
617.000000	73.498934
618.000000	73.358750
619.000000	73.378693
620.000000	73.287092
621.000000	73.258908
622.000000	73.358740
623.000000	73.245834
624.000000	73.389927
625.000000	73.322102
626.000000	73.288852
627.000000	73.301865
628.000000	73.564462
629.000000	73.287727
630.000000	73.300114
631.000000	73.305726
632.000000	73.372415
633.000000	73.340957
634.000000	73.300505
635.000000	73.408047
636.000000	73.422267
637.000000	73.368701
638.000000	73.487675
639.000000	73.478991
640.000000	73.435904
641.000000	73.333457
642.000000	73.497286
643.000000	73.476970
644.000000	73.503393
645.000000	73.458373
646.000000	73.412313
647.000000	73.481339
648.000000	73.469786
649.000000	73.563614
650.000000	73.556585
651.000000	73.583646
652.000000	73.594414
653.000000	73.512499
654.000000	73.486004
655.000000	73.595076
656.000000	73.543607
657.000000	73.560120
658.000000	73.544887
659.000000	73.527955
660.000000	73.551052
661.000000	73.570356
662.000000	73.513192
663.000000	73.589378
664.000000	73.336597
665.000000	73.536749
666.000000	73.518468
667.000000	73.511538
668.000000	73.525161
669.000000	73.473987
670.000000	73.601948
671.000000	73.617665
672.000000	73.717246
673.000000	73.489858
674.000000	73.650317
675.000000	73.536344
676.000000	73.509152
677.000000	73.547914
678.000000	73.621849
679.000000	73.630210
680.000000	73.523915
681.000000	73.606273
682.000000	73.632785
683.000000	73.598416
684.000000	73.579894
685.000000	73.647441
686.000000	73.593233
687.000000	73.493634
688.000000	73.726781
689.000000	73.576328
690.000000	73.545069
691.000000	73.560662
692.000000	73.618746
693.000000	73.614898
694.000000	73.538595
695.000000	73.606248
696.000000	73.551350
697.000000	73.641197
698.000000	73.554803
699.000000	73.581453
700.000000	73.594918
701.000000	73.494403
702.000000	73.649988
703.000000	73.580653
704.000000	73.656846
705.000000	73.471711
706.000000	73.717466
707.000000	73.683608
708.000000	73.729339
709.000000	73.543016
710.000000	73.693240
711.000000	73.660975
712.000000	73.712595
713.000000	73.718472
714.000000	73.614287
715.000000	73.640322
716.000000	73.728858
717.000000	73.661514
718.000000	73.696590
719.000000	73.748577
720.000000	73.532675
721.000000	73.550763
722.000000	73.570901
723.000000	73.694427
724.000000	73.541510
725.000000	73.463988
726.000000	73.672189
727.000000	73.629174
728.000000	73.695745
729.000000	73.774218
730.000000	73.732620
731.000000	73.741970
732.000000	73.769515
733.000000	73.726884
734.000000	73.862060
735.000000	73.802453
736.000000	73.695996
737.000000	73.716635
738.000000	73.780952
739.000000	73.831872
740.000000	73.655226
741.000000	73.720335
742.000000	73.767253
743.000000	73.680028
744.000000	73.792505
745.000000	73.770785
746.000000	73.855731
747.000000	73.742124
748.000000	73.800191
749.000000	73.682960
750.000000	73.822824
751.000000	73.727533
752.000000	73.781642
753.000000	73.760728
754.000000	73.793147
755.000000	73.741788
756.000000	73.792571
757.000000	73.680351
758.000000	73.848536
759.000000	73.655617
760.000000	73.722676
761.000000	73.665036
762.000000	73.680955
763.000000	73.692392
764.000000	73.710405
765.000000	73.769646
766.000000	73.831745
767.000000	73.811490
768.000000	73.683402
769.000000	73.932977
770.000000	73.874836
771.000000	73.740769
772.000000	73.777139
773.000000	73.863996
774.000000	73.790336
775.000000	73.883846
776.000000	73.851361
777.000000	73.848066
778.000000	73.719127
779.000000	73.768276
780.000000	73.774084
781.000000	73.803987
782.000000	73.738338
783.000000	73.906946
784.000000	73.973737
785.000000	73.805967
786.000000	73.960643
787.000000	73.892259
788.000000	73.934000
789.000000	73.932768
790.000000	73.834934
791.000000	73.826311
792.000000	73.993814
793.000000	73.794634
794.000000	73.862904
795.000000	73.920806
796.000000	73.814078
797.000000	73.751117
798.000000	73.799858
799.000000	73.857910
800.000000	73.809372
801.000000	73.855913
802.000000	73.853541
803.000000	73.871760
804.000000	73.883348
805.000000	73.797730
806.000000	73.832342
807.000000	73.772203
808.000000	73.892640
809.000000	73.787645
810.000000	73.918681
811.000000	73.803729
812.000000	73.897641
813.000000	73.798941
814.000000	73.911240
815.000000	73.878549
816.000000	73.915740
817.000000	73.840268
818.000000	73.924760
819.000000	73.694609
820.000000	73.840930
821.000000	73.810306
822.000000	73.842945
823.000000	73.889468
824.000000	73.911453
825.000000	74.024705
826.000000	74.032428
827.000000	73.911734
828.000000	73.878577
829.000000	73.876449
830.000000	73.850417
831.000000	73.969049
832.000000	73.876198
833.000000	73.881141
834.000000	73.951279
835.000000	73.847702
836.000000	73.900489
837.000000	73.868932
838.000000	73.814950
839.000000	73.893117
840.000000	73.931165
841.000000	74.119464
842.000000	73.861247
843.000000	73.924180
844.000000	73.882665
845.000000	73.958072
846.000000	73.821053
847.000000	73.769776
848.000000	73.811782
849.000000	73.927612
850.000000	73.892104
851.000000	73.886973
852.000000	73.885133
853.000000	73.888054
854.000000	73.886485
855.000000	73.981735
856.000000	73.996137
857.000000	73.985535
858.000000	73.901475
859.000000	73.821046
860.000000	74.019413
861.000000	73.737079
862.000000	74.034141
863.000000	73.968719
864.000000	73.901392
865.000000	73.766697
866.000000	74.037556
867.000000	73.914470
868.000000	73.886314
869.000000	73.952165
870.000000	73.911816
871.000000	73.926545
872.000000	73.845749
873.000000	73.897682
874.000000	73.865276
875.000000	73.827283
876.000000	73.894867
877.000000	73.870034
878.000000	73.901238
879.000000	73.999251
880.000000	73.945873
881.000000	73.878086
882.000000	73.976854
883.000000	73.891665
884.000000	74.081299
885.000000	73.915170
886.000000	74.005501
887.000000	73.974874
888.000000	73.984340
889.000000	73.915094
890.000000	73.840395
891.000000	73.890539
892.000000	74.014367
893.000000	73.951694
894.000000	73.881313
895.000000	73.992629
896.000000	73.897002
897.000000	73.888239
898.000000	73.967806
899.000000	73.915352
900.000000	73.969879
901.000000	73.816004
902.000000	73.967683
903.000000	73.931275
904.000000	73.985013
905.000000	73.764085
906.000000	74.050730
907.000000	74.069564
908.000000	73.971290
909.000000	73.821880
910.000000	73.874887
911.000000	73.900812
912.000000	73.895279
913.000000	73.889396
914.000000	73.893312
915.000000	73.801842
916.000000	73.955875
917.000000	73.799738
918.000000	73.941936
919.000000	73.928958
920.000000	73.788768
921.000000	73.899391
922.000000	73.898107
923.000000	73.959393
924.000000	73.970305
925.000000	73.854392
926.000000	73.849971
927.000000	73.996687
928.000000	73.909211
929.000000	73.948509
930.000000	73.982559
931.000000	73.842111
932.000000	73.871750
933.000000	73.995887
934.000000	73.852978
935.000000	74.055347
936.000000	73.921585
937.000000	73.761356
938.000000	73.889152
939.000000	73.982675
940.000000	73.975450
941.000000	73.883609
942.000000	73.903562
943.000000	74.044583
944.000000	73.912170
945.000000	73.919594
946.000000	73.941469
947.000000	73.824441
948.000000	73.960004
949.000000	73.959548
950.000000	73.823233
951.000000	74.058511
952.000000	73.841352
953.000000	73.965424
954.000000	73.888548
955.000000	74.029288
956.000000	73.825597
957.000000	73.921599
958.000000	73.945427
959.000000	73.855350
960.000000	73.776933
961.000000	73.943656
962.000000	73.861854
963.000000	74.001911
964.000000	73.954210
965.000000	74.061130
966.000000	73.970950
967.000000	74.007753
968.000000	73.937910
969.000000	73.977393
970.000000	73.918328
971.000000	74.023470
972.000000	74.069279
973.000000	74.005202
974.000000	74.042873
975.000000	74.090865
976.000000	73.998595
977.000000	73.985857
978.000000	73.956187
979.000000	73.891397
980.000000	74.003136
981.000000	73.881199
982.000000	74.035202
983.000000	73.913653
984.000000	74.126758
985.000000	73.896230
986.000000	73.979013
987.000000	73.971602
988.000000	73.980767
989.000000	73.949752
990.000000	74.057739
991.000000	73.938311
992.000000	74.010657
993.000000	74.026277
994.000000	73.966028
995.000000	73.994994
996.000000	73.963389
997.000000	74.031845
998.000000	73.916673
999.000000	73.882243
1000.000000	73.912668
1001.000000	73.913052
1002.000000	74.020916
1003.000000	73.939255
1004.000000	73.875618
1005.000000	74.031546
1006.000000	73.999669
1007.000000	73.901746
1008.000000	73.978344
1009.000000	73.895897
1010.000000	74.008007
1011.000000	73.844301
1012.000000	74.071143
1013.000000	73.949577
1014.000000	73.888648
1015.000000	73.872649
1016.000000	73.852240
1017.000000	73.814397
1018.000000	73.919265
1019.000000	73.792083
1020.000000	73.933468
1021.000000	73.643137
1022.000000	73.628703
1023.000000	73.631528
1024.000000	73.407724
1025.000000	72.736064
1026.000000	72.870251
1027.000000	72.883950
1028.000000	72.901521
1029.000000	72.974830
1030.000000	73.235399
1031.000000	73.270558
1032.000000	73.520191
1033.000000	73.553413
1034.000000	73.496593
1035.000000	73.583886
1036.000000	73.170554
1037.000000	73.340208
1038.000000	73.196362
1039.000000	73.277505
1040.000000	73.657834
1041.000000	73.272964
1042.000000	73.157133
1043.000000	73.171220
1044.000000	73.178936
1045.000000	73.203646
1046.000000	73.278833
1047.000000	73.296833
1048.000000	73.300962
1049.000000	73.320376
1050.000000	73.490802
1051.000000	73.539835
1052.000000	73.457113
1053.000000	73.387765
1054.000000	73.445223
1055.000000	73.557968
1056.000000	73.437332
1057.000000	73.277951
1058.000000	73.323252
1059.000000	73.491939
1060.000000	73.373462
1061.000000	73.251720
1062.000000	73.310250
1063.000000	73.317695
1064.000000	73.143496
1065.000000	73.054428
1066.000000	73.295676
1067.000000	73.388612
1068.000000	73.436755
1069.000000	73.431490
1070.000000	73.385743
1071.000000	73.465512
1072.000000	73.585373
1073.000000	73.473822
1074.000000	73.491461
1075.000000	73.509643
1076.000000	73.526397
1077.000000	73.618461
1078.000000	73.563182
1079.000000	73.656372
1080.000000	73.479506
1081.000000	73.459039
1082.000000	73.588578
1083.000000	73.543840
1084.000000	73.569147
1085.000000	73.465564
1086.000000	73.488715
1087.000000	73.569130
1088.000000	73.494472
1089.000000	73.513237
1090.000000	73.425205
1091.000000	73.431143
1092.000000	73.671176
1093.000000	73.373403
1094.000000	73.273712
1095.000000	73.345216
1096.000000	73.335561
1097.000000	73.351117
1098.000000	73.422429
1099.000000	73.466329
1100.000000	73.278723
1101.000000	73.478967
1102.000000	73.423314
1103.000000	73.566721
1104.000000	73.677159
1105.000000	73.480227
1106.000000	73.466954
1107.000000	73.551546
1108.000000	73.508129
1109.000000	73.568893
1110.000000	73.558682
1111.000000	73.475641
1112.000000	73.663529
1113.000000	73.477917
1114.000000	73.580708
1115.000000	73.734374
1116.000000	73.698515
1117.000000	73.642588
1118.000000	73.680190
1119.000000	73.633358
1120.000000	73.681195
1121.000000	73.648690
1122.000000	73.707278
1123.000000	73.644874
1124.000000	73.695347
1125.000000	73.647671
1126.000000	73.646634
1127.000000	73.623404
1128.000000	73.565410
1129.000000	73.474093
1130.000000	73.704690
1131.000000	73.671983
1132.000000	73.690319
1133.000000	73.580128
1134.000000	73.731896
1135.000000	73.591149
1136.000000	73.584140
1137.000000	73.629795
1138.000000	73.813220
1139.000000	73.690652
1140.000000	73.747548
1141.000000	73.665509
1142.000000	73.730722
1143.000000	73.601175
1144.000000	73.660165
1145.000000	73.848632
1146.000000	73.471368
1147.000000	73.783029
1148.000000	73.654268
1149.000000	73.667404
1150.000000	73.595553
1151.000000	73.844472
1152.000000	73.578621
1153.000000	73.628110
1154.000000	73.628834
1155.000000	73.623208
1156.000000	73.753925
1157.000000	73.660591
1158.000000	73.617239
1159.000000	73.711136
1160.000000	73.788376
1161.000000	73.689306
1162.000000	73.786399
1163.000000	73.752556
1164.000000	73.662736
1165.000000	73.715396
1166.000000	73.627784
1167.000000	73.671259
1168.000000	73.666772
1169.000000	73.694379
1170.000000	73.572113
1171.000000	73.624543
1172.000000	73.576750
1173.000000	73.703444
1174.000000	73.633595
1175.000000	73.794342
1176.000000	73.638887
1177.000000	73.817998
1178.000000	73.701382
1179.000000	73.652418
1180.000000	73.653328
1181.000000	73.591005
1182.000000	73.634267
1183.000000	73.619062
1184.000000	73.614078
1185.000000	73.842272
1186.000000	73.824087
1187.000000	73.613663
1188.000000	73.610244
1189.000000	73.591225
1190.000000	73.861044
1191.000000	73.713155
1192.000000	73.784470
1193.000000	73.854955
1194.000000	73.773902
1195.000000	73.671379
1196.000000	73.800506
1197.000000	73.710251
1198.000000	73.776284
1199.000000	73.702816
1200.000000	73.791733
1201.000000	73.796261
1202.000000	73.819683
1203.000000	73.784165
1204.000000	73.780698
1205.000000	73.856424
1206.000000	73.784786
1207.000000	73.832548
1208.000000	73.900362
1209.000000	73.783595
1210.000000	73.845475
1211.000000	73.997675
1212.000000	73.900280
1213.000000	73.812719
1214.000000	73.840436
1215.000000	73.868266
1216.000000	73.822230
1217.000000	73.815084
1218.000000	73.791129
1219.000000	73.808212
1220.000000	73.757134
1221.000000	73.712128
1222.000000	73.865664
1223.000000	73.848663
1224.000000	73.906314
1225.000000	73.939049
1226.000000	73.777959
1227.000000	73.793271
1228.000000	73.860059
1229.000000	73.849456
1230.000000	73.889183
1231.000000	73.886015
1232.000000	73.749096
1233.000000	73.790570
1234.000000	73.690281
1235.000000	73.958422
1236.000000	73.789969
1237.000000	73.652662
1238.000000	73.489337
1239.000000	73.684147
1240.000000	73.808693
1241.000000	73.634686
1242.000000	73.656379
1243.000000	73.693964
1244.000000	73.719838
1245.000000	73.862904
1246.000000	73.913193
1247.000000	74.018747
1248.000000	74.062984
1249.000000	74.078066
1250.000000	73.852412
1251.000000	73.990340
1252.000000	74.126418
1253.000000	73.906431
1254.000000	74.022303
1255.000000	73.969608
1256.000000	74.016869
1257.000000	74.065328
1258.000000	73.986520
1259.000000	73.847527
1260.000000	73.901025
1261.000000	74.043189
1262.000000	73.970511
1263.000000	73.956472
1264.000000	73.982905
1265.000000	73.960135
1266.000000	74.206696
1267.000000	74.130733
1268.000000	74.197463
1269.000000	73.795564
1270.000000	73.825666
1271.000000	73.774839
1272.000000	73.969704
1273.000000	73.919773
1274.000000	73.851251
1275.000000	73.939732
1276.000000	73.905223
1277.000000	73.907306
1278.000000	73.915767
1279.000000	74.061875
1280.000000	73.768932
1281.000000	73.873329
1282.000000	73.861895
1283.000000	73.896817
1284.000000	73.934155
1285.000000	73.972124
1286.000000	73.938304
1287.000000	73.899175
1288.000000	73.773651
1289.000000	73.723270
1290.000000	73.913234
1291.000000	73.852854
1292.000000	73.962246
1293.000000	73.832397
1294.000000	74.096838
1295.000000	73.948011
1296.000000	73.822618
1297.000000	73.909428
1298.000000	74.000795
1299.000000	74.058103
1300.000000	73.996470
1301.000000	73.975409
1302.000000	73.818777
1303.000000	73.993192
1304.000000	74.087570
1305.000000	73.851526
1306.000000	73.837858
1307.000000	74.043278
1308.000000	73.917425
1309.000000	73.949710
1310.000000	73.986410
1311.000000	74.051976
1312.000000	73.997009
1313.000000	74.052601
1314.000000	73.903441
1315.000000	74.000829
1316.000000	74.132610
1317.000000	74.049673
1318.000000	74.014024
1319.000000	74.009695
1320.000000	74.010698
1321.000000	73.970051
1322.000000	74.110797
1323.000000	73.914758
1324.000000	74.080136
1325.000000	73.943323
1326.000000	73.941706
1327.000000	74.052007
1328.000000	73.860673
1329.000000	73.983170
1330.000000	74.106912
1331.000000	74.006843
1332.000000	74.141511
1333.000000	74.058934
1334.000000	73.989883
1335.000000	73.962246
1336.000000	74.036180
1337.000000	73.987930
1338.000000	74.008844
1339.000000	73.989835
1340.000000	74.046299
1341.000000	73.953047
1342.000000	73.987783
1343.000000	74.018318
1344.000000	74.014535
1345.000000	74.021709
1346.000000	74.111213
1347.000000	73.952999
1348.000000	73.918149
1349.000000	73.971187
1350.000000	74.006737
1351.000000	73.921644
1352.000000	74.068414
1353.000000	74.002714
1354.000000	74.198094
1355.000000	74.003733
1356.000000	74.076446
1357.000000	74.043680
1358.000000	73.913464
1359.000000	74.043797
1360.000000	74.041816
1361.000000	73.925656
1362.000000	73.928574
1363.000000	74.117906
1364.000000	74.099151
1365.000000	74.013591
1366.000000	74.010591
1367.000000	74.119705
1368.000000	73.946724
1369.000000	74.121925
1370.000000	74.056225
1371.000000	73.986695
1372.000000	74.076748
1373.000000	74.090151
1374.000000	73.990474
1375.000000	74.118074
1376.000000	74.261357
1377.000000	73.952752
1378.000000	73.979119
1379.000000	73.947527
1380.000000	74.074970
1381.000000	73.927286
1382.000000	74.206377
1383.000000	73.940618
1384.000000	74.008697
1385.000000	73.976157
1386.000000	73.991346
1387.000000	74.043278
1388.000000	74.132065
1389.000000	73.919117
1390.000000	74.135696
1391.000000	74.170020
1392.000000	73.882047
1393.000000	74.039376
1394.000000	74.176745
1395.000000	73.931728
1396.000000	73.886935
1397.000000	73.997332
1398.000000	74.033050
1399.000000	74.026267
1400.000000	74.094830
1401.000000	73.985689
1402.000000	73.975776
1403.000000	74.016677
1404.000000	74.142307
1405.000000	73.981725
1406.000000	74.060032
1407.000000	73.853579
1408.000000	74.118332
1409.000000	74.015991
1410.000000	74.149069
1411.000000	74.115459
1412.000000	74.010530
1413.000000	73.993580
1414.000000	74.061391
1415.000000	73.992279
1416.000000	74.048791
1417.000000	74.046745
1418.000000	74.100974
1419.000000	74.027276
1420.000000	74.071644
1421.000000	74.080983
1422.000000	74.111086
1423.000000	73.985387
1424.000000	74.052539
1425.000000	74.051478
1426.000000	73.918427
1427.000000	74.081821
1428.000000	74.158388
1429.000000	74.111110
1430.000000	74.053184
1431.000000	74.026789
1432.000000	74.125179
1433.000000	74.031320
1434.000000	73.927211
1435.000000	74.143708
1436.000000	74.103665
1437.000000	74.027386
1438.000000	73.999618
1439.000000	74.223988
1440.000000	73.928865
1441.000000	74.164563
1442.000000	74.194459
1443.000000	74.236747
1444.000000	74.156504
1445.000000	74.135528
1446.000000	74.143913
1447.000000	74.020470
1448.000000	74.197854
1449.000000	74.052817
1450.000000	74.021867
1451.000000	74.106390
1452.000000	74.020370
1453.000000	74.082030
1454.000000	74.044099
1455.000000	74.164189
1456.000000	74.149560
1457.000000	73.979875
1458.000000	74.139849
1459.000000	74.005151
1460.000000	74.165843
1461.000000	74.049189
1462.000000	74.095973
1463.000000	74.023693
1464.000000	74.127095
1465.000000	74.096879
1466.000000	74.191809
1467.000000	74.144802
1468.000000	74.067899
1469.000000	74.024633
1470.000000	74.107293
1471.000000	74.093972
1472.000000	74.060485
1473.000000	74.020950
1474.000000	74.045986
1475.000000	74.078811
1476.000000	74.217553
1477.000000	74.130575
1478.000000	74.101115
1479.000000	74.056328
1480.000000	73.997812
1481.000000	74.058031
1482.000000	74.238607
1483.000000	74.140505
1484.000000	74.019038
1485.000000	74.163204
1486.000000	74.152577
1487.000000	74.247325
1488.000000	74.152199
1489.000000	74.157935
1490.000000	74.130410
1491.000000	74.098448
1492.000000	74.197995
1493.000000	74.357880
1494.000000	74.107187
1495.000000	74.123714
1496.000000	74.205776
1497.000000	74.108941
1498.000000	74.199083
1499.000000	74.219564
1500.000000	74.140320
1501.000000	74.183064
1502.000000	74.178838
1503.000000	74.341964
1504.000000	74.232278
1505.000000	74.124129
1506.000000	74.078783
1507.000000	74.288329
1508.000000	74.187831
1509.000000	74.229868
1510.000000	74.316516
1511.000000	74.169842
1512.000000	74.298280
1513.000000	74.288460
1514.000000	74.277857
1515.000000	74.297847
1516.000000	74.243639
1517.000000	74.366098
1518.000000	74.153112
1519.000000	74.301197
1520.000000	74.414395
1521.000000	74.288412
1522.000000	74.268246
1523.000000	74.083688
1524.000000	74.245939
1525.000000	74.044747
1526.000000	74.218421
1527.000000	74.093910
1528.000000	74.265613
1529.000000	74.311797
1530.000000	74.411838
1531.000000	74.171877
1532.000000	74.281540
1533.000000	74.269341
1534.000000	74.195465
1535.000000	74.301475
1536.000000	74.387612
1537.000000	74.297442
1538.000000	74.234880
1539.000000	74.349430
1540.000000	74.237413
1541.000000	74.321665
1542.000000	74.204125
1543.000000	74.400669
1544.000000	74.291954
1545.000000	74.390945
1546.000000	74.221085
1547.000000	74.351602
1548.000000	74.310949
1549.000000	74.273305
1550.000000	74.416225
1551.000000	74.207811
1552.000000	74.454307
1553.000000	74.278265
1554.000000	74.336853
1555.000000	74.416166
1556.000000	74.373735
1557.000000	74.323113
1558.000000	74.475492
1559.000000	74.224164
1560.000000	74.419853
1561.000000	74.414368
1562.000000	74.413757
1563.000000	74.398448
1564.000000	74.326179
1565.000000	74.358467
1566.000000	74.316091
1567.000000	74.276882
1568.000000	74.237752
1569.000000	74.236218
1570.000000	74.532433
1571.000000	74.447309
1572.000000	74.341731
1573.000000	74.285542
1574.000000	74.315847
1575.000000	74.384169
1576.000000	74.409013
1577.000000	74.451527
1578.000000	74.269073
1579.000000	74.553192
1580.000000	74.427528
1581.000000	74.357441
1582.000000	74.348321
1583.000000	74.439033
1584.000000	74.472564
1585.000000	74.435587
1586.000000	74.341127
1587.000000	74.506446
1588.000000	74.381749
1589.000000	74.254671
1590.000000	74.467742
1591.000000	74.483589
1592.000000	74.192362
1593.000000	74.447062
1594.000000	74.422767
1595.000000	74.473622
1596.000000	74.339846
1597.000000	74.487811
1598.000000	74.435772
1599.000000	74.427150
1600.000000	74.540145
1601.000000	74.467423
1602.000000	74.503679
1603.000000	74.542692
1604.000000	74.457606
1605.000000	74.474823
1606.000000	74.481849
1607.000000	74.462429
1608.000000	74.504321
1609.000000	74.583864
1610.000000	74.469781
1611.000000	74.451438
1612.000000	74.458145
1613.000000	74.590183
1614.000000	74.541937
1615.000000	74.537303
1616.000000	74.567890
1617.000000	74.416036
1618.000000	74.497669
1619.000000	74.525887
1620.000000	74.577892
1621.000000	74.485858
1622.000000	74.520787
1623.000000	74.677635
1624.000000	74.614372
1625.000000	74.609662
1626.000000	74.702255
1627.000000	74.462731
1628.000000	74.753014
1629.000000	74.605629
1630.000000	74.660126
1631.000000	74.590317
1632.000000	74.543880
1633.000000	74.712728
1634.000000	74.497748
1635.000000	74.540465
1636.000000	74.607496
1637.000000	74.605694
1638.000000	74.582855
1639.000000	74.473206
1640.000000	74.755688
1641.000000	74.478798
1642.000000	74.613218
1643.000000	74.545116
1644.000000	74.679152
1645.000000	74.541337
1646.000000	74.619023
1647.000000	74.627264
1648.000000	74.542902
1649.000000	74.675108
1650.000000	74.609765
1651.000000	74.733645
1652.000000	74.743695
1653.000000	74.588385
1654.000000	74.727463
1655.000000	74.615827
1656.000000	74.673835
1657.000000	74.651699
1658.000000	74.735907
1659.000000	74.690925
1660.000000	74.660263
1661.000000	74.664801
1662.000000	74.616586
1663.000000	74.764852
1664.000000	74.673214
1665.000000	74.773667
1666.000000	74.652393
1667.000000	74.694350
1668.000000	74.698130
1669.000000	74.788866
1670.000000	74.733288
1671.000000	74.682677
1672.000000	74.678898
1673.000000	74.611039
1674.000000	74.713448
1675.000000	74.668147
1676.000000	74.715508
1677.000000	74.635577
1678.000000	74.722266
1679.000000	74.716970
1680.000000	74.823677
1681.000000	74.518305
1682.000000	74.685821
1683.000000	74.695363
1684.000000	74.683281
1685.000000	74.762230
1686.000000	74.740729
1687.000000	74.734651
1688.000000	74.721628
1689.000000	74.778915
1690.000000	74.769143
1691.000000	74.691402
1692.000000	74.785907
1693.000000	74.636253
1694.000000	74.785217
1695.000000	74.728225
1696.000000	74.702938
1697.000000	74.880021
1698.000000	74.717485
1699.000000	74.812814
1700.000000	74.864523
1701.000000	74.639590
1702.000000	74.687451
1703.000000	74.735162
1704.000000	74.806175
1705.000000	74.721549
1706.000000	74.808465
1707.000000	74.829399
1708.000000	74.848755
1709.000000	74.872510
1710.000000	74.868645
1711.000000	74.843239
1712.000000	74.861434
1713.000000	74.859677
1714.000000	74.870200
1715.000000	74.709817
1716.000000	74.895113
1717.000000	74.816215
1718.000000	74.758705
1719.000000	74.794718
1720.000000	74.827834
1721.000000	74.821779
1722.000000	74.713098
1723.000000	74.754123
1724.000000	74.784812
1725.000000	74.874628
1726.000000	74.801133
1727.000000	74.841255
1728.000000	74.885564
1729.000000	74.805348
1730.000000	74.909127
1731.000000	74.726258
1732.000000	74.754902
1733.000000	74.868059
1734.000000	74.746434
1735.000000	74.759422
1736.000000	74.749187
1737.000000	75.021000
1738.000000	74.866277
1739.000000	74.891334
1740.000000	75.014386
1741.000000	74.854703
1742.000000	74.867547
1743.000000	74.873729
1744.000000	75.007998
1745.000000	74.958287
1746.000000	74.815917
1747.000000	74.975195
1748.000000	74.866164
1749.000000	74.944567
1750.000000	74.872126
1751.000000	75.011232
1752.000000	74.829272
1753.000000	74.937785
1754.000000	75.015992
1755.000000	74.908259
1756.000000	74.965986
1757.000000	74.870660
1758.000000	75.140847
1759.000000	74.891564
1760.000000	74.911496
1761.000000	74.905668
1762.000000	74.942096
1763.000000	74.924034
1764.000000	74.942731
1765.000000	74.906073
1766.000000	74.914300
1767.000000	74.928256
1768.000000	74.991684
1769.000000	74.986227
1770.000000	74.966198
1771.000000	74.978109
1772.000000	74.990198
1773.000000	74.966089
1774.000000	74.994265
1775.000000	74.868186
1776.000000	75.097214
1777.000000	74.881908
1778.000000	75.000289
1779.000000	75.026139
1780.000000	74.928116
1781.000000	74.958705
1782.000000	74.843702
1783.000000	74.947516
1784.000000	74.932640
1785.000000	74.837280
1786.000000	74.942848
1787.000000	74.902771
1788.000000	74.868151
1789.000000	74.970242
1790.000000	74.882011
1791.000000	75.054926
1792.000000	75.029935
1793.000000	74.950069
1794.000000	74.828757
1795.000000	74.891547
1796.000000	74.923434
1797.000000	74.902664
1798.000000	74.848487
1799.000000	74.870348
1800.000000	74.920369
1801.000000	75.072799
1802.000000	75.072579
1803.000000	74.992364
1804.000000	74.974495
1805.000000	75.047839
1806.000000	75.049843
1807.000000	74.961726
1808.000000	75.072466
1809.000000	74.898992
1810.000000	75.032863
1811.000000	74.964983
1812.000000	74.975006
1813.000000	74.970053
1814.000000	74.917990
1815.000000	74.969061
1816.000000	75.001377
1817.000000	74.956347
1818.000000	74.983103
1819.000000	74.964637
1820.000000	74.927532
1821.000000	74.934428
1822.000000	74.997989
1823.000000	74.954041
1824.000000	74.900310
1825.000000	74.907830
1826.000000	74.941169
1827.000000	74.936405
1828.000000	74.935145
1829.000000	74.874003
1830.000000	75.052750
1831.000000	74.883113
1832.000000	74.980673
1833.000000	74.813394
1834.000000	74.847536
1835.000000	74.928026
1836.000000	75.040304
1837.000000	74.918440
1838.000000	75.080879
1839.000000	74.880518
1840.000000	74.884225
1841.000000	74.963813
1842.000000	74.960652
1843.000000	74.930227
1844.000000	75.062124
1845.000000	74.873828
1846.000000	74.864180
1847.000000	75.046895
1848.000000	74.887579
1849.000000	75.051305
1850.000000	74.883202
1851.000000	74.834555
1852.000000	74.907099
1853.000000	74.954113
1854.000000	74.901604
1855.000000	74.901727
1856.000000	74.856278
1857.000000	75.079290
1858.000000	74.791467
1859.000000	74.777782
1860.000000	74.944179
1861.000000	74.878644
1862.000000	74.852046
1863.000000	74.953951
1864.000000	75.046126
1865.000000	74.720358
1866.000000	74.885015
1867.000000	74.895645
1868.000000	74.944643
1869.000000	74.934706
1870.000000	74.850433
1871.000000	75.018625
1872.000000	74.925555
1873.000000	74.828606
1874.000000	74.874237
1875.000000	74.974865
1876.000000	74.999651
1877.000000	75.000090
1878.000000	74.973966
1879.000000	74.878026
1880.000000	74.873657
1881.000000	74.860957
1882.000000	74.989103
1883.000000	74.908661
1884.000000	74.825225
1885.000000	74.901082
1886.000000	74.795422
1887.000000	75.063799
1888.000000	74.946280
1889.000000	74.974285
1890.000000	75.075655
1891.000000	74.973269
1892.000000	74.920609
1893.000000	74.943946
1894.000000	74.916675
1895.000000	74.918889
1896.000000	74.954061
1897.000000	75.020674
1898.000000	74.955688
1899.000000	74.943627
1900.000000	74.855757
1901.000000	74.992690
1902.000000	74.771899
1903.000000	75.009220
1904.000000	74.981291
1905.000000	74.920880
1906.000000	74.950873
1907.000000	74.862683
1908.000000	74.903004
1909.000000	74.874082
1910.000000	74.918165
1911.000000	74.991952
1912.000000	75.016161
1913.000000	74.879121
1914.000000	74.917080
1915.000000	74.982938
1916.000000	75.044427
1917.000000	74.887489
1918.000000	74.924446
1919.000000	74.954913
1920.000000	74.933518
1921.000000	74.986117
1922.000000	74.993129
1923.000000	74.918227
1924.000000	75.052232
1925.000000	74.896482
1926.000000	74.926362
1927.000000	74.957281
1928.000000	74.873832
1929.000000	74.854638
1930.000000	74.836110
1931.000000	74.903879
1932.000000	74.843984
1933.000000	74.858032
1934.000000	74.778767
1935.000000	74.861791
1936.000000	74.877748
1937.000000	74.865405
1938.000000	74.893424
1939.000000	74.941801
1940.000000	74.867115
1941.000000	74.906804
1942.000000	74.896750
1943.000000	74.814623
1944.000000	74.995508
1945.000000	74.847605
1946.000000	74.954082
1947.000000	74.884019
1948.000000	74.836642
1949.000000	74.661059
1950.000000	74.504088
1951.000000	74.734383
1952.000000	74.873320
1953.000000	74.894262
1954.000000	74.735038
1955.000000	74.745044
1956.000000	74.985609
1957.000000	74.833463
1958.000000	74.893887
1959.000000	75.060357
1960.000000	74.881431
1961.000000	74.813915
1962.000000	74.937860
1963.000000	74.937163
1964.000000	74.936758
1965.000000	74.916164
1966.000000	74.885142
1967.000000	74.724123
1968.000000	74.982901
1969.000000	74.740242
1970.000000	74.959797
1971.000000	74.983045
1972.000000	74.836703
1973.000000	74.751926
1974.000000	74.830103
1975.000000	75.007164
1976.000000	75.052174
1977.000000	74.986522
1978.000000	75.093926
1979.000000	74.685718
1980.000000	74.933999
1981.000000	74.897392
1982.000000	74.887613
1983.000000	74.817204
1984.000000	74.913840
1985.000000	74.829495
1986.000000	74.940067
1987.000000	74.869915
1988.000000	74.883474
1989.000000	74.957772
1990.000000	74.868453
1991.000000	75.089405
1992.000000	74.993682
1993.000000	75.061379
1994.000000	74.915893
1995.000000	74.985743
1996.000000	74.956014
1997.000000	74.945439
1998.000000	74.936110
1999.000000	75.029904
2000.000000	74.961039
2001.000000	74.819318
2002.000000	74.714368
2003.000000	75.014558
2004.000000	74.851470
2005.000000	74.949846
2006.000000	74.876660
2007.000000	75.003004
2008.000000	74.981720
2009.000000	74.912467
2010.000000	74.813655
2011.000000	74.945717
2012.000000	74.849781
2013.000000	74.913535
2014.000000	74.923581
2015.000000	74.879983
2016.000000	74.875555
2017.000000	74.885814
2018.000000	74.859011
2019.000000	74.920159
2020.000000	74.921072
2021.000000	74.846403
2022.000000	74.813703
2023.000000	74.865968
2024.000000	74.778005
2025.000000	74.871312
2026.000000	74.880189
2027.000000	74.992196
2028.000000	74.960555
2029.000000	74.896668
2030.000000	74.933439
2031.000000	75.031181
2032.000000	74.912055
2033.000000	74.747889
2034.000000	74.919480
2035.000000	75.027045
2036.000000	74.872895
2037.000000	74.919360
2038.000000	74.887843
2039.000000	74.963569
2040.000000	75.000028
2041.000000	74.938838
2042.000000	74.848425
2043.000000	75.010449
2044.000000	74.955819
2045.000000	74.946153
2046.000000	75.014256
2047.000000	74.848240
2048.000000	75.190940
2049.000000	74.881991
2050.000000	75.036378
2051.000000	74.903430
2052.000000	75.043424
2053.000000	75.005273
2054.000000	75.059172
2055.000000	74.858115
2056.000000	75.002736
2057.000000	74.934466
2058.000000	74.918498
2059.000000	74.984129
2060.000000	75.068666
2061.000000	74.902801
2062.000000	74.989765
2063.000000	75.034692
2064.000000	75.025514
2065.000000	74.910061
2066.000000	74.998779
2067.000000	75.020458
2068.000000	75.090263
2069.000000	74.936999
2070.000000	75.081706
2071.000000	74.992295
2072.000000	75.180636
2073.000000	74.858372
2074.000000	74.918265
2075.000000	74.928665
2076.000000	75.096359
2077.000000	75.017805
2078.000000	74.963507
2079.000000	75.001580
2080.000000	75.060511
2081.000000	75.021429
2082.000000	75.151408
2083.000000	75.027532
2084.000000	75.097969
2085.000000	75.042573
2086.000000	75.044169
2087.000000	75.004837
2088.000000	75.114369
2089.000000	75.027436
2090.000000	75.131833
2091.000000	74.996915
2092.000000	74.946108
2093.000000	75.092614
2094.000000	75.002740
2095.000000	75.090383
2096.000000	75.086797
2097.000000	75.077464
2098.000000	74.966143
2099.000000	75.034579
2100.000000	75.148961
2101.000000	75.115193
2102.000000	75.051878
2103.000000	75.028274
2104.000000	75.040850
2105.000000	75.016641
2106.000000	75.082355
2107.000000	74.992158
2108.000000	74.957562
2109.000000	75.012313
2110.000000	75.053348
2111.000000	75.022171
2112.000000	75.061997
2113.000000	75.122617
2114.000000	75.159567
2115.000000	74.976722
2116.000000	74.996637
2117.000000	74.904604
2118.000000	75.081267
2119.000000	74.993737
2120.000000	75.111750
2121.000000	75.023341
2122.000000	75.197794
2123.000000	74.988162
2124.000000	75.067472
2125.000000	75.112687
2126.000000	74.984534
2127.000000	74.996860
2128.000000	75.120723
2129.000000	75.081013
2130.000000	75.157570
2131.000000	75.148690
2132.000000	74.957219
2133.000000	75.087898
2134.000000	74.953440
2135.000000	74.990067
2136.000000	75.123438
2137.000000	75.083724
2138.000000	75.162886
2139.000000	75.137267
2140.000000	75.186416
2141.000000	75.135729
2142.000000	75.064112
2143.000000	75.176293
2144.000000	75.207556
2145.000000	75.132863
2146.000000	75.350331
2147.000000	75.062907
2148.000000	75.230680
2149.000000	75.089920
2150.000000	75.163034
2151.000000	75.245093
2152.000000	75.192412
2153.000000	75.067132
2154.000000	75.116133
2155.000000	75.112849
2156.000000	75.136876
2157.000000	75.011578
2158.000000	75.107707
2159.000000	75.286948
2160.000000	75.292876
2161.000000	75.174354
2162.000000	75.130601
2163.000000	75.208956
2164.000000	75.158335
2165.000000	75.158222
2166.000000	75.111702
2167.000000	75.187988
2168.000000	75.159619
2169.000000	75.291980
2170.000000	75.313992
2171.000000	75.358178
2172.000000	75.134953
2173.000000	75.116435
2174.000000	75.407656
2175.000000	75.258799
2176.000000	75.258030
2177.000000	75.223939
2178.000000	75.217338
2179.000000	75.393710
2180.000000	75.328418
2181.000000	75.268046
2182.000000	75.297019
2183.000000	75.134102
2184.000000	75.088214
2185.000000	75.015828
2186.000000	75.187315
2187.000000	75.296459
2188.000000	75.381024
2189.000000	75.293325
2190.000000	75.227138
2191.000000	75.185544
2192.000000	75.054233
2193.000000	74.907545
2194.000000	75.042226
2195.000000	75.207021
2196.000000	75.218962
2197.000000	75.288877
2198.000000	75.452562
2199.000000	75.297098
2200.000000	75.503856
2201.000000	75.138527
2202.000000	75.097149
2203.000000	75.054745
2204.000000	75.147585
2205.000000	75.150914
2206.000000	75.374959
2207.000000	75.228827
2208.000000	75.473442
2209.000000	75.280296
2210.000000	75.355953
2211.000000	75.382699
2212.000000	75.348179
2213.000000	75.283516
2214.000000	75.366086
2215.000000	75.414044
2216.000000	75.266292
2217.000000	75.408566
2218.000000	75.330330
2219.000000	75.314898
2220.000000	75.377571
2221.000000	75.393199
2222.000000	75.254786
2223.000000	75.263611
2224.000000	75.379157
2225.000000	75.429061
2226.000000	75.327595
2227.000000	75.495842
2228.000000	75.491400
2229.000000	75.330155
2230.000000	75.520572
2231.000000	75.404378
2232.000000	75.362496
2233.000000	75.504814
2234.000000	75.322415
2235.000000	75.297987
2236.000000	75.371413
2237.000000	75.354742
2238.000000	75.420552
2239.000000	75.291829
2240.000000	75.485290
2241.000000	75.449720
2242.000000	75.403764
2243.000000	75.501416
2244.000000	75.484913
2245.000000	75.468506
2246.000000	75.407512
2247.000000	75.446281
2248.000000	75.369110
2249.000000	75.422580
2250.000000	75.400060
2251.000000	75.453922
2252.000000	75.355397
2253.000000	75.383368
2254.000000	75.534597
2255.000000	75.390532
2256.000000	75.445296
2257.000000	75.408624
2258.000000	75.425456
2259.000000	75.381693
2260.000000	75.470658
2261.000000	75.529747
2262.000000	75.493377
2263.000000	75.459046
2264.000000	75.399706
2265.000000	75.557172
2266.000000	75.419927
2267.000000	75.489972
2268.000000	75.344009
2269.000000	75.338290
2270.000000	75.475522
2271.000000	75.582991
2272.000000	75.412314
2273.000000	75.438493
2274.000000	75.484196
2275.000000	75.415732
2276.000000	75.512925
2277.000000	75.473020
2278.000000	75.428885
2279.000000	75.563725
2280.000000	75.579329
2281.000000	75.394005
2282.000000	75.569526
2283.000000	75.424942
2284.000000	75.454790
2285.000000	75.458318
2286.000000	75.401601
2287.000000	75.421403
2288.000000	75.409406
2289.000000	75.496511
2290.000000	75.408401
2291.000000	75.421708
2292.000000	75.660076
2293.000000	75.402446
2294.000000	75.388005
2295.000000	75.488857
2296.000000	75.554210
2297.000000	75.417095
2298.000000	75.319329
2299.000000	75.500324
2300.000000	75.526280
2301.000000	75.518547
2302.000000	75.479630
2303.000000	75.468623
2304.000000	75.513097
2305.000000	75.356163
2306.000000	75.473939
2307.000000	75.598862
2308.000000	75.487954
2309.000000	75.459654
2310.000000	75.528508
2311.000000	75.440923
2312.000000	75.479205
2313.000000	75.392773
2314.000000	75.516460
2315.000000	75.448951
2316.000000	75.470902
2317.000000	75.475882
2318.000000	75.494153
2319.000000	75.405435
2320.000000	75.452892
2321.000000	75.345083
2322.000000	75.422463
2323.000000	75.339388
2324.000000	75.409667
2325.000000	75.479349
2326.000000	75.406715
2327.000000	75.610821
2328.000000	75.494613
2329.000000	75.377825
2330.000000	75.357776
2331.000000	75.385187
2332.000000	75.556348
2333.000000	75.523562
2334.000000	75.348783
2335.000000	75.491314
2336.000000	75.436667
2337.000000	75.425374
2338.000000	75.352778
2339.000000	75.422110
2340.000000	75.501584
2341.000000	75.413649
2342.000000	75.328504
2343.000000	75.603421
2344.000000	75.402257
2345.000000	75.497637
2346.000000	75.422865
2347.000000	75.449408


