0.0	0.0014246570037343188
1.0	0.0006653715402353245
2.0	0.0018131411450694258
3.0	0.0028848679039619675
4.0	0.00047213799537609196
5.0	0.0017689677146684284
6.0	1.3447010789092407e-08
7.0	0.0001793293357163041
8.0	0.0016972279121753079
9.0	-0.0012352289629249556
10.0	-0.0011889712458535272
11.0	-0.0006683702236386309
12.0	-0.0031412082703957066
13.0	-0.0023038629093388237
14.0	0.002488853436592013
15.0	-0.002382057277004603
16.0	-0.001905831390352384
17.0	-0.001933868407821499
18.0	0.0010282391260410051
19.0	0.0003365921267482148
20.0	-0.0012214457768789724
21.0	0.0002631714479081799
22.0	-0.0028302461461875506
23.0	0.0007740233873100639
24.0	-0.000276793269825007
25.0	0.0008449563691564648
26.0	-0.0004329130649409407
27.0	-0.002001506872027703
28.0	0.0004030203599844965
29.0	-0.0004766158499647896
30.0	-0.0010471725172145141
31.0	0.00011095128591748255
32.0	-0.0010569216000275267
33.0	-7.139018021291702e-05
34.0	0.0008963239503228954
35.0	-0.004151280484877711
36.0	-0.002345145232422828
37.0	-0.0017438621455486743
38.0	0.0010757070740823559
39.0	-0.0018746343253508069
40.0	-0.0017883045161651407
41.0	0.0006672541217440755
42.0	-0.0022081201926097156
43.0	-0.0005262353197303601
44.0	-0.002430466515800251
45.0	-0.0022643286976556797
46.0	-0.0026349283146578873
47.0	-0.0018034324032887806
48.0	-0.001179625573363718
49.0	-0.0038116762277155573
50.0	-0.0015410139879840073
51.0	-0.002868502891846983
52.0	-0.0013411914078442246
53.0	-0.004012103923340223
54.0	-0.001551637126497528
55.0	-0.003087890872666736
56.0	-0.0002722885212147312
57.0	-0.001080655574048202
58.0	7.982145596969422e-05
59.0	-0.0022171969248838998
60.0	-0.0013839529021137764
61.0	-0.003556250258014537
62.0	-0.0016370256449287405
63.0	-0.0035220948506420207
64.0	-0.0017195230560429595
65.0	-0.0021149324079280307
66.0	-0.0025138379826149786
67.0	-0.0013419982284907873
68.0	-0.0021966229983956865
69.0	0.0009280588957555667
70.0	-0.0018812233606312005
71.0	0.0006197189386489357
72.0	-0.0021966902334496323
73.0	-0.001655246344531054
74.0	-0.001123820478640957
75.0	-0.0035423326018608195
76.0	-0.002768120956399865
77.0	-0.0019524925177470157
78.0	-0.0008740422534661896
79.0	-0.0004986689476383939
80.0	-0.003106582217646042
81.0	-0.0044896745110700985
82.0	-0.002911869501601418
83.0	-0.0018159381233110524
84.0	-0.005044565410765246
85.0	-0.003205484981907769
86.0	-0.0016614992045421897
87.0	-0.00010272171532222864
88.0	-0.004612916364837384
89.0	-0.0019390455069704467
90.0	-0.004139783290663839
91.0	-0.004294827324917584
92.0	5.930131752354174e-06
93.0	-9.23675170243332e-05
94.0	-0.002244763296975866
95.0	-0.002016567524097398
96.0	-0.0004042709319867863
97.0	-0.0016903430426578674
98.0	-0.004008338760322878
99.0	-0.003780949808090972
100.0	-0.0033687316927353463
101.0	-0.0030468102547442557
102.0	-0.00025648828355226275
103.0	-0.0027618680963887293
104.0	-0.0024525196134738557
105.0	-0.0016795854340366124
106.0	-0.0027050544758577258
107.0	-0.0034278985401522497
108.0	-0.003513690468906665
109.0	-0.004775894135449337
110.0	-0.004170576945342056
111.0	-0.0026519387832902785
112.0	-0.002850618367514084
113.0	-0.003221016279354768
114.0	-0.0030661739502625463
115.0	-0.003937741953745891
116.0	-0.002465159803603705
117.0	-0.0032936301375482402
118.0	-0.004002287605473422
119.0	-0.0024572260672456546
120.0	-0.004668990399775614
121.0	-0.005738565636943936
122.0	-0.004177233215676552
123.0	-0.005506739171155857
124.0	-0.003761586112572838
125.0	-0.006196369118832161
126.0	-0.005512790326005312
127.0	-0.00508389791728671
128.0	-0.006241147664718199
129.0	-0.006627480284329086
130.0	-0.006647180155116634
131.0	-0.007514848525474742
132.0	-0.007959272231640344
133.0	-0.00817139882664072
134.0	-0.007433628580384392
135.0	-0.006665535324826681
136.0	-0.008993481830466384
137.0	-0.00974745572470854
138.0	-0.010518372852529299
139.0	-0.008182559845585333
140.0	-0.007485399571874182
141.0	-0.0064217410194475815
142.0	-0.006544377757729827
143.0	-0.008299683309449218
144.0	-0.006301928153428228
145.0	-0.008658987437399233
146.0	-0.007638829964834801
147.0	-0.00686562684518209
148.0	-0.009268338730739328
149.0	-0.008644061255437116
150.0	-0.010220790504043765
151.0	-0.010184147399677615
152.0	-0.007671640671129661
153.0	-0.007635400977086714
154.0	-0.00681089751132136
155.0	-0.008682586941312017
156.0	-0.009450747431923515
157.0	-0.009874395506439381
158.0	-0.009527798803673318
159.0	-0.011248276597481364
160.0	-0.007348710707330328
161.0	-0.009778720024764063
162.0	-0.008065167441505825
163.0	-0.010726465344296702
164.0	-0.011852181851457042
165.0	-0.009674438456191708
166.0	-0.009065423338121027
167.0	-0.011458049965595839
168.0	-0.009313251746733099
169.0	-0.00999145173524932
170.0	-0.009276675877420894
171.0	-0.007068945648123749
172.0	-0.008836219039434316
173.0	-0.005350417670878243
174.0	-0.009612447736511757
175.0	-0.007219888344090735
176.0	-0.007985292197493131
177.0	-0.006399687921773977
178.0	-0.006412664287173397
179.0	-0.007552231215433667
180.0	-0.007590084550769739
181.0	-0.007655369788089887
182.0	-0.008321400231853408
183.0	-0.00887857712338051
184.0	-0.008196141326469637
185.0	-0.00973447935930912
186.0	-0.011778290527239858
187.0	-0.011849559684355674
188.0	-0.013406051181743523
189.0	-0.012323163403906368
190.0	-0.005330448859875069
191.0	-0.007325581848794535
192.0	-0.00796808002369906
193.0	-0.007219753873983
194.0	-0.012374127574749596
195.0	-0.012473299279226791
196.0	-0.011083416245360661
197.0	-0.008472679103089808
198.0	-0.008371288641834448
199.0	-0.009183488092739209
200.0	-0.008927457007553305
201.0	-0.009146979458480793
202.0	-0.006487362432037144
203.0	-0.009102133677540968
204.0	-0.0065461258691308435
205.0	-0.00909823404441573
206.0	-0.00896053665406379
207.0	-0.007846250106063378
208.0	-0.005530338675068798
209.0	-0.0060828091128241
210.0	-0.007206441333314166
211.0	-0.005699636540745831
212.0	-0.005877137082996541
213.0	-0.006882166668437176
214.0	-0.005850243061443403
215.0	-0.008122922352791282
216.0	-0.006658946289546132
217.0	-0.005976981138012565
218.0	-0.006563674218194172
219.0	-0.006334469919507618
220.0	-0.0071398786299701495
221.0	-0.0064533414947725186
222.0	-0.007613885759844204
223.0	-0.006105803501252001
224.0	-0.006396796814456983
225.0	-0.004899472164486036
226.0	-0.006201949628304469
227.0	-0.005697686724183135
228.0	-0.007123674981984478
229.0	-0.006274765191659621
230.0	-0.0038889293046268834
231.0	-0.007655369788089887
232.0	-0.007489164734891527
233.0	-0.007090057455043056
234.0	-0.006468200441680533
235.0	-0.003505555027386935
236.0	-0.005639931812897834
237.0	-0.0055410290486361076
238.0	-0.003878776811490511
239.0	-0.006432162452799422
240.0	-0.0047880636802021944
241.0	-0.0063368903814473064
242.0	-0.004351506475340853
243.0	-0.005221259132369393
244.0	-0.004660182607717055
245.0	-0.004804132858080131
246.0	-0.008000151144401146
247.0	-0.004919978855920304
248.0	-0.00590100552712495
249.0	-0.003684131330499676
250.0	-0.006537721487395488
251.0	-0.006518828437254346
252.0	-0.00743369581543818
253.0	-0.007043934208079362
254.0	-0.004265916251747961
255.0	-0.005127398997148879
256.0	-0.00813320931603539
257.0	-0.009887102931623176
258.0	-0.005547618083916657
259.0	-0.0056406713984904515
260.0	-0.008228952032764497
261.0	-0.008601030820952095
262.0	-0.00774775075212501
263.0	-0.008092733813597791
264.0	-0.007588807084745871
265.0	-0.007992889758581766
266.0	-0.005491342343816747
267.0	-0.00635934688944427
268.0	-0.006259637304535981
269.0	-0.008939693787360108
270.0	-0.007258346794911691
271.0	-0.005311623044787873
272.0	-0.009703551234523012
273.0	-0.006677839339687274
274.0	-0.005887760221509905
275.0	-0.006971185879778155
276.0	-0.007110429676369432
277.0	-0.010183475049138786
278.0	-0.0068887557037177255
279.0	-0.009398169619787162
280.0	-0.0073149587102811706
281.0	-0.00749017326069977
282.0	-0.008457483980912223
283.0	-0.0062131778823028725
284.0	-0.010432244748505312
285.0	-0.008025431524661158
286.0	-0.007895062755182229
287.0	-0.012842150784828138
288.0	-0.008853565683336123
289.0	-0.009407582527330762
290.0	-0.006906640228050625
291.0	-0.007464825645385969
292.0	-0.009961532136271455
293.0	-0.009296577453370121
294.0	-0.009709064508941373
295.0	-0.008593231554701779
296.0	-0.007758508360746265
297.0	-0.01010198616383281
298.0	-0.0082124794445632
299.0	-0.009476027812183528
300.0	-0.0077562223689141545
301.0	-0.007014888664802005
302.0	-0.009900012061968652
303.0	-0.008014001565501075
304.0	-0.00819076252215901
305.0	-0.006535906140940526
306.0	-0.007240462270578948
307.0	-0.008859751308293312
308.0	-0.006861189331625759
309.0	-0.008207504050575931
310.0	-0.0063467739343682095
311.0	-0.0064731086006140125
312.0	-0.00784255217809982
313.0	-0.006533418443946892
314.0	-0.006657668823522421
315.0	-0.007928276871800448
316.0	-0.0032785022504246003
317.0	-0.006611276636343258
318.0	-0.005709318388504898
319.0	-0.008169717950293648
320.0	-0.006193746951730793
321.0	-0.005523077289249419
322.0	-0.006900051192770075
323.0	-0.006918877007857272
324.0	-0.009545750563060007
325.0	-0.00795039720452784
326.0	-0.007880607218597416
327.0	-0.007930764568794081
328.0	-0.008564522186693835
329.0	-0.010761763747585196
330.0	-0.006950074072858849
331.0	-0.008626109496050428
332.0	-0.005404004008822839
333.0	-0.008317635068835906
334.0	-0.0073192617537296105
335.0	-0.007192187501891034
336.0	-0.007843157293584703
337.0	-0.009033486687526677
338.0	-0.006906102347619531
339.0	-0.005644571031615688
340.0	-0.010816694786607448
341.0	-0.007656176608736607
342.0	-0.006730148211608158
343.0	-0.007679238232218297
344.0	-0.006950948128559357
345.0	-0.006184939159672078
346.0	-0.005903022578741436
347.0	-0.007143374852772027
348.0	-0.007688180494384747
349.0	-0.009685868415351791
350.0	-0.00828556394813382
351.0	-0.007678028001248532
352.0	-0.007136382407168273
353.0	-0.00919619551792316
354.0	-0.008085808603047983
355.0	-0.00818195473010045
356.0	-0.006914506729354886
357.0	-0.00818195473010045
358.0	-0.006940190519938102
359.0	-0.006595610868788524
360.0	-0.007402565985490392
361.0	-0.005800825296839512
362.0	-0.006813183503153471
363.0	-0.007733698625863402
364.0	-0.0067916682859109605
365.0	-0.009994073902350844
366.0	-0.007240260565417268
367.0	-0.008241390517732823
368.0	-0.008145647801003715
369.0	-0.005442462459643951
370.0	-0.00789049077151832
371.0	-0.009896986484543924
372.0	-0.0037802774575521436
373.0	-0.009153097848384195
374.0	-0.007535960332394049
375.0	-0.010252659919584172
376.0	-0.007396851005910351
377.0	-0.008589735331899903
378.0	-0.008584894408020212
379.0	-0.01025393738560804
380.0	-0.012161530334372072
381.0	-0.011565491581700655
382.0	-0.009615675019098165
383.0	-0.00887427407993207
384.0	-0.00837465039452859
385.0	-0.00818625777354889
386.0	-0.006776540398787321
387.0	-0.01024459171311823
388.0	-0.0064655782745791646
389.0	-0.009457605407419535
390.0	-0.009336985720753773
391.0	-0.008579313898548062
392.0	-0.012228899858362651
393.0	-0.00959167210486202
394.0	-0.010102725749425428
395.0	-0.008928263828200025
396.0	-0.008143294574117815
397.0	-0.008079824683252317
398.0	-0.010482065923432562
399.0	-0.009758885683868623
400.0	-0.011007709574688515
401.0	-0.009168830850992717
402.0	-0.009400522846673063
403.0	-0.009758011628168115
404.0	-0.009658907158744866
405.0	-0.010213394648116653
406.0	-0.008909706953328298
407.0	-0.008157413935433212
408.0	-0.009528134978942733
409.0	-0.009466077024208836
410.0	-0.009972962095431538
411.0	-0.008869433156052537
412.0	-0.01050411902110601
413.0	-0.010055257801384233
414.0	-0.010228589770294238
415.0	-0.00868164565055772
416.0	-0.011351549640245475
417.0	-0.009694608972356562
418.0	-0.0101969892949693
419.0	-0.009828675669799048
420.0	-0.012444858851434317
421.0	-0.010760687986723007
422.0	-0.01007428532163311
423.0	-0.0070073583387671575
424.0	-0.01114628102074112
425.0	-0.00649085865483902
426.0	-0.007206643038475845
427.0	-0.011151525354944014
428.0	-0.006881427082844558
429.0	-0.0075263457196887715
430.0	-0.010781598088480634
431.0	-0.008766765228773307
432.0	-0.009312915571463685
433.0	-0.010056736972569624
434.0	-0.010666558911287025
435.0	-0.00902770447289269
436.0	-0.008617234468937923
437.0	-0.009125329771130548
438.0	-0.010030717006716995
439.0	-0.010679804216901914
440.0	-0.014219528098671998
441.0	-0.011599176343696024
442.0	-0.011866570152988065
443.0	-0.011234829586704796
444.0	-0.011565088171377295
445.0	-0.011365803471668608
446.0	-0.009097965104200263
447.0	-0.014155184152106147
448.0	-0.011493348368884332
449.0	-0.010151336693382756
450.0	-0.013194059056850884
451.0	-0.011754422083111449
452.0	-0.013071489553622428
453.0	-0.010599928972889062
454.0	-0.009957901443361844
455.0	-0.010645379869313928
456.0	-0.013567617016224031
457.0	-0.012702772518128971
458.0	-0.011590906432068402
459.0	-0.01488528960222005
460.0	-0.016314706847769325
461.0	-0.015298045598006769
462.0	-0.01557014586107061
463.0	-0.018079627012193993
464.0	-0.017081724342464688
465.0	-0.01901258061987225
466.0	-0.019432396296316823
467.0	-0.02327568644636795
468.0	-0.01963914408700657
469.0	-0.022628280112529948
470.0	-0.02385847989342448
471.0	-0.021268114972480004
472.0	-0.022249007173576914
473.0	-0.021592120697141524
474.0	-0.023536491220379444
475.0	-0.02461104185153503
476.0	-0.021566638611719834
477.0	-0.02389169401004254
478.0	-0.022613286695514198
479.0	-0.025068643628261732
480.0	-0.02208824815974297
481.0	-0.021481720738665923
482.0	-0.019880181755176567
483.0	-0.021041062195517667
484.0	-0.017080110701171564
485.0	-0.020594688672789525
486.0	-0.016304150944309592
487.0	-0.016962449356876585
488.0	-0.01698766250208265
489.0	-0.015622656438153174
490.0	-0.018170797745259034
491.0	-0.020248226440131196
492.0	-0.0206028913493632
493.0	-0.016770762218256532
494.0	-0.019985606319664742
495.0	-0.017430136391685714
496.0	-0.017009177719325162
497.0	-0.020357954048067967
498.0	-0.02318606211954209
499.0	-0.019577892952919236
500.0	-0.020114025272580976
501.0	-0.02347490391102285
502.0	-0.02313785458590812
503.0	-0.019048685843807305
504.0	-0.021257155658697225
505.0	-0.01988233327690079
506.0	-0.021106952548322854
507.0	-0.020329446385221703
508.0	-0.022176998430868327
509.0	-0.01808742627844431
510.0	-0.021149176162161314
511.0	-0.022662569990010196
512.0	-0.020362593266785977
513.0	-0.020491684570241038
514.0	-0.021620964535257203
515.0	-0.021068830272771313
516.0	-0.020349751371494293
517.0	-0.020671538339377647
518.0	-0.020908407434206785
519.0	-0.018368536038728542
520.0	-0.020813135362854826
521.0	-0.020230140210636773
522.0	-0.020575795622648385
523.0	-0.01941928546080967
524.0	-0.020034553438891486
525.0	-0.020203111718975746
526.0	-0.021654783767360304
527.0	-0.02109666558507875
528.0	-0.022481371519795932
529.0	-0.018444780589831625
530.0	-0.022970641006901518
531.0	-0.021227034354557677
532.0	-0.02043883781788906
533.0	-0.020107167297084956
534.0	-0.021123290666416418
535.0	-0.020593680146981284
536.0	-0.018511074352960174
537.0	-0.017762949908405795
538.0	-0.021275510828407115
539.0	-0.01952437385002843
540.0	-0.019453978748613123
541.0	-0.019889796367881688
542.0	-0.019272713043345067
543.0	-0.02178232866457603
544.0	-0.021953912522085017
545.0	-0.02140238337508417
546.0	-0.01934344432002979
547.0	-0.02140661918347866
548.0	-0.02100609996749859
549.0	-0.020307527757655833
550.0	-0.022047033071712754
551.0	-0.02111179347220239
552.0	-0.019438783626435693
553.0	-0.021536248367364817
554.0	-0.019495059366535603
555.0	-0.019735155743951148
556.0	-0.019591608903911276
557.0	-0.021333870855177454
558.0	-0.01906576354749364
559.0	-0.021001460748780735
560.0	-0.019921867488583933
561.0	-0.019327980257636736
562.0	-0.017592509046812782
563.0	-0.022378838062624595
564.0	-0.022731553155294057
565.0	-0.019348621419178737
566.0	-0.020110663519886832
567.0	-0.021622981586873688
568.0	-0.02117015349897273
569.0	-0.02185467358255403
570.0	-0.021870877230539702
571.0	-0.02182979661261738
572.0	-0.024115990149795773
573.0	-0.019713640526708636
574.0	-0.01855477713798402
575.0	-0.021228379055635335
576.0	-0.01849648434626763
577.0	-0.023129584674280498
578.0	-0.018156812854051373
579.0	-0.017905757162852892
580.0	-0.02053861463785114
581.0	-0.02048469212463713
582.0	-0.018881942910177852
583.0	-0.019730045879856144
584.0	-0.021365336860394657
585.0	-0.019013858085896118
586.0	-0.02004914344558403
587.0	-0.02277364229902478
588.0	-0.0197722694936946
589.0	-0.021318675733000027
590.0	-0.02026685055005671
591.0	-0.019101801536374752
592.0	-0.020125925877118363
593.0	-0.01854462464484765
594.0	-0.021183936685018712
595.0	-0.021860791972457275
596.0	-0.01974060178331572
597.0	-0.021028690945603286
598.0	-0.02293991458727693
599.0	-0.020323664170587716
600.0	-0.023075527690958754
601.0	-0.02098767756273475
602.0	-0.02105955183533545
603.0	-0.023127096977286866
604.0	-0.021834503066389177
605.0	-0.020681892537675543
606.0	-0.021157782249058347
607.0	-0.02099493894855413
608.0	-0.020449124781133168
609.0	-0.021370984604920755
610.0	-0.021408232824771944
611.0	-0.02139747521615069
612.0	-0.021158992480028272
613.0	-0.019304784164047153
614.0	-0.020310351629918882
615.0	-0.020896641299777287
616.0	-0.017221371549379482
617.0	-0.017505170711818875
618.0	-0.015290851447241335
619.0	-0.01804009280051085
620.0	-0.01686711005047068
621.0	-0.016395052737159323
622.0	-0.016401440067278193
623.0	-0.01452181690092933
624.0	-0.017096516054318913
625.0	-0.01688600310061182
626.0	-0.014063878948933212
627.0	-0.015370995631469654
628.0	-0.014420829849997327
629.0	-0.012792195139793154
630.0	-0.016687726926711218
631.0	-0.0121537310681216
632.0	-0.014244606773770329
633.0	-0.015879427108931695
634.0	-0.013458225583556674
635.0	-0.015568330514615803
636.0	-0.014649563503306734
637.0	-0.01528311941604481
638.0	-0.012566016418531327
639.0	-0.014252069864751388
640.0	-0.018025637263926038
641.0	-0.01442419160269147
642.0	-0.014902367305906229
643.0	-0.015843792530373785
644.0	-0.016741918380140854
645.0	-0.016277727568133758
646.0	-0.014752231430585806
647.0	-0.015504457213427102
648.0	-0.013063623052318165
649.0	-0.014787798774089925
650.0	-0.013321469483958875
651.0	-0.0157337287471676
652.0	-0.011940461477205249
653.0	-0.013816588420752236
654.0	-0.01257495868069762
655.0	-0.012160857983833245
656.0	-0.010769428543727777
657.0	-0.010208486489183174
658.0	-0.008581330950164548
659.0	-0.009024208250090813
660.0	-0.00622494401673237
661.0	-0.010774336702661256
662.0	-0.006750117022611331
663.0	-0.008604325338592449
664.0	-0.011659755127244372
665.0	-0.0092413774741324
666.0	-0.007533876045723619
667.0	-0.010972949051831115
668.0	-0.008615015712159758
669.0	-0.009428896039411591
670.0	-0.0109496184881338
671.0	-0.008977681592803917
672.0	-0.009023939309875188
673.0	-0.01082583875393542
674.0	-0.007231116598089138
675.0	-0.012236228479235976
676.0	-0.008492311738823567
677.0	-0.012399945835440702
678.0	-0.00935204637282347
679.0	-0.008280185143823194
680.0	-0.012188827766248569
681.0	-0.005584731833659956
682.0	-0.008059788637195198
683.0	-0.008088766945418767
684.0	-0.008425211155048457
685.0	-0.007605346908001113
686.0	-0.0061240242008543146
687.0	-0.007905349718426335
688.0	-0.005886818930755608
689.0	-0.009798554365659502
690.0	-0.009489743763175566
691.0	-0.005823752450213469
692.0	-0.00611266147674802
693.0	-0.005979468835006199
694.0	-0.007073853807057228
695.0	-0.005103866728289884
696.0	-0.0042259113946876686
697.0	-0.006149640756383585
698.0	-0.005202366082228251
699.0	-0.005454632004396652
700.0	-0.003943658638487456
701.0	-0.004434541766886167
702.0	-0.004644046194785172
703.0	-0.006002732163649569
704.0	-0.006679923626357704
705.0	-0.002618388491402802
706.0	-0.0058191804665494035
707.0	-0.006162280946513591
708.0	-0.004599133178791401
709.0	-0.006033593053381889
710.0	-0.005266104913309219
711.0	-0.004187251238705033
712.0	-0.0053221117131936595
713.0	-0.004874326254333915
714.0	-0.0011522609064334316
715.0	-0.005520051711824691
716.0	-0.0063723232548436905
717.0	-0.005390489762992481
718.0	-0.005540760108420638
719.0	-0.004988827551096274
720.0	-0.004956016844801571
721.0	-0.0016210909371585376
722.0	-0.004202446360882618
723.0	-0.007408751610447739
724.0	-0.00512713005693341
725.0	-0.0031352243506001963
726.0	-0.0059081324428364385
727.0	-0.005458464402467943
728.0	-0.00550129313179144
729.0	-0.006761412511663681
730.0	-0.007559828776522459
731.0	-0.0066318505628314706
732.0	-0.00884314424998428
733.0	-0.005584462893444488
734.0	-0.0032563819176970508
735.0	-0.005349005734746798
736.0	-0.004513811895413978
737.0	-0.00459704889212097
738.0	-0.0055358519494871595
739.0	-0.004350229009317142
740.0	-0.0024832460330982842
741.0	-0.004056344588795166
742.0	-0.003440135319958896
743.0	-0.003122247985200776
744.0	-0.00647848740492464
745.0	-0.002639500298321952
746.0	-0.004478244551910015
747.0	-0.004479656488041618
748.0	-0.0037295149918705963
749.0	-0.004512399959282531
750.0	-0.005009065302315073
751.0	-0.005436142364578869
752.0	-0.005510302629011679
753.0	-0.003227739784743053
754.0	-0.006439020428295441
755.0	-0.004300475069443837
756.0	-0.007012602672969894
757.0	-0.0036835934500687386
758.0	-0.005644772736777368
759.0	-0.004267193717771829
760.0	-0.006936358121866811
761.0	-0.002989391518728369
762.0	-0.0051261887661789565
763.0	-0.006548411860962798
764.0	-0.005625341806205288
765.0	-0.005949818176243802
766.0	-0.004371475286344027
767.0	-0.00476406076596605
768.0	-0.005599792485729807
769.0	-0.005482669021865767
770.0	-0.0070866284672949685
771.0	-0.006206387141860799
772.0	-0.0056737510450009365
773.0	-0.0051042701386132434
774.0	-0.007066256245968435
775.0	-0.006315711339474211
776.0	-0.007395170129563279
777.0	-0.005287687365605518
778.0	-0.0067491084968030884
779.0	-0.004714575766308213
780.0	-0.006298566400734085
781.0	-0.005752012647720505
782.0	-0.0056636657869185095
783.0	-0.006802291424424481
784.0	-0.005569402241374637
785.0	-0.004716727288032433
786.0	-0.0025516240828971056
787.0	-0.00497780100225955
788.0	-0.005524489225381022
789.0	-0.006796845385059909
790.0	-0.004540840387075007
791.0	-0.004497406542266626
792.0	-0.0035986083419607294
793.0	-0.006253787854848205
794.0	-0.006351951033517158
795.0	-0.0030409608050564795
796.0	-0.003762392933219401
797.0	-0.0025650038586197293
798.0	-0.0008330288705976545
799.0	-0.0031352915856541416
800.0	-0.003947154861289489
801.0	-0.004768229339306755
802.0	-0.0008265070703710499
803.0	-0.003438992324042919
804.0	-3.777265327149476e-05
805.0	-0.001054568373141627
806.0	-0.0020392929723098306
807.0	-0.0020472939437218263
808.0	-0.000792418898052479
809.0	-0.00273154508708766
810.0	0.00034842549623165806
811.0	-0.002810277335184377
812.0	-0.0002188366533778698
813.0	-0.0020378138011244392
814.0	-0.0004698251095225597
815.0	-0.005288359716144346
816.0	-0.0017549559294393437
817.0	-0.001770218286670718
818.0	-0.003568218097605715
819.0	-0.0010965230467646161
820.0	-0.0013323163807317205
821.0	-0.0018535897534854454
822.0	-0.0018798786595535435
823.0	-0.002897145024800981
824.0	-0.0025194184920872857
825.0	-0.003466827636350354
826.0	-0.002433155917955565
827.0	4.05561845020191e-05
828.0	-0.0022206259126318307
829.0	-0.004875334780142158
830.0	-0.0024369210809729105
831.0	-0.00105342537722565
832.0	0.00031823695703816693
833.0	-0.0017792277838909567
834.0	-0.002821102178859578
835.0	-0.0057702333473228186
836.0	-0.003972233536387665
837.0	-0.0009608427080290045
838.0	-0.0009101474774014023
839.0	-0.003000955947996187
840.0	-0.002797771615162262
841.0	-0.0018342260579671547
842.0	-0.0009231238428006661
843.0	-0.000188311938915121
844.0	-0.0031381826929709786
845.0	-0.002345145232422828
846.0	-0.0008743784287356039
847.0	-0.0005936048437209391
848.0	-0.0017347181782205448
849.0	0.0027401780680061175
850.0	-0.0012555339491975433
851.0	0.0001603018154674278
852.0	-0.005058483066918963
853.0	-0.00026240496829398437
854.0	-0.002256529431405364
855.0	0.0019345004173279602
856.0	0.0002566496476815753
857.0	-0.0011884333654224332
858.0	-0.0009034912070669068
859.0	0.0013613215829767107
860.0	-0.0010431384139815436
861.0	-0.0006616467182503464
862.0	0.0027517424972739353
863.0	-0.0009697849701954542
864.0	0.0011837538056720556
865.0	0.002169486930648502
866.0	0.0027114686999980173
867.0	0.0007394645696141879
868.0	0.0006566309832305547
869.0	0.0015155587965838934
870.0	0.002418727275392175
871.0	-0.00015650975842850426
872.0	0.0017250632244828995
873.0	-0.0002097599211036858
874.0	-0.0006104808422454391
875.0	0.0018852171228318038
876.0	0.0010411482563866365
877.0	0.001629858388184729
878.0	0.002039521571492932
879.0	0.0025462721726079
880.0	0.0018992020140394669
881.0	4.667457440542057e-05
882.0	0.0023687716303571905
883.0	0.0006203912891877641
884.0	0.001431246039014869
885.0	-0.00027881032144149234
886.0	-0.0017663186535454818
887.0	-0.0002588415104381623
888.0	-0.0018501607657373576
889.0	0.0001433585818889823
890.0	-0.0021995141057126804
891.0	-0.0011881644252069645
892.0	-0.00013109490806075772
893.0	-0.0018607166691969328
894.0	-0.0010765542357614425
895.0	-0.0018693899911479137
896.0	5.447384065589315e-05
897.0	-0.0017197247612046392
898.0	-0.0023926804155181237
899.0	-0.0011282579921972874
900.0	-0.0021303964703210847
901.0	0.000482962839051136
902.0	4.707798472878025e-05
903.0	-0.000620297160112397
904.0	0.0024789698836712665
905.0	0.001412554694035407
906.0	-0.0018338898826977404
907.0	0.0026703880820756936
908.0	0.0025443223560453598
909.0	3.6791021484673734e-05
910.0	-0.0008979779326485449
911.0	0.002281433295363438
912.0	0.0016469360918710655
913.0	-0.00024216721707534208
914.0	-0.000281029078219501
915.0	0.0007782591957047144
916.0	-2.4460112602660238e-05
917.0	0.0005795796114809089
918.0	-0.0007519433956150379
919.0	-0.00058889838994914
920.0	0.0009722323261567208
921.0	0.0005207489393334199
922.0	0.0022064662102840664
923.0	0.00011928843259889265
924.0	-0.0006055726833121167
925.0	0.0003952210937340239
926.0	-0.0002989136025524002
927.0	0.0016543991828519673
928.0	0.0018165028977635681
929.0	-0.0004091118558663198
930.0	-0.0004196677593260516
931.0	-0.0019721923885347202
932.0	-0.00010830222479453603
933.0	0.0028373999559206165
934.0	0.0023514249864553852
935.0	-0.0004891888050408503
936.0	0.0025277152977363285
937.0	-0.0016682899449842632
938.0	0.00285582236068461
939.0	-0.002484590734175941
940.0	0.0007393300995064535
941.0	0.00019586915897138994
942.0	-0.0008711511461493525
943.0	0.0010945328891695523
944.0	0.0024760115413003272
945.0	0.00037773997972448436
946.0	6.899661229449363e-05
947.0	0.0007485413018883719
948.0	-4.760241814955485e-06
949.0	-0.0017942884359608078
950.0	0.0026086663026112108
951.0	-0.0005789476019744476
952.0	-0.001389667881693818
953.0	0.0010855233919493138
954.0	0.00204254714891766
955.0	-0.0021591730733829737
956.0	-0.0008861445631651016
957.0	-0.0024294579899920084
958.0	-0.0018545310442397425
959.0	-0.0004204745799726144
960.0	-0.001832881356889498
961.0	-0.0013512094308728623
962.0	-0.0021318084064526873
963.0	-0.0007524140409921865
964.0	-0.0009102819475091368
965.0	0.00010839635386990314
966.0	0.0005622329675791036
967.0	-0.0011480923330927264
968.0	-0.00242199489901095
969.0	-0.001653901643453397
970.0	-0.0031683712321644696
971.0	-0.00402003765969843
972.0	-0.0010072348952081672
973.0	-0.0013342661972942603
974.0	-0.0020001621709500464
975.0	-0.004033820845744413
976.0	-0.005438831766734184
977.0	-0.0006800018879603943
978.0	-0.002873074875511048
979.0	-0.0005684589335686613
980.0	-0.004785643218262349
981.0	-0.00103849919526369
982.0	-0.002343733296291382
983.0	-0.002303190558799995
984.0	-0.002380981516142415
985.0	-0.0003551221075985209
986.0	-0.0030811001322245063
987.0	-0.003430453472199829
988.0	-0.001931985826312748
989.0	-0.001904352219166993
990.0	0.0006663800660435672
991.0	0.0002458920390603202
992.0	-0.002997930370571459
993.0	-0.0009477991075757953
994.0	0.0011149051104960856
995.0	-0.0017409038031777353
996.0	-0.0026937589868053762
997.0	-0.0006963400060539568
998.0	-0.0025857122552156767
999.0	-0.0010283467021273177
1000.0	-0.0011893746561767303
1001.0	0.0004406719901588894
1002.0	-0.0003699810545065356
1003.0	0.0010527799207082434
1004.0	0.0006915932112496339
1005.0	0.0003213297695168404
1006.0	0.0017434856292467362
1007.0	-0.0006445690145641665
1008.0	-0.0004925505577349924
1009.0	-0.0014117882144212114
1010.0	-0.0011653045068867973
1011.0	0.0007522392298519283
1012.0	-0.0013110701037046789
1013.0	-0.002157962842413051
1014.0	-0.0014813764951899554
1015.0	-0.0012113605187965457
1016.0	-0.0027589769890717358
1017.0	-0.000991569127653433
1018.0	0.00023681530678613616
1019.0	-0.0011265098807962707
1020.0	-0.0016233769289904917
1021.0	0.0022181651096596184
1022.0	-0.001769075290754741
1023.0	-0.00019590950000391376
1024.0	-0.0005782752514356192
1025.0	-0.0005748462636875315
1026.0	0.0007049057519184684
1027.0	-0.0018541948689703282
1028.0	-0.0010679481488644071
1029.0	-0.002635331724981247
1030.0	0.0005347338305409263
1031.0	0.00021664479062128282
1032.0	0.002161889369559709
1033.0	0.00040012925266750285
1034.0	0.000630879957593394
1035.0	-0.0021855964495589627
1036.0	-0.00015435823670428454
1037.0	-0.0014088971071042177
1038.0	-0.0025702481928226223
1039.0	-0.0020219463284080253
1040.0	-0.002343195415860288
1041.0	-0.0030410952751642136
1042.0	-0.0003362290574573789
1043.0	-0.002846651499335059
1044.0	-0.0014751236351788195
1045.0	0.00048087855238086177
1046.0	-0.00013237237408462567
1047.0	-0.001769478701077944
1048.0	-0.000147096850884906
1049.0	-0.0001836054851433219
1050.0	-0.0009373776742239544
1051.0	0.0002770218690081085
1052.0	-0.0004926850278427268
1053.0	0.0018677360088222644
1054.0	-0.0014015684862310504
1055.0	0.0008986771772087949
1056.0	-0.0024022277931694566
1057.0	0.0011995540433345241
1058.0	0.0005603503860703527
1059.0	-0.0016175274793027155
1060.0	-0.0012358340784098386
1061.0	-0.000900263924480499
1062.0	-2.479628787207446e-05
1063.0	-0.0011505127950325715
1064.0	0.00010375713515189295
1065.0	-0.0009237289582857056
1066.0	0.002862276925857269
1067.0	-0.0033978444710666494
1068.0	-0.000698424292724231
1069.0	-0.00020485176217036337
1070.0	0.0006905174503876023
1071.0	-6.520455525557009e-05
1072.0	-0.0014406992875908345
1073.0	0.002539615902273561
1074.0	-0.001184332027135517
1075.0	-0.0002618670878628903
1076.0	-0.0023224870192643404
1077.0	0.00014887185630734422
1078.0	0.0007966143654146057
1079.0	-0.0025149809785309555
1080.0	0.0005614933819863298
1081.0	0.0002540947156339959
1082.0	0.0003538043005422856
1083.0	-0.0014392873514593888
1084.0	-0.002241401544281724
1085.0	-0.00014918113755533682
1086.0	0.00026417997371642256
1087.0	-0.0006503512291979972
1088.0	0.0004093404550494213
1089.0	-0.000492483322681047
1090.0	0.00201249307983206
1091.0	-0.00036433330998043926
1092.0	0.002880699330621262
1093.0	0.00033907982374184876
1094.0	-0.003773352247002336
1095.0	-0.0002074739292717317
1096.0	-0.0015418208086307266
1097.0	0.0003741765218688188
1098.0	0.0005627036129562522
1099.0	-0.0014503811353500581
1100.0	-0.002919803237959625
1101.0	-0.0015941296805514543
1102.0	0.00026108716123774913
1103.0	-0.0008423073080335183
1104.0	-0.0006650084709444886
1105.0	0.0002755426978225607
1106.0	0.0018987313686623182
1107.0	-0.0007315711742885047
1108.0	0.0006261062687678059
1109.0	-0.005079527638784325
1110.0	-0.000726931955570651
1111.0	-0.0008852032724108044
1112.0	-0.0008537372671936019
1113.0	-1.706425667554734e-05
1114.0	0.0014866477234142703
1115.0	-0.0005644248303356906
1116.0	-0.00027988608230352394
1117.0	-0.00012679186461231828
1118.0	-0.002387772256584645
1119.0	-0.001713875311516863
1120.0	-0.00020357429614649541
1121.0	0.0010810858783929834
1122.0	-0.000201019364098916
1123.0	-0.0019840929930719526
1124.0	0.0021875059250891352
1125.0	9.501657814712315e-05
1126.0	-0.002488624837408912
1127.0	-0.0004244414481516396
1128.0	0.000893163902790433
1129.0	0.0006920638566267825
1130.0	-0.00014669344056170288
1131.0	-1.565232054394499e-05
1132.0	0.0018776867967969565
1133.0	-0.0019101344338008236
1134.0	-0.00023288877963947824
1135.0	0.0007037627560024913
1136.0	-0.00354213089669914
1137.0	0.000866673291560655
1138.0	-9.714120584992123e-05
1139.0	0.00013495420015362673
1140.0	0.0013346965016390417
1141.0	-0.0005180998782104734
1142.0	0.002209491787708794
1143.0	-0.000933545276152507
1144.0	-0.0001697550640433933
1145.0	0.00045579987728252945
1146.0	0.0012532748513870108
1147.0	-0.001453810123097989
1148.0	-0.00011589978588332877
1149.0	-0.00012302670159481638
1150.0	0.001620781655910545
1151.0	0.0006826509490831843
1152.0	-0.00041839029330218363
1153.0	0.0022813660603094926
1154.0	-9.601165694488983e-06
1155.0	-0.0004155664210391355
1156.0	0.002748111804364168
1157.0	0.0030514763674836876
1158.0	5.615471700296426e-05
1159.0	-0.000526302554784149
1160.0	0.002618818795747583
1161.0	-0.00026717865711972893
1162.0	0.0009237558523071273
1163.0	-0.0023625591113785784
1164.0	0.0034752589121071313
1165.0	-0.00044447749420875864
1166.0	0.0023927745445933343
1167.0	0.0001081946487082233
1168.0	0.0003192454828464096
1169.0	-0.0007718449715642659
1170.0	0.0012327681599527433
1171.0	0.0011869810882584636
1172.0	0.0007551303371689219
1173.0	0.004783115180236348
1174.0	0.003578800895086712
1175.0	0.0015015066703224415
1176.0	0.0022391424464710346
1177.0	-0.0005753169090648366
1178.0	-0.0005304038930710652
1179.0	0.0007463225451103632
1180.0	0.0002446145730364522
1181.0	0.0018023835364481707
1182.0	0.0023808739400561023
1183.0	0.00012204506980815188
1184.0	-0.0005613320178571737
1185.0	-0.0027182997814726145
1186.0	-0.0022766999475702173
1187.0	-0.0008164218122886232
1188.0	-0.004287633174152151
1189.0	-0.005435133838770628
1190.0	-0.00787939698762765
1191.0	-0.006425707887626607
1192.0	-0.0057253203313290466
1193.0	-0.00460363792740152
1194.0	-0.002192857835378185
1195.0	-0.005646520848178385
1196.0	-0.006874098461971234
1197.0	-0.008038609595222101
1198.0	-0.006281959342425054
1199.0	-0.002350187861464041
1200.0	-0.0014844693076686288
1201.0	-0.001077226586300271
1202.0	-0.002073246674520667
1203.0	-0.0004934246134355008
1204.0	4.6271164082060884e-05
1205.0	0.000759231675455838
1206.0	0.0022644228267310468
1207.0	0.0040860221415789846
1208.0	0.002930386035440622
1209.0	0.002483003986904237
1210.0	0.001594627219950181
1211.0	0.004675068448646492
1212.0	0.0018288741476779487
1213.0	0.0007564078031927899
1214.0	-0.002016500289043609
1215.0	0.0012265825349953964
1216.0	0.0029028196633486556
1217.0	0.004270784069649073
1218.0	0.001712490269406839
1219.0	-0.0009131730548261304
1220.0	0.0027415227690837742
1221.0	0.004584839006335746
1222.0	0.0034340438240770725
1223.0	0.008143657643408651
1224.0	0.006225777731400511
1225.0	0.0024229630837868258
1226.0	0.005197417582262404
1227.0	0.001726340690506611
1228.0	0.0030420634599400893
1229.0	0.004284768960856579
1230.0	0.004905482978303125
1231.0	0.0034477597750691103
1232.0	0.0049323769998562625
1233.0	0.006336312159983845
1234.0	0.004989257855441055
1235.0	0.007760417836276437
1236.0	0.005963964431580621
1237.0	0.005850404425572559
1238.0	0.006239493682392549
1239.0	0.005324357363993246
1240.0	-0.0018863332247263593
1241.0	-0.0023349255042326668
1242.0	0.006078196788127667
1243.0	0.004259286875435044
1244.0	0.003976496238803737
1245.0	0.0023575433763587867
1246.0	-0.003448337996532572
1247.0	-0.004263966435185421
1248.0	0.0006803649572512301
1249.0	0.0011260661294405438
1250.0	0.004583561540312034
1251.0	-0.0028677633062542092
1252.0	-0.0017965744277927617
1253.0	-0.0015206417666576305
1254.0	-0.0022766327125162715
1255.0	-0.0027519845434679823
1256.0	-0.0031353588207079304
1257.0	-0.001934607993414273
1258.0	-0.00362630918416043
1259.0	-0.0031529071697714156
1260.0	-0.005796925663714276
1261.0	-0.003987361423511305
1262.0	-0.005633746187940644
1263.0	-0.005942960200747783
1264.0	-0.003897938801847122
1265.0	-0.001152866021918471
1266.0	-0.004523023097796053
1267.0	-0.0025744167661633276
1268.0	-0.007419038573691689
1269.0	-0.0031272233791882
1270.0	-0.0052067363607306355
1271.0	-0.0036123915280067125
1272.0	-0.0031426874415812545
1273.0	-0.0014296055037001652
1274.0	-0.0013920211085797177
1275.0	-0.0009960066412097635
1276.0	0.0006696745836839205
1277.0	0.0010357694520760088
1278.0	0.0016394057658360617
1279.0	-0.0017845393531477952
1280.0	-0.004823362083490688
1281.0	-0.004440794626897302
1282.0	-0.0015469979077796744
1283.0	-0.004523292038011521
1284.0	-0.004387275524006496
1285.0	-0.0015339543073263086
1286.0	-0.0029751376873050806
1287.0	-0.0020175760499056405
1288.0	-0.0016352775335278804
1289.0	-0.0021910424889233795
1290.0	-0.0023558356059902937
1291.0	-0.0024945415221506334
1292.0	0.0008086494400597287
1293.0	-0.0005855366372549977
1294.0	0.0024547652642734424
1295.0	0.0029398661780381656
1296.0	0.0013742307133221855
1297.0	-0.0006655463513755826
1298.0	9.972303191892228e-05
1299.0	0.000312723682619805
1300.0	0.0008715142154401884
1301.0	0.0002827368485881503
1302.0	5.286019936261095e-05
1303.0	0.0017877935297556248
1304.0	-1.9350248507501438e-05
1305.0	0.0012317596341445006
1306.0	-0.0024597137642392887
1307.0	0.0005737301617929761
1308.0	-0.0017185145302347168
1309.0	-0.0004441413189393444
1310.0	0.0007075279190198367
1311.0	-0.00045315081615958293
1312.0	0.002402658097514238
1313.0	0.0008192053435193041
1314.0	0.006300408641210469
1315.0	0.0009672569321692964
1316.0	0.00235424885871859
1317.0	0.004642728387728937
1318.0	0.004205566067382713
1319.0	0.0018171752483023965
1320.0	-0.0011774740516394982
1321.0	0.001783826661576443
1322.0	0.0005456259092700723
1323.0	0.00022202359493191036
1324.0	0.0027557093654529603
1325.0	0.0016962866214210108
1326.0	0.0021706971616184245
1327.0	0.0027337235028333014
1328.0	0.005261895998935989
1329.0	0.0020658104775611867
1330.0	0.004500122838443361
1331.0	0.003539401153511459
1332.0	0.002509292892972335
1333.0	0.002926015756938237
1334.0	0.006032208011271708
1335.0	0.003945366408856105
1336.0	0.0030691591866547504
1337.0	0.0008748759681343306
1338.0	0.004324101467378043
1339.0	0.0005698305286678964
1340.0	0.003107886577691331
1341.0	0.0016002077294224885
1342.0	0.0017181380139329352
1343.0	3.800125245459624e-05
1344.0	0.0005244468672969763
1345.0	0.003961973467165136
1346.0	0.001658433286084938
1347.0	0.0025499701005714565
1348.0	0.0018930836241360654
1349.0	0.0034060068066078014
1350.0	0.0005235055765425226
1351.0	0.0006664473010975126
1352.0	0.0017289628576081359
1353.0	0.0043420532267648875
1354.0	0.004595125969579852
1355.0	0.0009261763142469723
1356.0	0.0025616017648932197
1357.0	0.00047274311086097494
1358.0	-0.0011047929583922372
1359.0	0.0009195872789664223
1360.0	-0.0019335322325520848
1361.0	-7.1134687008550435e-06
1362.0	-0.0003098729163353352
1363.0	0.0002358067809778935
1364.0	0.0017824147254449972
1365.0	0.0002992094367894472
1366.0	0.0003944142730874611
1367.0	-0.001631646840618113
1368.0	-0.00037098958031477823
1369.0	0.0003135977383203133
1370.0	0.0009916632567288002
1371.0	0.0014286238719133442
1372.0	0.0022568925006961997
1373.0	0.0016424985783147351
1374.0	0.0023784534781164136
1375.0	0.0013714740761129262
1376.0	0.002865302503281997
1377.0	0.002998898555347178
1378.0	-2.5266933249223064e-05
1379.0	0.00025718752811266935
1380.0	-0.0005579702651630315
1381.0	0.0008638494192974501
1382.0	0.0004227874658259902
1383.0	-0.0004453515499092669
1384.0	0.0019846577675244684
1385.0	0.001285077031873471
1386.0	-0.0009009362750193274
1387.0	-0.0005847970516622238
1388.0	0.0007227902762513677
1389.0	-0.004188528704728901
1390.0	-0.0011872231344525106
1391.0	0.0008127507783464884
1392.0	0.0007945300787443315
1393.0	0.0017660093722974893
1394.0	-0.004167551367917328
1395.0	-0.001700630005901974
1396.0	-0.0015946675609825485
1397.0	-0.0021409523737806603
1398.0	0.000616289950900848
1399.0	-0.0033745811424231225
1400.0	-0.0006291721872249012
1401.0	0.0007437003780088383
1402.0	-0.001743189795009846
1403.0	-0.0005685261686226067
1404.0	0.00047469292742367136
1405.0	0.0006924000318961966
1406.0	0.0006526641150515295
1407.0	0.00197988407869888
1408.0	0.00019607086413306977
1409.0	9.952132675739897e-05
1410.0	-0.0017771434972206823
1411.0	-0.000993989589593278
1412.0	-0.0015341560124879884
1413.0	-0.00291079374073923
1414.0	0.0010710006203105567
1415.0	0.0009928062526447772
1416.0	0.0031829881328784373
1417.0	0.000794395608636597
1418.0	0.00033316313900028365
1419.0	0.0014809999788881738
1420.0	-0.0007513382801299983
1421.0	0.0002606165158606005
1422.0	-0.002774172111249321
1423.0	-0.004002892720958304
1424.0	-0.0016172585390872467
1425.0	0.0020951921961079585
1426.0	0.0012516612100937287
1427.0	0.0015889794754239282
1428.0	0.0018616176189188629
1429.0	0.004153458900623509
1430.0	0.005173481903080049
1431.0	0.00653754667625523
1432.0	0.001803257592148679
1433.0	0.003899982747485185
1434.0	0.004227484694948427
1435.0	0.006086197759539664
1436.0	0.003180433200830858
1437.0	0.00290295413345639
1438.0	0.003336418525839057
1439.0	0.0033378304619706596
1440.0	0.0029787280391823244
1441.0	0.002727470642822166
1442.0	0.00437957038683139
1443.0	0.00010806017860048892
1444.0	-0.000426458499768125
1445.0	0.0034620808415461875
1446.0	0.005324290128939301
1447.0	0.0054309921594513436
1448.0	0.004623566397372327
1449.0	0.005281192459400335
1450.0	0.0058419328087832584
1451.0	0.004382192553932915
1452.0	0.005028052481531425
1453.0	0.003965402454913068
1454.0	0.0063319418814814605
1455.0	0.003382205597533337
1456.0	-0.0016712482873552023
1457.0	-0.001240137121858278
1458.0	-0.0020803063551783655
1459.0	0.0014279515213745156
1460.0	0.0013176187979528618
1461.0	0.0011080471350000667
1462.0	0.002567720154796621
1463.0	0.004531588843660564
1464.0	-0.00037441856806286596
1465.0	0.001849985954597256
1466.0	0.0038182921570175292
1467.0	0.0035662279400106513
1468.0	0.003385231174958065
1469.0	0.004175780938512582
1470.0	0.0047615999629938375
1471.0	0.00652262049429327
1472.0	0.006304711684658908
1473.0	0.008373467057580245
1474.0	0.007745760594529946
1475.0	0.004254714891770979
1476.0	0.004544699679167719
1477.0	0.005335720088099384
1478.0	0.007438294693123667
1479.0	0.007252457004191547
1480.0	0.010313601772423513
1481.0	0.009708553522531858
1482.0	0.010453316214392095
1483.0	0.01069462282277756
1484.0	0.010136908050819366
1485.0	0.009329347818632615
1486.0	0.00863528035739998
1487.0	0.007690358910130545
1488.0	0.010738661783070824
1489.0	0.010460308659995848
1490.0	0.009965256958256589
1491.0	0.010125276386497758
1492.0	0.012071395021136693
1493.0	0.008969236870036036
1494.0	0.011723117442023558
1495.0	0.009199987574961927
1496.0	0.011434948001081625
1497.0	0.012908135266708693
1498.0	0.010197150659098457
1499.0	0.011701131579403744
1500.0	0.009950935891779512
1501.0	0.011046396624692728
1502.0	0.011078602215502548
1503.0	0.009504427898943478
1504.0	0.00985620170085849
1505.0	0.013109773193303281
1506.0	0.010700337802357603
1507.0	0.012550713720267429
1508.0	0.011014527209152166
1509.0	0.009624375235070566
1510.0	0.011152291834558209
1511.0	0.010892226646139334
1512.0	0.01366849649106972
1513.0	0.009282417751022358
1514.0	0.010547579759935812
1515.0	0.012245869985962676
1516.0	0.010772144839904511
1517.0	0.012842043208741825
1518.0	0.009824130580156404
1519.0	0.012747846898251898
1520.0	0.01184306477815049
1521.0	0.009881213140903034
1522.0	0.010638683257947066
1523.0	0.011931344403898697
1524.0	0.010255040040491648
1525.0	0.012337780304620492
1526.0	0.011071408064737116
1527.0	0.011215156609938668
1528.0	0.01289610019206357
1529.0	0.012036970673548551
1530.0	0.014710505356146075
1531.0	0.014233472648847292
1532.0	0.012140445421474343
1533.0	0.01226240980921776
1534.0	0.013241419428805922
1535.0	0.012567455248684195
1536.0	0.012998499179127173
1537.0	0.0103038526896105
1538.0	0.012191611297479095
1539.0	0.011724125967831801
1540.0	0.011551668054622306
1541.0	0.011393598442943674
1542.0	0.011174344932231657
1543.0	0.011571098985194385
1544.0	0.013061363954507634
1545.0	0.012488588530479744
1546.0	0.009555862715163855
1547.0	0.01046615810968378
1548.0	0.01196408787513961
1549.0	0.013315512458184785
1550.0	0.010313198362100309
1551.0	0.010653138794531877
1552.0	0.008940056856650945
1553.0	0.008960227372815798
1554.0	0.010226330672483549
1555.0	0.00807359871726276
1556.0	0.008977641251771392
1557.0	0.009201668451308999
1558.0	0.008309324816175917
1559.0	0.009014486061299221
1560.0	0.00860462117282934
1561.0	0.007900670158675956
1562.0	0.008776205030338484
1563.0	0.008197647391676607
1564.0	0.007593137022215889
1565.0	0.007081612732275176
1566.0	0.008382342084692749
1567.0	0.00997507327612339
1568.0	0.011162982208125519
1569.0	0.010266806174921147
1570.0	0.010783036918633502
1571.0	0.008285254666885828
1572.0	0.011614196654733351
1573.0	0.011335574591442748
1574.0	0.010589736138720324
1575.0	0.009356174605131806
1576.0	0.009252565387098437
1577.0	0.009950532481456153
1578.0	0.010043182385706744
1579.0	0.007898115226628534
1580.0	0.009471213782325415
1581.0	0.00988921411231503
1582.0	0.008188974069725626
1583.0	0.00810728347925797
1584.0	0.008549757368861032
1585.0	0.006380552825438788
1586.0	0.010101609647530872
1587.0	0.006847634744762877
1588.0	0.008051478384535208
1589.0	0.007730229297082947
1590.0	0.010094549966873173
1591.0	0.011233915189971919
1592.0	0.00976946848134962
1593.0	0.011243395332569463
1594.0	0.01116634396081966
1595.0	0.011623340622061324
1596.0	0.009034656577464075
1597.0	0.009079636828511636
1598.0	0.011661126722343452
1599.0	0.010766026450001267
1600.0	0.013352088327496991
1601.0	0.011277886915211238
1602.0	0.011456395983270189
1603.0	0.011580780832953452
1604.0	0.01157311603681087
1605.0	0.011933832100892331
1606.0	0.010809527529863435
1607.0	0.011099176141990762
1608.0	0.01311084895416547
1609.0	0.010800988678020346
1610.0	0.013294266181157744
1611.0	0.010863718983292915
1612.0	0.00986104262473818
1613.0	0.010951393493556238
1614.0	0.014574018196763901
1615.0	0.01274482132082717
1616.0	0.011290997750718392
1617.0	0.013185547099029216
1618.0	0.010460039719780378
1619.0	0.014985967371904057
1620.0	0.011508099739706191
1621.0	0.010436238510705916
1622.0	0.011673229032042364
1623.0	0.012108643240987727
1624.0	0.01304159684866614
1625.0	0.013444603761639848
1626.0	0.012066150686933801
1627.0	0.010942182291174319
1628.0	0.01277783373228371
1629.0	0.013493954291189792
1630.0	0.01705761385214223
1631.0	0.013010668723880032
1632.0	0.012154295842574115
1633.0	0.015145381684660345
1634.0	0.01158784051361115
1635.0	0.013117908634823169
1636.0	0.010723063250570035
1637.0	0.014586322211624493
1638.0	0.012815888772781305
1639.0	0.013184000692789879
1640.0	0.012498203143184864
1641.0	0.012042416712913125
1642.0	0.011780939588362805
1643.0	0.014166573770233863
1644.0	0.014180222486172112
1645.0	0.014699075396985992
1646.0	0.01345004980100442
1647.0	0.012995473601702445
1648.0	0.01239432498493587
1649.0	0.013839676938255505
1650.0	0.011769913039525924
1651.0	0.013863343677222233
1652.0	0.013133036521946808
1653.0	0.015377544325717682
1654.0	0.011001416373645012
1655.0	0.013590638298673354
1656.0	0.011856579023981005
1657.0	0.01231720637813228
1658.0	0.01646547473259605
1659.0	0.01439248355128022
1660.0	0.014384953225245373
1661.0	0.012315525501785208
1662.0	0.014549410167042717
1663.0	0.012051157269917895
1664.0	0.015875823310043505
1665.0	0.015892161428137066
1666.0	0.014415276234546442
1667.0	0.014891098710875302
1668.0	0.01442468914209004
1669.0	0.01510396489146845
1670.0	0.014937692603216144
1671.0	0.012679267143291397
1672.0	0.01639326428472594
1673.0	0.014427849189622503
1674.0	0.014473300086047369
1675.0	0.014749299982236445
1676.0	0.016002157976289306
1677.0	0.017119066691391245
1678.0	0.012558445751463957
1679.0	0.01639649156731219
1680.0	0.01647892174337262
1681.0	0.014387239217077328
1682.0	0.017500894562391858
1683.0	0.014556402612646627
1684.0	0.014631033522456585
1685.0	0.015744916660133636
1686.0	0.016032010340213385
1687.0	0.013277659122848713
1688.0	0.015593637788897238
1689.0	0.013466387919097825
1690.0	0.013817556605527954
1691.0	0.013164905937487214
1692.0	0.015707668440282447
1693.0	0.013223333199311344
1694.0	0.014170338933251208
1695.0	0.0122907157669025
1696.0	0.01382636439758667
1697.0	0.014125560387365328
1698.0	0.010668468386817197
1699.0	0.014977630225222648
1700.0	0.01258305378118514
1701.0	0.012691234982882575
1702.0	0.015520149875003258
1703.0	0.013034133757685081
1704.0	0.015937276149292363
1705.0	0.012845203256274288
1706.0	0.014178205434555627
1707.0	0.013938915877786489
1708.0	0.014314221948560496
1709.0	0.01707959971476189
1710.0	0.01564157638231574
1711.0	0.0166712812325315
1712.0	0.015507845860142665
1713.0	0.015135968777116746
1714.0	0.017829942916094434
1715.0	0.018957138594440325
1716.0	0.01808825999311245
1717.0	0.016808037332129145
1718.0	0.018533087109601255
1719.0	0.01380229424829658
1720.0	0.018077098974167833
1721.0	0.020018443919981026
1722.0	0.0178345148997585
1723.0	0.019244702919897376
1724.0	0.018661102652194284
1725.0	0.01961691617819271
1726.0	0.01767019242806889
1727.0	0.01914472439477346
1728.0	0.01933002420327464
1729.0	0.018176875794129913
1730.0	0.01878017593262071
1731.0	0.01705868961300442
1732.0	0.01934279886351238
1733.0	0.017176418192353188
1734.0	0.019249409373669174
1735.0	0.018776209064441683
1736.0	0.018923453832445113
1737.0	0.016864985422767882
1738.0	0.017572298189615407
1739.0	0.01689161050410555
1740.0	0.019221708531469317
1741.0	0.020365309562962713
1742.0	0.018071518464695527
1743.0	0.01883288821486495
1744.0	0.016726145036499808
1745.0	0.017603696959778665
1746.0	0.01775121066799772
1747.0	0.015876092250258975
1748.0	0.01652813780281483
1749.0	0.01671713553927957
1750.0	0.016020647616107088
1751.0	0.01534150633683657
1752.0	0.015883353636078353
1753.0	0.015695162720260333
1754.0	0.016158412241513133
1755.0	0.015068464783018277
1756.0	0.016748063664065678
1757.0	0.015295383089872877
1758.0	0.016756938691178183
1759.0	0.013801218487434392
1760.0	0.01624817103844673
1761.0	0.015327924855952267
1762.0	0.015914954111403288
1763.0	0.017785971190855118
1764.0	0.01487018860911783
1765.0	0.017263823762400883
1766.0	0.015743571959055982
1767.0	0.01749316253119533
1768.0	0.015621002455827523
1769.0	0.01799446709294588
1770.0	0.01806842565221701
1771.0	0.015346078320500636
1772.0	0.015644870899955934
1773.0	0.015230770203091557
1774.0	0.01617743976176201
1775.0	0.013307847662042203
1776.0	0.0163808930348114
1777.0	0.016782017366276516
1778.0	0.014258618558999415
1779.0	0.015463537959633934
1780.0	0.017337984026833692
1781.0	0.016970746162525627
1782.0	0.018207602213754497
1783.0	0.018457447673983055
1784.0	0.01885178126500594
1785.0	0.018933471855473595
1786.0	0.01762104360368047
1787.0	0.019858222786578332
1788.0	0.018825963004314987
1789.0	0.016803935993842226
1790.0	0.019573347863276594
1791.0	0.01743009605065319
1792.0	0.017792896401405082
1793.0	0.01693598563966823
1794.0	0.018425779963604328
1795.0	0.018956667949063175
1796.0	0.01820202170428219
1797.0	0.016802524057710783
1798.0	0.018440437205350664
1799.0	0.01504083117587252
1800.0	0.017676983168510962
1801.0	0.018173782981651395
1802.0	0.01967736049163348
1803.0	0.016180868749509938
1804.0	0.01940889092147925
1805.0	0.017017676230135885
1806.0	0.017621379778949883
1807.0	0.01878353768531485
1808.0	0.017866720490568477
1809.0	0.017412278761374238
1810.0	0.018194827553516757
1811.0	0.01641841019487806
1812.0	0.01762332959551258
1813.0	0.019198243497664268
1814.0	0.015569433169499413
1815.0	0.017100778756734988
1816.0	0.0181032534101282
1817.0	0.018658077074769557
1818.0	0.017281909991895463
1819.0	0.016921193927814004
1820.0	0.016732330661456997
1821.0	0.01799769437553213
1822.0	0.01731290535173536
1823.0	0.018091083865375498
1824.0	0.01739916792586708
1825.0	0.01727155579359741
1826.0	0.019406067049216203
1827.0	0.016996362718055054
1828.0	0.018673204961893196
1829.0	0.018306303272854388
1830.0	0.019522450927487313
1831.0	0.018211569081933523
1832.0	0.016869355701270267
1833.0	0.01794787320060504
1834.0	0.018392229671716696
1835.0	0.015674050913341026
1836.0	0.016910570789300482
1837.0	0.018028689735372187
1838.0	0.013942412100588365
1839.0	0.017246342648391345
1840.0	0.014045214497975328
1841.0	0.01822030963893829
1842.0	0.017172115148904748
1843.0	0.016875608561281404
1844.0	0.01661292120576116
1845.0	0.017571962014345993
1846.0	0.015513157429399503
1847.0	0.018472373855945013
1848.0	0.019182779435271212
1849.0	0.016981167595877467
1850.0	0.015769322984693142
1851.0	0.016519128305594592
1852.0	0.016270762016551272
1853.0	0.01682874572872509
1854.0	0.016870834872455658
1855.0	0.018711260002390793
1856.0	0.018589833495078468
1857.0	0.017135740984754066
1858.0	0.018115893600258205
1859.0	0.01856811657267428
1860.0	0.019319535534868856
1861.0	0.017825707107699942
1862.0	0.02020643313063752
1863.0	0.01941937958988488
1864.0	0.019829446183516442
1865.0	0.01932625904025714
1866.0	0.018890105245719158
1867.0	0.019110232812131686
1868.0	0.020695164737311856
1869.0	0.020433216967384385
1870.0	0.01840043234829037
1871.0	0.019004606542481674
1872.0	0.018733716510387757
1873.0	0.019063302744521428
1874.0	0.0196846218774527
1875.0	0.019640381211997914
1876.0	0.018699964513338444
1877.0	0.01907157265614905
1878.0	0.019211556038333102
1879.0	0.02056761984009613
1880.0	0.019365927722048017
1881.0	0.01902726475564016
1882.0	0.019734779227649366
1883.0	0.019394099209625024
1884.0	0.018723967427574744
1885.0	0.021642372176413398
1886.0	0.02221245819828613
1887.0	0.017479043169879933
1888.0	0.01813041637189696
1889.0	0.018689543079986604
1890.0	0.021569153202735045
1891.0	0.020193591235345833
1892.0	0.022703811972061835
1893.0	0.019628144432191113
1894.0	0.022162771493466616
1895.0	0.01869041713568711
1896.0	0.022363199189091437
1897.0	0.01630545530435488
1898.0	0.020247177573290587
1899.0	0.017019424341536745
1900.0	0.019437331349271725
1901.0	0.022367031587162727
1902.0	0.019598695478590552
1903.0	0.019137328538846348
1904.0	0.01859070755077882
1905.0	0.022436149222554325
1906.0	0.021113770182786505
1907.0	0.018627619595360596
1908.0	0.018752071680097647
1909.0	0.021205209856067175
1910.0	0.021572514955429185
1911.0	0.021810123635851095
1912.0	0.01964414637501526
1913.0	0.020661816150586057
1914.0	0.02124360107183434
1915.0	0.019792937549258028
1916.0	0.01865969071606268
1917.0	0.01823637881681623
1918.0	0.019981800815614875
1919.0	0.01995073822072103
1920.0	0.019604813868493796
1921.0	0.01939100639714635
1922.0	0.017117587520205698
1923.0	0.019342126512973554
1924.0	0.01892130231072089
1925.0	0.018951490849914227
1926.0	0.01820672815805399
1927.0	0.017583190268344397
1928.0	0.019563060900032642
1929.0	0.019341050752111365
1930.0	0.020136239734383894
1931.0	0.015473085337285267
1932.0	0.019369961825280987
1933.0	0.01907775828110624
1934.0	0.021035508580066937
1935.0	0.018200004652665705
1936.0	0.017323931900572243
1937.0	0.01639897926430598
1938.0	0.01950476810831609
1939.0	0.020955835041215766
1940.0	0.0172293994148129
1941.0	0.017193563131093312
1942.0	0.01708215464680947
1943.0	0.020894113261751286
1944.0	0.018792614417589035
1945.0	0.018853731081568632
1946.0	0.019218279543721385
1947.0	0.01780083013776329
1948.0	0.017432919922916238
1949.0	0.0175268472931907
1950.0	0.017833842549219672
1951.0	0.01834267743700507
1952.0	0.018324120562133343
1953.0	0.018049801542291338
1954.0	0.019322762817455263
1955.0	0.018459128550330127
1956.0	0.01672426245499106
1957.0	0.01729434847686379
1958.0	0.01629463046067968
1959.0	0.015076398519376484
1960.0	0.017426398122689635
1961.0	0.017541840710206445
1962.0	0.015335925827364264
1963.0	0.015428979141938057
1964.0	0.02016938661594801
1965.0	0.016210721113434017
1966.0	0.017503718434654904
1967.0	0.01736911385678148
1968.0	0.018621030560080045
1969.0	0.017919701713028032
1970.0	0.01673528900382794
1971.0	0.017548160805271527
1972.0	0.01725091463205541
1973.0	0.018517085166777105
1974.0	0.020249329095014805
1975.0	0.016820139641828057
1976.0	0.01799090363509006
1977.0	0.02034446669625903
1978.0	0.019297482437195406
1979.0	0.019590156626747304
1980.0	0.019783591876768373
1981.0	0.02118248440785474
1982.0	0.020812288201175894
1983.0	0.018887550313671578
1984.0	0.020599690960798216
1985.0	0.02228029836765386
1986.0	0.020207172716230293
1987.0	0.020616096313945724
1988.0	0.01843768056814156
1989.0	0.0204433694605206
1990.0	0.021002159993340985
1991.0	0.01972126498181885
1992.0	0.022173932512411232
1993.0	0.02187756039489562
1994.0	0.022698096992481792
1995.0	0.020848460660164738
1996.0	0.021470250438473316
1997.0	0.02253962397047996
1998.0	0.021523904011471858
1999.0	0.021176366017951496
2000.0	0.02002920152860228
2001.0	0.02182303276619657
2002.0	0.022391236206560552
2003.0	0.01767167159925428
2004.0	0.01993493798305856
2005.0	0.020304125663929324
2006.0	0.020319186315999018
2007.0	0.022075096983203448
2008.0	0.02126135112605935
2009.0	0.021717406496546715
2010.0	0.0199294247086402
2011.0	0.021885225191038204
2012.0	0.02065112577701859
2013.0	0.02092322604008259
2014.0	0.02229219897219109
2015.0	0.018155293341833613
2016.0	0.020592698515194463
2017.0	0.019522316457379577
2018.0	0.02196066292149488
2019.0	0.02051517649806751
2020.0	0.022734202216417004
2021.0	0.019353825412349108
2022.0	0.02300435266291815
2023.0	0.022143138857732857
2024.0	0.01999081031283527
2025.0	0.021294027362246476
2026.0	0.021047073009334755
2027.0	0.01974977264466527
2028.0	0.019751453521012343
2029.0	0.02019628063750115
2030.0	0.02160095538322166
2031.0	0.021632421388438707
2032.0	0.020578780859040743
2033.0	0.020422593828870864
2034.0	0.01979260137398861
2035.0	0.020295654047140024
2036.0	0.0177842230794541
2037.0	0.020248118864044883
2038.0	0.016992059674606458
2039.0	0.019252166010878275
2040.0	0.023076832051003887
2041.0	0.019712658894921974
2042.0	0.020401549257005505
2043.0	0.02311589561730988
2044.0	0.020387833306013466
2045.0	0.01964818047824823
2046.0	0.021562698637562227
2047.0	0.01994650241232638
2048.0	0.01977068274642274
2049.0	0.021762790157917638
2050.0	0.022878421406995707
2051.0	0.019444727205198836
2052.0	0.021798559206583277
2053.0	0.019131210148943104
2054.0	0.021214958938880188
2055.0	0.020412777511003906
2056.0	0.022642224662705244
2057.0	0.022383033529986877
2058.0	0.021575338827692234
2059.0	0.021650776558148753
2060.0	0.023243104339256193
2061.0	0.0224457638352596
2062.0	0.022381621593855275
2063.0	0.022012837323307874
2064.0	0.022801168330084224
2065.0	0.026158954156047423
2066.0	0.021373297490774285
2067.0	0.023591180213207646
2068.0	0.02344770060822172
2069.0	0.022687742794183896
2070.0	0.023901940632254124
2071.0	0.02534278783696348
2072.0	0.02451519155871961
2073.0	0.021826394518890714
2074.0	0.023516818243613315
2075.0	0.022961792873810435
2076.0	0.023202628836818753
2077.0	0.025059190379685767
2078.0	0.023270805181455894
2079.0	0.02634324543874021
2080.0	0.02255152457501719
2081.0	0.024380855921061657
2082.0	0.022931738804724676
2083.0	0.026081768314189888
2084.0	0.022634290926347035
2085.0	0.019958066841594357
2086.0	0.021713439628367536
2087.0	0.020781830721766936
2088.0	0.02066524513833399
2089.0	0.02514457889811698
2090.0	0.0212749998419976
2091.0	0.01712242844408539
2092.0	0.017840498819554167
2093.0	0.02065650458132922
2094.0	0.014166439300126128
2095.0	0.01806997205845619
2096.0	0.019727181666560574
2097.0	0.01960326746225446
2098.0	0.021683183854120255
2099.0	0.023390550812421303
2100.0	0.02155819388895211
2101.0	0.023101103905455656
2102.0	0.02255918937115993
2103.0	0.02243769562879366
2104.0	0.022587226388629044
2105.0	0.02345435687855606
2106.0	0.023422420227961708
2107.0	0.023338107470392683
2108.0	0.023774664675254024
2109.0	0.021281992287601352
2110.0	0.02432605935214714
2111.0	0.023234968897736307
2112.0	0.022165595365729665
2113.0	0.023061300753557043
2114.0	0.022683910396112606
2115.0	0.022874656243978206
2116.0	0.02489190956562522
2117.0	0.0235657653628399
2118.0	0.02236535071081566
2119.0	0.023621032577131724
2120.0	0.02286773103342824
2121.0	0.0224899372656606
2122.0	0.022910021882320643
2123.0	0.02165911370483032
2124.0	0.020961012140364714
2125.0	0.025795683159918384
2126.0	0.020817801475594255
2127.0	0.023133780141642624
2128.0	0.020710628799704908
2129.0	0.022381756063963008
2130.0	0.02240495215755259
2131.0	0.022428349956303852
2132.0	0.02475232959376437
2133.0	0.022486172102643098
2134.0	0.023541695213549967
2135.0	0.023168675134607915
2136.0	0.021502590499391027
2137.0	0.023285260718040705
2138.0	0.024290290303481496
2139.0	0.020686558650414976
2140.0	0.021744367753153644
2141.0	0.02301988396036515
2142.0	0.021222959910292185
2143.0	0.020692004689779393
2144.0	0.02430488031017404
2145.0	0.024380855921061657
2146.0	0.023268183014354526
2147.0	0.0206726409942611
2148.0	0.023996674823175145
2149.0	0.025165018354497304
2150.0	0.025054147750644556
2151.0	0.02338080172960829
2152.0	0.0241408267786999
2153.0	0.026128967322015615
2154.0	0.027365218257759446
2155.0	0.021653331490196333
2156.0	0.025004797221094454
2157.0	0.021799231557122108
2158.0	0.025674996238198678
2159.0	0.02458276278787187
2160.0	0.023604828929145897
2161.0	0.0219233474665899
2162.0	0.02547893882107624
2163.0	0.023628899078435985
2164.0	0.02508904274360969
2165.0	0.01948130307451104
2166.0	0.02281575833677677
2167.0	0.0235765902065151
2168.0	0.02345818927662735
2169.0	0.024133699862988415
2170.0	0.022387336573435317
2171.0	0.02240508662766048
2172.0	0.023007445475396824
2173.0	0.021140462499177965
2174.0	0.02489130445014018
2175.0	0.021258661723904036
2176.0	0.021180601826345992
2177.0	0.022575258549037868
2178.0	0.02136085900580596
2179.0	0.022162569788304935
2180.0	0.02315253872167603
2181.0	0.022660041951984195
2182.0	0.022210844556992848
2183.0	0.021908824694951142
2184.0	0.021846968445378926
2185.0	0.019973463668933465
2186.0	0.02473404165910827
2187.0	0.0189437588187177
2188.0	0.02051873995592333
2189.0	0.02169858068145952
2190.0	0.020056700665640456
2191.0	0.01899216805751335
2192.0	0.02126518352413064
2193.0	0.02111713193548065
2194.0	0.023909202018073502
2195.0	0.019523661158457235
2196.0	0.024637895532055802
2197.0	0.023062309279365287
2198.0	0.019439819046265357
2199.0	0.018799674098246733
2200.0	0.01959977123945258
2201.0	0.020934185353865365
2202.0	0.022211920317855037
2203.0	0.02047342352960636
2204.0	0.019957260020947637
2205.0	0.022105285522396784
2206.0	0.023884392283190795
2207.0	0.023636496639524777
2208.0	0.024223256954760332
2209.0	0.02169837897629784
2210.0	0.023276520161035937
2211.0	0.02276802144851995
2212.0	0.02274052231148193
2213.0	0.024000103810923077
2214.0	0.024356651301663833
2215.0	0.023880425415011612
2216.0	0.023252248306584324
2217.0	0.023044223049870707
2218.0	0.023453348352747816
2219.0	0.0214769739438616
2220.0	0.025173691676448128
2221.0	0.02390469726946338
2222.0	0.024325521471716044
2223.0	0.023466526423308917
2224.0	0.023379927673907782
2225.0	0.021467292096102535
2226.0	0.022018081657510766
2227.0	0.02339317297952267
2228.0	0.022996351691506153
2229.0	0.02286410034051863
2230.0	0.024618464601483724
2231.0	0.023035953138243085
2232.0	0.023696470307588244
2233.0	0.02297678629082618
2234.0	0.024677631448900627
2235.0	0.02617744379586521
2236.0	0.02571695091182151
2237.0	0.02505616480226104
2238.0	0.02622860967186996
2239.0	0.027033547736955498
2240.0	0.02579238864227819
2241.0	0.025669482963780316
2242.0	0.02692039114127064
2243.0	0.02698917260139282
2244.0	0.024953160699712398
2245.0	0.024421802068876404
2246.0	0.025088975508555742
2247.0	0.023357605636018706
2248.0	0.018976435054904824
2249.0	0.012828327257749631
2250.0	-0.002367400035258112
2251.0	0.0036317148824926357
2252.0	0.009623433944316114
2253.0	0.013295879822451026
2254.0	0.01710272857329768
2255.0	0.01988209123070674
2256.0	0.0213205852085302
2257.0	0.01908609542778765
2258.0	0.020935731760104704
2259.0	0.01578236658514635
2260.0	0.015405110697809648
2261.0	0.013791469404621379
2262.0	0.014658465424440659
2263.0	0.014230917716799714
2264.0	0.017129958770120236
2265.0	0.015089038709506489
2266.0	0.01556849187874496
2267.0	0.011745439479912632
2268.0	0.012867861469432775
2269.0	0.013305965080533453
2270.0	0.014598357286269459
2271.0	0.01628293156130413
2272.0	0.013278533178549221
2273.0	0.012781800600462735
2274.0	0.01604021301678706
2275.0	0.017819050837365447
2276.0	0.017920508533674752
2277.0	0.018796446815660325
2278.0	0.02036006522875982
2279.0	0.016563637911265004
2280.0	0.014403442865063155
2281.0	0.011515630065741038
2282.0	0.016153235142364185
2283.0	0.016863640721690224
2284.0	0.012278546222149644
2285.0	0.010634312979444682
2286.0	0.010225254911621517
2287.0	0.014125224212095914
2288.0	0.017305576730862193
2289.0	0.018405407742277797
2290.0	0.020068063389746593
2291.0	0.017674966116894477
2292.0	0.01479226318166752
2293.0	0.01585545108871697
2294.0	0.013275978246501641
2295.0	0.013063918886555214
2296.0	0.011741001966356301
2297.0	0.006174208445072401
2298.0	0.008345497275164919
2299.0	0.009193465774735322
2300.0	0.008059815531216775
2301.0	0.002229057188388608
2302.0	0.0030958515030463647
2303.0	0.005976739091818361
2304.0	0.0077071676736012555
2305.0	0.012867189118893948
2306.0	0.012134058091355473
2307.0	0.012277403226233666
2308.0	0.013153610448434865
2309.0	0.01683856204659189
2310.0	0.018446084949876915
2311.0	0.018585059806252725
2312.0	0.01851822816269324
2313.0	0.019510684793057814
2314.0	0.019778750952888682
2315.0	0.019964924817090373
2316.0	0.01795150389351465
2317.0	0.017422498489564398
2318.0	0.013862267916360046
2319.0	0.01853570927670278
2320.0	0.017633011443271646
2321.0	0.0045850407114974255
2322.0	-0.0011659096223716804
2323.0	0.004443578158127983
2324.0	0.014305548626609672
2325.0	0.018308051384255404
2326.0	0.018978653811682834
2327.0	0.01450100092824707
2328.0	0.012389954706433486
2329.0	0.01242263094262061
2330.0	0.011841451136857365
2331.0	0.014239523803696748
2332.0	0.015585300642215671
2333.0	0.015717350288041672
2334.0	0.01765103043771228
2335.0	0.014155748926558662
2336.0	0.01435731961809946
2337.0	0.01415857279882171
2338.0	0.014954299661525176
2339.0	0.0137443376318496
2340.0	0.012770505111410386
2341.0	0.014154000815157802
2342.0	0.015027451400149742
2343.0	0.017147439884129773
2344.0	0.017628708399823206
2345.0	0.012921313337269638
2346.0	0.01572044310052019
2347.0	0.016387818245361365
2348.0	0.018567780397404865



