0.000000	52.488432
1.000000	52.448635
2.000000	52.508794
3.000000	52.564967
4.000000	52.438507
5.000000	52.506479
6.000000	52.413761
7.000000	52.423160
8.000000	52.502718
9.000000	52.349017
10.000000	52.351442
11.000000	52.378729
12.000000	52.249118
13.000000	52.293006
14.000000	52.544211
15.000000	52.288908
16.000000	52.313869
17.000000	52.312399
18.000000	52.467654
19.000000	52.431402
20.000000	52.349740
21.000000	52.427554
22.000000	52.265417
23.000000	52.454330
24.000000	52.399253
25.000000	52.458048
26.000000	52.391070
27.000000	52.308854
28.000000	52.434884
29.000000	52.388779
30.000000	52.358874
31.000000	52.419576
32.000000	52.358363
33.000000	52.410019
34.000000	52.460740
35.000000	52.196176
36.000000	52.290843
37.000000	52.322358
38.000000	52.470142
39.000000	52.315504
40.000000	52.320029
41.000000	52.448734
42.000000	52.298025
43.000000	52.386178
44.000000	52.286371
45.000000	52.295078
46.000000	52.275654
47.000000	52.319236
48.000000	52.351932
49.000000	52.213976
50.000000	52.332990
51.000000	52.263411
52.000000	52.343464
53.000000	52.203471
54.000000	52.332433
55.000000	52.251912
56.000000	52.399489
57.000000	52.357119
58.000000	52.417944
59.000000	52.297549
60.000000	52.341222
61.000000	52.227364
62.000000	52.327958
63.000000	52.229154
64.000000	52.323634
65.000000	52.302909
66.000000	52.282001
67.000000	52.343421
68.000000	52.298627
69.000000	52.462403
70.000000	52.315158
71.000000	52.446242
72.000000	52.298624
73.000000	52.327003
74.000000	52.354857
75.000000	52.228093
76.000000	52.268673
77.000000	52.311423
78.000000	52.367949
79.000000	52.387623
80.000000	52.250933
81.000000	52.178440
82.000000	52.261138
83.000000	52.318580
84.000000	52.149356
85.000000	52.245749
86.000000	52.326675
87.000000	52.408376
88.000000	52.171980
89.000000	52.312128
90.000000	52.196779
91.000000	52.188652
92.000000	52.414071
93.000000	52.408919
94.000000	52.296104
95.000000	52.308065
96.000000	52.392571
97.000000	52.325163
98.000000	52.203668
99.000000	52.215587
100.000000	52.237193
101.000000	52.254066
102.000000	52.400317
103.000000	52.269001
104.000000	52.285215
105.000000	52.325727
106.000000	52.271978
107.000000	52.234091
108.000000	52.229595
109.000000	52.163438
110.000000	52.195165
111.000000	52.274762
112.000000	52.264349
113.000000	52.244935
114.000000	52.253051
115.000000	52.207369
116.000000	52.284552
117.000000	52.241129
118.000000	52.203985
119.000000	52.284968
120.000000	52.169041
121.000000	52.112981
122.000000	52.194816
123.000000	52.125131
124.000000	52.216602
125.000000	52.088985
126.000000	52.124814
127.000000	52.147294
128.000000	52.086638
129.000000	52.066389
130.000000	52.065357
131.000000	52.019879
132.000000	51.996585
133.000000	51.985467
134.000000	52.024136
135.000000	52.064395
136.000000	51.942378
137.000000	51.902860
138.000000	51.862453
139.000000	51.984882
140.000000	52.021422
141.000000	52.077173
142.000000	52.070745
143.000000	51.978743
144.000000	52.083453
145.000000	51.959910
146.000000	52.013381
147.000000	52.053907
148.000000	51.927972
149.000000	51.960693
150.000000	51.878050
151.000000	51.879971
152.000000	52.011661
153.000000	52.013560
154.000000	52.056776
155.000000	51.958673
156.000000	51.918411
157.000000	51.896206
158.000000	51.914373
159.000000	51.824196
160.000000	52.028587
161.000000	51.901221
162.000000	51.991035
163.000000	51.851546
164.000000	51.792543
165.000000	51.906687
166.000000	51.938607
167.000000	51.813201
168.000000	51.925618
169.000000	51.890071
170.000000	51.927535
171.000000	52.043250
172.000000	51.950621
173.000000	52.133325
174.000000	51.909936
175.000000	52.035339
176.000000	51.995221
177.000000	52.078329
178.000000	52.077649
179.000000	52.017920
180.000000	52.015936
181.000000	52.012514
182.000000	51.977605
183.000000	51.948401
184.000000	51.984170
185.000000	51.903540
186.000000	51.796416
187.000000	51.792680
188.000000	51.711099
189.000000	51.767857
190.000000	52.134372
191.000000	52.029799
192.000000	51.996123
193.000000	52.035346
194.000000	51.765186
195.000000	51.759988
196.000000	51.832837
197.000000	51.969675
198.000000	51.974990
199.000000	51.932419
200.000000	51.945839
201.000000	51.934333
202.000000	52.073733
203.000000	51.936683
204.000000	52.070653
205.000000	51.936888
206.000000	51.944105
207.000000	52.002509
208.000000	52.123895
209.000000	52.094937
210.000000	52.036044
211.000000	52.115021
212.000000	52.105718
213.000000	52.053040
214.000000	52.107127
215.000000	51.988007
216.000000	52.064740
217.000000	52.100484
218.000000	52.069734
219.000000	52.081747
220.000000	52.039533
221.000000	52.075517
222.000000	52.014688
223.000000	52.093732
224.000000	52.078480
225.000000	52.156961
226.000000	52.088693
227.000000	52.115123
228.000000	52.040382
229.000000	52.084876
230.000000	52.209927
231.000000	52.012514
232.000000	52.021225
233.000000	52.042144
234.000000	52.074738
235.000000	52.230021
236.000000	52.118150
237.000000	52.123334
238.000000	52.210459
239.000000	52.076627
240.000000	52.162800
241.000000	52.081620
242.000000	52.185682
243.000000	52.140095
244.000000	52.169503
245.000000	52.161958
246.000000	51.994442
247.000000	52.155886
248.000000	52.104467
249.000000	52.220661
250.000000	52.071094
251.000000	52.072084
252.000000	52.024132
253.000000	52.044561
254.000000	52.190168
255.000000	52.145014
256.000000	51.987468
257.000000	51.895540
258.000000	52.122989
259.000000	52.118112
260.000000	51.982450
261.000000	51.962948
262.000000	52.007672
263.000000	51.989590
264.000000	52.016002
265.000000	51.994823
266.000000	52.125938
267.000000	52.080443
268.000000	52.085669
269.000000	51.945197
270.000000	52.033323
271.000000	52.135358
272.000000	51.905161
273.000000	52.063750
274.000000	52.105161
275.000000	52.048374
276.000000	52.041076
277.000000	51.880006
278.000000	52.052695
279.000000	51.921167
280.000000	52.030356
281.000000	52.021172
282.000000	51.970472
283.000000	52.088104
284.000000	51.866967
285.000000	51.993117
286.000000	51.999950
287.000000	51.740655
288.000000	51.949712
289.000000	51.920674
290.000000	52.051757
291.000000	52.022501
292.000000	51.891639
293.000000	51.926492
294.000000	51.904872
295.000000	51.963357
296.000000	52.007108
297.000000	51.884277
298.000000	51.983313
299.000000	51.917086
300.000000	52.007228
301.000000	52.046084
302.000000	51.894864
303.000000	51.993716
304.000000	51.984452
305.000000	52.071189
306.000000	52.034261
307.000000	51.949388
308.000000	52.054140
309.000000	51.983574
310.000000	52.081102
311.000000	52.074480
312.000000	52.002703
313.000000	52.071319
314.000000	52.064807
315.000000	51.998210
316.000000	52.241922
317.000000	52.067239
318.000000	52.114514
319.000000	51.985555
320.000000	52.089123
321.000000	52.124275
322.000000	52.052103
323.000000	52.051116
324.000000	51.913432
325.000000	51.997050
326.000000	52.000708
327.000000	51.998079
328.000000	51.964862
329.000000	51.849696
330.000000	52.049481
331.000000	51.961634
332.000000	52.130516
333.000000	51.977802
334.000000	52.030130
335.000000	52.036791
336.000000	52.002671
337.000000	51.940281
338.000000	52.051786
339.000000	52.117907
340.000000	51.846817
341.000000	52.012471
342.000000	52.061008
343.000000	52.011263
344.000000	52.049435
345.000000	52.089584
346.000000	52.104361
347.000000	52.039349
348.000000	52.010794
349.000000	51.906088
350.000000	51.979483
351.000000	52.011326
352.000000	52.039716
353.000000	51.931753
354.000000	51.989953
355.000000	51.984913
356.000000	52.051345
357.000000	51.984913
358.000000	52.049999
359.000000	52.068060
360.000000	52.025764
361.000000	52.109717
362.000000	52.056656
363.000000	52.008408
364.000000	52.057784
365.000000	51.889933
366.000000	52.034271
367.000000	51.981798
368.000000	51.986816
369.000000	52.128500
370.000000	52.000190
371.000000	51.895022
372.000000	52.215622
373.000000	51.934012
374.000000	52.018772
375.000000	51.876380
376.000000	52.026064
377.000000	51.963540
378.000000	51.963794
379.000000	51.876313
380.000000	51.776329
381.000000	51.807569
382.000000	51.909767
383.000000	51.948626
384.000000	51.974813
385.000000	51.984688
386.000000	52.058576
387.000000	51.876803
388.000000	52.074875
389.000000	51.918052
390.000000	51.924374
391.000000	51.964086
392.000000	51.772798
393.000000	51.911025
394.000000	51.884239
395.000000	51.945797
396.000000	51.986940
397.000000	51.990266
398.000000	51.864356
399.000000	51.902261
400.000000	51.836805
401.000000	51.933187
402.000000	51.921044
403.000000	51.902306
404.000000	51.907501
405.000000	51.878438
406.000000	51.946769
407.000000	51.986200
408.000000	51.914355
409.000000	51.917608
410.000000	51.891040
411.000000	51.948880
412.000000	51.863200
413.000000	51.886727
414.000000	51.877642
415.000000	51.958723
416.000000	51.818783
417.000000	51.905629
418.000000	51.879298
419.000000	51.898603
420.000000	51.761479
421.000000	51.849752
422.000000	51.885729
423.000000	52.046478
424.000000	51.829542
425.000000	52.073550
426.000000	52.036033
427.000000	51.829267
428.000000	52.053079
429.000000	52.019276
430.000000	51.848656
431.000000	51.954261
432.000000	51.925635
433.000000	51.886649
434.000000	51.854686
435.000000	51.940584
436.000000	51.962099
437.000000	51.935468
438.000000	51.888013
439.000000	51.853992
440.000000	51.668461
441.000000	51.805804
442.000000	51.791789
443.000000	51.824901
444.000000	51.807591
445.000000	51.818036
446.000000	51.936902
447.000000	51.671834
448.000000	51.811351
449.000000	51.881691
450.000000	51.722210
451.000000	51.797667
452.000000	51.728634
453.000000	51.858178
454.000000	51.891829
455.000000	51.855796
456.000000	51.702631
457.000000	51.747960
458.000000	51.806237
459.000000	51.633566
460.000000	51.558645
461.000000	51.611932
462.000000	51.597671
463.000000	51.466139
464.000000	51.518443
465.000000	51.417240
466.000000	51.395235
467.000000	51.193794
468.000000	51.384399
469.000000	51.227727
470.000000	51.163248
471.000000	51.299019
472.000000	51.247606
473.000000	51.282036
474.000000	51.180124
475.000000	51.123803
476.000000	51.283372
477.000000	51.161507
478.000000	51.228513
479.000000	51.099819
480.000000	51.256032
481.000000	51.287823
482.000000	51.371765
483.000000	51.310919
484.000000	51.518528
485.000000	51.334315
486.000000	51.559199
487.000000	51.524695
488.000000	51.523373
489.000000	51.594918
490.000000	51.461361
491.000000	51.352475
492.000000	51.333885
493.000000	51.534742
494.000000	51.366240
495.000000	51.500181
496.000000	51.522245
497.000000	51.346723
498.000000	51.198492
499.000000	51.387609
500.000000	51.359509
501.000000	51.183352
502.000000	51.201018
503.000000	51.415347
504.000000	51.299593
505.000000	51.371653
506.000000	51.307466
507.000000	51.348218
508.000000	51.251381
509.000000	51.465730
510.000000	51.305253
511.000000	51.225930
512.000000	51.346480
513.000000	51.339714
514.000000	51.280524
515.000000	51.309464
516.000000	51.347153
517.000000	51.330287
518.000000	51.317872
519.000000	51.450996
520.000000	51.322866
521.000000	51.353423
522.000000	51.335306
523.000000	51.395923
524.000000	51.363674
525.000000	51.354839
526.000000	51.278752
527.000000	51.308005
528.000000	51.235427
529.000000	51.447000
530.000000	51.209783
531.000000	51.301172
532.000000	51.342484
533.000000	51.359868
534.000000	51.306609
535.000000	51.334368
536.000000	51.443525
537.000000	51.482737
538.000000	51.298631
539.000000	51.390415
540.000000	51.394104
541.000000	51.371261
542.000000	51.403605
543.000000	51.272067
544.000000	51.263073
545.000000	51.291981
546.000000	51.399898
547.000000	51.291759
548.000000	51.312752
549.000000	51.349367
550.000000	51.258192
551.000000	51.307212
552.000000	51.394901
553.000000	51.284965
554.000000	51.391951
555.000000	51.379367
556.000000	51.386891
557.000000	51.295572
558.000000	51.414452
559.000000	51.312995
560.000000	51.369580
561.000000	51.400708
562.000000	51.491671
563.000000	51.240801
564.000000	51.222314
565.000000	51.399626
566.000000	51.359685
567.000000	51.280419
568.000000	51.304153
569.000000	51.268275
570.000000	51.267425
571.000000	51.269579
572.000000	51.149751
573.000000	51.380494
574.000000	51.441235
575.000000	51.301101
576.000000	51.444290
577.000000	51.201452
578.000000	51.462094
579.000000	51.475252
580.000000	51.337254
581.000000	51.340081
582.000000	51.424087
583.000000	51.379635
584.000000	51.293923
585.000000	51.417173
586.000000	51.362909
587.000000	51.220108
588.000000	51.377421
589.000000	51.296368
590.000000	51.351499
591.000000	51.412563
592.000000	51.358885
593.000000	51.441767
594.000000	51.303431
595.000000	51.267954
596.000000	51.379081
597.000000	51.311568
598.000000	51.211393
599.000000	51.348521
600.000000	51.204285
601.000000	51.313717
602.000000	51.309950
603.000000	51.201582
604.000000	51.269332
605.000000	51.329745
606.000000	51.304801
607.000000	51.313337
608.000000	51.341945
609.000000	51.293627
610.000000	51.291674
611.000000	51.292238
612.000000	51.304738
613.000000	51.401924
614.000000	51.349218
615.000000	51.318489
616.000000	51.511124
617.000000	51.496249
618.000000	51.612309
619.000000	51.468211
620.000000	51.529692
621.000000	51.554434
622.000000	51.554099
623.000000	51.652617
624.000000	51.517668
625.000000	51.528701
626.000000	51.676620
627.000000	51.608109
628.000000	51.657910
629.000000	51.743273
630.000000	51.539094
631.000000	51.776738
632.000000	51.667147
633.000000	51.581460
634.000000	51.708364
635.000000	51.597766
636.000000	51.645922
637.000000	51.612715
638.000000	51.755128
639.000000	51.666756
640.000000	51.468969
641.000000	51.657734
642.000000	51.632671
643.000000	51.583328
644.000000	51.536253
645.000000	51.560583
646.000000	51.640540
647.000000	51.601113
648.000000	51.729047
649.000000	51.638676
650.000000	51.715532
651.000000	51.589097
652.000000	51.787916
653.000000	51.689581
654.000000	51.754660
655.000000	51.776364
656.000000	51.849294
657.000000	51.878695
658.000000	51.963981
659.000000	51.940768
660.000000	52.087488
661.000000	51.849037
662.000000	52.059961
663.000000	51.962775
664.000000	51.802629
665.000000	51.929385
666.000000	52.018882
667.000000	51.838627
668.000000	51.962215
669.000000	51.919556
670.000000	51.839850
671.000000	51.943206
672.000000	51.940782
673.000000	51.846337
674.000000	52.034750
675.000000	51.772414
676.000000	51.968646
677.000000	51.763833
678.000000	51.923584
679.000000	51.979765
680.000000	51.774898
681.000000	52.121044
682.000000	51.991317
683.000000	51.989798
684.000000	51.972163
685.000000	52.015136
686.000000	52.092777
687.000000	51.999411
688.000000	52.105210
689.000000	51.900181
690.000000	51.916367
691.000000	52.108516
692.000000	52.093373
693.000000	52.100354
694.000000	52.042993
695.000000	52.146248
696.000000	52.192264
697.000000	52.091435
698.000000	52.141085
699.000000	52.127863
700.000000	52.207058
701.000000	52.181329
702.000000	52.170348
703.000000	52.099135
704.000000	52.063640
705.000000	52.276521
706.000000	52.108755
707.000000	52.090772
708.000000	52.172703
709.000000	52.097517
710.000000	52.137744
711.000000	52.194291
712.000000	52.134809
713.000000	52.158279
714.000000	52.353366
715.000000	52.124434
716.000000	52.079763
717.000000	52.131225
718.000000	52.123348
719.000000	52.152277
720.000000	52.153997
721.000000	52.328793
722.000000	52.193494
723.000000	52.025440
724.000000	52.145028
725.000000	52.249431
726.000000	52.104093
727.000000	52.127662
728.000000	52.125417
729.000000	52.059369
730.000000	52.017521
731.000000	52.066160
732.000000	51.950258
733.000000	52.121058
734.000000	52.243081
735.000000	52.133399
736.000000	52.177175
737.000000	52.172812
738.000000	52.123606
739.000000	52.185749
740.000000	52.283604
741.000000	52.201152
742.000000	52.233450
743.000000	52.250112
744.000000	52.074199
745.000000	52.275414
746.000000	52.179039
747.000000	52.178965
748.000000	52.218282
749.000000	52.177249
750.000000	52.151216
751.000000	52.128832
752.000000	52.124945
753.000000	52.244582
754.000000	52.076267
755.000000	52.188356
756.000000	52.046204
757.000000	52.220689
758.000000	52.117897
759.000000	52.190101
760.000000	52.050200
761.000000	52.257075
762.000000	52.145078
763.000000	52.070534
764.000000	52.118915
765.000000	52.101908
766.000000	52.184635
767.000000	52.164058
768.000000	52.120254
769.000000	52.126393
770.000000	52.042324
771.000000	52.088460
772.000000	52.116378
773.000000	52.146226
774.000000	52.043391
775.000000	52.082730
776.000000	52.026152
777.000000	52.136613
778.000000	52.060014
779.000000	52.166652
780.000000	52.083629
781.000000	52.112276
782.000000	52.116906
783.000000	52.057227
784.000000	52.121847
785.000000	52.166539
786.000000	52.280020
787.000000	52.152855
788.000000	52.124201
789.000000	52.057512
790.000000	52.175758
791.000000	52.178034
792.000000	52.225144
793.000000	52.085976
794.000000	52.080831
795.000000	52.254372
796.000000	52.216559
797.000000	52.279319
798.000000	52.370098
799.000000	52.249428
800.000000	52.206875
801.000000	52.163840
802.000000	52.370440
803.000000	52.233510
804.000000	52.411781
805.000000	52.358487
806.000000	52.306873
807.000000	52.306454
808.000000	52.372227
809.000000	52.270590
810.000000	52.432023
811.000000	52.266463
812.000000	52.402290
813.000000	52.306951
814.000000	52.389135
815.000000	52.136578
816.000000	52.321777
817.000000	52.320977
818.000000	52.226737
819.000000	52.356288
820.000000	52.343929
821.000000	52.316607
822.000000	52.315229
823.000000	52.261910
824.000000	52.281708
825.000000	52.232051
826.000000	52.286230
827.000000	52.415886
828.000000	52.297369
829.000000	52.158226
830.000000	52.286032
831.000000	52.358546
832.000000	52.430440
833.000000	52.320504
834.000000	52.265896
835.000000	52.111321
836.000000	52.205561
837.000000	52.363399
838.000000	52.366056
839.000000	52.256469
840.000000	52.267119
841.000000	52.317622
842.000000	52.365376
843.000000	52.403890
844.000000	52.249276
845.000000	52.290843
846.000000	52.367931
847.000000	52.382647
848.000000	52.322837
849.000000	52.557383
850.000000	52.347953
851.000000	52.422162
852.000000	52.148626
853.000000	52.400007
854.000000	52.295487
855.000000	52.515155
856.000000	52.427212
857.000000	52.351470
858.000000	52.366405
859.000000	52.485112
860.000000	52.359086
861.000000	52.379081
862.000000	52.557990
863.000000	52.362930
864.000000	52.475805
865.000000	52.527471
866.000000	52.555879
867.000000	52.452519
868.000000	52.448177
869.000000	52.493197
870.000000	52.540535
871.000000	52.405557
872.000000	52.504177
873.000000	52.402766
874.000000	52.381763
875.000000	52.512572
876.000000	52.468331
877.000000	52.499187
878.000000	52.520659
879.000000	52.547220
880.000000	52.513305
881.000000	52.416207
882.000000	52.537917
883.000000	52.446277
884.000000	52.488777
885.000000	52.399147
886.000000	52.321181
887.000000	52.400194
888.000000	52.316787
889.000000	52.421274
890.000000	52.298476
891.000000	52.351484
892.000000	52.406889
893.000000	52.316233
894.000000	52.357334
895.000000	52.315779
896.000000	52.416616
897.000000	52.323623
898.000000	52.288351
899.000000	52.354624
900.000000	52.302098
901.000000	52.439074
902.000000	52.416228
903.000000	52.381248
904.000000	52.543693
905.000000	52.487798
906.000000	52.317639
907.000000	52.553725
908.000000	52.547118
909.000000	52.415689
910.000000	52.366694
911.000000	52.533339
912.000000	52.500083
913.000000	52.401068
914.000000	52.399031
915.000000	52.454552
916.000000	52.412478
917.000000	52.444138
918.000000	52.374348
919.000000	52.382894
920.000000	52.464719
921.000000	52.441055
922.000000	52.529410
923.000000	52.420013
924.000000	52.382020
925.000000	52.434475
926.000000	52.398093
927.000000	52.500474
928.000000	52.508970
929.000000	52.392317
930.000000	52.391764
931.000000	52.310390
932.000000	52.408084
933.000000	52.562479
934.000000	52.537007
935.000000	52.388120
936.000000	52.546247
937.000000	52.326319
938.000000	52.563445
939.000000	52.283534
940.000000	52.452511
941.000000	52.424027
942.000000	52.368100
943.000000	52.471129
944.000000	52.543537
945.000000	52.433559
946.000000	52.417377
947.000000	52.452994
948.000000	52.413511
949.000000	52.319715
950.000000	52.550490
951.000000	52.383416
952.000000	52.340923
953.000000	52.470657
954.000000	52.520818
955.000000	52.300590
956.000000	52.367314
957.000000	52.286423
958.000000	52.316557
959.000000	52.391722
960.000000	52.317692
961.000000	52.342938
962.000000	52.302024
963.000000	52.374324
964.000000	52.366049
965.000000	52.419442
966.000000	52.443229
967.000000	52.353585
968.000000	52.286815
969.000000	52.327073
970.000000	52.247694
971.000000	52.203055
972.000000	52.360967
973.000000	52.343826
974.000000	52.308924
975.000000	52.202333
976.000000	52.128691
977.000000	52.378119
978.000000	52.263172
979.000000	52.383965
980.000000	52.162927
981.000000	52.359329
982.000000	52.290917
983.000000	52.293042
984.000000	52.288964
985.000000	52.395147
986.000000	52.252268
987.000000	52.233957
988.000000	52.312498
989.000000	52.313946
990.000000	52.448688
991.000000	52.426649
992.000000	52.256628
993.000000	52.364083
994.000000	52.472197
995.000000	52.322513
996.000000	52.272570
997.000000	52.377263
998.000000	52.278233
999.000000	52.359861
1000.000000	52.351421
1001.000000	52.436858
1002.000000	52.394368
1003.000000	52.468941
1004.000000	52.450009
1005.000000	52.430602
1006.000000	52.505143
1007.000000	52.379976
1008.000000	52.387944
1009.000000	52.339763
1010.000000	52.352682
1011.000000	52.453188
1012.000000	52.345042
1013.000000	52.300653
1014.000000	52.336116
1015.000000	52.350268
1016.000000	52.269152
1017.000000	52.361789
1018.000000	52.426173
1019.000000	52.354716
1020.000000	52.328673
1021.000000	52.530023
1022.000000	52.321037
1023.000000	52.403492
1024.000000	52.383451
1025.000000	52.383631
1026.000000	52.450707
1027.000000	52.316575
1028.000000	52.357785
1029.000000	52.275633
1030.000000	52.441788
1031.000000	52.425116
1032.000000	52.527073
1033.000000	52.434733
1034.000000	52.446827
1035.000000	52.299205
1036.000000	52.405670
1037.000000	52.339915
1038.000000	52.279044
1039.000000	52.307783
1040.000000	52.290945
1041.000000	52.254365
1042.000000	52.396137
1043.000000	52.264557
1044.000000	52.336444
1045.000000	52.438965
1046.000000	52.406822
1047.000000	52.321015
1048.000000	52.406050
1049.000000	52.404137
1050.000000	52.364629
1051.000000	52.428280
1052.000000	52.387937
1053.000000	52.511655
1054.000000	52.340299
1055.000000	52.460863
1056.000000	52.287851
1057.000000	52.476634
1058.000000	52.443130
1059.000000	52.328980
1060.000000	52.348986
1061.000000	52.366574
1062.000000	52.412461
1063.000000	52.353458
1064.000000	52.419199
1065.000000	52.365344
1066.000000	52.563783
1067.000000	52.235667
1068.000000	52.377153
1069.000000	52.403023
1070.000000	52.449953
1071.000000	52.410343
1072.000000	52.338248
1073.000000	52.546871
1074.000000	52.351685
1075.000000	52.400035
1076.000000	52.292030
1077.000000	52.421563
1078.000000	52.455514
1079.000000	52.281941
1080.000000	52.443190
1081.000000	52.427078
1082.000000	52.432305
1083.000000	52.338322
1084.000000	52.296280
1085.000000	52.405941
1086.000000	52.427607
1087.000000	52.379673
1088.000000	52.435215
1089.000000	52.387947
1090.000000	52.519243
1091.000000	52.394664
1092.000000	52.564749
1093.000000	52.431533
1094.000000	52.215985
1095.000000	52.402886
1096.000000	52.332948
1097.000000	52.433372
1098.000000	52.443254
1099.000000	52.337740
1100.000000	52.260723
1101.000000	52.330206
1102.000000	52.427445
1103.000000	52.369612
1104.000000	52.378905
1105.000000	52.428203
1106.000000	52.513280
1107.000000	52.375416
1108.000000	52.446577
1109.000000	52.147523
1110.000000	52.375659
1111.000000	52.367364
1112.000000	52.369013
1113.000000	52.412866
1114.000000	52.491681
1115.000000	52.384177
1116.000000	52.399091
1117.000000	52.407115
1118.000000	52.288608
1119.000000	52.323930
1120.000000	52.403090
1121.000000	52.470424
1122.000000	52.403224
1123.000000	52.309767
1124.000000	52.528416
1125.000000	52.418741
1126.000000	52.283322
1127.000000	52.391514
1128.000000	52.460574
1129.000000	52.450034
1130.000000	52.406072
1131.000000	52.412940
1132.000000	52.512177
1133.000000	52.313643
1134.000000	52.401554
1135.000000	52.450647
1136.000000	52.228104
1137.000000	52.459186
1138.000000	52.408669
1139.000000	52.420834
1140.000000	52.483717
1141.000000	52.386605
1142.000000	52.529568
1143.000000	52.364830
1144.000000	52.404863
1145.000000	52.437651
1146.000000	52.479449
1147.000000	52.337561
1148.000000	52.407686
1149.000000	52.407312
1150.000000	52.498712
1151.000000	52.449541
1152.000000	52.391831
1153.000000	52.533335
1154.000000	52.413257
1155.000000	52.391979
1156.000000	52.557799
1157.000000	52.573700
1158.000000	52.416704
1159.000000	52.386175
1160.000000	52.551023
1161.000000	52.399757
1162.000000	52.462178
1163.000000	52.289930
1164.000000	52.595912
1165.000000	52.390464
1166.000000	52.539175
1167.000000	52.419431
1168.000000	52.430493
1169.000000	52.373305
1170.000000	52.478374
1171.000000	52.475975
1172.000000	52.453340
1173.000000	52.664461
1174.000000	52.601339
1175.000000	52.492460
1176.000000	52.531122
1177.000000	52.383606
1178.000000	52.385960
1179.000000	52.452878
1180.000000	52.426582
1181.000000	52.508230
1182.000000	52.538551
1183.000000	52.420157
1184.000000	52.384339
1185.000000	52.271284
1186.000000	52.294430
1187.000000	52.370969
1188.000000	52.189029
1189.000000	52.128885
1190.000000	52.000772
1191.000000	52.076965
1192.000000	52.113675
1193.000000	52.172466
1194.000000	52.298824
1195.000000	52.117805
1196.000000	52.053463
1197.000000	51.992427
1198.000000	52.084499
1199.000000	52.290578
1200.000000	52.335954
1201.000000	52.357299
1202.000000	52.305094
1203.000000	52.387898
1204.000000	52.416186
1205.000000	52.453555
1206.000000	52.532447
1207.000000	52.627924
1208.000000	52.567353
1209.000000	52.543904
1210.000000	52.497341
1211.000000	52.658798
1212.000000	52.509619
1213.000000	52.453407
1214.000000	52.308068
1215.000000	52.478050
1216.000000	52.565908
1217.000000	52.637608
1218.000000	52.503518
1219.000000	52.365898
1220.000000	52.557454
1221.000000	52.654069
1222.000000	52.593752
1223.000000	52.840600
1224.000000	52.740077
1225.000000	52.540757
1226.000000	52.686177
1227.000000	52.504244
1228.000000	52.573206
1229.000000	52.638341
1230.000000	52.670875
1231.000000	52.594470
1232.000000	52.672285
1233.000000	52.745870
1234.000000	52.675266
1235.000000	52.820513
1236.000000	52.726354
1237.000000	52.720402
1238.000000	52.740796
1239.000000	52.692830
1240.000000	52.314891
1241.000000	52.291378
1242.000000	52.732342
1243.000000	52.637006
1244.000000	52.622184
1245.000000	52.537328
1246.000000	52.233020
1247.000000	52.190270
1248.000000	52.449421
1249.000000	52.472782
1250.000000	52.654002
1251.000000	52.263450
1252.000000	52.319595
1253.000000	52.334058
1254.000000	52.294434
1255.000000	52.269519
1256.000000	52.249424
1257.000000	52.312360
1258.000000	52.223692
1259.000000	52.248505
1260.000000	52.109922
1261.000000	52.204768
1262.000000	52.118475
1263.000000	52.102268
1264.000000	52.209455
1265.000000	52.353334
1266.000000	52.176692
1267.000000	52.278826
1268.000000	52.024901
1269.000000	52.249851
1270.000000	52.140856
1271.000000	52.224421
1272.000000	52.249040
1273.000000	52.338829
1274.000000	52.340799
1275.000000	52.361556
1276.000000	52.448861
1277.000000	52.468049
1278.000000	52.499688
1279.000000	52.320226
1280.000000	52.160950
1281.000000	52.181002
1282.000000	52.332676
1283.000000	52.176678
1284.000000	52.183807
1285.000000	52.333360
1286.000000	52.257822
1287.000000	52.308012
1288.000000	52.328049
1289.000000	52.298920
1290.000000	52.290282
1291.000000	52.283012
1292.000000	52.456145
1293.000000	52.383070
1294.000000	52.542424
1295.000000	52.567850
1296.000000	52.485789
1297.000000	52.378877
1298.000000	52.418987
1299.000000	52.430151
1300.000000	52.459440
1301.000000	52.428580
1302.000000	52.416531
1303.000000	52.507465
1304.000000	52.412746
1305.000000	52.478322
1306.000000	52.284838
1307.000000	52.443832
1308.000000	52.323687
1309.000000	52.390481
1310.000000	52.450845
1311.000000	52.390009
1312.000000	52.539693
1313.000000	52.456698
1314.000000	52.743989
1315.000000	52.464458
1316.000000	52.537155
1317.000000	52.657103
1318.000000	52.634190
1319.000000	52.509005
1320.000000	52.352045
1321.000000	52.507257
1322.000000	52.442359
1323.000000	52.425397
1324.000000	52.558197
1325.000000	52.502669
1326.000000	52.527535
1327.000000	52.557045
1328.000000	52.689556
1329.000000	52.522037
1330.000000	52.649629
1331.000000	52.599274
1332.000000	52.545282
1333.000000	52.567124
1334.000000	52.729931
1335.000000	52.620552
1336.000000	52.574627
1337.000000	52.459616
1338.000000	52.640403
1339.000000	52.443627
1340.000000	52.576656
1341.000000	52.497633
1342.000000	52.503814
1343.000000	52.415752
1344.000000	52.441249
1345.000000	52.621422
1346.000000	52.500685
1347.000000	52.547414
1348.000000	52.512984
1349.000000	52.592282
1350.000000	52.441199
1351.000000	52.448691
1352.000000	52.504382
1353.000000	52.641344
1354.000000	52.654608
1355.000000	52.462305
1356.000000	52.548024
1357.000000	52.438539
1358.000000	52.355854
1359.000000	52.461959
1360.000000	52.312417
1361.000000	52.413388
1362.000000	52.397519
1363.000000	52.426120
1364.000000	52.507183
1365.000000	52.429443
1366.000000	52.434433
1367.000000	52.328240
1368.000000	52.394315
1369.000000	52.430197
1370.000000	52.465737
1371.000000	52.488640
1372.000000	52.532053
1373.000000	52.499850
1374.000000	52.538424
1375.000000	52.485645
1376.000000	52.563942
1377.000000	52.570944
1378.000000	52.412436
1379.000000	52.427241
1380.000000	52.384515
1381.000000	52.459038
1382.000000	52.435920
1383.000000	52.390418
1384.000000	52.517784
1385.000000	52.481116
1386.000000	52.366539
1387.000000	52.383109
1388.000000	52.451645
1389.000000	52.194224
1390.000000	52.351534
1391.000000	52.456360
1392.000000	52.455405
1393.000000	52.506324
1394.000000	52.195323
1395.000000	52.324624
1396.000000	52.330178
1397.000000	52.301545
1398.000000	52.446062
1399.000000	52.236886
1400.000000	52.380783
1401.000000	52.452741
1402.000000	52.322393
1403.000000	52.383962
1404.000000	52.438641
1405.000000	52.450052
1406.000000	52.447969
1407.000000	52.517534
1408.000000	52.424037
1409.000000	52.418977
1410.000000	52.320614
1411.000000	52.361662
1412.000000	52.333350
1413.000000	52.261195
1414.000000	52.469896
1415.000000	52.465797
1416.000000	52.580593
1417.000000	52.455398
1418.000000	52.431223
1419.000000	52.491385
1420.000000	52.374380
1421.000000	52.427420
1422.000000	52.268356
1423.000000	52.203954
1424.000000	52.328994
1425.000000	52.523577
1426.000000	52.479365
1427.000000	52.497045
1428.000000	52.511335
1429.000000	52.631459
1430.000000	52.684922
1431.000000	52.756418
1432.000000	52.508276
1433.000000	52.618173
1434.000000	52.635339
1435.000000	52.732761
1436.000000	52.580459
1437.000000	52.565915
1438.000000	52.588635
1439.000000	52.588709
1440.000000	52.569887
1441.000000	52.556717
1442.000000	52.643310
1443.000000	52.419424
1444.000000	52.391408
1445.000000	52.595221
1446.000000	52.692826
1447.000000	52.698419
1448.000000	52.656099
1449.000000	52.690568
1450.000000	52.719958
1451.000000	52.643448
1452.000000	52.677300
1453.000000	52.621602
1454.000000	52.745641
1455.000000	52.591035
1456.000000	52.326164
1457.000000	52.348760
1458.000000	52.304724
1459.000000	52.488605
1460.000000	52.482822
1461.000000	52.471837
1462.000000	52.548344
1463.000000	52.651278
1464.000000	52.394136
1465.000000	52.510725
1466.000000	52.613891
1467.000000	52.600680
1468.000000	52.591193
1469.000000	52.632629
1470.000000	52.663334
1471.000000	52.755635
1472.000000	52.744214
1473.000000	52.852645
1474.000000	52.819745
1475.000000	52.636766
1476.000000	52.651965
1477.000000	52.693426
1478.000000	52.803629
1479.000000	52.793889
1480.000000	52.954335
1481.000000	52.922622
1482.000000	52.961658
1483.000000	52.974306
1484.000000	52.945074
1485.000000	52.902747
1486.000000	52.866368
1487.000000	52.816841
1488.000000	52.976614
1489.000000	52.962025
1490.000000	52.936077
1491.000000	52.944464
1492.000000	53.046468
1493.000000	52.883872
1494.000000	53.028213
1495.000000	52.895966
1496.000000	53.013109
1497.000000	53.090324
1498.000000	52.948231
1499.000000	53.027061
1500.000000	52.935326
1501.000000	52.992744
1502.000000	52.994432
1503.000000	52.911923
1504.000000	52.930361
1505.000000	53.100893
1506.000000	52.974605
1507.000000	53.071590
1508.000000	52.991073
1509.000000	52.918210
1510.000000	52.998294
1511.000000	52.984663
1512.000000	53.130178
1513.000000	52.900287
1514.000000	52.966599
1515.000000	53.055612
1516.000000	52.978369
1517.000000	53.086860
1518.000000	52.928680
1519.000000	53.081923
1520.000000	53.034500
1521.000000	52.931672
1522.000000	52.971374
1523.000000	53.039127
1524.000000	52.951266
1525.000000	53.060430
1526.000000	52.994055
1527.000000	53.001589
1528.000000	53.089694
1529.000000	53.044663
1530.000000	53.184793
1531.000000	53.159790
1532.000000	53.050087
1533.000000	53.056479
1534.000000	53.107793
1535.000000	53.072468
1536.000000	53.095061
1537.000000	52.953824
1538.000000	53.052769
1539.000000	53.028266
1540.000000	53.019227
1541.000000	53.010942
1542.000000	52.999450
1543.000000	53.020245
1544.000000	53.098356
1545.000000	53.068334
1546.000000	52.914619
1547.000000	52.962331
1548.000000	53.040843
1549.000000	53.111676
1550.000000	52.954314
1551.000000	52.972131
1552.000000	52.882342
1553.000000	52.883400
1554.000000	52.949761
1555.000000	52.836928
1556.000000	52.884312
1557.000000	52.896054
1558.000000	52.849283
1559.000000	52.886244
1560.000000	52.864761
1561.000000	52.827864
1562.000000	52.873754
1563.000000	52.843430
1564.000000	52.811745
1565.000000	52.784934
1566.000000	52.853110
1567.000000	52.936591
1568.000000	52.998854
1569.000000	52.951882
1570.000000	52.978940
1571.000000	52.848022
1572.000000	53.022504
1573.000000	53.007900
1574.000000	52.968808
1575.000000	52.904153
1576.000000	52.898722
1577.000000	52.935305
1578.000000	52.940161
1579.000000	52.827730
1580.000000	52.910182
1581.000000	52.932091
1582.000000	52.842975
1583.000000	52.838694
1584.000000	52.861885
1585.000000	52.748189
1586.000000	52.943224
1587.000000	52.772671
1588.000000	52.835769
1589.000000	52.818931
1590.000000	52.942854
1591.000000	53.002572
1592.000000	52.925815
1593.000000	53.003069
1594.000000	52.999030
1595.000000	53.022983
1596.000000	52.887301
1597.000000	52.889658
1598.000000	53.024964
1599.000000	52.978048
1600.000000	53.113594
1601.000000	53.004877
1602.000000	53.014233
1603.000000	53.020753
1604.000000	53.020351
1605.000000	53.039257
1606.000000	52.980328
1607.000000	52.995510
1608.000000	53.100949
1609.000000	52.979881
1610.000000	53.110563
1611.000000	52.983169
1612.000000	52.930615
1613.000000	52.987764
1614.000000	53.177639
1615.000000	53.081764
1616.000000	53.005564
1617.000000	53.104865
1618.000000	52.962010
1619.000000	53.199231
1620.000000	53.016943
1621.000000	52.960763
1622.000000	53.025598
1623.000000	53.048420
1624.000000	53.097320
1625.000000	53.118443
1626.000000	53.046193
1627.000000	52.987281
1628.000000	53.083495
1629.000000	53.121029
1630.000000	53.307814
1631.000000	53.095698
1632.000000	53.050813
1633.000000	53.207587
1634.000000	53.021123
1635.000000	53.101319
1636.000000	52.975796
1637.000000	53.178284
1638.000000	53.085489
1639.000000	53.104783
1640.000000	53.068838
1641.000000	53.044949
1642.000000	53.031244
1643.000000	53.156284
1644.000000	53.156999
1645.000000	53.184194
1646.000000	53.118728
1647.000000	53.094902
1648.000000	53.063394
1649.000000	53.139150
1650.000000	53.030666
1651.000000	53.140390
1652.000000	53.102112
1653.000000	53.219755
1654.000000	52.990386
1655.000000	53.126097
1656.000000	53.035208
1657.000000	53.059352
1658.000000	53.276778
1659.000000	53.168125
1660.000000	53.167730
1661.000000	53.059263
1662.000000	53.176350
1663.000000	53.045407
1664.000000	53.245872
1665.000000	53.246728
1666.000000	53.169319
1667.000000	53.194259
1668.000000	53.169813
1669.000000	53.205416
1670.000000	53.196701
1671.000000	53.078328
1672.000000	53.272993
1673.000000	53.169978
1674.000000	53.172360
1675.000000	53.186827
1676.000000	53.252494
1677.000000	53.311035
1678.000000	53.071996
1679.000000	53.273162
1680.000000	53.277483
1681.000000	53.167850
1682.000000	53.331048
1683.000000	53.176716
1684.000000	53.180628
1685.000000	53.239011
1686.000000	53.254058
1687.000000	53.109692
1688.000000	53.231082
1689.000000	53.119584
1690.000000	53.137990
1691.000000	53.103783
1692.000000	53.237058
1693.000000	53.106845
1694.000000	53.156481
1695.000000	53.057963
1696.000000	53.138452
1697.000000	53.154134
1698.000000	52.972935
1699.000000	53.198794
1700.000000	53.073286
1701.000000	53.078956
1702.000000	53.227230
1703.000000	53.096928
1704.000000	53.249093
1705.000000	53.087026
1706.000000	53.156893
1707.000000	53.144351
1708.000000	53.164023
1709.000000	53.308966
1710.000000	53.233594
1711.000000	53.287565
1712.000000	53.226585
1713.000000	53.207093
1714.000000	53.348295
1715.000000	53.407375
1716.000000	53.361834
1717.000000	53.294733
1718.000000	53.385149
1719.000000	53.137191
1720.000000	53.361249
1721.000000	53.463002
1722.000000	53.348534
1723.000000	53.422448
1724.000000	53.391859
1725.000000	53.441957
1726.000000	53.339922
1727.000000	53.417207
1728.000000	53.426920
1729.000000	53.366479
1730.000000	53.398100
1731.000000	53.307870
1732.000000	53.427589
1733.000000	53.314041
1734.000000	53.422694
1735.000000	53.397892
1736.000000	53.405610
1737.000000	53.297718
1738.000000	53.334791
1739.000000	53.299113
1740.000000	53.421242
1741.000000	53.481183
1742.000000	53.360957
1743.000000	53.400863
1744.000000	53.290441
1745.000000	53.336436
1746.000000	53.344168
1747.000000	53.245886
1748.000000	53.280062
1749.000000	53.289968
1750.000000	53.253463
1751.000000	53.217866
1752.000000	53.246267
1753.000000	53.236403
1754.000000	53.260684
1755.000000	53.203555
1756.000000	53.291589
1757.000000	53.215449
1758.000000	53.292055
1759.000000	53.137134
1760.000000	53.265388
1761.000000	53.217155
1762.000000	53.247923
1763.000000	53.345990
1764.000000	53.193163
1765.000000	53.318622
1766.000000	53.238940
1767.000000	53.330643
1768.000000	53.232516
1769.000000	53.356918
1770.000000	53.360795
1771.000000	53.218106
1772.000000	53.233767
1773.000000	53.212062
1774.000000	53.261681
1775.000000	53.111275
1776.000000	53.272345
1777.000000	53.293369
1778.000000	53.161108
1779.000000	53.224263
1780.000000	53.322509
1781.000000	53.303261
1782.000000	53.368089
1783.000000	53.381185
1784.000000	53.401853
1785.000000	53.406135
1786.000000	53.337346
1787.000000	53.454605
1788.000000	53.400500
1789.000000	53.294518
1790.000000	53.439673
1791.000000	53.327337
1792.000000	53.346353
1793.000000	53.301439
1794.000000	53.379525
1795.000000	53.407351
1796.000000	53.367797
1797.000000	53.294444
1798.000000	53.380293
1799.000000	53.202107
1800.000000	53.340278
1801.000000	53.366317
1802.000000	53.445125
1803.000000	53.261861
1804.000000	53.431053
1805.000000	53.305721
1806.000000	53.337363
1807.000000	53.398276
1808.000000	53.350222
1809.000000	53.326403
1810.000000	53.367420
1811.000000	53.274311
1812.000000	53.337465
1813.000000	53.420013
1814.000000	53.229813
1815.000000	53.310077
1816.000000	53.362620
1817.000000	53.391700
1818.000000	53.319570
1819.000000	53.300664
1820.000000	53.290765
1821.000000	53.357087
1822.000000	53.321195
1823.000000	53.361982
1824.000000	53.325716
1825.000000	53.319028
1826.000000	53.430905
1827.000000	53.304604
1828.000000	53.392493
1829.000000	53.373263
1830.000000	53.437005
1831.000000	53.368297
1832.000000	53.297947
1833.000000	53.354476
1834.000000	53.377766
1835.000000	53.235296
1836.000000	53.300107
1837.000000	53.358712
1838.000000	53.144535
1839.000000	53.317706
1840.000000	53.149923
1841.000000	53.368755
1842.000000	53.313816
1843.000000	53.298275
1844.000000	53.284506
1845.000000	53.334773
1846.000000	53.226863
1847.000000	53.381967
1848.000000	53.419202
1849.000000	53.303807
1850.000000	53.240290
1851.000000	53.279590
1852.000000	53.266572
1853.000000	53.295818
1854.000000	53.298024
1855.000000	53.394488
1856.000000	53.388123
1857.000000	53.311909
1858.000000	53.363283
1859.000000	53.386985
1860.000000	53.426370
1861.000000	53.348073
1862.000000	53.472856
1863.000000	53.431603
1864.000000	53.453096
1865.000000	53.426722
1866.000000	53.403862
1867.000000	53.415400
1868.000000	53.498472
1869.000000	53.484742
1870.000000	53.378196
1871.000000	53.409863
1872.000000	53.395665
1873.000000	53.412940
1874.000000	53.445505
1875.000000	53.443187
1876.000000	53.393896
1877.000000	53.413373
1878.000000	53.420710
1879.000000	53.491787
1880.000000	53.428801
1881.000000	53.411051
1882.000000	53.448134
1883.000000	53.430278
1884.000000	53.395154
1885.000000	53.548119
1886.000000	53.577999
1887.000000	53.329903
1888.000000	53.364044
1889.000000	53.393350
1890.000000	53.544281
1891.000000	53.472182
1892.000000	53.603753
1893.000000	53.442545
1894.000000	53.575395
1895.000000	53.393395
1896.000000	53.585900
1897.000000	53.268391
1898.000000	53.474991
1899.000000	53.305812
1900.000000	53.432544
1901.000000	53.586101
1902.000000	53.441002
1903.000000	53.416820
1904.000000	53.388169
1905.000000	53.589723
1906.000000	53.520412
1907.000000	53.390104
1908.000000	53.396627
1909.000000	53.525205
1910.000000	53.544457
1911.000000	53.556911
1912.000000	53.443384
1913.000000	53.496724
1914.000000	53.527217
1915.000000	53.451183
1916.000000	53.391785
1917.000000	53.369598
1918.000000	53.461082
1919.000000	53.459454
1920.000000	53.441322
1921.000000	53.430116
1922.000000	53.310958
1923.000000	53.427554
1924.000000	53.405497
1925.000000	53.407079
1926.000000	53.368043
1927.000000	53.335362
1928.000000	53.439134
1929.000000	53.427498
1930.000000	53.469176
1931.000000	53.224763
1932.000000	53.429013
1933.000000	53.413697
1934.000000	53.516311
1935.000000	53.367691
1936.000000	53.321773
1937.000000	53.273293
1938.000000	53.436079
1939.000000	53.512135
1940.000000	53.316818
1941.000000	53.314940
1942.000000	53.309100
1943.000000	53.508899
1944.000000	53.398752
1945.000000	53.401955
1946.000000	53.421063
1947.000000	53.346769
1948.000000	53.327485
1949.000000	53.332408
1950.000000	53.348499
1951.000000	53.375169
1952.000000	53.374196
1953.000000	53.359818
1954.000000	53.426539
1955.000000	53.381273
1956.000000	53.290342
1957.000000	53.320222
1958.000000	53.267823
1959.000000	53.203971
1960.000000	53.327143
1961.000000	53.333194
1962.000000	53.217574
1963.000000	53.222451
1964.000000	53.470914
1965.000000	53.263425
1966.000000	53.331196
1967.000000	53.324141
1968.000000	53.389759
1969.000000	53.352999
1970.000000	53.290920
1971.000000	53.333525
1972.000000	53.317946
1973.000000	53.384310
1974.000000	53.475104
1975.000000	53.295367
1976.000000	53.356731
1977.000000	53.480090
1978.000000	53.425214
1979.000000	53.440554
1980.000000	53.450693
1981.000000	53.524014
1982.000000	53.504611
1983.000000	53.403728
1984.000000	53.493468
1985.000000	53.581555
1986.000000	53.472894
1987.000000	53.494328
1988.000000	53.380149
1989.000000	53.485274
1990.000000	53.514563
1991.000000	53.447426
1992.000000	53.575980
1993.000000	53.560446
1994.000000	53.603453
1995.000000	53.506507
1996.000000	53.539097
1997.000000	53.595147
1998.000000	53.541909
1999.000000	53.523693
2000.000000	53.463566
2001.000000	53.557588
2002.000000	53.587369
2003.000000	53.339999
2004.000000	53.458625
2005.000000	53.477976
2006.000000	53.478765
2007.000000	53.570799
2008.000000	53.528148
2009.000000	53.552051
2010.000000	53.458336
2011.000000	53.560847
2012.000000	53.496164
2013.000000	53.510425
2014.000000	53.582178
2015.000000	53.365348
2016.000000	53.493101
2017.000000	53.436998
2018.000000	53.564801
2019.000000	53.489038
2020.000000	53.605345
2021.000000	53.428167
2022.000000	53.619505
2023.000000	53.574366
2024.000000	53.461554
2025.000000	53.529860
2026.000000	53.516917
2027.000000	53.448920
2028.000000	53.449008
2029.000000	53.472323
2030.000000	53.545948
2031.000000	53.547597
2032.000000	53.492372
2033.000000	53.484185
2034.000000	53.451165
2035.000000	53.477532
2036.000000	53.345898
2037.000000	53.475040
2038.000000	53.304378
2039.000000	53.422839
2040.000000	53.623304
2041.000000	53.446975
2042.000000	53.483082
2043.000000	53.625351
2044.000000	53.482363
2045.000000	53.443595
2046.000000	53.543943
2047.000000	53.459232
2048.000000	53.450016
2049.000000	53.554430
2050.000000	53.612904
2051.000000	53.432932
2052.000000	53.556305
2053.000000	53.416499
2054.000000	53.525716
2055.000000	53.483671
2056.000000	53.600525
2057.000000	53.586939
2058.000000	53.544605
2059.000000	53.548559
2060.000000	53.632019
2061.000000	53.590227
2062.000000	53.586865
2063.000000	53.567536
2064.000000	53.608855
2065.000000	53.784850
2066.000000	53.534015
2067.000000	53.650263
2068.000000	53.642743
2069.000000	53.602910
2070.000000	53.666551
2071.000000	53.742071
2072.000000	53.698694
2073.000000	53.557764
2074.000000	53.646365
2075.000000	53.617274
2076.000000	53.629897
2077.000000	53.727207
2078.000000	53.633471
2079.000000	53.794509
2080.000000	53.595771
2081.000000	53.691653
2082.000000	53.615699
2083.000000	53.780804
2084.000000	53.600109
2085.000000	53.459838
2086.000000	53.551843
2087.000000	53.503014
2088.000000	53.496904
2089.000000	53.731682
2090.000000	53.528863
2091.000000	53.311211
2092.000000	53.348848
2093.000000	53.496445
2094.000000	53.156277
2095.000000	53.360876
2096.000000	53.447736
2097.000000	53.441241
2098.000000	53.550258
2099.000000	53.639747
2100.000000	53.543706
2101.000000	53.624576
2102.000000	53.596172
2103.000000	53.589804
2104.000000	53.597642
2105.000000	53.643091
2106.000000	53.641418
2107.000000	53.636998
2108.000000	53.659880
2109.000000	53.529230
2110.000000	53.688781
2111.000000	53.631592
2112.000000	53.575543
2113.000000	53.622490
2114.000000	53.602709
2115.000000	53.612707
2116.000000	53.718439
2117.000000	53.648931
2118.000000	53.586013
2119.000000	53.651828
2120.000000	53.612344
2121.000000	53.592543
2122.000000	53.614561
2123.000000	53.548996
2124.000000	53.512406
2125.000000	53.765809
2126.000000	53.504900
2127.000000	53.626289
2128.000000	53.499282
2129.000000	53.586872
2130.000000	53.588088
2131.000000	53.589315
2132.000000	53.711123
2133.000000	53.592345
2134.000000	53.647669
2135.000000	53.628118
2136.000000	53.540792
2137.000000	53.634228
2138.000000	53.686906
2139.000000	53.498021
2140.000000	53.553464
2141.000000	53.620319
2142.000000	53.526136
2143.000000	53.498306
2144.000000	53.687671
2145.000000	53.691653
2146.000000	53.633333
2147.000000	53.497291
2148.000000	53.671516
2149.000000	53.732754
2150.000000	53.726942
2151.000000	53.639236
2152.000000	53.679072
2153.000000	53.783278
2154.000000	53.848074
2155.000000	53.548693
2156.000000	53.724356
2157.000000	53.556340
2158.000000	53.759483
2159.000000	53.702235
2160.000000	53.650978
2161.000000	53.562845
2162.000000	53.749207
2163.000000	53.652240
2164.000000	53.728771
2165.000000	53.434849
2166.000000	53.609620
2167.000000	53.649498
2168.000000	53.643292
2169.000000	53.678698
2170.000000	53.587165
2171.000000	53.588095
2172.000000	53.619667
2173.000000	53.521812
2174.000000	53.718407
2175.000000	53.528007
2176.000000	53.523915
2177.000000	53.597015
2178.000000	53.533363
2179.000000	53.575384
2180.000000	53.627272
2181.000000	53.601458
2182.000000	53.577914
2183.000000	53.562084
2184.000000	53.558842
2185.000000	53.460645
2186.000000	53.710165
2187.000000	53.406674
2188.000000	53.489225
2189.000000	53.551065
2190.000000	53.465008
2191.000000	53.409211
2192.000000	53.528349
2193.000000	53.520589
2194.000000	53.666932
2195.000000	53.437069
2196.000000	53.705125
2197.000000	53.622543
2198.000000	53.432674
2199.000000	53.399122
2200.000000	53.441058
2201.000000	53.511000
2202.000000	53.577971
2203.000000	53.486850
2204.000000	53.459795
2205.000000	53.572382
2206.000000	53.665631
2207.000000	53.652638
2208.000000	53.683392
2209.000000	53.551054
2210.000000	53.633770
2211.000000	53.607118
2212.000000	53.605677
2213.000000	53.671696
2214.000000	53.690384
2215.000000	53.665423
2216.000000	53.632498
2217.000000	53.621595
2218.000000	53.643039
2219.000000	53.539449
2220.000000	53.733208
2221.000000	53.666695
2222.000000	53.688752
2223.000000	53.643729
2224.000000	53.639190
2225.000000	53.538942
2226.000000	53.567811
2227.000000	53.639885
2228.000000	53.619086
2229.000000	53.612154
2230.000000	53.704107
2231.000000	53.621161
2232.000000	53.655782
2233.000000	53.618060
2234.000000	53.707208
2235.000000	53.785819
2236.000000	53.761683
2237.000000	53.727048
2238.000000	53.788500
2239.000000	53.830690
2240.000000	53.765636
2241.000000	53.759195
2242.000000	53.824759
2243.000000	53.828364
2244.000000	53.721649
2245.000000	53.693799
2246.000000	53.728768
2247.000000	53.638020
2248.000000	53.408387
2249.000000	53.086141
2250.000000	52.289676
2251.000000	52.604112
2252.000000	52.918161
2253.000000	53.110647
2254.000000	53.310179
2255.000000	53.455856
2256.000000	53.531252
2257.000000	53.414134
2258.000000	53.511081
2259.000000	53.240974
2260.000000	53.221200
2261.000000	53.136623
2262.000000	53.182066
2263.000000	53.159656
2264.000000	53.311606
2265.000000	53.204634
2266.000000	53.229764
2267.000000	53.029383
2268.000000	53.088213
2269.000000	53.111176
2270.000000	53.178915
2271.000000	53.267210
2272.000000	53.109738
2273.000000	53.083703
2274.000000	53.254488
2275.000000	53.347724
2276.000000	53.353042
2277.000000	53.398953
2278.000000	53.480908
2279.000000	53.281923
2280.000000	53.168699
2281.000000	53.017338
2282.000000	53.260412
2283.000000	53.297647
2284.000000	53.057325
2285.000000	52.971145
2286.000000	52.949704
2287.000000	53.154117
2288.000000	53.320811
2289.000000	53.378457
2290.000000	53.465603
2291.000000	53.340172
2292.000000	53.189079
2293.000000	53.244804
2294.000000	53.109604
2295.000000	53.098490
2296.000000	53.029150
2297.000000	52.737374
2298.000000	52.851179
2299.000000	52.895625
2300.000000	52.836206
2301.000000	52.530594
2302.000000	52.576026
2303.000000	52.727024
2304.000000	52.817722
2305.000000	53.088178
2306.000000	53.049752
2307.000000	53.057265
2308.000000	53.103191
2309.000000	53.296333
2310.000000	53.380589
2311.000000	53.387873
2312.000000	53.384370
2313.000000	53.436389
2314.000000	53.450439
2315.000000	53.460197
2316.000000	53.354666
2317.000000	53.326939
2318.000000	53.140334
2319.000000	53.385287
2320.000000	53.337973
2321.000000	52.654080
2322.000000	52.352651
2323.000000	52.646665
2324.000000	53.163568
2325.000000	53.373354
2326.000000	53.408503
2327.000000	53.173812
2328.000000	53.063165
2329.000000	53.064877
2330.000000	53.034415
2331.000000	53.160107
2332.000000	53.230645
2333.000000	53.237566
2334.000000	53.338917
2335.000000	53.155716
2336.000000	53.166282
2337.000000	53.155864
2338.000000	53.197571
2339.000000	53.134153
2340.000000	53.083111
2341.000000	53.155625
2342.000000	53.201406
2343.000000	53.312522
2344.000000	53.337747
2345.000000	53.091015
2346.000000	53.237728
2347.000000	53.272708
2348.000000	53.386968
