0.0	-0.0008082461315767525
1.0	-0.0040672418073328
2.0	-0.0023816535760945207
3.0	-0.0017812329673156531
4.0	-0.008684255077645277
5.0	-0.005048447015725067
6.0	-0.0008690620892128814
7.0	-4.6676932349951934e-05
8.0	0.001301547101460995
9.0	0.0017297243167097005
10.0	0.0015398114219745836
11.0	0.007467449671208189
12.0	0.0036027599308872935
13.0	0.00356974946739566
14.0	0.0009121332105614876
15.0	5.65321308905547e-05
16.0	0.00035253051929504006
17.0	0.0016218581756321634
18.0	0.001002398336872594
19.0	0.0005303213143663966
20.0	0.004675668480805099
21.0	0.0058914397420169315
22.0	0.0033094325135951405
23.0	0.004330633802234666
24.0	0.005539761878884771
25.0	0.004072782360230269
26.0	0.005814255525512433
27.0	0.0019701802032641973
28.0	0.00653028124295094
29.0	0.0038942382143322754
30.0	0.0018260847360724278
31.0	0.0023906184509308
32.0	-0.0004430764400050847
33.0	0.0029486459541052897
34.0	0.004409872611902388
35.0	-0.00036746741159270356
36.0	0.0007210560463669936
37.0	0.0032184825228960805
38.0	0.0034338038864185736
39.0	0.0014324246859684705
40.0	0.001660963932175258
41.0	0.0014130430237938717
42.0	0.002277341881189755
43.0	0.0014859810810939204
44.0	0.0031235603187479435
45.0	0.0019508670275284418
46.0	0.006697251180695122
47.0	0.0009763734901364266
48.0	0.0028051668648624707
49.0	-0.0012771727778993535
50.0	0.005119597576973223
51.0	0.00395053406700906
52.0	0.0032338234851827592
53.0	0.005049056545030453
54.0	0.0019318277975477398
55.0	0.005596879568826717
56.0	0.004335975744459332
57.0	0.005057137944806293
58.0	0.004694639224347117
59.0	0.0031511603535759095
60.0	0.004260640661802004
61.0	0.0031693092598524476
62.0	0.0019301156365782552
63.0	0.0015463861200973093
64.0	-0.0021721535598682755
65.0	0.0001313193220376151
66.0	-0.0007046261497036652
67.0	-0.003450247480369352
68.0	-0.005585380695755473
69.0	-0.004153192288000932
70.0	-0.003838702561126012
71.0	-0.007253915803737748
72.0	-0.006729652114881529
73.0	-0.004176272217869554
74.0	-0.007013939322254834
75.0	-0.004426453178730692
76.0	-0.0061705973151253484
77.0	-0.004711699196246846
78.0	-0.007630454244146858
79.0	-0.006545081162371077
80.0	-0.006894430486584802
81.0	-0.007459238147198387
82.0	-0.008092189814397464
83.0	-0.0010287724644463835
84.0	-0.004059297380434326
85.0	-0.004099361947120269
86.0	-0.004673346790530388
87.0	-0.001989020822572254
88.0	-0.00667712301633777
89.0	-0.0017008298881885553
90.0	-0.0023628882918688724
91.0	-0.002085381241934822
92.0	0.004205235132829542
93.0	-0.002044494837983559
94.0	-0.0023150162711621436
95.0	-0.003376966990875406
96.0	-0.004940512388208846
97.0	-0.002920573362849465
98.0	-0.0011756073891894883
99.0	-0.0006459332716696016
100.0	-0.0003254852246209065
101.0	-0.0005403271830718164
102.0	-0.0031350044026677943
103.0	-0.004008001037788628
104.0	-0.007423419739716735
105.0	-0.006029035846168384
106.0	-0.008372710267637903
107.0	-0.005317598720128064
108.0	-0.0033909382243863377
109.0	-0.003771106446050787
110.0	-0.0027202505294197537
111.0	-0.006144367009072811
112.0	-0.0027907230749238403
113.0	-0.010255402469683294
114.0	-0.011120386191466972
115.0	-0.008290595027541321
116.0	-0.008543994851025059
117.0	-0.008435717791314941
118.0	-0.010664129536318557
119.0	-0.008267309638356328
120.0	-0.011836959800415586
121.0	-0.014598949389949642
122.0	-0.013835257111120616
123.0	-0.015433936051547916
124.0	-0.014567240168794753
125.0	-0.014767768461540836
126.0	-0.011691768550203282
127.0	-0.01257476420538597
128.0	-0.006145257332776975
129.0	-0.009476437715006433
130.0	-0.008382298369067018
131.0	-0.010081035996550906
132.0	-0.011249620101443645
133.0	-0.0053160920184749496
134.0	-0.0073406881216712015
135.0	-0.00737280826145883
136.0	-0.007266311849156881
137.0	-0.007162554894406108
138.0	-0.00690004637456468
139.0	-0.002731413818940826
140.0	-5.044368648281831e-05
141.0	-0.003152331471679012
142.0	-0.0013047728127273195
143.0	-0.0022191352568709994
144.0	-0.0028472243869168356
145.0	0.0016313777906225941
146.0	0.008652196575652768
147.0	0.012376352143598389
148.0	0.008801428525753151
149.0	0.014380676260916037
150.0	0.012621807540183654
151.0	0.008118413271806277
152.0	0.010904852519984383
153.0	0.010042402796435672
154.0	0.007659828077739427
155.0	0.011904001175336978
156.0	0.009143586773894881
157.0	0.00971983166978475
158.0	0.009121397167730421
159.0	0.01129344457361873
160.0	0.008641101772570539
161.0	0.010766509913650019
162.0	0.008906144290646772
163.0	0.012380872248557892
164.0	0.01012828479066496
165.0	0.008308805571612976
166.0	0.010702886012024031
167.0	0.01130919645453799
168.0	0.01176880894518637
169.0	0.01145089489637248
170.0	0.012822678265123632
171.0	0.013096760993118713
172.0	0.01323455570794297
173.0	0.010949985083140096
174.0	0.012604001066101014
175.0	0.014086321547042193
176.0	0.013129565997294137
177.0	0.01419336585085441
178.0	0.01433403699610721
179.0	0.014483679864840174
180.0	0.01097635236207016
181.0	0.014042969631294809
182.0	0.014559288893252555
183.0	0.014128029788258778
184.0	0.011761480896237008
185.0	0.011956119355247997
186.0	0.015675549358917906
187.0	0.014324380408239253
188.0	0.012642832876889054
189.0	0.013932090086911044
190.0	0.012373612686047213
191.0	0.013152371981407705
192.0	0.009107083502025434
193.0	0.011909754036194382
194.0	0.011396585150420392
195.0	0.010870198381962109
196.0	0.010715761462514586
197.0	0.008673564344551904
198.0	0.010905605870811021
199.0	0.0106663142537159
200.0	0.00827106954384547
201.0	0.011685050030559306
202.0	0.011093669631699285
203.0	0.01019375782613812
204.0	0.009167488541028982
205.0	0.005424019797347605
206.0	-0.002156127733193962
207.0	-0.00615162657158349
208.0	-0.005758788358744853
209.0	-0.009563415492256257
210.0	-0.003333067183617754
211.0	-0.0047879930890470206
212.0	-0.006559942719586172
213.0	-0.008786847762936834
214.0	-0.009277210664597255
215.0	-0.010178629171811535
216.0	-0.012262603017429485
217.0	-0.010888765055514952
218.0	-0.006887581842706863
219.0	-0.008680488323512411
220.0	-0.009399458957818465
221.0	-0.017052613032098762
222.0	-0.01910576798026599
223.0	-0.016954129533133973
224.0	-0.013370234191808569
225.0	-0.005988697333727388
226.0	-0.0023213855099686585
227.0	0.0017503387347823601
228.0	0.008319489456062467
229.0	0.00788001197841516
230.0	0.009362127000039973
231.0	0.005529968318139287
232.0	0.006205313090942742
233.0	0.009963780364716901
234.0	0.0057755606876020785
235.0	0.009240632057645241
236.0	0.007317943775352752
237.0	0.005668995788861445
238.0	0.0067068392821242355
239.0	0.006137443030112463
240.0	0.0059011648163235725
241.0	0.006941131389188588
242.0	0.0064005679279028425
243.0	0.00500817014107903
244.0	0.005956227913102137
245.0	0.0048670195907548055
246.0	0.0008883684163049123
247.0	0.0038766371995660044
248.0	-0.0006498369986801544
249.0	-0.0026321084827107127
250.0	-0.0017360319177212567
251.0	-0.003789940216715119
252.0	-0.006496044872204971
253.0	-0.004058201597413952
254.0	-0.0022919363412935217
255.0	-0.0007423621774710126
256.0	-0.001473591884318512
257.0	-0.0017397301854152798
258.0	-0.002385625789543757
259.0	2.5918692756199917e-05
260.0	0.0006979076300595284
261.0	0.0026493602166393617
262.0	0.0023431573488568113
263.0	0.003801507576225047
264.0	0.0008208407876685309
265.0	0.0029969973798836015
266.0	0.0013166141179924607
267.0	0.004913110964053366
268.0	0.0024686929911393028
269.0	0.0037002161332703952
270.0	0.0032534106066735686
271.0	0.004638959749619442
272.0	0.0019031319796992399
273.0	0.0006768138069154448
274.0	0.0011707380033923632
275.0	-0.0006946956160806539
276.0	0.0008709728608550113
277.0	-4.1745908757867854e-05
278.0	0.0010897185463163146
279.0	0.0041438027972444625
280.0	0.0020410636674008647
281.0	0.002385139535828449
282.0	0.00227521880158753
283.0	0.001822249495500718
284.0	0.003102603468481387
285.0	0.00490913875060413
286.0	0.0038830064383725193
287.0	0.007528128655966631
288.0	0.0034973593016057185
289.0	0.005577086988019538
290.0	0.006826690549988166
291.0	0.004247902184189133
292.0	0.005010156247803728
293.0	0.004716006993246254
294.0	0.005478671975493429
295.0	0.004340975254490258
296.0	0.003017954230149999
297.0	0.0018919002037393244
298.0	0.0032912836073186024
299.0	0.0015229637580347903
300.0	0.0017730762324570852
301.0	0.0011762854049335574
302.0	0.0004115658295228411
303.0	-0.003602903752408545
304.0	-0.0019688858095711775
305.0	-0.0066114445215482405
306.0	-0.009314467287293179
307.0	-0.009276594286648145
308.0	-0.009058328006258266
309.0	-0.007754825616970132
310.0	-0.013622949150904512
311.0	-0.015167112886063355
312.0	-0.01577520397598564
313.0	-0.01520724593918814
314.0	-0.01475270144500937
315.0	-0.01834604791488636
316.0	-0.01913528563537997
317.0	-0.01912439629161411
318.0	-0.020329826100570034
319.0	-0.018931743939327658
320.0	-0.019342183166932567
321.0	-0.01839638544738921
322.0	-0.016984400539074428
323.0	-0.01710048505280549
324.0	-0.01412091404726951
325.0	-0.01935457921235154
326.0	-0.018716285602927638
327.0	-0.016880643584323656
328.0	-0.01618872509333562
329.0	-0.01799032935186612
330.0	-0.016678129184853036
331.0	-0.018473295718138334
332.0	-0.020658903438904995
333.0	-0.016630257164146307
334.0	-0.01732135381786902
335.0	-0.016849139822485138
336.0	-0.017847398154133567
337.0	-0.016152084848588648
338.0	-0.017722478889800025
339.0	-0.016669225947811714
340.0	-0.01618221888165158
341.0	-0.015965459302914813
342.0	-0.014906453500069097
343.0	-0.01606764106957363
344.0	-0.015185261792339892
345.0	-0.01610845898708605
346.0	-0.01325284843574076
347.0	-0.010681045686697194
348.0	-0.012149874339198709
349.0	-0.012332390698545779
350.0	-0.012311502334718064
351.0	-0.013146488996316338
352.0	-0.011205377861992096
353.0	-0.010765352492834526
354.0	-0.008194029148862383
355.0	-0.00941534781161525
356.0	-0.009303235511333423
357.0	-0.0070351016318376015
358.0	-0.01029512460417534
359.0	-0.0073595903787743765
360.0	-0.01011322462277722
361.0	-0.008480918840909337
362.0	-0.008340179209217693
363.0	-0.008474138683470082
364.0	-0.009570332622573039
365.0	-0.006577954652985184
366.0	-0.008995868374091496
367.0	-0.00923947463682975
368.0	-0.00976093038169611
369.0	-0.009441235685473892
370.0	-0.00909599554758693
371.0	-0.008933956633434992
372.0	-0.010901366560250455
373.0	-0.008547282200086501
374.0	-0.006366331557156873
375.0	-0.006842928684622574
376.0	-0.009924133565307264
377.0	-0.009952418464523183
378.0	-0.011266193819628225
379.0	-0.009486368248629445
380.0	-0.007021609803398094
381.0	-0.007733115415877098
382.0	-0.010497365057890746
383.0	-0.007830640104699043
384.0	-0.009623546585504591
385.0	-0.007018733372969392
386.0	-0.00862611009112164
387.0	-0.0062299750575470466
388.0	-0.007347468279110456
389.0	-0.00504385842432688
390.0	-0.001916904602537526
391.0	-0.002947899451922537
392.0	-0.003733849823354704
393.0	-0.0034090871306628754
394.0	-0.0035646198331309308
395.0	-0.0027142922092459787
396.0	-0.0029328324353910715
397.0	0.0011642317917083212
398.0	0.0021011262742103563
399.0	-0.002257761608342511
400.0	-0.005920484840703053
401.0	-0.0008453657813953086
402.0	0.0017654742377526688
403.0	0.007156041834078341
404.0	0.005008033168201503
405.0	0.003492085845819738
406.0	0.0002616490150348234
407.0	-0.0012637494358985295
408.0	-0.0022136563417686486
409.0	-0.0018147913223175536
410.0	-0.004120729716019566
411.0	-0.003249445241868057
412.0	-0.004282837116610347
413.0	-0.005282054258401625
414.0	-0.0064126283897718035
415.0	-0.012860010222902124
416.0	-0.012998695261430385
417.0	-0.01098615277145937
418.0	-0.013477894873569736
419.0	-0.008649395480306634
420.0	-0.011926814008094271
421.0	-0.008755001568904418
422.0	-0.009329397330947118
423.0	-0.007601142048349248
424.0	-0.009937488420869245
425.0	-0.00914044324635485
426.0	-0.007803861907136238
427.0	-0.008104928292010495
428.0	-0.011211062236410819
429.0	-0.011728271822072728
430.0	-0.01156239766734908
431.0	-0.011229622061320096
432.0	-0.012822411168012304
433.0	-0.013337360701194463
434.0	-0.012888500581434413
435.0	-0.016240706300369112
436.0	-0.015952515365985413
437.0	-0.01517211239609428
438.0	-0.009848113618262143
439.0	-0.008629260467305397
440.0	-0.01187544917900973
441.0	-0.008998059940132403
442.0	-0.007722773963621506
443.0	-0.011289136776619321
444.0	-0.010830688555430158
445.0	-0.009635120793658244
446.0	-0.00581734426390123
447.0	-0.0060805376481304525
448.0	-0.0065378215998603975
449.0	-0.00451069149842934
450.0	-0.007310074683536847
451.0	-0.006514056805603982
452.0	-0.008913684647556229
453.0	-0.009249473656891603
454.0	-0.009582043803604218
455.0	-0.008654600449653771
456.0	-0.00922290091864517
457.0	-0.009614300916269374
458.0	-0.007210221455796467
459.0	-0.010630982099949397
460.0	-0.00735438540942708
461.0	-0.006862926724746283
462.0	-0.007940423866062276
463.0	-0.007343016660589796
464.0	-0.004776281908015841
465.0	-0.006051019993016632
466.0	-0.005584490372051309
467.0	-0.0048346323538558484
468.0	-0.005357663286814006
469.0	-0.006147243439501672
470.0	-0.006010270561942896
471.0	-0.003865617731566343
472.0	-0.008239778089967046
473.0	-0.010118018673491777
474.0	-0.008402090949874198
475.0	-0.00833442634836013
476.0	-0.00666054929815319
477.0	-0.006418449737068051
478.0	-0.005097962710962597
479.0	-0.004485967894029917
480.0	-0.005144738948648951
481.0	-0.006705339429114846
482.0	-0.006549327321575367
483.0	-0.00468389370210235
484.0	-0.005059747278123666
485.0	-0.005163778178629653
486.0	-0.006091974883406579
487.0	-0.005396837529795785
488.0	-0.005258357950583893
489.0	-0.005515456041761813
490.0	-0.0042442107651386755
491.0	-0.004054160897525872
492.0	-0.0065664489312702145
493.0	-0.006735610435055304
494.0	-0.005464570617748695
495.0	-0.004121277607529673
496.0	-0.006328732502267052
497.0	-0.002353026244684704
498.0	-0.000740855475817898
499.0	-0.00473320393802351
500.0	-0.0013568225061996548
501.0	-0.0035831111716013654
502.0	-0.0043796084546056544
503.0	-0.004125386793856436
504.0	-0.0039132158065180184
505.0	-0.006723830767585281
506.0	-0.00277394389742289
507.0	-0.00047567598486413746
508.0	-0.002353163217562231
509.0	-0.0038453457456875807
510.0	-0.0007468822824305161
511.0	-0.0020665474712704903
512.0	-0.0028788651216328813
513.0	-0.00369193612282175
514.0	-0.0006639452050686128
515.0	-0.0037983640486848563
516.0	-0.0035581821078855724
517.0	-0.0038554132521881187
518.0	-0.0008321478987108547
519.0	-0.002419184144545657
520.0	-0.003849865850647084
521.0	-0.0023155641626724107
522.0	-3.297964459407423e-05
523.0	-0.0019123160111393389
524.0	-0.0031345249975963706
525.0	-0.004041216960596632
526.0	-0.0033245063787703307
527.0	-0.0034108677780712035
528.0	-0.0026909383336221433
529.0	-0.0032291047695506107
530.0	-0.0018737581461065113
531.0	-0.003549484330160622
532.0	-0.006207990910698958
533.0	-0.004153329260878459
534.0	-0.003818088143053352
535.0	-0.003958416856112415
536.0	-0.004336188052419426
537.0	-0.0004712928527821609
538.0	-0.005157134994067925
539.0	-0.005195350426906856
540.0	-0.0038933547392719955
541.0	-0.002961254307484518
542.0	-0.005720367466589712
543.0	-0.0028379102312427753
544.0	-0.004643760648977724
545.0	-0.0026627904072839105
546.0	-0.003243623894571809
547.0	0.00012830591873138578
548.0	-0.0023559026751134066
549.0	-0.001077192376663539
550.0	-0.0040642284040265705
551.0	-0.0012190962778144
552.0	0.0010432162543851735
553.0	-0.003065011262235291
554.0	0.0008803555029677556
555.0	-0.0014837963636967367
556.0	0.001999560885500491
557.0	-0.0018236260729200308
558.0	-0.001267721649347766
559.0	-0.0019032073147816483
560.0	-0.0025118462962140423
561.0	8.75564876576496e-05
562.0	-7.030475372884099e-05
563.0	-0.0013881892951606465
564.0	0.001464613312194783
565.0	1.5508754061605293e-05
566.0	0.0015961072746512091
567.0	0.00020336705563349996
568.0	-0.002181604688419863
569.0	0.0013127788774209106
570.0	-0.004759913649147471
571.0	-5.5580169391272445e-05
572.0	-0.001601730011274812
573.0	0.001697535690483388
574.0	-0.002618411194954835
575.0	-0.003128772136738806
576.0	-0.0020473712684122613
577.0	0.0012196373206809423
578.0	0.0008509748207314617
579.0	-0.001049660828274097
580.0	-0.0029591312278822927
581.0	-0.0009520676530134684
582.0	0.0008111157133618896
583.0	-0.004385292829024216
584.0	0.0002489790238606365
585.0	-0.0007714689139522527
586.0	0.0009491158875023575
587.0	0.0015166630056671184
588.0	-0.0005498467980622471
589.0	0.002704080881224189
590.0	-0.00013324379096719472
591.0	0.0011703955711984662
592.0	0.0015459752014647286
593.0	-0.00028898195275146047
594.0	-0.000723802352561894
595.0	-0.0012473126905914761
596.0	0.00156823329406803
597.0	-0.0005946369290239034
598.0	0.0002192559094302862
599.0	-0.0007866729033612452
600.0	-0.00035924903893917693
601.0	0.0005321704482134081
602.0	-0.0009627515374631168
603.0	-0.0026738167239272964
604.0	-0.0012108094187220303
605.0	0.0014074271358139937
606.0	0.0014487244583979968
607.0	-0.00383664796796263
608.0	-0.0013920930221710398
609.0	-0.0037066607071593186
610.0	-0.0008550223692631067
611.0	-0.0014860564161764884
612.0	-0.0027819568107600467
613.0	-0.004984069763272442
614.0	-0.0008103007247401341
615.0	-0.0012616948427351478
616.0	-0.0031753429151087907
617.0	-0.001960051058968541
618.0	-0.0018468429756661798
619.0	-0.0030309050157231237
620.0	-0.003678923699453666
621.0	-0.002110926683599566
622.0	-0.004395428821963598
623.0	-0.0015698838172423962
624.0	-0.001011445395435326
625.0	-0.004165519846981222
626.0	-0.003718097942435445
627.0	-0.001421062785774753
628.0	-0.003374980884150708
629.0	-0.003705359464822574
630.0	-0.0037411778723040667
631.0	-0.004347556801256869
632.0	-0.004319751307112373
633.0	-0.003609820882725327
634.0	-0.0055361389462731565
635.0	-0.0030687780163681576
636.0	-0.008104722832694124
637.0	-0.005439025176083952
638.0	-0.005246715255991397
639.0	-0.004987562571650254
640.0	-0.007092082348902021
641.0	-0.006569256875260233
642.0	-0.004047175280770407
643.0	-0.004519457762593134
644.0	-0.005965069512348499
645.0	-0.0058082355675437
646.0	-0.004412755890974815
647.0	-0.00233515128416322
648.0	-0.002442538020169333
649.0	-0.0020627807171376238
650.0	-0.004178052865277882
651.0	-0.0023562451073073035
652.0	-0.0003958207972473066
653.0	-0.001835679686145267
654.0	-0.004138878622296104
655.0	-0.0010342513795487346
656.0	-0.001874922415565729
657.0	-0.002161401188979943
658.0	-0.0013397693829436507
659.0	-0.0027455220253294436
660.0	-0.0007401706114301041
661.0	-0.0018580062651872519
662.0	-0.0010706176785406538
663.0	4.1191168603876e-05
664.0	-0.00038958853131847794
665.0	-0.0008196833668530379
666.0	-0.0014327739668060922
667.0	0.0006739373764867424
668.0	-0.0013661366618737153
669.0	-0.00018960813008266338
670.0	0.001589738035844694
671.0	-0.0002504240877186328
672.0	-0.0017221291706490088
673.0	-0.0008834442413565531
674.0	-0.0014757834503595802
675.0	-0.000591212607084934
676.0	-0.004391319635636834
677.0	-0.003519487269975218
678.0	-0.005534221325987302
679.0	-0.003924310609600247
680.0	-0.003460999851257684
681.0	-0.007449444586452902
682.0	-0.006576927356403492
683.0	-0.006499400707705256
684.0	-0.0033336150751280213
685.0	-0.004925650830993592
686.0	-0.005193843725253741
687.0	-0.005453064896033727
688.0	-0.006014653694024713
689.0	-0.007427665898921025
690.0	-0.003932392009376247
691.0	-0.005191926104967886
692.0	-0.007357809731366048
693.0	-0.002217628555217885
694.0	-0.005805290650676154
695.0	-0.004996602781569102
696.0	-0.004928321802106083
697.0	-0.0024362372678016614
698.0	-0.0029934429337108302
699.0	-0.001421062785774753
700.0	-0.001518382015280328
701.0	-0.0006852444875290664
702.0	0.0003568451649381735
703.0	0.0012156651072317058
704.0	-0.001188345866802359
705.0	-0.003472163140778756
706.0	-0.0011554038897495687
707.0	0.0010919101123573825
708.0	-0.005030846000958796
709.0	-0.0017719872980804356
710.0	-0.0022157794213708733
711.0	-0.003598246674571515
712.0	-0.002400281887442482
713.0	-0.0011572530235965802
714.0	-0.0008133141280465229
715.0	0.0004044432398898485
716.0	-0.0026747755340703035
717.0	-0.0018432131944109997
718.0	-0.002583003706105923
719.0	-0.003661939062636346
720.0	-0.0036007121863676364
721.0	-0.0026546405210690674
722.0	-0.002276595379006843
723.0	-0.002549513837542706
724.0	-3.1883861573699686e-05
725.0	-0.002133869640590661
726.0	0.00018740971539787054
727.0	0.0017759526628857878
728.0	-0.0016750105007687576
729.0	-0.005446627170788528
730.0	0.00011358133439381725
731.0	-0.0011931399175169161
732.0	-0.0037424791146409707
733.0	-0.0014807144739516643
734.0	-0.002718538368450269
735.0	-0.003053779486275376
736.0	-0.003694812553250453
737.0	-0.005286985281993709
738.0	-0.0036325583804000523
739.0	-0.006580283191903619
740.0	-0.0044748730909476885
741.0	-0.003490243560616451
742.0	-0.004356665497614559
743.0	-0.003750629000855654
744.0	-0.004591300036872649
745.0	-0.0035339379085577325
746.0	-0.004098403136977421
747.0	-0.002121884513804268
748.0	-0.005098853034666761
749.0	-0.00575104939116291
750.0	-0.0022784445128540137
751.0	-0.0010635635753463448
752.0	-0.0006367560888732274
753.0	-0.0009708329372391165
754.0	-0.001302307300931357
755.0	0.0006088752596463233
756.0	-0.00016885673913247677
757.0	0.0004475212098820201
758.0	0.0003738982881941774
759.0	-0.00022220767494155665
760.0	0.0029148821397870193
761.0	0.0025943656062994806
762.0	-0.00022939875101339247
763.0	0.002463693481108535
764.0	-0.003860207302902676
765.0	-0.00020193568906295333
766.0	-0.0020529871563921393
767.0	-0.005308558510209217
768.0	-0.004388717150963186
769.0	-0.004182230538043329
770.0	-0.002893452733092923
771.0	-0.004838193648672344
772.0	-0.0030150846483650213
773.0	-0.0037919263234396576
774.0	-0.0036298189228488767
775.0	-0.003520446080118225
776.0	-0.006394547969933949
777.0	-0.006386261110841738
778.0	-0.004456861157548677
779.0	-0.0048352487318047985
780.0	-0.00672300893031996
781.0	-0.003956225290071347
782.0	-0.005589626854959764
783.0	-0.0018654028005754579
784.0	-0.0035294862900370726
785.0	-0.005125973664423303
786.0	-0.004715739896134765
787.0	-0.007474099704413482
788.0	-0.00873561990672982
789.0	-0.005259248274288057
790.0	-0.007435473352941971
791.0	-0.007313088086843076
792.0	-0.007525259074181653
793.0	-0.007558885915622397
794.0	-0.008276486821152862
795.0	-0.006355236754074644
796.0	-0.006802932604375474
797.0	-0.0069293585703622896
798.0	-0.004526443379348599
799.0	-0.006643016769825602
800.0	-0.007328839967762336
801.0	-0.006035268112097372
802.0	-0.004593423116474873
803.0	-0.005078101643716575
804.0	-0.006582611730822214
805.0	-0.0014492107121131456
806.0	-0.00293522946074835
807.0	-0.003541060498190725
808.0	-0.004210378464381721
809.0	-0.005287738632820347
810.0	-0.0037741198493570164
811.0	-0.00203319457558496
812.0	-0.002910916774981667
813.0	-0.003973346899766194
814.0	-0.003860070330025149
815.0	-0.0035349652051394234
816.0	-0.006074990246589418
817.0	-0.006596035072822878
818.0	-0.007355344219570087
819.0	-0.008112804232470124
820.0	-0.007202687947530734
821.0	-0.010273551375959832
822.0	-0.007634220998279725
823.0	-0.008998607831642672
824.0	-0.008915944700035981
825.0	-0.012688657153076125
826.0	-0.011445970721424122
827.0	-0.011935443299380379
828.0	-0.012383002176803683
829.0	-0.012551958221272403
830.0	-0.011010670916542264
831.0	-0.011440354833444242
832.0	-0.010009604640903972
833.0	-0.009686622595620472
834.0	-0.008967104069804152
835.0	-0.008854923283083483
836.0	-0.009103803001607876
837.0	-0.010138427632248067
838.0	-0.010138222172931697
839.0	-0.013170459249889124
840.0	-0.012779127738703763
841.0	-0.011224280119095272
842.0	-0.009045178610012656
843.0	-0.009959404081278649
844.0	-0.01064536425209307
845.0	-0.010451616116786243
846.0	-0.004941608171229221
847.0	-0.006728967250493735
848.0	-0.004478571358641871
849.0	-0.0026729948866619758
850.0	-0.00496078437408745
851.0	-0.006290380096550595
852.0	-0.0036427628597781175
853.0	-0.004888394208297668
854.0	-0.006051430911649213
855.0	-0.005471693207381688
856.0	-0.007290693021362248
857.0	-0.006157173973124684
858.0	-0.005604077493542278
859.0	-0.006553847426534871
860.0	-0.004893667664083649
861.0	-0.0022678291148432086
862.0	-0.0038660971366377673
863.0	-0.0044538477542424475
864.0	0.00021391396720562146
865.0	0.002482801197527921
866.0	0.0015769310717929804
867.0	0.0027052451506834065
868.0	0.0023712367887563607
869.0	0.005397515545539854
870.0	0.005231983823010104
871.0	0.007889668566283118
872.0	0.007071187136430583
873.0	0.00751881450029273
874.0	0.010799040972070227
875.0	0.009869885457150295
876.0	0.009944056270348405
877.0	0.009887486471916566
878.0	0.011303580566558112
879.0	0.009197485601214228
880.0	0.01192139673078688
881.0	0.0076014776318994205
882.0	0.012243009047294952
883.0	0.00821710223008728
884.0	0.00945177574840213
885.0	0.006859153121969692
886.0	0.0067918309526495205
887.0	0.0069924962182731296
888.0	0.0030817835910925168
889.0	0.007801458033135235
890.0	0.004790040833566677
891.0	0.007698933834282522
892.0	0.004124832053702604
893.0	0.001631103844867381
894.0	0.003934782186089801
895.0	0.002731406970297101
896.0	0.0016431574580926171
897.0	0.004281323566313507
898.0	0.0030732912726837767
899.0	0.004980707079128591
900.0	0.004768741551106384
901.0	0.004302280416579904
902.0	0.004918589879155717
903.0	0.0048977700017666876
904.0	0.0035699549267118706
905.0	0.006449330272313735
906.0	0.004249134940087195
907.0	0.005897124116435493
908.0	0.003319089101463098
909.0	0.007529635357619906
910.0	0.003748499072609864
911.0	0.005967528175500736
912.0	0.005180961426119459
913.0	0.005586264170815912
914.0	0.005476274950136151
915.0	0.0066454069465391565
916.0	0.007155151510374177
917.0	0.004759358908993639
918.0	0.005382996420518656
919.0	0.005711868299537248
920.0	0.0028730369256929084
921.0	0.003686724304830728
922.0	0.005390803874539601
923.0	0.004074973926271177
924.0	0.003116026810482211
925.0	0.0014257130149680586
926.0	0.002188788915847974
927.0	0.005438196490174906
928.0	0.0013583908456478878
929.0	0.0004438914286266806
930.0	0.0011169076625118593
931.0	-0.0005167678481317706
932.0	-0.0017132259336076884
933.0	-0.002019839720022979
934.0	-0.0016866531953612536
935.0	-0.00281941889277234
936.0	-0.005411082709061929
937.0	-0.0022200255805751635
938.0	-0.001193687809027183
939.0	6.872271699331776e-05
940.0	0.0004962150678542291
941.0	-0.00019536099094006826
942.0	-0.0015807046745695715
943.0	1.6060069895169838e-06
944.0	0.0012236095341300191
945.0	0.0014403006264281002
946.0	0.00033527193672266606
947.0	0.0010823220109282682
948.0	0.004943039537799927
949.0	0.004819216056486761
950.0	0.0039904616608173165
951.0	0.00337511100838451
952.0	0.00399196836247059
953.0	0.005055631243153178
954.0	0.004663546381141179
955.0	0.003538177219118298
956.0	0.00307315429980625
957.0	0.002224264891135729
958.0	0.004034772386707708
959.0	0.00487215607366326
960.0	0.004267146873486046
961.0	0.005666187844871427
962.0	0.004434116811230227
963.0	0.005054193027938907
964.0	0.006853537233989654
965.0	0.008315174810419492
966.0	0.005756247511866323
967.0	0.008295998607561262
968.0	0.011721621788867435
969.0	0.010385245908965194
970.0	0.009682712019966195
971.0	0.009468144007270498
972.0	0.008424753112466514
973.0	0.009675178511700463
974.0	0.008113550734652876
975.0	0.01025053308388617
976.0	0.008735887003841147
977.0	0.00903503576842955
978.0	0.010731307884117476
979.0	0.009463623902310994
980.0	0.009386782118000552
981.0	0.008718696907707617
982.0	0.010750689546292075
983.0	0.010990255109142408
984.0	0.011293787005812626
985.0	0.012516132965147185
986.0	0.010104725455724915
987.0	0.01344453512924048
988.0	0.010504754744635227
989.0	0.008758282069322136
990.0	0.008686439795042461
991.0	0.012301701925328855
992.0	0.008964974141558203
993.0	0.013332902234030077
994.0	0.012290333176491414
995.0	0.015432833419883657
996.0	0.012196780701118865
997.0	0.014863094735677988
998.0	0.012980744965826492
999.0	0.011397270014808187
1000.0	0.014400742787478271
1001.0	0.010214577703526989
1002.0	0.01725738063540541
1003.0	0.016593130665684186
1004.0	0.015959905052729893
1005.0	0.015070882590934588
1006.0	0.016708804260782507
1007.0	0.017700076975675313
1008.0	0.017607688769761983
1009.0	0.016120574238106405
1010.0	0.017845405198765305
1011.0	0.019840072728214996
1012.0	0.01919342377325988
1013.0	0.022465294899506487
1014.0	0.020402962768542726
1015.0	0.020606915383227776
1016.0	0.022342841146968908
1017.0	0.022211415670951324
1018.0	0.022899841353561705
1019.0	0.023583609958335056
1020.0	0.023705858251556265
1021.0	0.0242312862098717
1022.0	0.02444873065299626
1023.0	0.024686515568438427
1024.0	0.022365510158204947
1025.0	0.026163973512226046
1026.0	0.02541925197693904
1027.0	0.025295702441381088
1028.0	0.02461912491267941
1029.0	0.025626971345756956
1030.0	0.025548828319109613
1031.0	0.028337664592645157
1032.0	0.026242390484628446
1033.0	0.025672309368228882
1034.0	0.027214692455979555
1035.0	0.022751636700043012
1036.0	0.026097404693732514
1037.0	0.024735346399288004
1038.0	0.025880919060750962
1039.0	0.026247663940414587
1040.0	0.024421130618168294
1041.0	0.023576761314457118
1042.0	0.02474198958384973
1043.0	0.029286544201933586
1044.0	0.026668444620275088
1045.0	0.02663248923991591
1046.0	0.02761889941765547
1047.0	0.025920983627436903
1048.0	0.028806728211845125
1049.0	0.026653103657988567
1050.0	0.02482136536639498
1051.0	0.02672227496115575
1052.0	0.025529515143373857
1053.0	0.025925435245957563
1054.0	0.024720484842072905
1055.0	0.02514736081498487
1056.0	0.024325934468264945
1057.0	0.02453783150984831
1058.0	0.025308646378310328
1059.0	0.024294636165742636
1060.0	0.02274410319177728
1061.0	0.02235078557386738
1062.0	0.024013636307430933
1063.0	0.02478280750136215
1064.0	0.025964267056745444
1065.0	0.023547928523731092
1066.0	0.02284957230749754
1067.0	0.025082230211705605
1068.0	0.024073493454924055
1069.0	0.0246476152712117
1070.0	0.02030263013573092
1071.0	0.026942321888953798
1072.0	0.02121712955275213
1073.0	0.020642802277148112
1074.0	0.023031198343140605
1075.0	0.021479021694644447
1076.0	0.02410212078633387
1077.0	0.023712843868311732
1078.0	0.021765295008742292
1079.0	0.025342752624822495
1080.0	0.024078492964954984
1081.0	0.023643946510899762
1082.0	0.020948662712736925
1083.0	0.022600829561850833
1084.0	0.019063299539579043
1085.0	0.019029741184577145
1086.0	0.018566909831306162
1087.0	0.02169043933115639
1088.0	0.017005213567819734
1089.0	0.018052234243879056
1090.0	0.015070334699424481
1091.0	0.013134633993763748
1092.0	0.014521963784117789
1093.0	0.011316319044170981
1094.0	0.012273622485429306
1095.0	0.013534183877602796
1096.0	0.014364718920680409
1097.0	0.01398961869548573
1098.0	0.01517943359639992
1099.0	0.015442900926384354
1100.0	0.0170747957896195
1101.0	0.016423763702582726
1102.0	0.02089414750746847
1103.0	0.016118108726310282
1104.0	0.017659669976795474
1105.0	0.01748331739693855
1106.0	0.01830433282502589
1107.0	0.01710438193117232
1108.0	0.017795684044211404
1109.0	0.016342744245506677
1110.0	0.018920847746917914
1111.0	0.018322344758424904
1112.0	0.015695341939725084
1113.0	0.01621549644225454
1114.0	0.020071556891289328
1115.0	0.016769209299785898
1116.0	0.01674400629031505
1117.0	0.01929889288898014
1118.0	0.01864916204428011
1119.0	0.021270001083489785
1120.0	0.01970193558119684
1121.0	0.018587113330746082
1122.0	0.02159750323373279
1123.0	0.018900644247477994
1124.0	0.019277525120081
1125.0	0.02004368291070599
1126.0	0.02167174253336974
1127.0	0.019754601652618286
1128.0	0.02129520409296063
1129.0	0.02128787604401127
1130.0	0.02199040993301011
1131.0	0.020954073141400433
1132.0	0.019067134780150752
1133.0	0.021010711426270957
1134.0	0.02102269655305735
1135.0	0.021423205247039244
1136.0	0.01880955728390141
1137.0	0.021505868378645935
1138.0	0.018327618214210882
1139.0	0.021458955168082054
1140.0	0.02165777129985865
1141.0	0.02443838920074067
1142.0	0.020526991709172264
1143.0	0.023035649961661266
1144.0	0.021862408778931496
1145.0	0.017842734227652812
1146.0	0.022913949559950166
1147.0	0.018975089006431318
1148.0	0.02245522739300595
1149.0	0.019574482318628496
1150.0	0.019538937856901896
1151.0	0.020658485671628687
1152.0	0.01958694685048631
1153.0	0.020020602980837368
1154.0	0.02199814890059221
1155.0	0.02130362792493053
1156.0	0.019375803159729425
1157.0	0.019142812295001976
1158.0	0.02253932873982691
1159.0	0.021502854975339707
1160.0	0.01941251189091524
1161.0	0.02173899621625107
1162.0	0.019949651030262017
1163.0	0.01701466469637132
1164.0	0.021965069950661737
1165.0	0.01913178597835843
1166.0	0.020411386600512622
1167.0	0.019115349233051377
1168.0	0.016335690142312367
1169.0	0.01915055126258408
1170.0	0.014896790063557415
1171.0	0.01916568676555423
1172.0	0.018320221678822676
1173.0	0.018710731352742878
1174.0	0.017947449992546594
1175.0	0.016378631139427013
1176.0	0.01873134577081538
1177.0	0.018404117566327427
1178.0	0.020035464538052463
1179.0	0.017472907458244116
1180.0	0.016956862142041423
1181.0	0.0211085785472868
1182.0	0.016384863405356002
1183.0	0.016031062462621617
1184.0	0.018263309448197103
1185.0	0.014870148838872296
1186.0	0.016980010558348888
1187.0	0.014747900545651088
1188.0	0.016984188231114493
1189.0	0.0177543867216274
1190.0	0.01619864877831491
1191.0	0.018619918334921347
1192.0	0.016246383826144108
1193.0	0.016477525557024544
1194.0	0.015165941767960411
1195.0	0.016966244784154167
1196.0	0.019472848443479785
1197.0	0.01359369859290202
1198.0	0.016395889721999547
1199.0	0.014329653864025394
1200.0	0.018549582762294944
1201.0	0.01827015809207504
1202.0	0.017207796453729197
1203.0	0.016780920480817238
1204.0	0.01726559900805894
1205.0	0.017187729927166804
1206.0	0.020148672621354825
1207.0	0.015380646753533794
1208.0	0.018615946121472108
1209.0	0.014004343279823299
1210.0	0.017332030853674945
1211.0	0.017316758377827108
1212.0	0.014898707683843269
1213.0	0.017965804358139343
1214.0	0.01922246202330244
1215.0	0.019503530368052985
1216.0	0.0200988144939234
1217.0	0.019671459115940013
1218.0	0.017772467141465256
1219.0	0.01764583571616207
1220.0	0.018198863709305634
1221.0	0.017431610135660112
1222.0	0.01852177726815045
1223.0	0.017651725549897163
1224.0	0.020737450535541196
1225.0	0.017425035437537387
1226.0	0.021314585755135233
1227.0	0.01651183726285292
1228.0	0.017504205760766264
1229.0	0.01840137810877625
1230.0	0.017932862381086552
1231.0	0.01604667737066335
1232.0	0.019788913358446666
1233.0	0.01977706520453796
1234.0	0.019111240046724615
1235.0	0.017622755786293447
1236.0	0.01752701174487983
1237.0	0.020195996750551445
1238.0	0.020194284589581963
1239.0	0.018897151439100344
1240.0	0.018671214677567043
1241.0	0.019971292744916207
1242.0	0.01971666016553441
1243.0	0.02080764913529007
1244.0	0.021565862499016743
1245.0	0.021407247906803616
1246.0	0.02069204402663059
1247.0	0.02233969077078499
1248.0	0.022315789003651047
1249.0	0.022964903470402125
1250.0	0.02346745695816531
1251.0	0.021500594922859953
1252.0	0.022779716139942563
1253.0	0.020399127527971017
1254.0	0.02340417548873306
1255.0	0.02345410210260333
1256.0	0.021327392719186943
1257.0	0.020519389714467685
1258.0	0.020827030797464667
1259.0	0.020521718253386122
1260.0	0.022744514110410022
1261.0	0.019679540515716014
1262.0	0.021169531477800454
1263.0	0.023554640194731344
1264.0	0.024912109897777666
1265.0	0.022939084082982328
1266.0	0.022866214512120963
1267.0	0.020243731798380647
1268.0	0.02234571757739761
1269.0	0.024755070493656498
1270.0	0.02129602593022595
1271.0	0.022823273515006317
1272.0	0.02155305553496503
1273.0	0.022082318733852177
1274.0	0.02419793331418617
1275.0	0.025459590489380037
1276.0	0.02611596451864179
1277.0	0.02442284277913778
1278.0	0.02229421577543554
1279.0	0.02230031106848684
1280.0	0.023660383256206816
1281.0	0.02342821422874469
1282.0	0.02233277364046837
1283.0	0.02583681379417694
1284.0	0.02518050825135403
1285.0	0.0253788449780592
1286.0	0.024033908293309536
1287.0	0.025264541111736465
1288.0	0.02493032729049305
1289.0	0.022772935982503465
1290.0	0.02325761450974517
1291.0	0.025167975233057527
1292.0	0.024103216569354245
1293.0	0.020628968016514707
1294.0	0.021468611755950013
1295.0	0.02419526234307384
1296.0	0.020334544816202182
1297.0	0.019684608512185783
1298.0	0.0211404932277579
1299.0	0.022297297665180613
1300.0	0.021784813643794417
1301.0	0.02367360113889127
1302.0	0.021788580397927283
1303.0	0.02614322212127602
1304.0	0.021546823269036043
1305.0	0.021974178647019425
1306.0	0.020568631463950004
1307.0	0.020863328610017745
1308.0	0.02288580163361193
1309.0	0.024474687013293746
1310.0	0.026243006862577557
1311.0	0.023112697205288076
1312.0	0.021758925769935777
1313.0	0.024846088970794402
1314.0	0.024286691738844325
1315.0	0.023249259164214112
1316.0	0.02539781572160106
1317.0	0.02235544265170425
1318.0	0.02248337531934418
1319.0	0.024137733734499154
1320.0	0.023727362993333088
1321.0	0.022439749457841742
1322.0	0.023591485898794687
1323.0	0.021515182534319995
1324.0	0.024282856498272613
1325.0	0.024753015900493117
1326.0	0.021629349427765204
1327.0	0.02256884639494089
1328.0	0.019821649876183244
1329.0	0.020309478779608862
1330.0	0.023972270498408086
1331.0	0.01947757400775566
1332.0	0.02366921800680929
1333.0	0.021735640380750786
1334.0	0.023709556519250448
1335.0	0.024224711511748976
1336.0	0.024032059159462524
1337.0	0.023975078442398105
1338.0	0.02460186633010704
1339.0	0.02306708523706094
1340.0	0.024017950953073908
1341.0	0.0238747458095863
1342.0	0.0227020525183668
1343.0	0.022993393828934255
1344.0	0.02451399822915305
1345.0	0.024950051384861387
1346.0	0.02394398559919217
1347.0	0.025821746777645475
1348.0	0.023786946195071157
1349.0	0.023987063569184498
1350.0	0.024594743740474045
1351.0	0.024821707798588874
1352.0	0.02322494647844743
1353.0	0.023323019058779485
1354.0	0.024787807011393076
1355.0	0.027255167941298078
1356.0	0.0252159157402031
1357.0	0.0238892649346075
1358.0	0.02549177911560635
1359.0	0.0259119434175179
1360.0	0.024001103289134275
1361.0	0.025109898732972574
1362.0	0.025664775859963147
1363.0	0.02530946821557565
1364.0	0.024591319418535075
1365.0	0.026663376623805475
1366.0	0.027546372278988006
1367.0	0.027792991945032645
1368.0	0.027384881256346333
1369.0	0.024300252053722673
1370.0	0.027170107784334107
1371.0	0.02676473655319897
1372.0	0.024442361414189904
1373.0	0.025421785975173847
1374.0	0.02692273476746299
1375.0	0.026530992337644888
1376.0	0.025675391257973953
1377.0	0.02906800397578849
1378.0	0.02736803359240654
1379.0	0.02606658579628179
1380.0	0.02718894155499844
1381.0	0.02721215845774459
1382.0	0.02731262806343408
1383.0	0.028249111627303373
1384.0	0.027604174833317903
1385.0	0.025033330894417186
1386.0	0.028111864803989542
1387.0	0.02625259496400667
1388.0	0.025148936003076824
1389.0	0.02800002644946277
1390.0	0.028689547915093688
1391.0	0.026503255329939232
1392.0	0.029372083763968975
1393.0	0.02816959887188044
1394.0	0.027744640519254335
1395.0	0.027275782359370736
1396.0	0.029280311936004597
1397.0	0.02750014393281192
1398.0	0.02947241639678078
1399.0	0.02887754318954311
1400.0	0.02528714163653366
1401.0	0.02681562197721193
1402.0	0.026117265760978538
1403.0	0.030369862690545982
1404.0	0.026363337535512912
1405.0	0.027107031774218228
1406.0	0.029379137867163285
1407.0	0.030017431476587187
1408.0	0.02897787582235491
1409.0	0.028628252552386133
1410.0	0.0313965428942877
1411.0	0.027165039787864498
1412.0	0.030660108218092903
1413.0	0.02453461264722571
1414.0	0.028450461757314777
1415.0	0.0333375855421731
1416.0	0.022344621794377236
1417.0	0.027891338471119912
1418.0	0.03284064794238995
1419.0	0.0319923064252297
1420.0	0.029587679073246522
1421.0	0.030224808413211207
1422.0	0.029512343990589197
1423.0	0.02830636629012301
1424.0	0.030442869234284718
1425.0	0.030009076131056134
1426.0	0.029152858673436248
1427.0	0.027439464948053476
1428.0	0.02810364643133602
1429.0	0.02842388901906834
1430.0	0.029736226158958955
1431.0	0.02895096065191458
1432.0	0.02902307687194931
1433.0	0.026850960979622158
1434.0	0.027420631177389142
1435.0	0.03180992703876016
1436.0	0.028881926321624923
1437.0	0.02728571289299375
1438.0	0.03058299248802741
1439.0	0.02915429688865052
1440.0	0.022093413536934406
1441.0	0.02668008731486758
1442.0	0.030106189901245337
1443.0	0.026828634400580014
1444.0	0.0278846268001195
1445.0	0.026392307299116624
1446.0	0.026076584816343642
1447.0	0.02399781594007283
1448.0	0.021456900574918673
1449.0	0.0248893039136641
1450.0	0.024052810550412713
1451.0	0.02280026207157638
1452.0	0.019700565852421255
1453.0	0.020524594683814984
1454.0	0.023367329784669717
1455.0	0.020195174913286124
1456.0	0.020387895752011262
1457.0	0.022621307007045965
1458.0	0.01832350902788412
1459.0	0.019520925923503046
1460.0	0.017484481666397926
1461.0	0.02122363576443617
1462.0	0.019926571100393236
1463.0	0.01936155798046328
1464.0	0.018195987278876932
1465.0	0.016616758487063073
1466.0	0.019125964631062184
1467.0	0.015323529063591848
1468.0	0.016593336125000396
1469.0	0.018037646632419017
1470.0	0.020461587160137948
1471.0	0.018405624267980703
1472.0	0.018988991753503406
1473.0	0.019686868564665377
1474.0	0.022902443838235354
1475.0	0.020935718775807525
1476.0	0.02311434087981872
1477.0	0.019525172082707334
1478.0	0.019934994932363132
1479.0	0.021492445036645273
1480.0	0.021110016762501068
1481.0	0.018559855728111852
1482.0	0.0204092635209104
1483.0	0.021068377007723328
1484.0	0.021510319997166596
1485.0	0.021520182044350925
1486.0	0.0220237628286958
1487.0	0.021253290392427678
1488.0	0.019154591962472
1489.0	0.024047057689555146
1490.0	0.020806827298024747
1491.0	0.021362526262280804
1492.0	0.020735669888133027
1493.0	0.02304017006662061
1494.0	0.020589108909145136
1495.0	0.02139519429357854
1496.0	0.020146275595997545
1497.0	0.017418529225853345
1498.0	0.020113333618944757
1499.0	0.019623381635916915
1500.0	0.01955462125138247
1501.0	0.021700917756289666
1502.0	0.021448271283632567
1503.0	0.019103501079142673
1504.0	0.017947244533230225
1505.0	0.023347057798791114
1506.0	0.02203129633696153
1507.0	0.02305153881545805
1508.0	0.021865285209360198
1509.0	0.022093139591179194
1510.0	0.02433648137983691
1511.0	0.023288296434318366
1512.0	0.024416610513208793
1513.0	0.020545003642571114
1514.0	0.02041131811407378
1515.0	0.023397395331293962
1516.0	0.022398109703063843
1517.0	0.021787416128468066
1518.0	0.020310232130435497
1519.0	0.019577495721934724
1520.0	0.019424770963456687
1521.0	0.019664541985623393
1522.0	0.01771918469209486
1523.0	0.021933497702384532
1524.0	0.01874634430090816
1525.0	0.021452106524204116
1526.0	0.02104618740155871
1527.0	0.022293119992415008
1528.0	0.020693756187600075
1529.0	0.02207834652040294
1530.0	0.02199712160401052
1531.0	0.02459323703882077
1532.0	0.021355472159086494
1533.0	0.020384265970755922
1534.0	0.022136286047610206
1535.0	0.020087240285769744
1536.0	0.020567124762296888
1537.0	0.020233527319002582
1538.0	0.02021667965506279
1539.0	0.02154880937576074
1540.0	0.01832919340230284
1541.0	0.01888071469379329
1542.0	0.02258418735722741
1543.0	0.020389744885858273
1544.0	0.02337287718621091
1545.0	0.018963309338961135
1546.0	0.02078018607333963
1547.0	0.017899783431156075
1548.0	0.02182932982900102
1549.0	0.020200037450439367
1550.0	0.020179833950999447
1551.0	0.018034564742673943
1552.0	0.019770148074221176
1553.0	0.021596818369344996
1554.0	0.02129431376925647
1555.0	0.021492445036645273
1556.0	0.02111063314045018
1557.0	0.02548698506489179
1558.0	0.02564183290297205
1559.0	0.022794783156474027
1560.0	0.022849709280375226
1561.0	0.023214331080436627
1562.0	0.023532245129250517
1563.0	0.022891143575836756
1564.0	0.023950628783753897
1565.0	0.025612931625807182
1566.0	0.022813069035628252
1567.0	0.024313401449968287
1568.0	0.02558314002493815
1569.0	0.021664345997981536
1570.0	0.027167505299660458
1571.0	0.025228722704254813
1572.0	0.025336040953822084
1573.0	0.024408049708361367
1574.0	0.02841717734806793
1575.0	0.02526419867954257
1576.0	0.025903588071986845
1577.0	0.024308607399253727
1578.0	0.03253855426093401
1579.0	0.030407461745435804
1580.0	0.02696800430349607
1581.0	0.02997524383029902
1582.0	0.03198600567286187
1583.0	0.03076516641518058
1584.0	0.02821240289611756
1585.0	0.031101366343148536
1586.0	0.030418145629885453
1587.0	0.029614936675880752
1588.0	0.030266448167989107
1589.0	0.029729925406591282
1590.0	0.029821628748116977
1591.0	0.0328109248279596
1592.0	0.028530385431370292
1593.0	0.02550410667458664
1594.0	0.02927757247845342
1595.0	0.030374999173454438
1596.0	0.03380308786655673
1597.0	0.02910074049352507
1598.0	0.026716316640981817
1599.0	0.026988618721568727
1600.0	0.030082288134111235
1601.0	0.027809702636094755
1602.0	0.02545582373524717
1603.0	0.02827143820634552
1604.0	0.026053710345791233
1605.0	0.026994440068864978
1606.0	0.03100603322036766
1607.0	0.026136989855347032
1608.0	0.02908560499055476
1609.0	0.02618362912015586
1610.0	0.029610074138727353
1611.0	0.02617472588311454
1612.0	0.030671203021175292
1613.0	0.02789085906604833
1614.0	0.027203186734264584
1615.0	0.027579519715357326
1616.0	0.026673786562499913
1617.0	0.026220748769974257
1618.0	0.025357751154915117
1619.0	0.02519208245950784
1620.0	0.026107746145988264
1621.0	0.02404445520488166
1622.0	0.026560852424952604
1623.0	0.024663846557202385
1624.0	0.024983815199179655
1625.0	0.023255354457265415
1626.0	0.02284292912293597
1627.0	0.024231902587820812
1628.0	0.022821013462526567
1629.0	0.025229955460152872
1630.0	0.025307824541045007
1631.0	0.02554780102252792
1632.0	0.02462960333781269
1633.0	0.02560580903617403
1634.0	0.024657545804834712
1635.0	0.02452618881525581
1636.0	0.02371120019378109
1637.0	0.025614849246093037
1638.0	0.02578770901757215
1639.0	0.024414692892922935
1640.0	0.026278962242936736
1641.0	0.027385292174978915
1642.0	0.025014360150875325
1643.0	0.027357212735079364
1644.0	0.026595643535852566
1645.0	0.029737527401295857
1646.0	0.02691287272027866
1647.0	0.02962986671953469
1648.0	0.02775689959179594
1649.0	0.02595687052135724
1650.0	0.027198118737794815
1651.0	0.027089019840819375
1652.0	0.025971869051449863
1653.0	0.029458924568341274
1654.0	0.026159521893705386
1655.0	0.028262945887936777
1656.0	0.027684303966689788
1657.0	0.029909085930438225
1658.0	0.02984190073399558
1659.0	0.028846381859898487
1660.0	0.028872680652389706
1661.0	0.024931833992146164
1662.0	0.0256815550374641
1663.0	0.02641141501553601
1664.0	0.027129632299015424
1665.0	0.028225963210995908
1666.0	0.026132606723265214
1667.0	0.02709258113563587
1668.0	0.02370085874152534
1669.0	0.021654073032164628
1670.0	0.023289255244461213
1671.0	0.025820719481063785
1672.0	0.024532078648990905
1673.0	0.0242223144863917
1674.0	0.023400682680355406
1675.0	0.02494792830525932
1676.0	0.024774246696514728
1677.0	0.027443231702186342
1678.0	0.028099331785692884
1679.0	0.026917392825238164
1680.0	0.025181877980129615
1681.0	0.028193774584769595
1682.0	0.026076653302782325
1683.0	0.024814653695394567
1684.0	0.02629053645109039
1685.0	0.026840003149417455
1686.0	0.025842909087228402
1687.0	0.02473103175364503
1688.0	0.024977103528179244
1689.0	0.023821052441583165
1690.0	0.02402000554623729
1691.0	0.022939700460931276
1692.0	0.021491486226502265
1693.0	0.021613186628213366
1694.0	0.021005711916240188
1695.0	0.020206886094317304
1696.0	0.022236687166860853
1697.0	0.02270006641164226
1698.0	0.020647938760056567
1699.0	0.023280968385369003
1700.0	0.020481174281628756
1701.0	0.0253739824409058
1702.0	0.022156078628417546
1703.0	0.023470196415716484
1704.0	0.018533077530549048
1705.0	0.017672202995092135
1706.0	0.016962135597827402
1707.0	0.019206984088138233
1708.0	0.016876664522230852
1709.0	0.016856666482107145
1710.0	0.019054875707609307
1711.0	0.016644700954084938
1712.0	0.015184022187798265
1713.0	0.014551070520599028
1714.0	0.013326122076590981
1715.0	0.012177193579627895
1716.0	0.012043028646059138
1717.0	0.01199700575919942
1718.0	0.011078123210096236
1719.0	0.010041443986292664
1720.0	0.010221494833843771
1721.0	0.005869524081607527
1722.0	0.005378613288436839
1723.0	0.004188524441767435
1724.0	0.004571500607421744
1725.0	0.006076490099598808
1726.0	0.002558615685256672
1727.0	0.004901810701654767
1728.0	0.004201468378696676
1729.0	0.004732512224991991
1730.0	0.00513692464598428
1731.0	0.003196703835364203
1732.0	0.00416496510682723
1733.0	0.00484325479649839
1734.0	0.008030065765780865
1735.0	0.006608492756037129
1736.0	0.006033001210973896
1737.0	0.004501233521234028
1738.0	0.008389414110056285
1739.0	0.009242618164369939
1740.0	0.0035400263529653097
1741.0	0.006102788892090029
1742.0	0.005573183261008985
1743.0	0.007408345874541544
1744.0	0.0022680962119545375
1745.0	0.004409393206830963
1746.0	0.003564065092976939
1747.0	0.005951091430193683
1748.0	0.004228246576259481
1749.0	0.004493357580774398
1750.0	0.005947735594693557
1751.0	0.008727394685432568
1752.0	0.005799873373368762
1753.0	0.007780569669307521
1754.0	0.006725262134155987
1755.0	0.006378035889544487
1756.0	0.008049652887271675
1757.0	0.007535936109987577
1758.0	0.00892086887498434
1759.0	0.007031054083305957
1760.0	0.010099862918571513
1761.0	0.009199060789306185
1762.0	0.0101941687447707
1763.0	0.011785108717615896
1764.0	0.010760825539231456
1765.0	0.013802239798985259
1766.0	0.011178866761540781
1767.0	0.012027619197333774
1768.0	0.014001055930761855
1769.0	0.016750512501999094
1770.0	0.016225837894510292
1771.0	0.017706788646675728
1772.0	0.018753672349857524
1773.0	0.02002327395194986
1774.0	0.02118829676202594
1775.0	0.02100228759430122
1776.0	0.023180704238995882
1777.0	0.024572485647870745
1778.0	0.025864139883250013
1779.0	0.022877377801642035
1780.0	0.019994235701907302
1781.0	0.025573414950631507
1782.0	0.020527402627804843
1783.0	0.023384930799436147
1784.0	0.020839906247955224
1785.0	0.02194514039697703
1786.0	0.022283120972353312
1787.0	0.020000399481397448
1788.0	0.021444983934571123
1789.0	0.02242310725321832
1790.0	0.02131232570265548
1791.0	0.018711005298497934
1792.0	0.016963231380847935
1793.0	0.018669434030158874
1794.0	0.019596740411231797
1795.0	0.017480167020754795
1796.0	0.016232138646877965
1797.0	0.015236825232097078
1798.0	0.017073973952354177
1799.0	0.016862967234474977
1800.0	0.015792250250597918
1801.0	0.015819987258303574
1802.0	0.01688289678815968
1803.0	0.018903452191468013
1804.0	0.016386233134131588
1805.0	0.01917739794658557
1806.0	0.016952273550643236
1807.0	0.016031473381254355
1808.0	0.016186115760018247
1809.0	0.018078396063492753
1810.0	0.017076987355660565
1811.0	0.017775754490526537
1812.0	0.01871340232385521
1813.0	0.01890762986423362
1814.0	0.016873171713853042
1815.0	0.0161224918583921
1816.0	0.016397327937213817
1817.0	0.014308080635809886
1818.0	0.013140386854621312
1819.0	0.015344006508786822
1820.0	0.013666020272253119
1821.0	0.013241746784014807
1822.0	0.014036257960294398
1823.0	0.01353890944187851
1824.0	0.012813775028082312
1825.0	0.011870168874579866
1826.0	0.01280425541309204
1827.0	0.013567262827533113
1828.0	0.013951129316891586
1829.0	0.013507679625795044
1830.0	0.01328366048454776
1831.0	0.012152675434544843
1832.0	0.014556891867895277
1833.0	0.013759778206942038
1834.0	0.01331701338023329
1835.0	0.012491340874308919
1836.0	0.014862067439096297
1837.0	0.013694168198591351
1838.0	0.013060942585637222
1839.0	0.012203286912802907
1840.0	0.012710976883474546
1841.0	0.013980236053372825
1842.0	0.01318723157874635
1843.0	0.015251892248628544
1844.0	0.0115046567508143
1845.0	0.016296378926453064
1846.0	0.01605133444850038
1847.0	0.015496457321509805
1848.0	0.014334790346933848
1849.0	0.017641384097641412
1850.0	0.016682368495413602
1851.0	0.018750453487234923
1852.0	0.01834754776789575
1853.0	0.01904241117575133
1854.0	0.021661880486185416
1855.0	0.02297093027701474
1856.0	0.0211085785472868
1857.0	0.022285791943465645
1858.0	0.020700604831478012
1859.0	0.021784197265845465
1860.0	0.023148173180575674
1861.0	0.022056636319309906
1862.0	0.023917686806700946
1863.0	0.020954484060033175
1864.0	0.02272321482794957
1865.0	0.0211308366398901
1866.0	0.021465392893327412
1867.0	0.02304078644456972
1868.0	0.02290573118729664
1869.0	0.023365617623700232
1870.0	0.026327656100908786
1871.0	0.025552389613926106
1872.0	0.025543417890446105
1873.0	0.025637107338696338
1874.0	0.027612119260216218
1875.0	0.028507168528624144
1876.0	0.02899807932179483
1877.0	0.029925728135061648
1878.0	0.029238672181226697
1879.0	0.02766108706394348
1880.0	0.030063933768518326
1881.0	0.029031706163235416
1882.0	0.032762436429303925
1883.0	0.028981437117171407
1884.0	0.028804947564436956
1885.0	0.031081916194535254
1886.0	0.03081201113930562
1887.0	0.030805847359815477
1888.0	0.028843573915908468
1889.0	0.02949967399941501
1890.0	0.026384088926463097
1891.0	0.026754806019575958
1892.0	0.02366202693073746
1893.0	0.02863023865911067
1894.0	0.026516815644817584
1895.0	0.026755079965331014
1896.0	0.026649679336049597
1897.0	0.02904430766797092
1898.0	0.028279040201049935
1899.0	0.030135913015675527
1900.0	0.027854150334862673
1901.0	0.029684518897680517
1902.0	0.027835522023514712
1903.0	0.02874700803722953
1904.0	0.031189234444102525
1905.0	0.031847663066527504
1906.0	0.030212686313547288
1907.0	0.023782768522305552
1908.0	0.02804351533808768
1909.0	0.026829456237845495
1910.0	0.028971438097109555
1911.0	0.028280478416264368
1912.0	0.02844607862523296
1913.0	0.029371809818213922
1914.0	0.027690467746179934
1915.0	0.028670988090184406
1916.0	0.02828506700766255
1917.0	0.03138133890487871
1918.0	0.027522196566099007
1919.0	0.027055872404450055
1920.0	0.027379676286999038
1921.0	0.027012657461580356
1922.0	0.027729368043406658
1923.0	0.02741104307596003
1924.0	0.02986128239617018
1925.0	0.027992492941197038
1926.0	0.030281446698081728
1927.0	0.02853860380402382
1928.0	0.029384822241582006
1929.0	0.02684253714765226
1930.0	0.02837471575602471
1931.0	0.02866256425821451
1932.0	0.02859442025162902
1933.0	0.026217118988718917
1934.0	0.027376662883692806
1935.0	0.029135737063741403
1936.0	0.027254277617593914
1937.0	0.02828821738384647
1938.0	0.02823246942267995
1939.0	0.02959548652726731
1940.0	0.031834239724526835
1941.0	0.026630434646752528
1942.0	0.029365235120091038
1943.0	0.026826442834539103
1944.0	0.02930106332695478
1945.0	0.029190389241887226
1946.0	0.03013789912240007
1947.0	0.027232567416500878
1948.0	0.03078352078077349
1949.0	0.029897169290090515
1950.0	0.028884597292737256
1951.0	0.026688579633276165
1952.0	0.028614144345997516
1953.0	0.028890281667155977
1954.0	0.028888021614676226
1955.0	0.03127463703326039
1956.0	0.028310612449327296
1957.0	0.03028028242862251
1958.0	0.030036950111639312
1959.0	0.029556517743601903
1960.0	0.031570635421664876
1961.0	0.029199703397561286
1962.0	0.02925052033513556
1963.0	0.030421159033191682
1964.0	0.027171888431742435
1965.0	0.028988491220365717
1966.0	0.0279549623727459
1967.0	0.025969061107460004
1968.0	0.026868493507949745
1969.0	0.027150863095037035
1970.0	0.02734557004048687
1971.0	0.027474256058953435
1972.0	0.029207990256653656
1973.0	0.02769923401034373
1974.0	0.028101591838172634
1975.0	0.030189948815872402
1976.0	0.02671926155784936
1977.0	0.03160364588515667
1978.0	0.025394048967468195
1979.0	0.029240726774390078
1980.0	0.027848534446882796
1981.0	0.026928556114759236
1982.0	0.027475694274167708
1983.0	0.02819548674573908
1984.0	0.02547335626357476
1985.0	0.026289098235876118
1986.0	0.026925885143646744
1987.0	0.024821776285027717
1988.0	0.024620837073648896
1989.0	0.025166400044965568
1990.0	0.023642713755001703
1991.0	0.02645668455156925
1992.0	0.022123547569997338
1993.0	0.022384891820379386
1994.0	0.024267515535986096
1995.0	0.02300483106421054
1996.0	0.02427148774943533
1997.0	0.022499332659579808
1998.0	0.025346656351832888
1999.0	0.0244333212042709
2000.0	0.024081574854700055
2001.0	0.025345971487445093
2002.0	0.025640668633512834
2003.0	0.026672416833724323
2004.0	0.028168229143104854
2005.0	0.026465039897100303
2006.0	0.027474187572514592
2007.0	0.02651263797205198
2008.0	0.02734372090663986
2009.0	0.024868963441346655
2010.0	0.02637607601312594
2011.0	0.02635642040519613
2012.0	0.024526873679643606
2013.0	0.022378385608695345
2014.0	0.022561860778185422
2015.0	0.020806827298024747
2016.0	0.021503060434656076
2017.0	0.0223273632118047
2018.0	0.025084901182818097
2019.0	0.022827108755578026
2020.0	0.022636237050699743
2021.0	0.02115487537990157
2022.0	0.025666145588738736
2023.0	0.026722754366227175
2024.0	0.024405447223687718
2025.0	0.025581427863968664
2026.0	0.023208441246701534
2027.0	0.02635772164753303
2028.0	0.023153720582116868
2029.0	0.023623948470776212
2030.0	0.024797258139944666
2031.0	0.025739152132477627
2032.0	0.025067848059561932
2033.0	0.025022989442161435
2034.0	0.023934123552008
2035.0	0.024075479561648593
2036.0	0.023854473823707537
2037.0	0.024573238998697223
2038.0	0.025300085573462906
2039.0	0.023416708507029718
2040.0	0.028232537909118793
2041.0	0.024556939226267695
2042.0	0.025594645746653117
2043.0	0.02505339742097958
2044.0	0.026127675699672972
2045.0	0.025353915914343567
2046.0	0.025193794620477324
2047.0	0.025779764590673677
2048.0	0.022068963878290195
2049.0	0.024908274657205957
2050.0	0.02733611891193528
2051.0	0.027178394643426477
2052.0	0.025425621215745556
2053.0	0.027748475759826044
2054.0	0.02730495758229066
2055.0	0.026409428908811473
2056.0	0.02750726652244507
2057.0	0.025396582965702998
2058.0	0.025949063067336454
2059.0	0.02394966997361089
2060.0	0.025706963506251315
2061.0	0.024782533555607097
2062.0	0.02366127357991098
2063.0	0.027099909184585234
2064.0	0.024822940554486937
2065.0	0.0255550605850386
2066.0	0.02632573848062309
2067.0	0.0240460988794123
2068.0	0.026110211657784228
2069.0	0.028639141896151993
2070.0	0.024413734082780088
2071.0	0.02472479948771604
2072.0	0.02584147087201397
2073.0	0.027580547011939016
2074.0	0.02713456332260767
2075.0	0.025847429192187747
2076.0	0.02860900786308906
2077.0	0.02599385319829811
2078.0	0.02416170398807194
2079.0	0.02684253714765226
2080.0	0.02483088498138525
2081.0	0.02681164976376285
2082.0	0.026536060334114497
2083.0	0.030237478404385395
2084.0	0.02535740872272122
2085.0	0.02464254727474193
2086.0	0.024388599559748085
2087.0	0.025574373760774354
2088.0	0.02365702742070653
2089.0	0.023645658671869248
2090.0	0.025193863106916008
2091.0	0.022220318907992646
2092.0	0.023893853526005687
2093.0	0.023916385564364203
2094.0	0.025772710487479526
2095.0	0.028423272641119393
2096.0	0.027783746275797428
2097.0	0.028467788826325995
2098.0	0.028437654793263063
2099.0	0.02722167807273502
2100.0	0.028745158903382518
2101.0	0.0276971109307415
2102.0	0.030278707240530552
2103.0	0.02994106909734817
2104.0	0.03206743604857065
2105.0	0.028645716594274877
2106.0	0.02931496607402703
2107.0	0.029722871303396972
2108.0	0.02814350553870559
2109.0	0.029181622977723594
2110.0	0.031552418028949654
2111.0	0.03031418321581831
2112.0	0.029271134753208222
2113.0	0.02966643847784282
2114.0	0.029916413979387588
2115.0	0.027942292381571712
2116.0	0.029647399247862118
2117.0	0.029067113652084326
2118.0	0.03157659374183881
2119.0	0.027851753309505393
2120.0	0.03140893893970684
2121.0	0.027008342815937225
2122.0	0.027715602269211936
2123.0	0.027764227640745303
2124.0	0.028062760027384594
2125.0	0.027914623860304903
2126.0	0.029041157291787002
2127.0	0.030221110145517024
2128.0	0.029310172023312472
2129.0	0.02737995023275409
2130.0	0.029082591587248532
2131.0	0.02832882984204252
2132.0	0.03142482779350362
2133.0	0.028477171468438738
2134.0	0.028066595267956303
2135.0	0.029344004324069427
2136.0	0.029210729714204832
2137.0	0.027695330283333174
2138.0	0.02993223434674569
2139.0	0.026864589780939193
2140.0	0.02841957437342521
2141.0	0.02937961727223471
2142.0	0.029403587525807497
2143.0	0.03076413911859889
2144.0	0.02931229510291454
2145.0	0.02871625762621765
2146.0	0.029924015974092163
2147.0	0.03090213929273936
2148.0	0.029783824233910627
2149.0	0.02863338903529459
2150.0	0.03035801453663712
2151.0	0.030436636968355888
2152.0	0.029011776609550708
2153.0	0.028372592676422642
2154.0	0.0271966120361417
2155.0	0.025240913290357575
2156.0	0.024384353400543637
2157.0	0.025702511887730654
2158.0	0.0225310418807347
2159.0	0.026584137814137595
2160.0	0.023545531498373812
2161.0	0.025927763784876
2162.0	0.02222141469101302
2163.0	0.024875949058102118
2164.0	0.02561005519537848
2165.0	0.028734954424004294
2166.0	0.029148954946425696
2167.0	0.028103167026264433
2168.0	0.024818420449527433
2169.0	0.026471820054539397
2170.0	0.026428536625230856
2171.0	0.02722386963877593
2172.0	0.02791900699238672
2173.0	0.02710470323529979
2174.0	0.028640374652050053
2175.0	0.0294064639562362
2176.0	0.026521815154848354
2177.0	0.027736079714406912
2178.0	0.026269922033017888
2179.0	0.026006317730155926
2180.0	0.02704381879122498
2181.0	0.026891915870012262
2182.0	0.028185282266361016
2183.0	0.028906855385340557
2184.0	0.028171516492166294
2185.0	0.028871927301563072
2186.0	0.02832033752363394
2187.0	0.02800571082388149
2188.0	0.029086495314258925
2189.0	0.027824084788238425
2190.0	0.02716291670826227
2191.0	0.0306546977894294
2192.0	0.03012564004985862
2193.0	0.028274109177457853
2194.0	0.0262891667223148
2195.0	0.029921413489418517
2196.0	0.028099194812815358
2197.0	0.02829369629894882
2198.0	0.026742136028401774
2199.0	0.02605405277798513
2200.0	0.02674508094526916
2201.0	0.02743515030241034
2202.0	0.028749473549025652
2203.0	0.027706836005048145
2204.0	0.026858015082816468
2205.0	0.02621663958364749
2206.0	0.03248636759458414
2207.0	0.03156686866753201
2208.0	0.029979353016625784
2209.0	0.028276232257060076
2210.0	0.02566785774970822
2211.0	0.02549664165275975
2212.0	0.024673914063702923
2213.0	0.024620357668577474
2214.0	0.025708401721465587
2215.0	0.023631071060409205
2216.0	0.023661547525666033
2217.0	0.025674637907147316
2218.0	0.02588530219283278
2219.0	0.02612363499978505
2220.0	0.02499340330060877
2221.0	0.024401954415310068
2222.0	0.0269662236560879
2223.0	0.028100975460223526
2224.0	0.025842977573667086
2225.0	0.024972309477464687
2226.0	0.028288148897407626
2227.0	0.026995878284079407
2228.0	0.026656459493488695
2229.0	0.029113478971138102
2230.0	0.025189548461273036
2231.0	0.02840909594829209
2232.0	0.02716812167760957
2233.0	0.024198070287063698
2234.0	0.027294410670718697
2235.0	0.029058963765869646
2236.0	0.026195203328309512
2237.0	0.027086143410390513
2238.0	0.027572671071479385
2239.0	0.028548191905452932
2240.0	0.026839455257907187
2241.0	0.027807716529370214
2242.0	0.02550801040159719
2243.0	0.029161145532528458
2244.0	0.02852408467900262
2245.0	0.026894381381808226
2246.0	0.02963068855680001
2247.0	0.02803522847899531
2248.0	0.028259453079559127
2249.0	0.026321012916347218
2250.0	0.026004742542063967
2251.0	0.026488873177795563
2252.0	0.025978649208889117
2253.0	0.02677363979024029
2254.0	0.025558005501906143
2255.0	0.020568494491072477
2256.0	0.011668476312374566
2257.0	0.0007609836401752495
2258.0	0.00013898980318087473
2259.0	0.005345602824945205
2260.0	0.010437980466825323
2261.0	0.011766137974074038
2262.0	0.021255687417784958
2263.0	0.021507854485370632
2264.0	0.024336275920520536
2265.0	0.020289275280168943
2266.0	0.003830956744900184
2267.0	0.004524039505347596
2268.0	0.012705360995494509
2269.0	0.017663984622438608
2270.0	0.020293179007179335
2271.0	0.015631101660149988
2272.0	0.017063427040782213
2273.0	0.017234095246220417
2274.0	0.017309361842438902
2275.0	0.018784628220185774
2276.0	0.015972164125271342
2277.0	0.017171156208982224
2278.0	0.01570130025989886
2279.0	0.016817081320492786
2280.0	0.015768416969902662
2281.0	0.016249123283695283
2282.0	0.01666798634326993
2283.0	0.014499637205075805
2284.0	0.016691408705332606
2285.0	0.01443567087125576
2286.0	0.01629494071123863


