0.000000	51.907289
1.000000	51.737986
2.000000	51.825551
3.000000	51.856743
4.000000	51.498136
5.000000	51.687013
6.000000	51.904129
7.000000	51.946851
8.000000	52.016891
9.000000	52.039134
10.000000	52.029268
11.000000	52.337205
12.000000	52.136437
13.000000	52.134722
14.000000	51.996661
15.000000	51.952213
16.000000	51.967590
17.000000	52.033531
18.000000	52.001350
19.000000	51.976826
20.000000	52.192174
21.000000	52.255332
22.000000	52.121199
23.000000	52.174250
24.000000	52.237063
25.000000	52.160854
26.000000	52.251323
27.000000	52.051626
28.000000	52.288520
29.000000	52.151579
30.000000	52.044140
31.000000	52.073467
32.000000	51.926259
33.000000	52.102456
34.000000	52.178366
35.000000	51.930187
36.000000	51.986735
37.000000	52.116474
38.000000	52.127660
39.000000	52.023690
40.000000	52.035562
41.000000	52.022683
42.000000	52.067583
43.000000	52.026472
44.000000	52.111543
45.000000	52.050622
46.000000	52.297194
47.000000	51.999998
48.000000	52.095003
49.000000	51.882928
50.000000	52.215236
51.000000	52.154504
52.000000	52.117271
53.000000	52.211571
54.000000	52.049633
55.000000	52.240030
56.000000	52.174527
57.000000	52.211991
58.000000	52.193159
59.000000	52.112977
60.000000	52.170614
61.000000	52.113920
62.000000	52.049544
63.000000	52.029610
64.000000	51.836435
65.000000	51.956098
66.000000	51.912671
67.000000	51.770038
68.000000	51.659120
69.000000	51.733521
70.000000	51.749858
71.000000	51.572441
72.000000	51.599676
73.000000	51.732322
74.000000	51.584907
75.000000	51.719325
76.000000	51.628718
77.000000	51.704507
78.000000	51.552880
79.000000	51.609264
80.000000	51.591116
81.000000	51.561774
82.000000	51.528893
83.000000	51.895832
84.000000	51.738399
85.000000	51.736317
86.000000	51.706499
87.000000	51.845948
88.000000	51.602405
89.000000	51.860919
90.000000	51.826526
91.000000	51.840942
92.000000	52.167735
93.000000	51.843066
94.000000	51.829013
95.000000	51.773845
96.000000	51.692620
97.000000	51.797555
98.000000	51.888204
99.000000	51.915721
100.000000	51.932368
101.000000	51.921207
102.000000	51.786415
103.000000	51.741064
104.000000	51.563635
105.000000	51.636072
106.000000	51.514320
107.000000	51.673031
108.000000	51.773120
109.000000	51.753370
110.000000	51.807961
111.000000	51.630081
112.000000	51.804300
113.000000	51.416516
114.000000	51.371580
115.000000	51.518586
116.000000	51.505422
117.000000	51.511047
118.000000	51.395283
119.000000	51.519796
120.000000	51.334355
121.000000	51.190871
122.000000	51.230545
123.000000	51.147495
124.000000	51.192519
125.000000	51.182101
126.000000	51.341897
127.000000	51.296026
128.000000	51.630035
129.000000	51.456982
130.000000	51.513822
131.000000	51.425574
132.000000	51.364867
133.000000	51.673109
134.000000	51.567933
135.000000	51.566264
136.000000	51.571797
137.000000	51.577187
138.000000	51.590824
139.000000	51.807381
140.000000	51.946656
141.000000	51.785515
142.000000	51.881494
143.000000	51.833994
144.000000	51.801365
145.000000	52.034025
146.000000	52.398752
147.000000	52.592219
148.000000	52.406504
149.000000	52.696342
150.000000	52.604970
151.000000	52.371022
152.000000	52.515776
153.000000	52.470972
154.000000	52.347199
155.000000	52.567681
156.000000	52.424279
157.000000	52.454215
158.000000	52.423126
159.000000	52.535963
160.000000	52.398175
161.000000	52.508589
162.000000	52.411944
163.000000	52.592454
164.000000	52.475433
165.000000	52.380913
166.000000	52.505283
167.000000	52.536781
168.000000	52.560657
169.000000	52.544142
170.000000	52.615405
171.000000	52.629644
172.000000	52.636802
173.000000	52.518120
174.000000	52.604045
175.000000	52.681051
176.000000	52.631348
177.000000	52.686611
178.000000	52.693919
179.000000	52.701693
180.000000	52.519490
181.000000	52.678798
182.000000	52.705621
183.000000	52.683217
184.000000	52.560277
185.000000	52.570388
186.000000	52.763610
187.000000	52.693418
188.000000	52.606062
189.000000	52.673038
190.000000	52.592077
191.000000	52.632533
192.000000	52.422383
193.000000	52.567979
194.000000	52.541321
195.000000	52.513975
196.000000	52.505952
197.000000	52.399862
198.000000	52.515815
199.000000	52.503384
200.000000	52.378952
201.000000	52.556306
202.000000	52.525584
203.000000	52.478835
204.000000	52.425521
205.000000	52.231050
206.000000	51.837267
207.000000	51.629704
208.000000	51.650111
209.000000	51.452464
210.000000	51.776126
211.000000	51.700544
212.000000	51.608492
213.000000	51.492806
214.000000	51.467332
215.000000	51.420504
216.000000	51.312243
217.000000	51.383613
218.000000	51.591471
219.000000	51.498331
220.000000	51.460981
221.000000	51.063405
222.000000	50.956745
223.000000	51.068522
224.000000	51.254702
225.000000	51.638168
226.000000	51.828682
227.000000	52.040205
228.000000	52.381468
229.000000	52.358637
230.000000	52.435632
231.000000	52.236554
232.000000	52.271638
233.000000	52.466887
234.000000	52.249313
235.000000	52.429320
236.000000	52.329438
237.000000	52.243777
238.000000	52.297692
239.000000	52.268112
240.000000	52.255838
241.000000	52.309863
242.000000	52.281781
243.000000	52.209447
244.000000	52.258698
245.000000	52.202114
246.000000	51.995426
247.000000	52.150665
248.000000	51.915518
249.000000	51.812540
250.000000	51.859091
251.000000	51.752392
252.000000	51.611811
253.000000	51.738456
254.000000	51.830212
255.000000	51.910711
256.000000	51.872724
257.000000	51.858899
258.000000	51.825345
259.000000	51.950623
260.000000	51.985532
261.000000	52.086909
262.000000	52.071002
263.000000	52.146762
264.000000	51.991918
265.000000	52.104968
266.000000	52.017673
267.000000	52.204509
268.000000	52.077523
269.000000	52.141500
270.000000	52.118289
271.000000	52.190267
272.000000	52.048143
273.000000	51.984436
274.000000	52.010095
275.000000	51.913187
276.000000	51.994523
277.000000	51.947108
278.000000	52.005886
279.000000	52.164544
280.000000	52.055308
281.000000	52.073183
282.000000	52.067472
283.000000	52.043941
284.000000	52.110454
285.000000	52.204303
286.000000	52.150996
287.000000	52.340357
288.000000	52.130962
289.000000	52.239002
290.000000	52.303918
291.000000	52.169952
292.000000	52.209550
293.000000	52.194269
294.000000	52.233889
295.000000	52.174787
296.000000	52.106057
297.000000	52.047559
298.000000	52.120256
299.000000	52.028393
300.000000	52.041386
301.000000	52.010383
302.000000	51.970657
303.000000	51.762108
304.000000	51.846994
305.000000	51.605817
306.000000	51.465396
307.000000	51.467364
308.000000	51.478703
309.000000	51.546419
310.000000	51.241574
311.000000	51.161356
312.000000	51.129766
313.000000	51.159271
314.000000	51.182884
315.000000	50.996212
316.000000	50.955212
317.000000	50.955778
318.000000	50.893157
319.000000	50.965786
320.000000	50.944464
321.000000	50.993597
322.000000	51.066949
323.000000	51.060918
324.000000	51.215705
325.000000	50.943820
326.000000	50.976979
327.000000	51.072339
328.000000	51.108284
329.000000	51.014692
330.000000	51.082860
331.000000	50.989602
332.000000	50.876061
333.000000	51.085346
334.000000	51.049445
335.000000	51.073976
336.000000	51.022117
337.000000	51.110187
338.000000	51.028606
339.000000	51.083322
340.000000	51.108622
341.000000	51.119882
342.000000	51.174897
343.000000	51.114574
344.000000	51.160413
345.000000	51.112454
346.000000	51.260800
347.000000	51.394404
348.000000	51.318099
349.000000	51.308618
350.000000	51.309703
351.000000	51.266326
352.000000	51.367165
353.000000	51.390024
354.000000	51.523602
355.000000	51.460156
356.000000	51.465980
357.000000	51.583808
358.000000	51.414452
359.000000	51.566951
360.000000	51.423902
361.000000	51.508699
362.000000	51.516010
363.000000	51.509051
364.000000	51.452104
365.000000	51.607556
366.000000	51.481947
367.000000	51.469292
368.000000	51.442203
369.000000	51.458811
370.000000	51.476746
371.000000	51.485164
372.000000	51.382958
373.000000	51.505251
374.000000	51.618550
375.000000	51.593791
376.000000	51.433725
377.000000	51.432255
378.000000	51.364006
379.000000	51.456466
380.000000	51.584509
381.000000	51.547547
382.000000	51.403946
383.000000	51.542480
384.000000	51.449340
385.000000	51.584658
386.000000	51.501156
387.000000	51.625634
388.000000	51.567581
389.000000	51.687252
390.000000	51.849695
391.000000	51.796135
392.000000	51.755306
393.000000	51.772177
394.000000	51.764097
395.000000	51.808271
396.000000	51.796918
397.000000	52.009757
398.000000	52.058428
399.000000	51.831987
400.000000	51.641711
401.000000	51.905360
402.000000	52.040991
403.000000	52.321028
404.000000	52.209440
405.000000	52.130688
406.000000	51.962869
407.000000	51.883625
408.000000	51.834278
409.000000	51.854999
410.000000	51.735207
411.000000	51.780470
412.000000	51.726786
413.000000	51.674877
414.000000	51.616145
415.000000	51.281208
416.000000	51.274004
417.000000	51.378554
418.000000	51.249109
419.000000	51.499946
420.000000	51.329687
421.000000	51.494460
422.000000	51.464621
423.000000	51.554402
424.000000	51.433031
425.000000	51.474437
426.000000	51.543871
427.000000	51.528231
428.000000	51.366870
429.000000	51.340001
430.000000	51.348618
431.000000	51.365906
432.000000	51.283161
433.000000	51.256410
434.000000	51.279728
435.000000	51.105583
436.000000	51.120555
437.000000	51.161096
438.000000	51.437674
439.000000	51.500992
440.000000	51.332355
441.000000	51.481834
442.000000	51.548084
443.000000	51.362814
444.000000	51.386630
445.000000	51.448739
446.000000	51.647069
447.000000	51.633397
448.000000	51.609641
449.000000	51.714949
450.000000	51.569523
451.000000	51.610876
452.000000	51.486217
453.000000	51.468773
454.000000	51.451496
455.000000	51.499676
456.000000	51.470153
457.000000	51.449820
458.000000	51.574711
459.000000	51.397004
460.000000	51.567221
461.000000	51.592752
462.000000	51.536777
463.000000	51.567812
464.000000	51.701152
465.000000	51.634930
466.000000	51.659166
467.000000	51.698121
468.000000	51.670950
469.000000	51.629931
470.000000	51.637047
471.000000	51.748460
472.000000	51.521226
473.000000	51.423653
474.000000	51.512794
475.000000	51.516309
476.000000	51.603266
477.000000	51.615842
478.000000	51.684441
479.000000	51.716234
480.000000	51.682011
481.000000	51.600939
482.000000	51.609044
483.000000	51.705951
484.000000	51.686426
485.000000	51.681022
486.000000	51.632803
487.000000	51.668915
488.000000	51.676108
489.000000	51.662752
490.000000	51.728793
491.000000	51.738666
492.000000	51.608154
493.000000	51.599366
494.000000	51.665396
495.000000	51.735179
496.000000	51.620503
497.000000	51.827038
498.000000	51.910789
499.000000	51.703390
500.000000	51.878790
501.000000	51.763136
502.000000	51.721759
503.000000	51.734965
504.000000	51.745988
505.000000	51.599978
506.000000	51.805172
507.000000	51.924565
508.000000	51.827031
509.000000	51.749513
510.000000	51.910476
511.000000	51.841921
512.000000	51.799721
513.000000	51.757483
514.000000	51.914785
515.000000	51.751954
516.000000	51.764431
517.000000	51.748990
518.000000	51.906047
519.000000	51.823601
520.000000	51.749279
521.000000	51.828984
522.000000	51.947563
523.000000	51.849933
524.000000	51.786440
525.000000	51.739338
526.000000	51.776571
527.000000	51.772084
528.000000	51.809484
529.000000	51.781527
530.000000	51.851936
531.000000	51.764883
532.000000	51.626776
533.000000	51.733514
534.000000	51.750929
535.000000	51.743639
536.000000	51.724014
537.000000	51.924793
538.000000	51.681367
539.000000	51.679382
540.000000	51.747019
541.000000	51.795441
542.000000	51.652107
543.000000	51.801849
544.000000	51.708036
545.000000	51.810946
546.000000	51.780772
547.000000	51.955942
548.000000	51.826889
549.000000	51.893317
550.000000	51.738143
551.000000	51.885945
552.000000	52.003471
553.000000	51.790051
554.000000	51.995010
555.000000	51.872194
556.000000	52.053152
557.000000	51.854540
558.000000	51.883419
559.000000	51.850406
560.000000	51.818788
561.000000	51.953825
562.000000	51.945624
563.000000	51.877161
564.000000	52.025362
565.000000	51.950082
566.000000	52.032193
567.000000	51.959841
568.000000	51.835944
569.000000	52.017474
570.000000	51.702002
571.000000	51.946389
572.000000	51.866068
573.000000	52.037462
574.000000	51.813252
575.000000	51.786739
576.000000	51.842917
577.000000	52.012636
578.000000	51.993484
579.000000	51.894747
580.000000	51.795552
581.000000	51.899817
582.000000	51.991413
583.000000	51.721464
584.000000	51.962211
585.000000	51.909199
586.000000	51.998582
587.000000	52.028066
588.000000	51.920712
589.000000	52.089751
590.000000	51.942354
591.000000	52.010078
592.000000	52.029589
593.000000	51.934264
594.000000	51.911675
595.000000	51.884479
596.000000	52.030745
597.000000	51.918385
598.000000	51.960667
599.000000	51.908409
600.000000	51.930614
601.000000	51.976922
602.000000	51.899262
603.000000	51.810373
604.000000	51.886376
605.000000	52.022391
606.000000	52.024537
607.000000	51.749965
608.000000	51.876958
609.000000	51.756718
610.000000	51.904859
611.000000	51.872077
612.000000	51.804756
613.000000	51.690357
614.000000	51.907182
615.000000	51.883732
616.000000	51.784320
617.000000	51.847453
618.000000	51.853334
619.000000	51.791823
620.000000	51.758159
621.000000	51.839615
622.000000	51.720937
623.000000	51.867722
624.000000	51.896732
625.000000	51.732881
626.000000	51.756124
627.000000	51.875453
628.000000	51.773949
629.000000	51.756786
630.000000	51.754925
631.000000	51.723424
632.000000	51.724868
633.000000	51.761749
634.000000	51.661678
635.000000	51.789856
636.000000	51.528242
637.000000	51.666723
638.000000	51.676713
639.000000	51.690176
640.000000	51.580848
641.000000	51.608008
642.000000	51.739028
643.000000	51.714494
644.000000	51.639395
645.000000	51.647543
646.000000	51.720037
647.000000	51.827967
648.000000	51.822388
649.000000	51.842116
650.000000	51.732229
651.000000	51.826871
652.000000	51.928714
653.000000	51.853914
654.000000	51.734265
655.000000	51.895548
656.000000	51.851875
657.000000	51.836993
658.000000	51.879676
659.000000	51.806648
660.000000	51.910825
661.000000	51.852754
662.000000	51.893659
663.000000	51.951416
664.000000	51.929037
665.000000	51.906694
666.000000	51.874845
667.000000	51.984287
668.000000	51.878307
669.000000	51.939426
670.000000	52.031862
671.000000	51.936267
672.000000	51.859813
673.000000	51.903382
674.000000	51.872610
675.000000	51.918563
676.000000	51.721150
677.000000	51.766442
678.000000	51.661778
679.000000	51.745411
680.000000	51.769480
681.000000	51.562283
682.000000	51.607610
683.000000	51.611637
684.000000	51.776097
685.000000	51.693392
686.000000	51.679460
687.000000	51.665994
688.000000	51.636819
689.000000	51.563414
690.000000	51.744991
691.000000	51.679560
692.000000	51.567043
693.000000	51.834072
694.000000	51.647696
695.000000	51.689706
696.000000	51.693254
697.000000	51.822716
698.000000	51.793769
699.000000	51.875453
700.000000	51.870397
701.000000	51.913678
702.000000	51.967814
703.000000	52.012429
704.000000	51.887543
705.000000	51.768900
706.000000	51.889254
707.000000	52.006000
708.000000	51.687928
709.000000	51.857223
710.000000	51.834168
711.000000	51.762350
712.000000	51.824583
713.000000	51.889158
714.000000	51.907025
715.000000	51.970287
716.000000	51.810324
717.000000	51.853523
718.000000	51.815091
719.000000	51.759041
720.000000	51.762222
721.000000	51.811370
722.000000	51.831009
723.000000	51.816831
724.000000	51.947620
725.000000	51.838423
726.000000	51.959012
727.000000	52.041536
728.000000	51.862261
729.000000	51.666328
730.000000	51.955177
731.000000	51.887294
732.000000	51.754857
733.000000	51.872354
734.000000	51.808050
735.000000	51.790635
736.000000	51.757333
737.000000	51.674621
738.000000	51.760568
739.000000	51.607435
740.000000	51.716810
741.000000	51.767961
742.000000	51.722951
743.000000	51.754434
744.000000	51.710762
745.000000	51.765691
746.000000	51.736367
747.000000	51.839046
748.000000	51.684395
749.000000	51.650513
750.000000	51.830913
751.000000	51.894025
752.000000	51.916197
753.000000	51.898842
754.000000	51.881622
755.000000	51.980907
756.000000	51.940504
757.000000	51.972525
758.000000	51.968700
759.000000	51.937733
760.000000	52.100702
761.000000	52.084052
762.000000	51.937359
763.000000	52.077263
764.000000	51.748741
765.000000	51.938786
766.000000	51.842625
767.000000	51.673501
768.000000	51.721286
769.000000	51.732012
770.000000	51.798964
771.000000	51.697936
772.000000	51.792645
773.000000	51.752288
774.000000	51.760710
775.000000	51.766392
776.000000	51.617084
777.000000	51.617515
778.000000	51.717746
779.000000	51.698089
780.000000	51.600021
781.000000	51.743753
782.000000	51.658899
783.000000	51.852370
784.000000	51.765922
785.000000	51.682986
786.000000	51.704297
787.000000	51.561002
788.000000	51.495467
789.000000	51.676062
790.000000	51.563009
791.000000	51.569367
792.000000	51.558345
793.000000	51.556598
794.000000	51.519319
795.000000	51.619126
796.000000	51.595869
797.000000	51.589301
798.000000	51.714131
799.000000	51.604176
800.000000	51.568548
801.000000	51.635749
802.000000	51.710651
803.000000	51.685473
804.000000	51.607314
805.000000	51.873991
806.000000	51.796793
807.000000	51.765321
808.000000	51.730550
809.000000	51.674582
810.000000	51.753214
811.000000	51.843653
812.000000	51.798056
813.000000	51.742864
814.000000	51.748748
815.000000	51.765637
816.000000	51.633685
817.000000	51.606617
818.000000	51.567172
819.000000	51.527822
820.000000	51.575102
821.000000	51.415573
822.000000	51.552684
823.000000	51.481805
824.000000	51.486099
825.000000	51.290110
826.000000	51.354666
827.000000	51.329239
828.000000	51.305988
829.000000	51.297211
830.000000	51.377280
831.000000	51.354958
832.000000	51.429285
833.000000	51.446063
834.000000	51.483442
835.000000	51.489269
836.000000	51.476340
837.000000	51.422592
838.000000	51.422603
839.000000	51.265080
840.000000	51.285410
841.000000	51.366183
842.000000	51.479386
843.000000	51.431892
844.000000	51.396257
845.000000	51.406322
846.000000	51.692563
847.000000	51.599711
848.000000	51.716618
849.000000	51.810416
850.000000	51.691567
851.000000	51.622496
852.000000	51.760037
853.000000	51.695328
854.000000	51.634909
855.000000	51.665026
856.000000	51.570530
857.000000	51.629416
858.000000	51.658149
859.000000	51.608809
860.000000	51.695054
861.000000	51.831464
862.000000	51.748435
863.000000	51.717902
864.000000	51.960389
865.000000	52.078256
866.000000	52.031197
867.000000	52.089812
868.000000	52.072460
869.000000	52.229673
870.000000	52.221074
871.000000	52.359139
872.000000	52.316619
873.000000	52.339873
874.000000	52.510279
875.000000	52.462010
876.000000	52.465863
877.000000	52.462924
878.000000	52.536489
879.000000	52.427079
880.000000	52.568584
881.000000	52.344168
882.000000	52.585292
883.000000	52.376149
884.000000	52.440289
885.000000	52.305604
886.000000	52.302107
887.000000	52.312531
888.000000	52.109373
889.000000	52.354556
890.000000	52.198115
891.000000	52.349230
892.000000	52.163558
893.000000	52.034011
894.000000	52.153685
895.000000	52.091171
896.000000	52.034637
897.000000	52.171688
898.000000	52.108932
899.000000	52.208020
900.000000	52.197009
901.000000	52.172777
902.000000	52.204794
903.000000	52.203712
904.000000	52.134733
905.000000	52.284314
906.000000	52.170016
907.000000	52.255628
908.000000	52.121701
909.000000	52.340435
910.000000	52.144008
911.000000	52.259285
912.000000	52.218424
913.000000	52.239479
914.000000	52.233765
915.000000	52.294500
916.000000	52.320981
917.000000	52.196522
918.000000	52.228919
919.000000	52.246004
920.000000	52.098529
921.000000	52.140799
922.000000	52.229325
923.000000	52.160968
924.000000	52.111152
925.000000	52.023341
926.000000	52.062982
927.000000	52.231787
928.000000	52.019844
929.000000	51.972336
930.000000	52.007299
931.000000	51.922431
932.000000	51.860275
933.000000	51.844347
934.000000	51.861656
935.000000	51.802810
936.000000	51.668174
937.000000	51.833948
938.000000	51.887265
939.000000	51.952846
940.000000	51.975054
941.000000	51.939127
942.000000	51.867160
943.000000	51.949360
944.000000	52.012842
945.000000	52.024099
946.000000	51.966693
947.000000	52.005502
948.000000	52.206064
949.000000	52.199631
950.000000	52.156578
951.000000	52.124611
952.000000	52.156656
953.000000	52.211913
954.000000	52.191544
955.000000	52.133082
956.000000	52.108924
957.000000	52.064825
958.000000	52.158880
959.000000	52.202381
960.000000	52.170952
961.000000	52.243631
962.000000	52.179625
963.000000	52.211838
964.000000	52.305313
965.000000	52.381244
966.000000	52.248309
967.000000	52.380247
968.000000	52.558206
969.000000	52.488782
970.000000	52.452286
971.000000	52.441140
972.000000	52.386936
973.000000	52.451895
974.000000	52.370769
975.000000	52.481784
976.000000	52.403099
977.000000	52.418640
978.000000	52.506760
979.000000	52.440905
980.000000	52.436913
981.000000	52.402206
982.000000	52.507767
983.000000	52.520212
984.000000	52.535980
985.000000	52.599480
986.000000	52.474209
987.000000	52.647710
988.000000	52.494991
989.000000	52.404263
990.000000	52.400531
991.000000	52.588341
992.000000	52.415000
993.000000	52.641911
994.000000	52.587750
995.000000	52.751001
996.000000	52.582890
997.000000	52.721403
998.000000	52.623617
999.000000	52.541356
1000.000000	52.697384
1001.000000	52.479916
1002.000000	52.845785
1003.000000	52.811277
1004.000000	52.778382
1005.000000	52.732198
1006.000000	52.817287
1007.000000	52.868783
1008.000000	52.863983
1009.000000	52.786728
1010.000000	52.876332
1011.000000	52.979954
1012.000000	52.946361
1013.000000	53.116332
1014.000000	53.009195
1015.000000	53.019791
1016.000000	53.109971
1017.000000	53.103143
1018.000000	53.138907
1019.000000	53.174428
1020.000000	53.180778
1021.000000	53.208074
1022.000000	53.219370
1023.000000	53.231723
1024.000000	53.111148
1025.000000	53.308476
1026.000000	53.269788
1027.000000	53.263370
1028.000000	53.228222
1029.000000	53.280579
1030.000000	53.276519
1031.000000	53.421397
1032.000000	53.312550
1033.000000	53.282934
1034.000000	53.363060
1035.000000	53.131207
1036.000000	53.305018
1037.000000	53.234260
1038.000000	53.293771
1039.000000	53.312823
1040.000000	53.217936
1041.000000	53.174072
1042.000000	53.234605
1043.000000	53.470691
1044.000000	53.334683
1045.000000	53.332815
1046.000000	53.384058
1047.000000	53.295853
1048.000000	53.445765
1049.000000	53.333886
1050.000000	53.238728
1051.000000	53.337479
1052.000000	53.275516
1053.000000	53.296084
1054.000000	53.233488
1055.000000	53.255664
1056.000000	53.212991
1057.000000	53.223999
1058.000000	53.264042
1059.000000	53.211365
1060.000000	53.130816
1061.000000	53.110383
1062.000000	53.196767
1063.000000	53.236725
1064.000000	53.298101
1065.000000	53.172574
1066.000000	53.136295
1067.000000	53.252280
1068.000000	53.199877
1069.000000	53.229702
1070.000000	53.003983
1071.000000	53.348910
1072.000000	53.051491
1073.000000	53.021655
1074.000000	53.145730
1075.000000	53.065096
1076.000000	53.201364
1077.000000	53.181141
1078.000000	53.079968
1079.000000	53.265814
1080.000000	53.200137
1081.000000	53.177562
1082.000000	53.037544
1083.000000	53.123373
1084.000000	52.939601
1085.000000	52.937858
1086.000000	52.913814
1087.000000	53.076079
1088.000000	52.832685
1089.000000	52.887077
1090.000000	52.732169
1091.000000	52.631611
1092.000000	52.703682
1093.000000	52.537151
1094.000000	52.586882
1095.000000	52.652367
1096.000000	52.695513
1097.000000	52.676027
1098.000000	52.737837
1099.000000	52.751524
1100.000000	52.836300
1101.000000	52.802479
1102.000000	53.034712
1103.000000	52.786600
1104.000000	52.866683
1105.000000	52.857522
1106.000000	52.900173
1107.000000	52.837837
1108.000000	52.873749
1109.000000	52.798270
1110.000000	52.932201
1111.000000	52.901109
1112.000000	52.764638
1113.000000	52.791660
1114.000000	52.991979
1115.000000	52.820425
1116.000000	52.819115
1117.000000	52.951840
1118.000000	52.918087
1119.000000	53.054237
1120.000000	52.972778
1121.000000	52.914863
1122.000000	53.071251
1123.000000	52.931151
1124.000000	52.950730
1125.000000	52.990531
1126.000000	53.075108
1127.000000	52.975514
1128.000000	53.055547
1129.000000	53.055166
1130.000000	53.091662
1131.000000	53.037825
1132.000000	52.939800
1133.000000	53.040768
1134.000000	53.041390
1135.000000	53.062196
1136.000000	52.926419
1137.000000	53.066491
1138.000000	52.901383
1139.000000	53.064054
1140.000000	53.074382
1141.000000	53.218833
1142.000000	53.015639
1143.000000	53.145962
1144.000000	53.085013
1145.000000	52.876193
1146.000000	53.139639
1147.000000	52.935018
1148.000000	53.115809
1149.000000	52.966157
1150.000000	52.964310
1151.000000	53.022470
1152.000000	52.966804
1153.000000	52.989332
1154.000000	53.092064
1155.000000	53.055984
1156.000000	52.955835
1157.000000	52.943732
1158.000000	53.120178
1159.000000	53.066334
1160.000000	52.957742
1161.000000	53.078601
1162.000000	52.985646
1163.000000	52.833176
1164.000000	53.090346
1165.000000	52.943159
1166.000000	53.009633
1167.000000	52.942305
1168.000000	52.797904
1169.000000	52.944134
1170.000000	52.723154
1171.000000	52.944920
1172.000000	52.900999
1173.000000	52.921285
1174.000000	52.881633
1175.000000	52.800134
1176.000000	52.922356
1177.000000	52.905357
1178.000000	52.990104
1179.000000	52.856981
1180.000000	52.830173
1181.000000	53.045852
1182.000000	52.800458
1183.000000	52.782078
1184.000000	52.898042
1185.000000	52.721770
1186.000000	52.831376
1187.000000	52.715419
1188.000000	52.831593
1189.000000	52.871604
1190.000000	52.790784
1191.000000	52.916568
1192.000000	52.793264
1193.000000	52.805272
1194.000000	52.737136
1195.000000	52.830660
1196.000000	52.960877
1197.000000	52.655459
1198.000000	52.801031
1199.000000	52.693691
1200.000000	52.912914
1201.000000	52.898398
1202.000000	52.843209
1203.000000	52.821033
1204.000000	52.846212
1205.000000	52.842166
1206.000000	52.995985
1207.000000	52.748290
1208.000000	52.916361
1209.000000	52.676792
1210.000000	52.849663
1211.000000	52.848869
1212.000000	52.723253
1213.000000	52.882587
1214.000000	52.947869
1215.000000	52.962471
1216.000000	52.993395
1217.000000	52.971194
1218.000000	52.872543
1219.000000	52.865965
1220.000000	52.894694
1221.000000	52.854836
1222.000000	52.911469
1223.000000	52.866271
1224.000000	53.026572
1225.000000	52.854494
1226.000000	53.056554
1227.000000	52.807054
1228.000000	52.858607
1229.000000	52.905215
1230.000000	52.880876
1231.000000	52.782890
1232.000000	52.977296
1233.000000	52.976681
1234.000000	52.942091
1235.000000	52.864766
1236.000000	52.859792
1237.000000	52.998444
1238.000000	52.998355
1239.000000	52.930970
1240.000000	52.919232
1241.000000	52.986771
1242.000000	52.973543
1243.000000	53.030219
1244.000000	53.069607
1245.000000	53.061367
1246.000000	53.024213
1247.000000	53.109807
1248.000000	53.108565
1249.000000	53.142286
1250.000000	53.168394
1251.000000	53.066217
1252.000000	53.132666
1253.000000	53.008996
1254.000000	53.165106
1255.000000	53.167700
1256.000000	53.057219
1257.000000	53.015244
1258.000000	53.031225
1259.000000	53.015365
1260.000000	53.130837
1261.000000	52.971614
1262.000000	53.049018
1263.000000	53.172923
1264.000000	53.243442
1265.000000	53.140945
1266.000000	53.137160
1267.000000	53.000924
1268.000000	53.110120
1269.000000	53.235284
1270.000000	53.055589
1271.000000	53.134929
1272.000000	53.068942
1273.000000	53.096437
1274.000000	53.206341
1275.000000	53.271884
1276.000000	53.305982
1277.000000	53.218025
1278.000000	53.107445
1279.000000	53.107761
1280.000000	53.178416
1281.000000	53.166355
1282.000000	53.109448
1283.000000	53.291480
1284.000000	53.257385
1285.000000	53.267689
1286.000000	53.197820
1287.000000	53.261751
1288.000000	53.244389
1289.000000	53.132314
1290.000000	53.157493
1291.000000	53.256734
1292.000000	53.201421
1293.000000	53.020936
1294.000000	53.064555
1295.000000	53.206203
1296.000000	53.005641
1297.000000	52.971877
1298.000000	53.047510
1299.000000	53.107605
1300.000000	53.080982
1301.000000	53.179103
1302.000000	53.081177
1303.000000	53.307398
1304.000000	53.068618
1305.000000	53.090819
1306.000000	53.017802
1307.000000	53.033111
1308.000000	53.138177
1309.000000	53.220719
1310.000000	53.312582
1311.000000	53.149964
1312.000000	53.079637
1313.000000	53.240013
1314.000000	53.210952
1315.000000	53.157059
1316.000000	53.268674
1317.000000	53.110625
1318.000000	53.117271
1319.000000	53.203214
1320.000000	53.181896
1321.000000	53.115005
1322.000000	53.174837
1323.000000	53.066974
1324.000000	53.210753
1325.000000	53.235178
1326.000000	53.072905
1327.000000	53.121712
1328.000000	52.978997
1329.000000	53.004339
1330.000000	53.194618
1331.000000	52.961122
1332.000000	53.178875
1333.000000	53.078427
1334.000000	53.180971
1335.000000	53.207733
1336.000000	53.197724
1337.000000	53.194764
1338.000000	53.227325
1339.000000	53.147595
1340.000000	53.196991
1341.000000	53.189552
1342.000000	53.128632
1343.000000	53.143766
1344.000000	53.222761
1345.000000	53.245413
1346.000000	53.193149
1347.000000	53.290697
1348.000000	53.184991
1349.000000	53.195387
1350.000000	53.226955
1351.000000	53.238746
1352.000000	53.155795
1353.000000	53.160890
1354.000000	53.236985
1355.000000	53.365163
1356.000000	53.259225
1357.000000	53.190306
1358.000000	53.273556
1359.000000	53.295383
1360.000000	53.196116
1361.000000	53.253717
1362.000000	53.282543
1363.000000	53.264085
1364.000000	53.226778
1365.000000	53.334419
1366.000000	53.380290
1367.000000	53.393102
1368.000000	53.371901
1369.000000	53.211657
1370.000000	53.360744
1371.000000	53.339685
1372.000000	53.219039
1373.000000	53.269920
1374.000000	53.347893
1375.000000	53.327542
1376.000000	53.283094
1377.000000	53.459338
1378.000000	53.371026
1379.000000	53.303417
1380.000000	53.361722
1381.000000	53.362928
1382.000000	53.368148
1383.000000	53.416797
1384.000000	53.383293
1385.000000	53.249740
1386.000000	53.409667
1387.000000	53.313080
1388.000000	53.255745
1389.000000	53.403857
1390.000000	53.439678
1391.000000	53.326101
1392.000000	53.475135
1393.000000	53.412667
1394.000000	53.390590
1395.000000	53.366233
1396.000000	53.470367
1397.000000	53.377889
1398.000000	53.480347
1399.000000	53.449444
1400.000000	53.262925
1401.000000	53.342328
1402.000000	53.306049
1403.000000	53.526969
1404.000000	53.318833
1405.000000	53.357467
1406.000000	53.475501
1407.000000	53.508660
1408.000000	53.454656
1409.000000	53.436493
1410.000000	53.580304
1411.000000	53.360480
1412.000000	53.542047
1413.000000	53.223832
1414.000000	53.427257
1415.000000	53.681140
1416.000000	53.110063
1417.000000	53.398211
1418.000000	53.655324
1419.000000	53.611253
1420.000000	53.486335
1421.000000	53.519433
1422.000000	53.482421
1423.000000	53.419772
1424.000000	53.530761
1425.000000	53.508226
1426.000000	53.463746
1427.000000	53.374737
1428.000000	53.409240
1429.000000	53.425877
1430.000000	53.494052
1431.000000	53.453258
1432.000000	53.457004
1433.000000	53.344164
1434.000000	53.373758
1435.000000	53.601779
1436.000000	53.449671
1437.000000	53.366749
1438.000000	53.538041
1439.000000	53.463821
1440.000000	53.097013
1441.000000	53.335288
1442.000000	53.513271
1443.000000	53.343004
1444.000000	53.397862
1445.000000	53.320338
1446.000000	53.303936
1447.000000	53.195945
1448.000000	53.063947
1449.000000	53.242258
1450.000000	53.198802
1451.000000	53.133733
1452.000000	52.972706
1453.000000	53.015514
1454.000000	53.163192
1455.000000	52.998401
1456.000000	53.008413
1457.000000	53.124437
1458.000000	52.901169
1459.000000	52.963374
1460.000000	52.857582
1461.000000	53.051829
1462.000000	52.984447
1463.000000	52.955095
1464.000000	52.894545
1465.000000	52.812505
1466.000000	52.942856
1467.000000	52.745323
1468.000000	52.811288
1469.000000	52.886319
1470.000000	53.012241
1471.000000	52.905435
1472.000000	52.935741
1473.000000	52.971995
1474.000000	53.139042
1475.000000	53.036872
1476.000000	53.150050
1477.000000	52.963595
1478.000000	52.984885
1479.000000	53.065793
1480.000000	53.045926
1481.000000	52.913447
1482.000000	53.009523
1483.000000	53.043763
1484.000000	53.066722
1485.000000	53.067234
1486.000000	53.093395
1487.000000	53.053369
1488.000000	52.944344
1489.000000	53.198504
1490.000000	53.030176
1491.000000	53.059044
1492.000000	53.026479
1493.000000	53.146196
1494.000000	53.018866
1495.000000	53.060741
1496.000000	52.995861
1497.000000	52.854156
1498.000000	52.994149
1499.000000	52.968697
1500.000000	52.965125
1501.000000	53.076623
1502.000000	53.063498
1503.000000	52.941689
1504.000000	52.881623
1505.000000	53.162139
1506.000000	53.093786
1507.000000	53.146787
1508.000000	53.085162
1509.000000	53.096999
1510.000000	53.213539
1511.000000	53.159086
1512.000000	53.217702
1513.000000	53.016574
1514.000000	53.009630
1515.000000	53.164754
1516.000000	53.112842
1517.000000	53.081117
1518.000000	53.004378
1519.000000	52.966313
1520.000000	52.958379
1521.000000	52.970835
1522.000000	52.869775
1523.000000	53.088706
1524.000000	52.923135
1525.000000	53.063698
1526.000000	53.042611
1527.000000	53.107388
1528.000000	53.024302
1529.000000	53.096230
1530.000000	53.092011
1531.000000	53.226877
1532.000000	53.058678
1533.000000	53.008224
1534.000000	53.099240
1535.000000	52.992794
1536.000000	53.017724
1537.000000	53.000393
1538.000000	52.999518
1539.000000	53.068721
1540.000000	52.901465
1541.000000	52.930116
1542.000000	53.122509
1543.000000	53.008509
1544.000000	53.163480
1545.000000	52.934407
1546.000000	53.028792
1547.000000	52.879157
1548.000000	53.083294
1549.000000	52.998654
1550.000000	52.997604
1551.000000	52.886159
1552.000000	52.976321
1553.000000	53.071215
1554.000000	53.055501
1555.000000	53.065793
1556.000000	53.045958
1557.000000	53.273307
1558.000000	53.281351
1559.000000	53.133449
1560.000000	53.136302
1561.000000	53.155244
1562.000000	53.171759
1563.000000	53.138455
1564.000000	53.193494
1565.000000	53.279850
1566.000000	53.134399
1567.000000	53.212340
1568.000000	53.278302
1569.000000	53.074723
1570.000000	53.360609
1571.000000	53.259890
1572.000000	53.265465
1573.000000	53.217257
1574.000000	53.425528
1575.000000	53.261733
1576.000000	53.294949
1577.000000	53.212091
1578.000000	53.639631
1579.000000	53.528922
1580.000000	53.350245
1581.000000	53.506469
1582.000000	53.610926
1583.000000	53.547504
1584.000000	53.414890
1585.000000	53.564970
1586.000000	53.529477
1587.000000	53.487751
1588.000000	53.521596
1589.000000	53.493724
1590.000000	53.498488
1591.000000	53.653780
1592.000000	53.431409
1593.000000	53.274196
1594.000000	53.470225
1595.000000	53.527236
1596.000000	53.705322
1597.000000	53.461039
1598.000000	53.337170
1599.000000	53.351316
1600.000000	53.512029
1601.000000	53.393970
1602.000000	53.271688
1603.000000	53.417957
1604.000000	53.302748
1605.000000	53.351618
1606.000000	53.560017
1607.000000	53.307074
1608.000000	53.460252
1609.000000	53.309497
1610.000000	53.487498
1611.000000	53.309034
1612.000000	53.542623
1613.000000	53.398186
1614.000000	53.362462
1615.000000	53.382012
1616.000000	53.334960
1617.000000	53.311425
1618.000000	53.266593
1619.000000	53.257987
1620.000000	53.305555
1621.000000	53.198368
1622.000000	53.329093
1623.000000	53.230545
1624.000000	53.247167
1625.000000	53.157375
1626.000000	53.135950
1627.000000	53.208106
1628.000000	53.134811
1629.000000	53.259954
1630.000000	53.263999
1631.000000	53.276466
1632.000000	53.228766
1633.000000	53.279480
1634.000000	53.230218
1635.000000	53.223394
1636.000000	53.181056
1637.000000	53.279949
1638.000000	53.288929
1639.000000	53.217602
1640.000000	53.314449
1641.000000	53.371922
1642.000000	53.248754
1643.000000	53.370464
1644.000000	53.330901
1645.000000	53.494119
1646.000000	53.347381
1647.000000	53.488526
1648.000000	53.391227
1649.000000	53.297717
1650.000000	53.362199
1651.000000	53.356531
1652.000000	53.298496
1653.000000	53.479646
1654.000000	53.308245
1655.000000	53.417516
1656.000000	53.387456
1657.000000	53.503032
1658.000000	53.499541
1659.000000	53.447825
1660.000000	53.449191
1661.000000	53.244467
1662.000000	53.283415
1663.000000	53.321330
1664.000000	53.358641
1665.000000	53.415595
1666.000000	53.306846
1667.000000	53.356716
1668.000000	53.180519
1669.000000	53.074190
1670.000000	53.159136
1671.000000	53.290644
1672.000000	53.223700
1673.000000	53.207608
1674.000000	53.164925
1675.000000	53.245303
1676.000000	53.236281
1677.000000	53.374932
1678.000000	53.409016
1679.000000	53.347615
1680.000000	53.257457
1681.000000	53.413923
1682.000000	53.303940
1683.000000	53.238380
1684.000000	53.315051
1685.000000	53.343595
1686.000000	53.291797
1687.000000	53.234036
1688.000000	53.246819
1689.000000	53.186763
1690.000000	53.197098
1691.000000	53.140977
1692.000000	53.065743
1693.000000	53.072066
1694.000000	53.040508
1695.000000	52.999009
1696.000000	53.104456
1697.000000	53.128528
1698.000000	53.021922
1699.000000	53.158706
1700.000000	53.013258
1701.000000	53.267436
1702.000000	53.100269
1703.000000	53.168536
1704.000000	52.912056
1705.000000	52.867334
1706.000000	52.830447
1707.000000	52.947065
1708.000000	52.826007
1709.000000	52.824968
1710.000000	52.939163
1711.000000	52.813956
1712.000000	52.738075
1713.000000	52.705194
1714.000000	52.641559
1715.000000	52.581873
1716.000000	52.574903
1717.000000	52.572512
1718.000000	52.524777
1719.000000	52.470922
1720.000000	52.480276
1721.000000	52.254194
1722.000000	52.228691
1723.000000	52.166867
1724.000000	52.186762
1725.000000	52.264946
1726.000000	52.082195
1727.000000	52.203922
1728.000000	52.167540
1729.000000	52.195127
1730.000000	52.216136
1731.000000	52.115343
1732.000000	52.165643
1733.000000	52.200880
1734.000000	52.366432
1735.000000	52.292583
1736.000000	52.262686
1737.000000	52.183112
1738.000000	52.385100
1739.000000	52.429424
1740.000000	52.133178
1741.000000	52.266312
1742.000000	52.238799
1743.000000	52.334135
1744.000000	52.067102
1745.000000	52.178341
1746.000000	52.134427
1747.000000	52.258431
1748.000000	52.168931
1749.000000	52.182703
1750.000000	52.258257
1751.000000	52.402658
1752.000000	52.250576
1753.000000	52.353471
1754.000000	52.298649
1755.000000	52.280611
1756.000000	52.367450
1757.000000	52.340763
1758.000000	52.412709
1759.000000	52.314534
1760.000000	52.473957
1761.000000	52.427161
1762.000000	52.478856
1763.000000	52.561504
1764.000000	52.508293
1765.000000	52.666293
1766.000000	52.530010
1767.000000	52.574102
1768.000000	52.676621
1769.000000	52.819453
1770.000000	52.792197
1771.000000	52.869131
1772.000000	52.923516
1773.000000	52.989471
1774.000000	53.049993
1775.000000	53.040330
1776.000000	53.153497
1777.000000	53.225799
1778.000000	53.292900
1779.000000	53.137740
1780.000000	52.987962
1781.000000	53.277797
1782.000000	53.015660
1783.000000	53.164107
1784.000000	53.031894
1785.000000	53.089310
1786.000000	53.106868
1787.000000	52.988283
1788.000000	53.063328
1789.000000	53.114141
1790.000000	53.056436
1791.000000	52.921300
1792.000000	52.830504
1793.000000	52.919140
1794.000000	52.967313
1795.000000	52.857358
1796.000000	52.792524
1797.000000	52.740818
1798.000000	52.836257
1799.000000	52.825295
1800.000000	52.769672
1801.000000	52.771113
1802.000000	52.826331
1803.000000	52.931297
1804.000000	52.800529
1805.000000	52.945528
1806.000000	52.829935
1807.000000	52.782100
1808.000000	52.790133
1809.000000	52.888436
1810.000000	52.836413
1811.000000	52.872714
1812.000000	52.921424
1813.000000	52.931514
1814.000000	52.825825
1815.000000	52.786828
1816.000000	52.801106
1817.000000	52.692571
1818.000000	52.631910
1819.000000	52.746386
1820.000000	52.659216
1821.000000	52.637175
1822.000000	52.678450
1823.000000	52.652613
1824.000000	52.614943
1825.000000	52.565923
1826.000000	52.614448
1827.000000	52.654086
1828.000000	52.674027
1829.000000	52.650990
1830.000000	52.639353
1831.000000	52.580599
1832.000000	52.705496
1833.000000	52.664087
1834.000000	52.641086
1835.000000	52.598192
1836.000000	52.721350
1837.000000	52.660678
1838.000000	52.627783
1839.000000	52.583228
1840.000000	52.609602
1841.000000	52.675539
1842.000000	52.634343
1843.000000	52.741601
1844.000000	52.546935
1845.000000	52.795861
1846.000000	52.783132
1847.000000	52.754306
1848.000000	52.693958
1849.000000	52.865733
1850.000000	52.815913
1851.000000	52.923349
1852.000000	52.902418
1853.000000	52.938516
1854.000000	53.074595
1855.000000	53.142600
1856.000000	53.045852
1857.000000	53.107007
1858.000000	53.024658
1859.000000	53.080950
1860.000000	53.151807
1861.000000	53.095103
1862.000000	53.191783
1863.000000	53.037847
1864.000000	53.129731
1865.000000	53.047008
1866.000000	53.064388
1867.000000	53.146228
1868.000000	53.139212
1869.000000	53.163103
1870.000000	53.316979
1871.000000	53.276704
1872.000000	53.276238
1873.000000	53.281105
1874.000000	53.383706
1875.000000	53.430203
1876.000000	53.455706
1877.000000	53.503896
1878.000000	53.468204
1879.000000	53.386250
1880.000000	53.511076
1881.000000	53.457452
1882.000000	53.651261
1883.000000	53.454841
1884.000000	53.445672
1885.000000	53.563959
1886.000000	53.549938
1887.000000	53.549618
1888.000000	53.447679
1889.000000	53.481763
1890.000000	53.319911
1891.000000	53.339169
1892.000000	53.178501
1893.000000	53.436596
1894.000000	53.326806
1895.000000	53.339183
1896.000000	53.333708
1897.000000	53.458107
1898.000000	53.418352
1899.000000	53.514815
1900.000000	53.396279
1901.000000	53.491366
1902.000000	53.395312
1903.000000	53.442663
1904.000000	53.569534
1905.000000	53.603739
1906.000000	53.518804
1907.000000	53.184774
1908.000000	53.406117
1909.000000	53.343047
1910.000000	53.454322
1911.000000	53.418427
1912.000000	53.427030
1913.000000	53.475121
1914.000000	53.387776
1915.000000	53.438713
1916.000000	53.418665
1917.000000	53.579514
1918.000000	53.379035
1919.000000	53.354809
1920.000000	53.371631
1921.000000	53.352564
1922.000000	53.389797
1923.000000	53.373260
1924.000000	53.500548
1925.000000	53.403466
1926.000000	53.522376
1927.000000	53.431836
1928.000000	53.475797
1929.000000	53.343727
1930.000000	53.423322
1931.000000	53.438276
1932.000000	53.434736
1933.000000	53.311237
1934.000000	53.371474
1935.000000	53.462857
1936.000000	53.365116
1937.000000	53.418829
1938.000000	53.415933
1939.000000	53.486740
1940.000000	53.603042
1941.000000	53.332708
1942.000000	53.474779
1943.000000	53.342891
1944.000000	53.471445
1945.000000	53.465696
1946.000000	53.514918
1947.000000	53.363988
1948.000000	53.548458
1949.000000	53.502413
1950.000000	53.449810
1951.000000	53.335729
1952.000000	53.435760
1953.000000	53.450106
1954.000000	53.449988
1955.000000	53.573971
1956.000000	53.419992
1957.000000	53.522315
1958.000000	53.509674
1959.000000	53.484716
1960.000000	53.589348
1961.000000	53.466180
1962.000000	53.468820
1963.000000	53.529634
1964.000000	53.360836
1965.000000	53.455207
1966.000000	53.401516
1967.000000	53.298350
1968.000000	53.345075
1969.000000	53.359744
1970.000000	53.369859
1971.000000	53.376544
1972.000000	53.466610
1973.000000	53.388231
1974.000000	53.409134
1975.000000	53.517622
1976.000000	53.337323
1977.000000	53.591063
1978.000000	53.268479
1979.000000	53.468311
1980.000000	53.395988
1981.000000	53.348195
1982.000000	53.376619
1983.000000	53.414011
1984.000000	53.272599
1985.000000	53.314976
1986.000000	53.348057
1987.000000	53.238750
1988.000000	53.228311
1989.000000	53.256653
1990.000000	53.177498
1991.000000	53.323682
1992.000000	53.098579
1993.000000	53.112155
1994.000000	53.209956
1995.000000	53.144361
1996.000000	53.210163
1997.000000	53.118100
1998.000000	53.266017
1999.000000	53.218570
2000.000000	53.200297
2001.000000	53.265981
2002.000000	53.281290
2003.000000	53.334889
2004.000000	53.412595
2005.000000	53.324116
2006.000000	53.376540
2007.000000	53.326589
2008.000000	53.369763
2009.000000	53.241201
2010.000000	53.319494
2011.000000	53.318473
2012.000000	53.223430
2013.000000	53.111817
2014.000000	53.121349
2015.000000	53.030176
2016.000000	53.066345
2017.000000	53.109167
2018.000000	53.252419
2019.000000	53.135128
2020.000000	53.125212
2021.000000	53.048257
2022.000000	53.282614
2023.000000	53.337504
2024.000000	53.217122
2025.000000	53.278213
2026.000000	53.154938
2027.000000	53.318541
2028.000000	53.152095
2029.000000	53.176523
2030.000000	53.237476
2031.000000	53.286407
2032.000000	53.251533
2033.000000	53.249203
2034.000000	53.192637
2035.000000	53.199980
2036.000000	53.188499
2037.000000	53.225838
2038.000000	53.263597
2039.000000	53.165757
2040.000000	53.415936
2041.000000	53.224992
2042.000000	53.278900
2043.000000	53.250782
2044.000000	53.306590
2045.000000	53.266394
2046.000000	53.258076
2047.000000	53.288516
2048.000000	53.095743
2049.000000	53.243243
2050.000000	53.369368
2051.000000	53.361174
2052.000000	53.270119
2053.000000	53.390790
2054.000000	53.367749
2055.000000	53.321227
2056.000000	53.378259
2057.000000	53.268610
2058.000000	53.297311
2059.000000	53.193444
2060.000000	53.284734
2061.000000	53.236711
2062.000000	53.178462
2063.000000	53.357097
2064.000000	53.238810
2065.000000	53.276843
2066.000000	53.316879
2067.000000	53.198454
2068.000000	53.305683
2069.000000	53.437059
2070.000000	53.217552
2071.000000	53.233712
2072.000000	53.291722
2073.000000	53.382066
2074.000000	53.358897
2075.000000	53.292032
2076.000000	53.435494
2077.000000	53.299638
2078.000000	53.204459
2079.000000	53.343727
2080.000000	53.239223
2081.000000	53.342122
2082.000000	53.327805
2083.000000	53.520091
2084.000000	53.266575
2085.000000	53.229439
2086.000000	53.216246
2087.000000	53.277847
2088.000000	53.178242
2089.000000	53.177651
2090.000000	53.258079
2091.000000	53.103606
2092.000000	53.190545
2093.000000	53.191715
2094.000000	53.288150
2095.000000	53.425845
2096.000000	53.392622
2097.000000	53.428157
2098.000000	53.426592
2099.000000	53.363423
2100.000000	53.442567
2101.000000	53.388121
2102.000000	53.522233
2103.000000	53.504693
2104.000000	53.615156
2105.000000	53.437401
2106.000000	53.472168
2107.000000	53.493358
2108.000000	53.411311
2109.000000	53.465241
2110.000000	53.588402
2111.000000	53.524076
2112.000000	53.469891
2113.000000	53.490426
2114.000000	53.503412
2115.000000	53.400858
2116.000000	53.489437
2117.000000	53.459292
2118.000000	53.589658
2119.000000	53.396155
2120.000000	53.580948
2121.000000	53.352340
2122.000000	53.389082
2123.000000	53.391608
2124.000000	53.407116
2125.000000	53.399421
2126.000000	53.457943
2127.000000	53.519241
2128.000000	53.471919
2129.000000	53.371645
2130.000000	53.460096
2131.000000	53.420939
2132.000000	53.581773
2133.000000	53.428645
2134.000000	53.407316
2135.000000	53.473676
2136.000000	53.466753
2137.000000	53.388029
2138.000000	53.504234
2139.000000	53.344872
2140.000000	53.425653
2141.000000	53.475526
2142.000000	53.476771
2143.000000	53.547451
2144.000000	53.472029
2145.000000	53.441065
2146.000000	53.503807
2147.000000	53.554620
2148.000000	53.496524
2149.000000	53.436760
2150.000000	53.526353
2151.000000	53.530438
2152.000000	53.456417
2153.000000	53.423212
2154.000000	53.362121
2155.000000	53.260523
2156.000000	53.216026
2157.000000	53.284503
2158.000000	53.119748
2159.000000	53.330303
2160.000000	53.172450
2161.000000	53.296205
2162.000000	53.103663
2163.000000	53.241564
2164.000000	53.279700
2165.000000	53.442036
2166.000000	53.463543
2167.000000	53.409216
2168.000000	53.238575
2169.000000	53.324468
2170.000000	53.322220
2171.000000	53.363537
2172.000000	53.399649
2173.000000	53.357346
2174.000000	53.437123
2175.000000	53.476921
2176.000000	53.327065
2177.000000	53.390146
2178.000000	53.313980
2179.000000	53.300286
2180.000000	53.354183
2181.000000	53.346292
2182.000000	53.413481
2183.000000	53.450967
2184.000000	53.412766
2185.000000	53.449152
2186.000000	53.420497
2187.000000	53.404153
2188.000000	53.460299
2189.000000	53.394717
2190.000000	53.360370
2191.000000	53.541766
2192.000000	53.514282
2193.000000	53.418096
2194.000000	53.314980
2195.000000	53.503672
2196.000000	53.409009
2197.000000	53.419113
2198.000000	53.338511
2199.000000	53.302766
2200.000000	53.338664
2201.000000	53.374513
2202.000000	53.442791
2203.000000	53.388626
2204.000000	53.344531
2205.000000	53.311212
2206.000000	53.636920
2207.000000	53.589152
2208.000000	53.506682
2209.000000	53.418206
2210.000000	53.282703
2211.000000	53.273808
2212.000000	53.231068
2213.000000	53.228286
2214.000000	53.284809
2215.000000	53.176893
2216.000000	53.178477
2217.000000	53.283055
2218.000000	53.293999
2219.000000	53.306380
2220.000000	53.247666
2221.000000	53.216940
2222.000000	53.350152
2223.000000	53.409102
2224.000000	53.291800
2225.000000	53.246570
2226.000000	53.418825
2227.000000	53.351693
2228.000000	53.334060
2229.000000	53.461700
2230.000000	53.257855
2231.000000	53.425108
2232.000000	53.360641
2233.000000	53.206349
2234.000000	53.367201
2235.000000	53.458868
2236.000000	53.310098
2237.000000	53.356382
2238.000000	53.381657
2239.000000	53.432334
2240.000000	53.343567
2241.000000	53.393867
2242.000000	53.274399
2243.000000	53.464177
2244.000000	53.431082
2245.000000	53.346420
2246.000000	53.488569
2247.000000	53.405686
2248.000000	53.417334
2249.000000	53.316634
2250.000000	53.300204
2251.000000	53.325354
2252.000000	53.298848
2253.000000	53.340148
2254.000000	53.276996
2255.000000	53.017795
2256.000000	52.555445
2257.000000	51.988809
2258.000000	51.956497
2259.000000	52.226977
2260.000000	52.491522
2261.000000	52.560519
2262.000000	53.053494
2263.000000	53.066594
2264.000000	53.213528
2265.000000	53.003289
2266.000000	52.148292
2267.000000	52.184297
2268.000000	52.609311
2269.000000	52.866908
2270.000000	53.003492
2271.000000	52.761301
2272.000000	52.835709
2273.000000	52.844575
2274.000000	52.848485
2275.000000	52.925124
2276.000000	52.779019
2277.000000	52.841305
2278.000000	52.764948
2279.000000	52.822912
2280.000000	52.768434
2281.000000	52.793407
2282.000000	52.815166
2283.000000	52.702522
2284.000000	52.816383
2285.000000	52.699199
2286.000000	52.795787

