0.0	-0.0012644364208326089
1.0	-0.00047202904421962574
2.0	-0.0005165066292518452
3.0	-0.0014991274825155079
4.0	-0.0008635559882014521
5.0	-0.00014143561550887984
6.0	-0.0008794685622530411
7.0	-0.0009286422971877845
8.0	0.00012096661171730122
9.0	0.00010086243279365857
10.0	-1.8706977297215063e-06
11.0	0.0008935802986563566
12.0	0.0005686532987540807
13.0	0.000516995649820896
14.0	0.0007643391484324748
15.0	-4.615422698046253e-05
16.0	0.0007327468672664925
17.0	0.0008100198793074747
18.0	0.0015048171980186374
19.0	0.000600245579920063
20.0	0.0008137069391486966
21.0	0.0018730186371096293
22.0	0.0016314580007754799
23.0	0.0007083734611582772
24.0	0.0016462838624528864
25.0	0.0010043861496741291
26.0	0.0002938315015364155
27.0	0.0015643535116650975
28.0	0.0006411137274232182
29.0	0.0016672418868135157
30.0	0.0011219063307184754
31.0	0.0004848988236240819
32.0	0.0005481998194242831
33.0	0.0011372755485831538
34.0	0.00039512861927945797
35.0	0.0006158476647219373
36.0	0.000363381093488799
37.0	-3.746052798664051e-05
38.0	0.0007368996609824673
39.0	0.0009055729459295281
40.0	0.0008423883835975633
41.0	0.0006892395611402193
42.0	0.0003329143358534395
43.0	0.0006174389221269516
44.0	-0.0001457824650059716
45.0	0.0002899115747576365
46.0	0.0009785379196294974
47.0	2.9139416092910015e-05
48.0	6.503973559954383e-05
49.0	-0.00040414833198513714
50.0	-2.8495150898821027e-05
51.0	0.00019292249535560698
52.0	-0.000404458821234852
53.0	-0.0007570581755243311
54.0	-0.0004147437776340498
55.0	-0.00019239466363011587
56.0	-0.0011929850822254963
57.0	-0.00039875358126994164
58.0	-0.0007435518931586644
59.0	-0.0005852411869233206
60.0	-0.0011972154982536288
61.0	-0.0014555037429202753
62.0	-0.00049147343348776
63.0	-0.0003143781276405132
64.0	-0.0005952544652288824
65.0	-0.0010289691360252423
66.0	-0.0007792193457277411
67.0	-0.0015491938740436783
68.0	-0.0011029043886307962
69.0	-0.0014622956952593683
70.0	-0.0014590743692928993
71.0	-0.0010938225780747404
72.0	-0.0018466813864959465
73.0	-0.0006803673308270612
74.0	-0.0025191234792222208
75.0	-0.0020038665692006675
76.0	-0.0013980244205535825
77.0	-0.0014969540577671428
78.0	-0.0013598730539860645
79.0	-0.0017176342920531818
80.0	-0.001970993519879386
81.0	-0.0020863014650192883
82.0	-0.0018705114364172513
83.0	-0.0015956896391992248
84.0	-0.0013197423184509367
85.0	-0.0011532424582526026
86.0	-0.001723921699361443
87.0	-0.0013469101278073083
88.0	-0.0012114980037441247
89.0	-0.0010541187652582868
90.0	-0.0006080233356265215
91.0	0.00027877277292181335
92.0	-0.000574102385087136
93.0	-0.0005210475345300539
94.0	-0.0014507687818613112
95.0	-0.0011648469939635401
96.0	-0.0006646100014001488
97.0	-0.0015505522645114969
98.0	-0.0004893776310515524
99.0	-0.0005435191939831786
100.0	-0.0001894838269133618
101.0	-0.0010185289350013677
102.0	-0.0006329400979220088
103.0	-0.0010646753997507591
104.0	-0.0008940615569928904
105.0	0.0003049314922161599
106.0	-0.00019305445328598574
107.0	-0.00024141315394054396
108.0	-0.0006952320036605464
109.0	-0.0010036642621678825
110.0	-0.000599523692413455
111.0	-0.0003963084784279405
112.0	-0.0010822180423638028
113.0	-0.000247545316623767
114.0	-0.0011783920874852856
115.0	-0.000658827139123081
116.0	-0.0017120454855568694
117.0	-0.0001498188252533485
118.0	-0.0013430290121849695
119.0	-0.0016814234832968331
120.0	-0.002461954646105243
121.0	-0.0015363861924899602
122.0	-0.0014749481321884095
123.0	-0.0026395544969836826
124.0	-0.0020650717625650228
125.0	-0.0016974524908170202
126.0	-0.0018440034167163883
127.0	-0.0018277415422590056
128.0	-0.0009479702529873208
129.0	-0.0016045385828180848
130.0	-0.001482167007245815
131.0	-0.0019093614037967181
132.0	-0.0017366905697587206
133.0	-0.0018249083278547705
134.0	-0.0016504133694742018
135.0	-0.001386497507155164
136.0	-0.0022090999633098706
137.0	-0.0024936245495837442
138.0	-0.0015877333521734302
139.0	-0.000891849321088085
140.0	-0.002284781717945477
141.0	-0.0021204164713394293
142.0	-0.0019605533188555113
143.0	-0.0017666915935196888
144.0	-0.0023702826951055283
145.0	-0.0009600793337287286
146.0	-0.0012796503940722492
147.0	-0.00233092818269523
148.0	-0.0019820935105594917
149.0	-0.00281090575170994
150.0	-0.0024055620361127326
151.0	-0.0019053250435493412
152.0	-0.002616461859030767
153.0	-0.0029531098281122166
154.0	-0.0028159512020189807
155.0	-0.001887588345155542
156.0	-0.002067051131532271
157.0	-0.002111295849626933
158.0	-0.0013213335758563126
159.0	-0.002637536316859994
160.0	-0.0023019362489962868
161.0	-0.0027885117145689735
162.0	-0.0015933609698258215
163.0	-0.002318120501141512
164.0	-0.0022319209231691506
165.0	-0.0017275311368901457
166.0	-0.001199738223408149
167.0	-0.001326767137727587
168.0	-0.0015924683132327558
169.0	-0.0020292878765269867
170.0	-0.0009047734361104009
171.0	-0.002515514041693518
172.0	-0.0015561022598513691
173.0	-0.001800496110590115
174.0	-0.0024977773432993578
175.0	-0.002497932587924396
176.0	-0.002684575438202813
177.0	-0.0023229718956694354
178.0	-0.003061121275881833
179.0	-0.0023036439398702604
180.0	-0.0037819220692626655
181.0	-0.0035491327542348573
182.0	-0.0028001162502795493
183.0	-0.0024245018803496733
184.0	-0.004038425000743181
185.0	-0.003562988337006679
186.0	-0.0035887589447387916
187.0	-0.003400369592430684
188.0	-0.003986883785278594
189.0	-0.0033690489893583374
190.0	-0.0033866692542839
191.0	-0.0032649186572110598
192.0	-0.0038241874183900797
193.0	-0.003224128132020062
194.0	-0.0037628269804006863
195.0	-0.0039569215726740666
196.0	-0.003826593710076002
197.0	-0.0034390255040290334
198.0	-0.00336446927292405
199.0	-0.004616594795003062
200.0	-0.004526708157189479
201.0	-0.00405946064741633
202.0	-0.004416989018545889
203.0	-0.003982886236187296
204.0	-0.004889941768284311
205.0	-0.005127039121652771
206.0	-0.005239863152794232
207.0	-0.004584497968806249
208.0	-0.004784414234512775
209.0	-0.004456809264831303
210.0	-0.00566104182013051
211.0	-0.005584545031214357
212.0	-0.006146918684891248
213.0	-0.00613787568549091
214.0	-0.005753994539285524
215.0	-0.006456049544210533
216.0	-0.0060540435880483915
217.0	-0.005572824062034821
218.0	-0.005287988986511233
219.0	-0.00650114810774182
220.0	-0.007094570686397421
221.0	-0.006828947133204771
222.0	-0.006327895106360833
223.0	-0.0068601901139645986
224.0	-0.005725351905992737
225.0	-0.006686665434489614
226.0	-0.0069569075152733535
227.0	-0.007261342224689392
228.0	-0.00642379747338868
229.0	-0.007325070143208267
230.0	-0.006784120247766759
231.0	-0.007712754782723833
232.0	-0.007944923119251851
233.0	-0.0073570117247800425
234.0	-0.006841754814758489
235.0	-0.008006244746084802
236.0	-0.00807812300741059
237.0	-0.007447907452655289
238.0	-0.007853406412877174
239.0	-0.006938161726817168
240.0	-0.00835337172734693
241.0	-0.007939800046630653
242.0	-0.007501039925525252
243.0	-0.008010785651363012
244.0	-0.007993359442218928
245.0	-0.007516176276452373
246.0	-0.007541597583778693
247.0	-0.008814137774031063
248.0	-0.008607119066735367
249.0	-0.008716100793410567
250.0	-0.008700265841671499
251.0	-0.008666500135757151
252.0	-0.00809842124211535
253.0	-0.008077113917348926
254.0	-0.008515796416141808
255.0	-0.007712832405035991
256.0	-0.008582085870971283
257.0	-0.008097839074771998
258.0	-0.007762277818064731
259.0	-0.008737990285520704
260.0	-0.0079495028356865
261.0	-0.0089639100258969
262.0	-0.008560157567705068
263.0	-0.008582551604846035
264.0	-0.007811024630281162
265.0	-0.008108822631983507
266.0	-0.00850543383743009
267.0	-0.008214893521941954
268.0	-0.008892381064977268
269.0	-0.00891135972037065
270.0	-0.008089882787746205
271.0	-0.007698588710702297
272.0	-0.008726696239059842
273.0	-0.008153727139733677
274.0	-0.00834762767622594
275.0	-0.008215824989691098
276.0	-0.008912213565807636
277.0	-0.007327049512175515
278.0	-0.008668285448943644
279.0	-0.008398043368159904
280.0	-0.008995502307062883
281.0	-0.008383450373420054
282.0	-0.008167272233255784
283.0	-0.008681131941653441
284.0	-0.008216251912409772
285.0	-0.0073001921920692195
286.0	-0.008191218716645687
287.0	-0.00813525302937149
288.0	-0.007613747523197754
289.0	-0.008255179502101757
290.0	-0.007733984485177737
291.0	-0.007682132780463436
292.0	-0.007994484965749189
293.0	-0.007812848754623734
294.0	-0.007485515463035897
295.0	-0.007558053514017192
296.0	-0.007740039025548802
297.0	-0.007687876831584424
298.0	-0.0076727792918137435
299.0	-0.008250987897229705
300.0	-0.007771437250933306
301.0	-0.007494364406654757
302.0	-0.008099313898708776
303.0	-0.007387362048946805
304.0	-0.008204686187855274
305.0	-0.007613902767822792
306.0	-0.007999258737964593
307.0	-0.007485127351473663
308.0	-0.00748015952347678
309.0	-0.007985247910568096
310.0	-0.006995796293808899
311.0	-0.007500418947025461
312.0	-0.0070140763483903315
313.0	-0.006647815467110148
314.0	-0.00761968563009986
315.0	-0.007274848507055058
316.0	-0.007507521388614269
317.0	-0.00722206533459125
318.0	-0.0069449924903127016
319.0	-0.006305501069219867
320.0	-0.006800382122224141
321.0	-0.0075546381322696065
322.0	-0.007896603229753732
323.0	-0.007235882106206994
324.0	-0.007272907949243889
325.0	-0.007218882819781222
326.0	-0.0065885508315569625
327.0	-0.007200137031325037
328.0	-0.007756300900006185
329.0	-0.007667656219192184
330.0	-0.007749470136511013
331.0	-0.007460948001146203
332.0	-0.007515400053327906
333.0	-0.006756020970660881
334.0	-0.006351686345125698
335.0	-0.007926953553920493
336.0	-0.006249302515008473
337.0	-0.006783848569673122
338.0	-0.006774611514492029
339.0	-0.006987995251408143
340.0	-0.0066689675472518944
341.0	-0.006743601400669397
342.0	-0.007404865880403407
343.0	-0.007799342472258067
344.0	-0.00700274349077303
345.0	-0.006904434832059261
346.0	-0.00652781137206736
347.0	-0.00607573902437741
348.0	-0.007534068219471211
349.0	-0.007375408212830073
350.0	-0.006873774018642784
351.0	-0.006435673687193254
352.0	-0.007355420467375028
353.0	-0.007063366516794034
354.0	-0.006389449600130982
355.0	-0.007595273412835566
356.0	-0.006789670243106631
357.0	-0.006841327892039816
358.0	-0.008276137526462387
359.0	-0.007417906428894683
360.0	-0.006479879594131476
361.0	-0.007042253247808367
362.0	-0.006914719788458459
363.0	-0.0071961394822341
364.0	-0.007556811557017971
365.0	-0.007384451212230051
366.0	-0.0069501543740903395
367.0	-0.0068585212342470656
368.0	-0.006667453912159038
369.0	-0.0068145870054021175
370.0	-0.006797393663195229
371.0	-0.007345368377913026
372.0	-0.006420420902797173
373.0	-0.00667622523346574
374.0	-0.007409173918744421
375.0	-0.006596429496270238
376.0	-0.007147509103486267
377.0	-0.007257849220629287
378.0	-0.006943595288688442
379.0	-0.007078852168126949
380.0	-0.006265098655591464
381.0	-0.0069829109899430235
382.0	-0.006916621535113188
383.0	-0.006954268356649874
384.0	-0.007133381842620809
385.0	-0.00702370151513366
386.0	-0.006386577574570668
387.0	-0.006385917784914799
388.0	-0.007105515432452489
389.0	-0.007896564418597653
390.0	-0.006918173981362123
391.0	-0.006866904443991173
392.0	-0.007071516859600946
393.0	-0.007080482236688404
394.0	-0.0066542969301995256
395.0	-0.007102721029204333
396.0	-0.007496615453715641
397.0	-0.007662145035008391
398.0	-0.00739908301812634
399.0	-0.007694940462017154
400.0	-0.00757536328969304
401.0	-0.007913835383117062
402.0	-0.007719158623500692
403.0	-0.008086545028311137
404.0	-0.008385934287418496
405.0	-0.007940925570160913
406.0	-0.0066132735380713325
407.0	-0.00646629568945329
408.0	-0.008476713581824783
409.0	-0.007595273412835566
410.0	-0.0067649475365922605
411.0	-0.0067290472170856265
412.0	-0.007488659166689847
413.0	-0.007956023109931955
414.0	-0.007769884804684371
415.0	-0.007135749323150653
416.0	-0.006546324293585988
417.0	-0.006824716717176277
418.0	-0.0069846186808166354
419.0	-0.007198468151607503
420.0	-0.006717791981780844
421.0	-0.0062970014260068
422.0	-0.007394852602097846
423.0	-0.007159618184228036
424.0	-0.006967192471672551
425.0	-0.006550826387707757
426.0	-0.005838835726789705
427.0	-0.006951473953402079
428.0	-0.00674977237450906
429.0	-0.006577644896658335
430.0	-0.00719299577858015
431.0	-0.006932844598414853
432.0	-0.005922396146138949
433.0	-0.0070578941437663195
434.0	-0.006864692208086367
435.0	-0.007755563488038158
436.0	-0.007133886387652002
437.0	-0.005872329754610778
438.0	-0.006475338688853268
439.0	-0.006562857846137007
440.0	-0.006445260042780142
441.0	-0.007110832560855165
442.0	-0.0059987376904300635
443.0	-0.006768518162964884
444.0	-0.006789398565012994
445.0	-0.005598517047454777
446.0	-0.006124835136999996
447.0	-0.00622283330646405
448.0	-0.0065365050710615435
449.0	-0.0072604883792524045
450.0	-0.007340245305291467
451.0	-0.008022661865167586
452.0	-0.008028949272475485
453.0	-0.0075157881648901395
454.0	-0.007456523529336954
455.0	-0.008039311851187203
456.0	-0.008153727139733677
457.0	-0.008701236120577082
458.0	-0.0071850006803979155
459.0	-0.008518668441702484
460.0	-0.008351858092254073
461.0	-0.008360163679686023
462.0	-0.007675069150030706
463.0	-0.009198057731392888
464.0	-0.00732677783408224
465.0	-0.007919424189613373
466.0	-0.007150769240609176
467.0	-0.007516913688420401
468.0	-0.0075222308168230775
469.0	-0.00847888700657351
470.0	-0.008118835910289068
471.0	-0.00802991955138107
472.0	-0.00886952129396191
473.0	-0.008450632484842594
474.0	-0.008484204134975826
475.0	-0.009021583404045071
476.0	-0.007763907886626186
477.0	-0.008794926251700487
478.0	-0.00774714146713761
479.0	-0.008554724005833793
480.0	-0.008543003036654258
481.0	-0.00833501405045334
482.0	-0.009098274248742341
483.0	-0.008498874752028556
484.0	-0.008354147950471397
485.0	-0.007021062356510541
486.0	-0.007449576332372823
487.0	-0.008831602794331588
488.0	-0.0078923728137256
489.0	-0.007407078116308213
490.0	-0.00812690863078346
491.0	-0.008288518285297792
492.0	-0.008114489060791976
493.0	-0.008415275521523232
494.0	-0.00877319200421539
495.0	-0.008401070638345618
496.0	-0.008183184807307373
497.0	-0.009718282469410963
498.0	-0.008302412679225693
499.0	-0.009116282625230138
500.0	-0.009222469948657183
501.0	-0.008202241085012912
502.0	-0.008305595194036083
503.0	-0.007687333475397514
504.0	-0.007597990193771203
505.0	-0.008240470073892949
506.0	-0.007600784597019359
507.0	-0.007335549155388582
508.0	-0.0077152775078783535
509.0	-0.008416556289678533
510.0	-0.008239732661924922
511.0	-0.008490646786909124
512.0	-0.008682102220559025
513.0	-0.008433477953792146
514.0	-0.008127180308877097
515.0	-0.007949308779905382
516.0	-0.008441705918911215
517.0	-0.008114760738885613
518.0	-0.008619538636726851
519.0	-0.009730624417089929
520.0	-0.00858359950606414
521.0	-0.008990728534847477
522.0	-0.00868885536174204
523.0	-0.008012726209174181
524.0	-0.008120465978850524
525.0	-0.008731702878212443
526.0	-0.008499456919371906
527.0	-0.00834762767622594
528.0	-0.00846941708445486
529.0	-0.009419514188803395
530.0	-0.009424520827956357
531.0	-0.009380819466048605
532.0	-0.009906438954781875
533.0	-0.009707221289887297
534.0	-0.010623824366415123
535.0	-0.009775412491371862
536.0	-0.009380159676392736
537.0	-0.010610939062548884
538.0	-0.009498262024780794
539.0	-0.009670117824537883
540.0	-0.010418319294212284
541.0	-0.009556013025241122
542.0	-0.008884735267201188
543.0	-0.009526555357667426
544.0	-0.00856636735270081
545.0	-0.009347092571290698
546.0	-0.008791821359202616
547.0	-0.01012362618500817
548.0	-0.009793614923640776
549.0	-0.009751660063763077
550.0	-0.010049225198527864
551.0	-0.009699226191705424
552.0	-0.01063092680800393
553.0	-0.010272117668718708
554.0	-0.01001018117536728
555.0	-0.010416883281431946
556.0	-0.011572369024514723
557.0	-0.0107976983462959
558.0	-0.010462020656119673
559.0	-0.01112802009691301
560.0	-0.010438268228511249
561.0	-0.010314887562876953
562.0	-0.010512863270772312
563.0	-0.010699040387175975
564.0	-0.009698644024362072
565.0	-0.011182084037532479
566.0	-0.010525205218451638
567.0	-0.01012370380732069
568.0	-0.010223526101126954
569.0	-0.011866635211000521
570.0	-0.010948596121692359
571.0	-0.011681932918533275
572.0	-0.012354180955478793
573.0	-0.011033825420759136
574.0	-0.01227384186209638
575.0	-0.011159263077672836
576.0	-0.012042643804473585
577.0	-0.01118192879290744
578.0	-0.012609946474990918
579.0	-0.012877122474432505
580.0	-0.012496501465349667
581.0	-0.012573774477390649
582.0	-0.011988696297323076
583.0	-0.011154566927769952
584.0	-0.013268804663039008
585.0	-0.011924968378804201
586.0	-0.011178940333878166
587.0	-0.012130628695632079
588.0	-0.012270465291504874
589.0	-0.012586582158944367
590.0	-0.012463861282965942
591.0	-0.013444075844543683
592.0	-0.013781888148312197
593.0	-0.014316434202976845
594.0	-0.013717810929387527
595.0	-0.013995582374478024
596.0	-0.012947603534134393
597.0	-0.013802458061110592
598.0	-0.01372266232391545
599.0	-0.014668917123797727
600.0	-0.014328737339499732
601.0	-0.013487544339513878
602.0	-0.013616552622800563
603.0	-0.013314912316632321
604.0	-0.013565787630460444
605.0	-0.013264962358572748
606.0	-0.013129627856822083
607.0	-0.013930107953929459
608.0	-0.013714589603420696
609.0	-0.014187775220096314
610.0	-0.014675320964574586
611.0	-0.01564284427806757
612.0	-0.014944942066858534
613.0	-0.015602325430970206
614.0	-0.016286294437094898
615.0	-0.0152552760720206
616.0	-0.015530641225425535
617.0	-0.015580707616953706
618.0	-0.016063790078466287
619.0	-0.015371127373347412
620.0	-0.01581768853685393
621.0	-0.01585005704114402
622.0	-0.014765673336262561
623.0	-0.015528467800677171
624.0	-0.015613153743556676
625.0	-0.015189801651471671
626.0	-0.01602633731271072
627.0	-0.015217978550890068
628.0	-0.01592589404040466
629.0	-0.01657737810877031
630.0	-0.01575923893558129
631.0	-0.015921081457032818
632.0	-0.016211156038646563
633.0	-0.01636348982682336
634.0	-0.01690304252064097
635.0	-0.016088784463074296
636.0	-0.016268790605638295
637.0	-0.016420270548378108
638.0	-0.016300926242991187
639.0	-0.017067563011871695
640.0	-0.016685505990008884
641.0	-0.01534784067961338
642.0	-0.016409131746541922
643.0	-0.015493887060481916
644.0	-0.016434708298493278
645.0	-0.015688525008942206
646.0	-0.016221208128108205
647.0	-0.01685611983276675
648.0	-0.016702427654122137
649.0	-0.016745391604061497
650.0	-0.017090966139074328
651.0	-0.017997323070359394
652.0	-0.017096128022852326
653.0	-0.017167889850709155
654.0	-0.01707183223905627
655.0	-0.0175633367214694
656.0	-0.017117124858369036
657.0	-0.016521334799183954
658.0	-0.016723540923107804
659.0	-0.017590194041576055
660.0	-0.01645232856341848
661.0	-0.01696851694118954
662.0	-0.015755319008802872
663.0	-0.01613590120672927
664.0	-0.016387902044087656
665.0	-0.016484929934646127
666.0	-0.016648790636221343
667.0	-0.017087356701545625
668.0	-0.01693486766874415
669.0	-0.017032283670864855
670.0	-0.017296121910871372
671.0	-0.01701035536759864
672.0	-0.017234528605944783
673.0	-0.01660765081062455
674.0	-0.017230142945291613
675.0	-0.017237594687286577
676.0	-0.01748035846946387
677.0	-0.016806674419738012
678.0	-0.01681893874510482
679.0	-0.016835588731124434
680.0	-0.015968081767219557
681.0	-0.016475498823683914
682.0	-0.015831311252688194
683.0	-0.017484938185898156
684.0	-0.017086075933390326
685.0	-0.01674337342393781
686.0	-0.017639755888073032
687.0	-0.017937165778213145
688.0	-0.017571797553526024
689.0	-0.017520023471123882
690.0	-0.01753787660298664
691.0	-0.017013033337377838
692.0	-0.01823015119654328
693.0	-0.01726647018751656
694.0	-0.018118491500088523
695.0	-0.017292357228717633
696.0	-0.016652167206812847
697.0	-0.018075294683211965
698.0	-0.01788966092299557
699.0	-0.01703822177776696
700.0	-0.017457032964573394
701.0	-0.017638979664948564
702.0	-0.016403698184670648
703.0	-0.015828672094065077
704.0	-0.016683953543759948
705.0	-0.017616663250120117
706.0	-0.017200413599624282
707.0	-0.018072150979558013
708.0	-0.01685006529239605
709.0	-0.017856593817893174
710.0	-0.018096058651791477
711.0	-0.017353057877051156
712.0	-0.017531860873772013
713.0	-0.017403124268579324
714.0	-0.017138470994291898
715.0	-0.01794745073461234
716.0	-0.017358685494703548
717.0	-0.01880094687112072
718.0	-0.017579715029395742
719.0	-0.017147164693286084
720.0	-0.017106917524282356
721.0	-0.016810477913048193
722.0	-0.017536906324081055
723.0	-0.016732118188633027
724.0	-0.017629626176298874
725.0	-0.016865512132572886
726.0	-0.01802553878093351
727.0	-0.017519790604186684
728.0	-0.017160515731026713
729.0	-0.017194359059253577
730.0	-0.017193078291098278
731.0	-0.0172311132241972
732.0	-0.017583829011955276
733.0	-0.01743902458808596
734.0	-0.016651701472938096
735.0	-0.01807444083777498
736.0	-0.017396371127396313
737.0	-0.017653106925814024
738.0	-0.01807952509924046
739.0	-0.01672555910323113
740.0	-0.018339482223624637
741.0	-0.01714988147422172
742.0	-0.017321426784729095
743.0	-0.017717455822832327
744.0	-0.017139868195915797
745.0	-0.01716043810871419
746.0	-0.017709577158119053
747.0	-0.017546919602386978
748.0	-0.017959404570729073
749.0	-0.01728556527637854
750.0	-0.01760451535822227
751.0	-0.017196027938971112
752.0	-0.01700736690856937
753.0	-0.017974385677031156
754.0	-0.01778316311031845
755.0	-0.017265461097454898
756.0	-0.017664595028056
757.0	-0.017382243866530853
758.0	-0.01626075669629998
759.0	-0.016530610665521125
760.0	-0.017507642712288836
761.0	-0.016765301727204026
762.0	-0.01687079044981912
763.0	-0.01809338068201228
764.0	-0.01683985795830901
765.0	-0.01631532518194992
766.0	-0.017500074536825276
767.0	-0.016881191839686917
768.0	-0.017678411799671744
769.0	-0.016912900554321496
770.0	-0.01757657132574143
771.0	-0.01675365838033701
772.0	-0.01636348982682336
773.0	-0.01629300876712147
774.0	-0.0173538729113317
775.0	-0.016751329710963606
776.0	-0.016517259627780497
777.0	-0.01653410366958123
778.0	-0.015873964713377844
779.0	-0.01690436209995235
780.0	-0.017147048259817124
781.0	-0.01587349897950309
782.0	-0.015980346092586004
783.0	-0.01611308024686999
784.0	-0.016159886501275252
785.0	-0.015648704762657156
786.0	-0.015439202141363378
787.0	-0.016424656209031278
788.0	-0.015713247715456576
789.0	-0.015059590222342205
790.0	-0.014920879150000033
791.0	-0.014532689965453635
792.0	-0.015053147570409266
793.0	-0.015174277188982316
794.0	-0.01417981893307052
795.0	-0.014434458929052384
796.0	-0.015133758341885316
797.0	-0.01478341003465672
798.0	-0.01396301981440682
799.0	-0.014247427967211734
800.0	-0.014889248057677973
801.0	-0.014277739480222056
802.0	-0.013494530347634088
803.0	-0.014277351368659822
804.0	-0.013000231461973164
805.0	-0.013757669986828657
806.0	-0.012985832523014431
807.0	-0.01347283491130543
808.0	-0.014182690958631195
809.0	-0.013880934218994355
810.0	-0.013614689687301913
811.0	-0.013150896370432428
812.0	-0.013510054810123443
813.0	-0.012932311938582235
814.0	-0.012553282186904774
815.0	-0.013366647587878025
816.0	-0.012714270862919314
817.0	-0.01260354263421406
818.0	-0.012725176797817941
819.0	-0.012628381774197029
820.0	-0.011790526533646241
821.0	-0.01236260297637898
822.0	-0.011322037066873871
823.0	-0.0115928613150006
824.0	-0.011747329716769683
825.0	-0.011201800104893887
826.0	-0.011669785026635427
827.0	-0.01088448009161125
828.0	-0.010504635305653242
829.0	-0.010705638283733951
830.0	-0.01041024657371789
831.0	-0.011270418229096765
832.0	-0.010333555729020259
833.0	-0.010391423162949547
834.0	-0.011861783816472599
835.0	-0.010865268569280674
836.0	-0.01067784949587815
837.0	-0.010589786982407139
838.0	-0.010725587218032918
839.0	-0.009977036447952363
840.0	-0.011668659503104804
841.0	-0.010351796972445251
842.0	-0.010810855328255773
843.0	-0.011099920819807494
844.0	-0.01026311348047481
845.0	-0.010838954605361288
846.0	-0.010991792938568917
847.0	-0.0108193161603124
848.0	-0.010625687301913772
849.0	-0.01102792612501311
850.0	-0.010813960220753644
851.0	-0.010243203357332285
852.0	-0.010538905556598421
853.0	-0.010273553681499046
854.0	-0.010147223367991919
855.0	-0.01067462816991168
856.0	-0.010188052704338995
857.0	-0.010190691862962113
858.0	-0.00993019138239066
859.0	-0.010259077120227795
860.0	-0.009920915516053489
861.0	-0.009724220576313069
862.0	-0.009744363566393152
863.0	-0.009931355717077362
864.0	-0.010042627301969888
865.0	-0.008323021403180168
866.0	-0.008482884555664446
867.0	-0.009141315820994223
868.0	-0.00864177742924278
869.0	-0.009209545833634867
870.0	-0.008048587717524737
871.0	-0.008366257031213166
872.0	-0.007408436506776032
873.0	-0.008026659414258522
874.0	-0.008858110814032089
875.0	-0.007103070329610488
876.0	-0.00780427148909851
877.0	-0.007176345792560172
878.0	-0.007121039894941845
879.0	-0.006420265658172497
880.0	-0.006982251200287153
881.0	-0.006533012067001439
882.0	-0.006501730275085171
883.0	-0.005761058169718253
884.0	-0.006076903359064112
885.0	-0.006237115811954185
886.0	-0.005697795985074131
887.0	-0.005901011199059645
888.0	-0.005167402724125095
889.0	-0.004764193622120535
890.0	-0.004865607173332175
891.0	-0.0047920988434449335
892.0	-0.004536682624338963
893.0	-0.0051712838397474335
894.0	-0.004755499923126351
895.0	-0.004601730122169216
896.0	-0.004793534856225272
897.0	-0.003985641828279373
898.0	-0.003810331835618258
899.0	-0.004327335247669864
900.0	-0.004452695282271406
901.0	-0.003476323025159926
902.0	-0.003380692336225354
903.0	-0.0030122192190403644
904.0	-0.0037504462215656427
905.0	-0.002400982319678445
906.0	-0.00375118363353367
907.0	-0.002958931501545725
908.0	-0.002493391682646187
909.0	-0.0022428656692242183
910.0	-0.002198776195754594
911.0	-0.002087388177393471
912.0	-0.0022036275902825174
913.0	-0.0019239932096930077
914.0	-0.0017068447906231523
915.0	-0.0022038604572197132
916.0	-0.0012710343173905848
917.0	-0.0020235050142495574
918.0	-0.0004993132870449566
919.0	-0.0005814765047695797
920.0	-0.0008460133455884085
921.0	-0.0007272900187009203
922.0	-0.0013440769134030733
923.0	-0.0012629615968961926
924.0	-0.0014719208620030575
925.0	-0.0004107462285431131
926.0	-0.0006009208940377139
927.0	-0.0006130299747794832
928.0	-0.000728881276106296
929.0	-7.910489861426344e-05
930.0	-0.0007558938408376294
931.0	-0.0006329789090780877
932.0	0.0009617326889844812
933.0	0.00012659422936969246
934.0	-0.0009228982460667953
935.0	-0.0007276781302631542
936.0	0.00022234135177286272
937.0	0.0005763767188426795
938.0	-4.949198641589076e-05
939.0	0.00025090636275313164
940.0	-0.000854435366488956
941.0	0.00045761458079911254
942.0	-0.00016953489261475728
943.0	-0.000353034039238863
944.0	0.0001238386372779765
945.0	0.000857641167993644
946.0	-0.0006202876609929676
947.0	0.001001281257176258
948.0	0.00015531448497499951
949.0	0.001126253180215567
950.0	0.0011466678483889245
951.0	0.0005918235590195156
952.0	0.00029891576300153475
953.0	0.0013100240049333089
954.0	0.0005692742772538718
955.0	0.00194148151668783
956.0	0.0019948080453389095
957.0	0.002021898232382762
958.0	0.0015427356976485981
959.0	0.002548449188865538
960.0	0.0014044515480247392
961.0	0.0024151328672382005
962.0	0.0023248193067063046
963.0	0.0025537663172678533
964.0	0.0023472521550033506
965.0	0.0021195471014406617
966.0	0.0020617961009803325
967.0	0.001995661890775535
968.0	0.0019980293713053785
969.0	0.0024250685232312433
970.0	0.001958946536988355
971.0	0.0029832117608796405
972.0	0.0024247580339815285
973.0	0.0031525060243261308
974.0	0.00231049799005973
975.0	0.0027210035894345763
976.0	0.0027360235068930997
977.0	0.003282911509236714
978.0	0.0027778231221457605
979.0	0.0027207707224973805
980.0	0.003485195255473084
981.0	0.0026804459311811357
982.0	0.002429531806196933
983.0	0.002641285474551593
984.0	0.0022669906839334567
985.0	0.0023420126489131932
986.0	0.0011692559413110086
987.0	0.0014999658034907139
988.0	0.0022735885804914327
989.0	0.0018563686510900128
990.0	0.0013420432088176038
991.0	0.0005677606421610151
992.0	0.00020965010368774258
993.0	0.001778086548987367
994.0	0.000888651281815914
995.0	0.00020654521118987156
996.0	0.00048229847615704265
997.0	-0.00010196466962962204
998.0	0.00026604271368025294
999.0	0.0004814446307200558
1000.0	-0.0005239971824028867
1001.0	0.00024752979216198604
1002.0	0.0008156086858034257
1003.0	-0.001149594209567821
1004.0	0.0009112393747379981
1005.0	-0.0003116613467048761
1006.0	-0.00010506956212749308
1007.0	0.00015477112878808897
1008.0	0.00019913228035134905
1009.0	-8.970034426317604e-05
1010.0	-0.00012362129480256168
1011.0	-0.0007857008088171191
1012.0	-0.0007687015223913475
1013.0	9.837851879521717e-05
1014.0	-0.0010765128023988925
1015.0	-0.0013819566018769553
1016.0	-0.00035567319786198107
1017.0	-0.0018907708599655707
1018.0	-0.0007429697258153136
1019.0	-0.00035159802645852537
1020.0	-0.0016945028429441872
1021.0	-0.001151612389691148
1022.0	-0.0008287035699125606
1023.0	-0.001694890954506421
1024.0	-0.0017621118770850398
1025.0	-0.0021421895299809667
1026.0	-0.002824334411763088
1027.0	-0.002609863962472791
1028.0	-0.003010977262041505
1029.0	-0.0029062647625505153
1030.0	-0.0026126195545645068
1031.0	-0.0033518556471514487
1032.0	-0.003030732140558993
1033.0	-0.003600712780855884
1034.0	-0.003922340832478811
1035.0	-0.0043832233126315425
1036.0	-0.004465852264231279
1037.0	-0.0039866509183410365
1038.0	-0.004332225453354227
1039.0	-0.00454444485558364
1040.0	-0.004598469985046668
1041.0	-0.004397971551996429
1042.0	-0.004578210561497988
1043.0	-0.005462057022173128
1044.0	-0.005702763813070652
1045.0	-0.005251234821567613
1046.0	-0.004871273602140645
1047.0	-0.005181762851927748
1048.0	-0.004904340707243044
1049.0	-0.00595717094211496
1050.0	-0.0054526259112109175
1051.0	-0.007029018643536336
1052.0	-0.007471776313732673
1053.0	-0.007959205624742347
1054.0	-0.00898238413625945
1055.0	-0.008233910988491414
1056.0	-0.009309795050159806
1057.0	-0.008314094837248789
1058.0	-0.009890099458011973
1059.0	-0.010136511488874407
1060.0	-0.009991590631536132
1061.0	-0.010520159768142598
1062.0	-0.011500762441282572
1063.0	-0.011885885544487178
1064.0	-0.010980343647483019
1065.0	-0.012249390833675645
1066.0	-0.012401646999539924
1067.0	-0.013122874715639068
1068.0	-0.012929828024583792
1069.0	-0.012848635085764755
1070.0	-0.013286153249870935
1071.0	-0.014276031789348442
1072.0	-0.014268618858509559
1073.0	-0.013586396354414918
1074.0	-0.014027718011831279
1075.0	-0.014879661702090723
1076.0	-0.015325136153222696
1077.0	-0.014799477853333349
1078.0	-0.015570810772116743
1079.0	-0.015203501989618817
1080.0	-0.01637315380472277
1081.0	-0.015982635950803327
1082.0	-0.016371290869224116
1083.0	-0.017198046119094798
1084.0	-0.01634210487974406
1085.0	-0.01601092928368996
1086.0	-0.016516250537718474
1087.0	-0.016235645878223376
1088.0	-0.016540119398795856
1089.0	-0.016805742951988868
1090.0	-0.0168213062256343
1091.0	-0.016952798422919066
1092.0	-0.015820250073164527
1093.0	-0.0170103165564422
1094.0	-0.016286954226750767
1095.0	-0.01718908074200734
1096.0	-0.017169054185395858
1097.0	-0.01709896123725656
1098.0	-0.0167581216633027
1099.0	-0.01689248588614814
1100.0	-0.017591435998574916
1101.0	-0.01673448566916251
1102.0	-0.017831677055597687
1103.0	-0.017792594221281023
1104.0	-0.016849056202334022
1105.0	-0.017105714378439215
1106.0	-0.016372765693160533
1107.0	-0.01775413236546343
1108.0	-0.017678722288921457
1109.0	-0.017219198199236545
1110.0	-0.018162115239683755
1111.0	-0.017731466650229188
1112.0	-0.01779523337990414
1113.0	-0.018554612462570806
1114.0	-0.01883071502794413
1115.0	-0.017968874492847363
1116.0	-0.018220331974018837
1117.0	-0.017973260153500894
1118.0	-0.018781075559134275
1119.0	-0.019048018691638663
1120.0	-0.01910274242191364
1121.0	-0.018798812257528434
1122.0	-0.01955236966676159
1123.0	-0.019075846290650903
1124.0	-0.018432900676654405
1125.0	-0.01849662859517328
1126.0	-0.01913375253573627
1127.0	-0.019181567880203556
1128.0	-0.019725467423517898
1129.0	-0.01867791550589258
1130.0	-0.01937927191000528
1131.0	-0.01846251358885278
1132.0	-0.019330641531257447
1133.0	-0.01825708613896246
1134.0	-0.01846686043834987
1135.0	-0.020025205983031414
1136.0	-0.018154702308845232
1137.0	-0.018229957140762164
1138.0	-0.018597188300947934
1139.0	-0.017903400072298795
1140.0	-0.018727826652795713
1141.0	-0.019275917800982468
1142.0	-0.018294461282405507
1143.0	-0.01835962521370472
1144.0	-0.019551438199012443
1145.0	-0.01941284356013851
1146.0	-0.01866522425780746
1147.0	-0.019431434103969657
1148.0	-0.019455691076609275
1149.0	-0.019624830095430725
1150.0	-0.019765210047490794
1151.0	-0.01992006656082211
1152.0	-0.020172106209336935
1153.0	-0.02073110329242232
1154.0	-0.020246701251598
1155.0	-0.021054671901856777
1156.0	-0.02065371384691274
1157.0	-0.020124057997932092
1158.0	-0.021208907436688303
1159.0	-0.02061249639900343
1160.0	-0.02055730693485406
1161.0	-0.019874890374977944
1162.0	-0.020700908212880596
1163.0	-0.02067540928324176
1164.0	-0.020612806888253506
1165.0	-0.02079180394075548
1166.0	-0.019804991482619765
1167.0	-0.02011206535065928
1168.0	-0.019439079901745735
1169.0	-0.020582146074837028
1170.0	-0.020195625770008163
1171.0	-0.019569795875906036
1172.0	-0.019322724055388093
1173.0	-0.01975667159312165
1174.0	-0.019451693527518337
1175.0	-0.01946795540197572
1176.0	-0.018530627168024824
1177.0	-0.018222233720673928
1178.0	-0.018128077855675773
1179.0	-0.017801870087618195
1180.0	-0.01831394448282972
1181.0	-0.018331681181223882
1182.0	-0.017903710561548512
1183.0	-0.017934332563808546
1184.0	-0.017545211911513005
1185.0	-0.017043073172294886
1186.0	-0.01683457964106277
1187.0	-0.017771480952295356
1188.0	-0.01689683273564523
1189.0	-0.01699056167792471
1190.0	-0.016738522029409886
1191.0	-0.016040581007044773
1192.0	-0.01696401484706777
1193.0	-0.016896910357957387
1194.0	-0.01614921343331382
1195.0	-0.016046635547415478
1196.0	-0.01646175967438105
1197.0	-0.016448447447796142
1198.0	-0.01542643327096574
1199.0	-0.015797661980242444
1200.0	-0.01468199648344508
1201.0	-0.01497626266993088
1202.0	-0.015377996947999024
1203.0	-0.014617996886832569
1204.0	-0.014713355897673506
1205.0	-0.015080703491327872
1206.0	-0.015667838662675213

