0.000000	63.970605
1.000000	64.021360
2.000000	64.018511
3.000000	63.955573
4.000000	63.996282
5.000000	64.042535
6.000000	63.995263
7.000000	63.992113
8.000000	64.059342
9.000000	64.058055
10.000000	64.051474
11.000000	64.108830
12.000000	64.088017
13.000000	64.084709
14.000000	64.100551
15.000000	64.048638
16.000000	64.098528
17.000000	64.103477
18.000000	64.147980
19.000000	64.090041
20.000000	64.103714
21.000000	64.171564
22.000000	64.156092
23.000000	64.096967
24.000000	64.157041
25.000000	64.115927
26.000000	64.070415
27.000000	64.151794
28.000000	64.092659
29.000000	64.158384
30.000000	64.123454
31.000000	64.082653
32.000000	64.086707
33.000000	64.124439
34.000000	64.076903
35.000000	64.091040
36.000000	64.074869
37.000000	64.049195
38.000000	64.098794
39.000000	64.109598
40.000000	64.105551
41.000000	64.095741
42.000000	64.072918
43.000000	64.091142
44.000000	64.042257
45.000000	64.070164
46.000000	64.114271
47.000000	64.053461
48.000000	64.055760
49.000000	64.025708
50.000000	64.049769
51.000000	64.063951
52.000000	64.025688
53.000000	64.003104
54.000000	64.025029
55.000000	64.039271
56.000000	63.975182
57.000000	64.026054
58.000000	64.003969
59.000000	64.014109
60.000000	63.974911
61.000000	63.958367
62.000000	64.020115
63.000000	64.031458
64.000000	64.013467
65.000000	63.985687
66.000000	64.001684
67.000000	63.952366
68.000000	63.980952
69.000000	63.957932
70.000000	63.958138
71.000000	63.981533
72.000000	63.933311
73.000000	64.008016
74.000000	63.890240
75.000000	63.923243
76.000000	63.962049
77.000000	63.955712
78.000000	63.964492
79.000000	63.941577
80.000000	63.925349
81.000000	63.917963
82.000000	63.931785
83.000000	63.949388
84.000000	63.967063
85.000000	63.977727
86.000000	63.941174
87.000000	63.965323
88.000000	63.973996
89.000000	63.984076
90.000000	64.012649
91.000000	64.069450
92.000000	64.014822
93.000000	64.018220
94.000000	63.958670
95.000000	63.976984
96.000000	64.009025
97.000000	63.952279
98.000000	64.020249
99.000000	64.016781
100.000000	64.039458
101.000000	63.986356
102.000000	64.011053
103.000000	63.983400
104.000000	63.994328
105.000000	64.071126
106.000000	64.039229
107.000000	64.036131
108.000000	64.007064
109.000000	63.987308
110.000000	64.013194
111.000000	64.026210
112.000000	63.982277
113.000000	64.035739
114.000000	63.976116
115.000000	64.009395
116.000000	63.941935
117.000000	64.041998
118.000000	63.965571
119.000000	63.943896
120.000000	63.893902
121.000000	63.953186
122.000000	63.957122
123.000000	63.882527
124.000000	63.919323
125.000000	63.942870
126.000000	63.933483
127.000000	63.934525
128.000000	63.990875
129.000000	63.948821
130.000000	63.956659
131.000000	63.929297
132.000000	63.940357
133.000000	63.934706
134.000000	63.945883
135.000000	63.962787
136.000000	63.910098
137.000000	63.891874
138.000000	63.949897
139.000000	63.994470
140.000000	63.905250
141.000000	63.915778
142.000000	63.926018
143.000000	63.938435
144.000000	63.899774
145.000000	63.990100
146.000000	63.969631
147.000000	63.902295
148.000000	63.924638
149.000000	63.871551
150.000000	63.897514
151.000000	63.929555
152.000000	63.884006
153.000000	63.862443
154.000000	63.871228
155.000000	63.930691
156.000000	63.919196
157.000000	63.916362
158.000000	63.966961
159.000000	63.882656
160.000000	63.904152
161.000000	63.872986
162.000000	63.949537
163.000000	63.903115
164.000000	63.908636
165.000000	63.940943
166.000000	63.974749
167.000000	63.966613
168.000000	63.949594
169.000000	63.921615
170.000000	63.993642
171.000000	63.890472
172.000000	63.951923
173.000000	63.936270
174.000000	63.891608
175.000000	63.891598
176.000000	63.879643
177.000000	63.902804
178.000000	63.855525
179.000000	63.904042
180.000000	63.809356
181.000000	63.824267
182.000000	63.872242
183.000000	63.896301
184.000000	63.792927
185.000000	63.823379
186.000000	63.821729
187.000000	63.833795
188.000000	63.796228
189.000000	63.835801
190.000000	63.834673
191.000000	63.842471
192.000000	63.806649
193.000000	63.845084
194.000000	63.810579
195.000000	63.798147
196.000000	63.806495
197.000000	63.831319
198.000000	63.836095
199.000000	63.755894
200.000000	63.761651
201.000000	63.791579
202.000000	63.768679
203.000000	63.796484
204.000000	63.738386
205.000000	63.723199
206.000000	63.715973
207.000000	63.757950
208.000000	63.745145
209.000000	63.766129
210.000000	63.688996
211.000000	63.693895
212.000000	63.657874
213.000000	63.658454
214.000000	63.683042
215.000000	63.638074
216.000000	63.663823
217.000000	63.694646
218.000000	63.712890
219.000000	63.635185
220.000000	63.597176
221.000000	63.614189
222.000000	63.646283
223.000000	63.612188
224.000000	63.684876
225.000000	63.623303
226.000000	63.605993
227.000000	63.586494
228.000000	63.640140
229.000000	63.582412
230.000000	63.617061
231.000000	63.557580
232.000000	63.542709
233.000000	63.580366
234.000000	63.613369
235.000000	63.538782
236.000000	63.534178
237.000000	63.574544
238.000000	63.548571
239.000000	63.607194
240.000000	63.516548
241.000000	63.543037
242.000000	63.571141
243.000000	63.538491
244.000000	63.539607
245.000000	63.570171
246.000000	63.568543
247.000000	63.487035
248.000000	63.500295
249.000000	63.493314
250.000000	63.494328
251.000000	63.496491
252.000000	63.532878
253.000000	63.534242
254.000000	63.506144
255.000000	63.557575
256.000000	63.501898
257.000000	63.532915
258.000000	63.554408
259.000000	63.491912
260.000000	63.542416
261.000000	63.477442
262.000000	63.503303
263.000000	63.501868
264.000000	63.551286
265.000000	63.532211
266.000000	63.506808
267.000000	63.525417
268.000000	63.482023
269.000000	63.480808
270.000000	63.533424
271.000000	63.558487
272.000000	63.492636
273.000000	63.529335
274.000000	63.516915
275.000000	63.525358
276.000000	63.480753
277.000000	63.582285
278.000000	63.496377
279.000000	63.513686
280.000000	63.475418
281.000000	63.514621
282.000000	63.528468
283.000000	63.495554
284.000000	63.525330
285.000000	63.584005
286.000000	63.526934
287.000000	63.530518
288.000000	63.563922
289.000000	63.522837
290.000000	63.556220
291.000000	63.559541
292.000000	63.539535
293.000000	63.551169
294.000000	63.572135
295.000000	63.567489
296.000000	63.555832
297.000000	63.559174
298.000000	63.560141
299.000000	63.523105
300.000000	63.553821
301.000000	63.571568
302.000000	63.532820
303.000000	63.578422
304.000000	63.526071
305.000000	63.563912
306.000000	63.539229
307.000000	63.572160
308.000000	63.572478
309.000000	63.540126
310.000000	63.603502
311.000000	63.571181
312.000000	63.602332
313.000000	63.625791
314.000000	63.563541
315.000000	63.585629
316.000000	63.570726
317.000000	63.589010
318.000000	63.606756
319.000000	63.647717
320.000000	63.616019
321.000000	63.567708
322.000000	63.545804
323.000000	63.588125
324.000000	63.585753
325.000000	63.589213
326.000000	63.629587
327.000000	63.590414
328.000000	63.554791
329.000000	63.560469
330.000000	63.555228
331.000000	63.573709
332.000000	63.570221
333.000000	63.618860
334.000000	63.644759
335.000000	63.543860
336.000000	63.651317
337.000000	63.617078
338.000000	63.617670
339.000000	63.604002
340.000000	63.624436
341.000000	63.619656
342.000000	63.577301
343.000000	63.552034
344.000000	63.603057
345.000000	63.609354
346.000000	63.633478
347.000000	63.662434
348.000000	63.569025
349.000000	63.579188
350.000000	63.611318
351.000000	63.639379
352.000000	63.580468
353.000000	63.599174
354.000000	63.642340
355.000000	63.565105
356.000000	63.616705
357.000000	63.613396
358.000000	63.521495
359.000000	63.576466
360.000000	63.636548
361.000000	63.600527
362.000000	63.608695
363.000000	63.590670
364.000000	63.567568
365.000000	63.578608
366.000000	63.606426
367.000000	63.612295
368.000000	63.624533
369.000000	63.615109
370.000000	63.616210
371.000000	63.581112
372.000000	63.640356
373.000000	63.623971
374.000000	63.577025
375.000000	63.629082
376.000000	63.593785
377.000000	63.586718
378.000000	63.606846
379.000000	63.598183
380.000000	63.650305
381.000000	63.604328
382.000000	63.608574
383.000000	63.606162
384.000000	63.594690
385.000000	63.601715
386.000000	63.642524
387.000000	63.642566
388.000000	63.596475
389.000000	63.545807
390.000000	63.608474
391.000000	63.611758
392.000000	63.598652
393.000000	63.598078
394.000000	63.625376
395.000000	63.596654
396.000000	63.571424
397.000000	63.560822
398.000000	63.577671
399.000000	63.558721
400.000000	63.566380
401.000000	63.544701
402.000000	63.557170
403.000000	63.533638
404.000000	63.514462
405.000000	63.542965
406.000000	63.628004
407.000000	63.637418
408.000000	63.508647
409.000000	63.565105
410.000000	63.618289
411.000000	63.620588
412.000000	63.571934
413.000000	63.541998
414.000000	63.553921
415.000000	63.594538
416.000000	63.632292
417.000000	63.614460
418.000000	63.604218
419.000000	63.590521
420.000000	63.621309
421.000000	63.648261
422.000000	63.577942
423.000000	63.593009
424.000000	63.605335
425.000000	63.632003
426.000000	63.677608
427.000000	63.606341
428.000000	63.619261
429.000000	63.630286
430.000000	63.590871
431.000000	63.607535
432.000000	63.672255
433.000000	63.599525
434.000000	63.611900
435.000000	63.554838
436.000000	63.594658
437.000000	63.675462
438.000000	63.636839
439.000000	63.631233
440.000000	63.638765
441.000000	63.596134
442.000000	63.667366
443.000000	63.618060
444.000000	63.616723
445.000000	63.693000
446.000000	63.659289
447.000000	63.653012
448.000000	63.632921
449.000000	63.586548
450.000000	63.581440
451.000000	63.537730
452.000000	63.537327
453.000000	63.570196
454.000000	63.573992
455.000000	63.536664
456.000000	63.529335
457.000000	63.494266
458.000000	63.591384
459.000000	63.505960
460.000000	63.516644
461.000000	63.516113
462.000000	63.559994
463.000000	63.462444
464.000000	63.582303
465.000000	63.544343
466.000000	63.593576
467.000000	63.570124
468.000000	63.569783
469.000000	63.508508
470.000000	63.531570
471.000000	63.537265
472.000000	63.483487
473.000000	63.510318
474.000000	63.508168
475.000000	63.473748
476.000000	63.554304
477.000000	63.488265
478.000000	63.555378
479.000000	63.503651
480.000000	63.504401
481.000000	63.517723
482.000000	63.468835
483.000000	63.507228
484.000000	63.516498
485.000000	63.601884
486.000000	63.574437
487.000000	63.485916
488.000000	63.546075
489.000000	63.577159
490.000000	63.531053
491.000000	63.520702
492.000000	63.531848
493.000000	63.512583
494.000000	63.489657
495.000000	63.513492
496.000000	63.527448
497.000000	63.429123
498.000000	63.519812
499.000000	63.467682
500.000000	63.460880
501.000000	63.526228
502.000000	63.519608
503.000000	63.559208
504.000000	63.564931
505.000000	63.523779
506.000000	63.564752
507.000000	63.581741
508.000000	63.557418
509.000000	63.512500
510.000000	63.523826
511.000000	63.507755
512.000000	63.495492
513.000000	63.511417
514.000000	63.531035
515.000000	63.542428
516.000000	63.510890
517.000000	63.531831
518.000000	63.499499
519.000000	63.428332
520.000000	63.501801
521.000000	63.475724
522.000000	63.495059
523.000000	63.538366
524.000000	63.531466
525.000000	63.492315
526.000000	63.507191
527.000000	63.516915
528.000000	63.509115
529.000000	63.448259
530.000000	63.447939
531.000000	63.450738
532.000000	63.417071
533.000000	63.429831
534.000000	63.371121
535.000000	63.425464
536.000000	63.450780
537.000000	63.371947
538.000000	63.443215
539.000000	63.432208
540.000000	63.384284
541.000000	63.439516
542.000000	63.482513
543.000000	63.441403
544.000000	63.502905
545.000000	63.452898
546.000000	63.488464
547.000000	63.403160
548.000000	63.424298
549.000000	63.426985
550.000000	63.407925
551.000000	63.430343
552.000000	63.370667
553.000000	63.393649
554.000000	63.410426
555.000000	63.384376
556.000000	63.310366
557.000000	63.359985
558.000000	63.381485
559.000000	63.338827
560.000000	63.383007
561.000000	63.390909
562.000000	63.378229
563.000000	63.366304
564.000000	63.430381
565.000000	63.335364
566.000000	63.377438
567.000000	63.403155
568.000000	63.396761
569.000000	63.291517
570.000000	63.350319
571.000000	63.303348
572.000000	63.260289
573.000000	63.344860
574.000000	63.265435
575.000000	63.336826
576.000000	63.280244
577.000000	63.335374
578.000000	63.243907
579.000000	63.226794
580.000000	63.251173
581.000000	63.246224
582.000000	63.283699
583.000000	63.337127
584.000000	63.201706
585.000000	63.287781
586.000000	63.335565
587.000000	63.274608
588.000000	63.265651
589.000000	63.245404
590.000000	63.253264
591.000000	63.190480
592.000000	63.168842
593.000000	63.134604
594.000000	63.172947
595.000000	63.155155
596.000000	63.222280
597.000000	63.167525
598.000000	63.172636
599.000000	63.112027
600.000000	63.133816
601.000000	63.187696
602.000000	63.179432
603.000000	63.198753
604.000000	63.182684
605.000000	63.201952
606.000000	63.210621
607.000000	63.159349
608.000000	63.173153
609.000000	63.142845
610.000000	63.111617
611.000000	63.049645
612.000000	63.094347
613.000000	63.052240
614.000000	63.008431
615.000000	63.074470
616.000000	63.056832
617.000000	63.053625
618.000000	63.022683
619.000000	63.067049
620.000000	63.038446
621.000000	63.036373
622.000000	63.105829
623.000000	63.056971
624.000000	63.051547
625.000000	63.078663
626.000000	63.025082
627.000000	63.076859
628.000000	63.031515
629.000000	62.989787
630.000000	63.042190
631.000000	63.031824
632.000000	63.013244
633.000000	63.003487
634.000000	62.968927
635.000000	63.021082
636.000000	63.009552
637.000000	62.999850
638.000000	63.007494
639.000000	62.958390
640.000000	62.982861
641.000000	63.068541
642.000000	63.000563
643.000000	63.059186
644.000000	62.998925
645.000000	63.046719
646.000000	63.012600
647.000000	62.971933
648.000000	62.981777
649.000000	62.979025
650.000000	62.956891
651.000000	62.898837
652.000000	62.956560
653.000000	62.951964
654.000000	62.958116
655.000000	62.926635
656.000000	62.955215
657.000000	62.993376
658.000000	62.980425
659.000000	62.924914
660.000000	62.997796
661.000000	62.964734
662.000000	63.042441
663.000000	63.018064
664.000000	63.001923
665.000000	62.995708
666.000000	62.985213
667.000000	62.957122
668.000000	62.966889
669.000000	62.960649
670.000000	62.943750
671.000000	62.962054
672.000000	62.947695
673.000000	62.987848
674.000000	62.947976
675.000000	62.947499
676.000000	62.931949
677.000000	62.975100
678.000000	62.974314
679.000000	62.973248
680.000000	63.028813
681.000000	62.996312
682.000000	63.037574
683.000000	62.931656
684.000000	62.957204
685.000000	62.979155
686.000000	62.921740
687.000000	62.902690
688.000000	62.926093
689.000000	62.929409
690.000000	62.928265
691.000000	62.961882
692.000000	62.883924
693.000000	62.945649
694.000000	62.891076
695.000000	62.943991
696.000000	62.984996
697.000000	62.893843
698.000000	62.905733
699.000000	62.960269
700.000000	62.933444
701.000000	62.921790
702.000000	63.000911
703.000000	63.037743
704.000000	62.982960
705.000000	62.923219
706.000000	62.949880
707.000000	62.894044
708.000000	62.972321
709.000000	62.907851
710.000000	62.892513
711.000000	62.940103
712.000000	62.928651
713.000000	62.936896
714.000000	62.953848
715.000000	62.902031
716.000000	62.939743
717.000000	62.847364
718.000000	62.925586
719.000000	62.953291
720.000000	62.955869
721.000000	62.974856
722.000000	62.928328
723.000000	62.979875
724.000000	62.922389
725.000000	62.971331
726.000000	62.897030
727.000000	62.929424
728.000000	62.952436
729.000000	62.950268
730.000000	62.950350
731.000000	62.947914
732.000000	62.925322
733.000000	62.934597
734.000000	62.985026
735.000000	62.893898
736.000000	62.937329
737.000000	62.920885
738.000000	62.893572
739.000000	62.980296
740.000000	62.876921
741.000000	62.953117
742.000000	62.942129
743.000000	62.916763
744.000000	62.953758
745.000000	62.952441
746.000000	62.917268
747.000000	62.927686
748.000000	62.901266
749.000000	62.944426
750.000000	62.923997
751.000000	62.950161
752.000000	62.962245
753.000000	62.900306
754.000000	62.912554
755.000000	62.945714
756.000000	62.920149
757.000000	62.938234
758.000000	63.010067
759.000000	62.992782
760.000000	62.930202
761.000000	62.977750
762.000000	62.970993
763.000000	62.892684
764.000000	62.972975
765.000000	63.006572
766.000000	62.930687
767.000000	62.970327
768.000000	62.919264
769.000000	62.968296
770.000000	62.925787
771.000000	62.978496
772.000000	63.003487
773.000000	63.008001
774.000000	62.940051
775.000000	62.978645
776.000000	62.993638
777.000000	62.992559
778.000000	63.034842
779.000000	62.968843
780.000000	62.953299
781.000000	63.034871
782.000000	63.028028
783.000000	63.019526
784.000000	63.016528
785.000000	63.049270
786.000000	63.062689
787.000000	62.999569
788.000000	63.045136
789.000000	63.087004
790.000000	63.095888
791.000000	63.120752
792.000000	63.087416
793.000000	63.079658
794.000000	63.143354
795.000000	63.127044
796.000000	63.082253
797.000000	63.104693
798.000000	63.157241
799.000000	63.139024
800.000000	63.097914
801.000000	63.137082
802.000000	63.187248
803.000000	63.137107
804.000000	63.218909
805.000000	63.170394
806.000000	63.219831
807.000000	63.188638
808.000000	63.143170
809.000000	63.162498
810.000000	63.179552
811.000000	63.209258
812.000000	63.186254
813.000000	63.223259
814.000000	63.247537
815.000000	63.195439
816.000000	63.237225
817.000000	63.244317
818.000000	63.236526
819.000000	63.242726
820.000000	63.296392
821.000000	63.259750
822.000000	63.326400
823.000000	63.309053
824.000000	63.299159
825.000000	63.334101
826.000000	63.304126
827.000000	63.354426
828.000000	63.378756
829.000000	63.365881
830.000000	63.384801
831.000000	63.329706
832.000000	63.389714
833.000000	63.386007
834.000000	63.291828
835.000000	63.355657
836.000000	63.367661
837.000000	63.373302
838.000000	63.364603
839.000000	63.412549
840.000000	63.304198
841.000000	63.388545
842.000000	63.359142
843.000000	63.340627
844.000000	63.394226
845.000000	63.357342
846.000000	63.347552
847.000000	63.358600
848.000000	63.371002
849.000000	63.345238
850.000000	63.358943
851.000000	63.395501
852.000000	63.376561
853.000000	63.393557
854.000000	63.401648
855.000000	63.367867
856.000000	63.399033
857.000000	63.398864
858.000000	63.415550
859.000000	63.394484
860.000000	63.416144
861.000000	63.428742
862.000000	63.427452
863.000000	63.415475
864.000000	63.408348
865.000000	63.518492
866.000000	63.508252
867.000000	63.466078
868.000000	63.498075
869.000000	63.461708
870.000000	63.536069
871.000000	63.515722
872.000000	63.577072
873.000000	63.537474
874.000000	63.484218
875.000000	63.596631
876.000000	63.551718
877.000000	63.591938
878.000000	63.595480
879.000000	63.640366
880.000000	63.604370
881.000000	63.633144
882.000000	63.635148
883.000000	63.682589
884.000000	63.662359
885.000000	63.652097
886.000000	63.686641
887.000000	63.673625
888.000000	63.720614
889.000000	63.746440
890.000000	63.739944
891.000000	63.744653
892.000000	63.761013
893.000000	63.720365
894.000000	63.746997
895.000000	63.756846
896.000000	63.744561
897.000000	63.796308
898.000000	63.807536
899.000000	63.774422
900.000000	63.766392
901.000000	63.828930
902.000000	63.835056
903.000000	63.858657
904.000000	63.811372
905.000000	63.897808
906.000000	63.811325
907.000000	63.862070
908.000000	63.891889
909.000000	63.907935
910.000000	63.910759
911.000000	63.917894
912.000000	63.910448
913.000000	63.928359
914.000000	63.942268
915.000000	63.910434
916.000000	63.970183
917.000000	63.921986
918.000000	64.019613
919.000000	64.014350
920.000000	63.997406
921.000000	64.005010
922.000000	63.965504
923.000000	63.970700
924.000000	63.957315
925.000000	64.025285
926.000000	64.013104
927.000000	64.012329
928.000000	64.004908
929.000000	64.046528
930.000000	64.003178
931.000000	64.011051
932.000000	64.113195
933.000000	64.059703
934.000000	63.992481
935.000000	64.004985
936.000000	64.065836
937.000000	64.088512
938.000000	64.048424
939.000000	64.067665
940.000000	63.996866
941.000000	64.080905
942.000000	64.040735
943.000000	64.028982
944.000000	64.059526
945.000000	64.106528
946.000000	64.011864
947.000000	64.115728
948.000000	64.061542
949.000000	64.123733
950.000000	64.125040
951.000000	64.089502
952.000000	64.070740
953.000000	64.135503
954.000000	64.088057
955.000000	64.175949
956.000000	64.179365
957.000000	64.181100
958.000000	64.150409
959.000000	64.214827
960.000000	64.141552
961.000000	64.206287
962.000000	64.200503
963.000000	64.215167
964.000000	64.201940
965.000000	64.187355
966.000000	64.183656
967.000000	64.179420
968.000000	64.179571
969.000000	64.206924
970.000000	64.177068
971.000000	64.242674
972.000000	64.206904
973.000000	64.253517
974.000000	64.199585
975.000000	64.225879
976.000000	64.226841
977.000000	64.261870
978.000000	64.229518
979.000000	64.225864
980.000000	64.274827
981.000000	64.223281
982.000000	64.207210
983.000000	64.220773
984.000000	64.196799
985.000000	64.201604
986.000000	64.126487
987.000000	64.147670
988.000000	64.197221
989.000000	64.170498
990.000000	64.137554
991.000000	64.087960
992.000000	64.065023
993.000000	64.165484
994.000000	64.108514
995.000000	64.064824
996.000000	64.082486
997.000000	64.045063
998.000000	64.068635
999.000000	64.082432
1000.000000	64.018031
1001.000000	64.067449
1002.000000	64.103835
1003.000000	63.977961
1004.000000	64.109961
1005.000000	64.031632
1006.000000	64.044864
1007.000000	64.061508
1008.000000	64.064349
1009.000000	64.045849
1010.000000	64.043676
1011.000000	64.001269
1012.000000	64.002358
1013.000000	64.057896
1014.000000	63.982642
1015.000000	63.963078
1016.000000	64.028813
1017.000000	63.930487
1018.000000	64.004006
1019.000000	64.029074
1020.000000	63.943059
1021.000000	63.977832
1022.000000	63.998515
1023.000000	63.943034
1024.000000	63.938728
1025.000000	63.914384
1026.000000	63.870691
1027.000000	63.884428
1028.000000	63.858736
1029.000000	63.865443
1030.000000	63.884252
1031.000000	63.836903
1032.000000	63.857471
1033.000000	63.820963
1034.000000	63.800362
1035.000000	63.770842
1036.000000	63.765549
1037.000000	63.796243
1038.000000	63.774108
1039.000000	63.760515
1040.000000	63.757055
1041.000000	63.769897
1042.000000	63.758353
1043.000000	63.701741
1044.000000	63.686323
1045.000000	63.715244
1046.000000	63.739581
1047.000000	63.719694
1048.000000	63.737463
1049.000000	63.670028
1050.000000	63.702345
1051.000000	63.601374
1052.000000	63.573015
1053.000000	63.541795
1054.000000	63.476258
1055.000000	63.524199
1056.000000	63.455287
1057.000000	63.519063
1058.000000	63.418118
1059.000000	63.402335
1060.000000	63.411617
1061.000000	63.377761
1062.000000	63.314952
1063.000000	63.290284
1064.000000	63.348286
1065.000000	63.267001
1066.000000	63.257249
1067.000000	63.211053
1068.000000	63.223418
1069.000000	63.228619
1070.000000	63.200595
1071.000000	63.137192
1072.000000	63.137667
1073.000000	63.181364
1074.000000	63.153097
1075.000000	63.098528
1076.000000	63.069995
1077.000000	63.103664
1078.000000	63.054259
1079.000000	63.077786
1080.000000	63.002868
1081.000000	63.027881
1082.000000	63.002987
1083.000000	62.950032
1084.000000	63.004856
1085.000000	63.026069
1086.000000	62.993702
1087.000000	63.011675
1088.000000	62.992173
1089.000000	62.975160
1090.000000	62.974163
1091.000000	62.965741
1092.000000	63.038282
1093.000000	62.962056
1094.000000	63.008389
1095.000000	62.950606
1096.000000	62.951889
1097.000000	62.956379
1098.000000	62.978210
1099.000000	62.969604
1100.000000	62.924835
1101.000000	62.979724
1102.000000	62.909447
1103.000000	62.911950
1104.000000	62.972385
1105.000000	62.955946
1106.000000	63.002893
1107.000000	62.914414
1108.000000	62.919244
1109.000000	62.948677
1110.000000	62.888282
1111.000000	62.915866
1112.000000	62.911781
1113.000000	62.863142
1114.000000	62.845457
1115.000000	62.900659
1116.000000	62.884553
1117.000000	62.900378
1118.000000	62.848636
1119.000000	62.831538
1120.000000	62.828033
1121.000000	62.847500
1122.000000	62.799234
1123.000000	62.829756
1124.000000	62.870938
1125.000000	62.866856
1126.000000	62.826047
1127.000000	62.822984
1128.000000	62.788147
1129.000000	62.855244
1130.000000	62.810321
1131.000000	62.869041
1132.000000	62.813436
1133.000000	62.882199
1134.000000	62.868762
1135.000000	62.768948
1136.000000	62.888757
1137.000000	62.883936
1138.000000	62.860415
1139.000000	62.904853
1140.000000	62.852047
1141.000000	62.816941
1142.000000	62.879805
1143.000000	62.875631
1144.000000	62.799294
1145.000000	62.808171
1146.000000	62.856057
1147.000000	62.806980
1148.000000	62.805426
1149.000000	62.794593
1150.000000	62.785601
1151.000000	62.775682
1152.000000	62.759539
1153.000000	62.723734
1154.000000	62.754761
1155.000000	62.703009
1156.000000	62.728691
1157.000000	62.762616
1158.000000	62.693130
1159.000000	62.731331
1160.000000	62.734866
1161.000000	62.778576
1162.000000	62.725668
1163.000000	62.727301
1164.000000	62.731311
1165.000000	62.719846
1166.000000	62.783053
1167.000000	62.763384
1168.000000	62.806490
1169.000000	62.733275
1170.000000	62.758032
1171.000000	62.798118
1172.000000	62.813943
1173.000000	62.786148
1174.000000	62.805682
1175.000000	62.804641
1176.000000	62.864678
1177.000000	62.884431
1178.000000	62.890462
1179.000000	62.911356
1180.000000	62.878557
1181.000000	62.877421
1182.000000	62.904833
1183.000000	62.902872
1184.000000	62.927796
1185.000000	62.959958
1186.000000	62.973313
1187.000000	62.913303
1188.000000	62.969325
1189.000000	62.963322
1190.000000	62.979465
1191.000000	63.024170
1192.000000	62.965022
1193.000000	62.969320
1194.000000	63.017211
1195.000000	63.023782
1196.000000	62.997192
1197.000000	62.998045
1198.000000	63.063507
1199.000000	63.039729
1200.000000	63.111189
1201.000000	63.092341
1202.000000	63.066609
1203.000000	63.115288
1204.000000	63.109180
1205.000000	63.085651
1206.000000	63.048044

