0.0	-0.0001649183220924899
1.0	-0.0004274432765953844
2.0	-0.001239470523897195
3.0	-0.0017795560476183217
4.0	-0.0011823976195986662
5.0	-0.0005282703399778099
6.0	-0.0008768468748907492
7.0	-0.001030116497555502
8.0	-0.0013963299646080178
9.0	-0.0003335357175628687
10.0	8.569259860546205e-05
11.0	0.0006019500547159766
12.0	0.000924825573472697
13.0	0.0002540498623336108
14.0	0.001792416960966503
15.0	0.0007129222560548235
16.0	0.0009672790738442318
17.0	0.0016341007824979322
18.0	0.0009094778006668287
19.0	0.0010761702212430575
20.0	0.0005961751300332845
21.0	0.000324805696286088
22.0	-0.0001238695331301604
23.0	-0.0002532070354874577
24.0	0.0007459589873488109
25.0	0.0007232234730566312
26.0	0.00033312991204520297
27.0	0.0015496099925427214
28.0	0.001880341489922155
29.0	0.0018408014650663589
30.0	0.0009284153915187669
31.0	0.001538788512055969
32.0	0.0027358107382166046
33.0	0.0018132275003642905
34.0	0.001543939120556873
35.0	0.0030516106735780286
36.0	0.0013344290151697932
37.0	0.002700536873937452
38.0	0.0020492710434837913
39.0	0.001336093858321471
40.0	0.001124294593600441
41.0	0.0010836620154264548
42.0	0.0011386538657849627
43.0	0.0010790316704102534
44.0	0.00041382277856017217
45.0	-0.0006570875788501625
46.0	0.000707147331371889
47.0	0.00026200989365316753
48.0	0.0009633770977071466
49.0	-0.0004562138473129709
50.0	-0.0007784130235391177
51.0	-0.0008413128788688818
52.0	-0.000644549228862947
53.0	-0.0014912260242618798
54.0	-0.001817015018534339
55.0	-0.0030062853187693473
56.0	-0.002280361678225882
57.0	-0.004862949617491301
58.0	-0.0034988707863148785
59.0	-0.004596730792245251
60.0	-0.005918252070353295
61.0	-0.0055666580072275314
62.0	-0.00582330398435089
63.0	-0.006623937461332218
64.0	-0.006262406365644205
65.0	-0.007985467001432461
66.0	-0.008190242709106737
67.0	-0.009439811547246785
68.0	-0.01011537368244746
69.0	-0.011335755739082307
70.0	-0.011541103736589828
71.0	-0.01320147262244225
72.0	-0.01190825367791539
73.0	-0.012111156437043817
74.0	-0.013573617093223328
75.0	-0.013777820511064118
76.0	-0.012880886263019479
77.0	-0.013637401396477596
78.0	-0.013611648353972832
79.0	-0.013784271778277382
80.0	-0.013979942874965129
81.0	-0.014246890069090294
82.0	-0.01520662011976761
83.0	-0.01441774459754608
84.0	-0.015274254372810419
85.0	-0.014829793277622271
86.0	-0.016156569216928065
87.0	-0.0157075818294208
88.0	-0.017267904047118456
89.0	-0.016683179916389172
90.0	-0.016684948812237935
91.0	-0.01615292737253345
92.0	-0.016701181032968304
93.0	-0.017368470978758408
94.0	-0.01839281775426595
95.0	-0.01822919488825085
96.0	-0.01845857905876291
97.0	-0.01872937620267662
98.0	-0.019583908976698264
99.0	-0.020006883189958295
100.0	-0.019603939120868635
101.0	-0.020143088170316716
102.0	-0.02132382614939868
103.0	-0.023574225853526917
104.0	-0.023140586238825523
105.0	-0.023703095118747814
106.0	-0.023652369428965706
107.0	-0.02285324471609067
108.0	-0.0239915291948011
109.0	-0.02310421982122794
110.0	-0.023132626207505967
111.0	-0.02396161404441678
112.0	-0.023515904316864813
113.0	-0.02459976923504998
114.0	-0.02501181791512617
115.0	-0.023390728922387072
116.0	-0.02440212113711954
117.0	-0.02461600145578035
118.0	-0.024321740428695587
119.0	-0.02599750911370242
120.0	-0.02602471889396493
121.0	-0.026693569630209867
122.0	-0.02528646500882842
123.0	-0.02595328671748212
124.0	-0.026898085206141672
125.0	-0.027238389551644038
126.0	-0.027746634950086453
127.0	-0.027868116473821036
128.0	-0.028135531905082604
129.0	-0.027974250224749753
130.0	-0.028240729181738276
131.0	-0.029865876229660086
132.0	-0.029664794392728965
133.0	-0.02857655926127007
134.0	-0.028726082986843367
135.0	-0.029365486809840385
136.0	-0.02956750512104431
137.0	-0.030866290884860172
138.0	-0.02983689755354857
139.0	-0.029690339329839797
140.0	-0.028801573218508646
141.0	-0.02955590324533014
142.0	-0.028707509580430744
143.0	-0.02888804100970655
144.0	-0.027692943758440065
145.0	-0.029086053292076544
146.0	-0.028415433659982847
147.0	-0.029259509137957055
148.0	-0.028618596550853744
149.0	-0.0281008303306367
150.0	-0.028601896092986974
151.0	-0.028432862486728494
152.0	-0.027108739891195725
153.0	-0.026462624669242967
154.0	-0.027413874425115784
155.0	-0.02579918467324141
156.0	-0.026557572755245375
157.0	-0.025567355264350007
158.0	-0.026841480538979542
159.0	-0.02685719249622497
160.0	-0.02579434622283152
161.0	-0.02517055030438284
162.0	-0.025701791348859908
163.0	-0.025537388087617387
164.0	-0.02405141152191828
165.0	-0.025060618630013885
166.0	-0.023936121133654488
167.0	-0.025118263824145903
168.0	-0.023576619065557712
169.0	-0.023349836212470373
170.0	-0.02370824572724872
171.0	-0.023929669866441225
172.0	-0.022918069546314826
173.0	-0.022376579311184253
174.0	-0.022430998871709514
175.0	-0.02299486043669271
176.0	-0.021002147236657477
177.0	-0.022243599964432585
178.0	-0.02129942579195482
179.0	-0.021768339270935615
180.0	-0.021725209428033507
181.0	-0.02136107701492077
182.0	-0.020974313140212936
183.0	-0.020212855503647847
184.0	-0.02157313641138427
185.0	-0.021601022534177353
186.0	-0.02110885327741968
187.0	-0.0206877520127055
188.0	-0.020516065062673755
189.0	-0.020374085157632157
190.0	-0.02070715784069384
191.0	-0.019748104132546858
192.0	-0.019663977527031203
193.0	-0.02064509040694004
194.0	-0.018863292023701333
195.0	-0.020328197918260182
196.0	-0.02031175759213588
197.0	-0.020601284221507598
198.0	-0.02036165086034203
199.0	-0.02048432899009213
200.0	-0.021241312360686646
201.0	-0.02173858019959668
202.0	-0.01976444040597407
203.0	-0.01893992683503383
204.0	-0.01895662729290036
205.0	-0.01809142911743735
206.0	-0.01711437429271123
207.0	-0.01608503298774817
208.0	-0.015489539402880675
209.0	-0.015707009539587553
210.0	-0.015087375729018434
211.0	-0.014736666113817173
212.0	-0.012966729738035353
213.0	-0.01532232671881926
214.0	-0.015026660980325292
215.0	-0.013686566295804867
216.0	-0.013715596998264684
217.0	-0.014165520860044752
218.0	-0.013052052949566281
219.0	-0.012256153870297756
220.0	-0.01218414940398146
221.0	-0.012430754295845241
222.0	-0.01217005026353941
223.0	-0.01170425836546853
224.0	-0.01044558491634195
225.0	-0.011939677592406
226.0	-0.011408956811413878
227.0	-0.01058116558051834
228.0	-0.010243358499743853
229.0	-0.010772206332190126
230.0	-0.01005528324993635
231.0	-0.01022811477963507
232.0	-0.009490953447816752
233.0	-0.008594903647696616
234.0	-0.009763311382185294
235.0	-0.008869290609656395
236.0	-0.008652548841828391
237.0	-0.007983802158280541
238.0	-0.008530547054608862
239.0	-0.007657492900523379
240.0	-0.007904878187614577
241.0	-0.007195498925892499
242.0	-0.006552609337546253
243.0	-0.00650282012203695
244.0	-0.00453497551658222
245.0	-0.005834957886413603
246.0	-0.006065278531198469
247.0	-0.00474297685786325
248.0	-0.004166733021938468
249.0	-0.005275258429309965
250.0	-0.004616396751976063
251.0	-0.004596470660502778
252.0	-0.0031568495713122906
253.0	-0.003352312562606106
254.0	-0.003135414715732473
255.0	-0.0034655739232784186
256.0	-0.0016620805527176661
257.0	-0.0019438552561637564
258.0	-0.0017238878547292402
259.0	-0.0014055906546399362
260.0	-0.0016865849628586093
261.0	-0.0005186974918548761
262.0	-9.057267009370053e-05
263.0	-0.0008895413039233511
264.0	0.00041923351880354844
265.0	0.0006573581158625856
266.0	0.0010398558299940155
267.0	0.0008406989679572867
268.0	0.0008284207497125436
269.0	0.0005093431543958226
270.0	2.8463615261546634e-05
271.0	0.001573906297289735
272.0	0.0011819918140810004
273.0	0.001093547021640404
274.0	0.0003251698807254039
275.0	0.0016484600546822117
276.0	0.0003504546860937641
277.0	0.001849854049704348
278.0	0.0003235050375737263
279.0	0.0004592417807957463
280.0	0.0007888286985082046
281.0	0.0010853268585781324
282.0	0.0006428427646326774
283.0	-0.0005078760113678812
284.0	-0.000781118393660927
285.0	-3.9066585084176645e-05
286.0	6.561042808654873e-05
287.0	0.0013872357588916788
288.0	-8.30808759105455e-05
289.0	0.0005057013100012098
290.0	0.0008719147770539678
291.0	-7.605731886379224e-05
292.0	0.0014455052692054836
293.0	-0.000542837717556261
294.0	0.0017712942634777005
295.0	0.001132982993799114
296.0	-9.208143420023392e-05
297.0	0.0006112627710966803
298.0	0.00038068199456909875
299.0	0.0008049568665414898
300.0	-0.00028046884209851074
301.0	-0.00014280712398234075
302.0	-0.0005518903021942502
303.0	0.00029015614818872346
304.0	-0.00016007987168235895
305.0	-0.0004957018458202241
306.0	-0.0019179981609619087
307.0	0.0003526918190791716
308.0	-0.001736166072973741
309.0	-0.00203141560067985
310.0	-0.002419480134100285
311.0	-0.0033303574435413433
312.0	-0.0012551824811423793
313.0	-0.00403781173036903
314.0	-0.00264933254174875
315.0	-0.003927619924257842
316.0	-0.0027734674092566003
317.0	-0.005452512198630716
318.0	-0.0033264034410557153
319.0	-0.0031213676016389664
320.0	-0.003531959543957409
321.0	-0.0033113157999923194
322.0	-0.0043600109065954195
323.0	-0.0034716610060523687
324.0	-0.004096809609561951
325.0	-0.003616814518351936
326.0	-0.0032962801852774665
327.0	-0.0036395500326438734
328.0	-0.0034067321231311264
329.0	-0.0048584753515209704
330.0	-0.004762538764896977
331.0	-0.0038265847554814878
332.0	-0.004449704331399834
333.0	-0.003662337573284596
334.0	-0.004649537535967137
335.0	-0.005606302084780413
336.0	-0.004859619931187704
337.0	-0.005219798341815055
338.0	-0.00514930263960505
339.0	-0.005508908760398671
340.0	-0.006817787635822656
341.0	-0.005745108382563559
342.0	-0.005894007791954824
343.0	-0.005799840101179837
344.0	-0.005988903851608687
345.0	-0.0062353526644270815
346.0	-0.006371453592088417
347.0	-0.0068615417949063106
348.0	-0.00867570056690843
349.0	-0.009120525846536135
350.0	-0.009586942060789047
351.0	-0.010592559350838823
352.0	-0.011925110214827549
353.0	-0.010527318309826566
354.0	-0.011469411428364547
355.0	-0.011895715327928174
356.0	-0.010429768906399437
357.0	-0.011469255349318919
358.0	-0.01202921493816503
359.0	-0.012747178547388695
360.0	-0.012412701152917805
361.0	-0.011469411428364547
362.0	-0.011820225096262653
363.0	-0.01303478020186602
364.0	-0.013881248891871024
365.0	-0.014119061330839289
366.0	-0.013908822856573091
367.0	-0.01341389620334531
368.0	-0.013523983956759654
369.0	-0.013520498191410428
370.0	-0.013637141264735123
371.0	-0.014763979946776768
372.0	-0.014242884040256124
373.0	-0.015222956393194825
374.0	-0.01527336992488616
375.0	-0.015736300373789845
376.0	-0.01457663306584814
377.0	-0.015579284854033634
378.0	-0.016337568883340512
379.0	-0.01754390382588161
380.0	-0.017187211180603484
381.0	-0.018491563763708356
382.0	-0.01900646853475821
383.0	-0.019131852034629877
384.0	-0.01863494838015916
385.0	-0.018855488071427163
386.0	-0.01976990317256599
387.0	-0.02006260340919592
388.0	-0.02024261457498678
389.0	-0.020636141874998893
390.0	-0.01985059603908096
391.0	-0.02001187771941381
392.0	-0.018741446315527432
393.0	-0.019360299730869137
394.0	-0.01631837116074586
395.0	-0.018212910641171934
396.0	-0.018247924373708854
397.0	-0.017101263652890768
398.0	-0.017635938436368275
399.0	-0.016487664898747055
400.0	-0.014973125867724533
401.0	-0.014806745605239077
402.0	-0.015605037896538396
403.0	-0.015354687107582917
404.0	-0.014892537053906649
405.0	-0.015222540182406966
406.0	-0.01383333262490757
407.0	-0.013708417362172544
408.0	-0.014219732315176085
409.0	-0.013210056969943837
410.0	-0.013014281820559248
411.0	-0.013236330275933543
412.0	-0.013515191503863894
413.0	-0.013187893745485386
414.0	-0.012089045238933668
415.0	-0.012902321118599056
416.0	-0.01230365392647335
417.0	-0.01264931698587055
418.0	-0.013546147181218103
419.0	-0.011459734527544528
420.0	-0.011518056064206876
421.0	-0.011861013753482266
422.0	-0.011407500073656129
423.0	-0.012660970887933264
424.0	-0.013131809341808204
425.0	-0.01116240394589864
426.0	-0.012192317540695188
427.0	-0.011062305251395331
428.0	-0.011713362976455062
429.0	-0.011510044006538775
430.0	-0.010915122711504528
431.0	-0.009797284587752328
432.0	-0.009549951327009674
433.0	-0.01008691526982089
434.0	-0.010489130970031674
435.0	-0.009340077037182794
436.0	-0.010102939385157331
437.0	-0.008648750918388392
438.0	-0.00892121290545402
439.0	-0.008203561454321127
440.0	-0.0077898999574418015
441.0	-0.006756032360159626
442.0	-0.00757154537281042
443.0	-0.0069550851694995105
444.0	-0.006601722210524984
445.0	-0.005923090520763184
446.0	-0.006372390066361463
447.0	-0.006711757937590784
448.0	-0.005991193010942395
449.0	-0.006154503718866483
450.0	-0.0050962877904889925
451.0	-0.006012159629385811
452.0	-0.0055830463070032895
453.0	-0.0052297353743773044
454.0	-0.0066252381200445805
455.0	-0.007199973191862829
456.0	-0.004931884529246472
457.0	-0.003572071858646693
458.0	-0.0023180807808843716
459.0	-0.00221600508513837
460.0	-0.00227292191039127
461.0	-0.0013220363389577713
462.0	-0.0008066633307717596
463.0	-0.0009405271254479303
464.0	-0.000470365014103321
465.0	-0.0008164963106371656
466.0	0.0025823850365064654
467.0	0.0017858616410561517
468.0	0.0025026806706130848
469.0	0.0021631046939895914
470.0	0.0034671971453519887
471.0	0.0038894429897331443
472.0	0.003978043861219127
473.0	0.0031067586029821653
474.0	0.0038132764155370483
475.0	0.0030947405164801368
476.0	0.003909213002161042
477.0	0.006415998551669924
478.0	0.005187240252927662
479.0	0.005971745561875705
480.0	0.005913111867122342
481.0	0.0062506588161546
482.0	0.006489615834789597
483.0	0.007411262598369107
484.0	0.008678260263254804
485.0	0.007836161786523528
486.0	0.009209813465822884
487.0	0.008680549422588753
488.0	0.009674772942318048
489.0	0.009267146501863886
490.0	0.008880174521761885
491.0	0.008978660399462058
492.0	0.010762227678549284
493.0	0.010959043354904004
494.0	0.011262304940278212
495.0	0.01102834245109849
496.0	0.011200601690963725
497.0	0.011678879912673277
498.0	0.011199405084948448
499.0	0.01253903153233247
500.0	0.013736417942932665
501.0	0.013006280168161341
502.0	0.01241442842768822
503.0	0.012624406770211942
504.0	0.013183325832087922
505.0	0.01356369046593103
506.0	0.013696773865379782
507.0	0.014033384340138995
508.0	0.013471291671004805
509.0	0.014092122087589202
510.0	0.014356311885244258
511.0	0.01455635319520549
512.0	0.015302775217055484
513.0	0.014342941113681083
514.0	0.014579660999330914
515.0	0.015916842208335842
516.0	0.015461247474569685
517.0	0.015440801119611455
518.0	0.016755506946066676
519.0	0.016039832496176718
520.0	0.01647716598162127
521.0	0.016933593136963146
522.0	0.018144766529914372
523.0	0.01745848696692379
524.0	0.020331902194273287
525.0	0.01828248027437933
526.0	0.01732675625253594
527.0	0.018605667951226822
528.0	0.019208029014095924
529.0	0.01905475939143117
530.0	0.02157918187307987
531.0	0.020027444002883803
532.0	0.02125885564539933
533.0	0.019794313935280042
534.0	0.022048823720939293
535.0	0.02287115218524291
536.0	0.02227971665555789
537.0	0.022356299440541603
538.0	0.02366299320932872
539.0	0.02254655979698597
540.0	0.02451232334850092
541.0	0.023285542051001352
542.0	0.02416494341960326
543.0	0.022562479859625326
544.0	0.024203026706701308
545.0	0.022848884908087376
546.0	0.023865063546881192
547.0	0.023309578224005895
548.0	0.022330494371688298
549.0	0.024507224766348562
550.0	0.0240629197502058
551.0	0.025006105422061973
552.0	0.02400855221602908
553.0	0.023501347344556313
554.0	0.02525640418466891
555.0	0.024925100397455987
556.0	0.026030192065827042
557.0	0.02603248122516075
558.0	0.026375699046178855
559.0	0.02509673532113919
560.0	0.025988675039728553
561.0	0.025306349479223597
562.0	0.025577146623137308
563.0	0.025482718800619846
564.0	0.025843157342989427
565.0	0.02607269759254712
566.0	0.025436831561247628
567.0	0.025361913619415595
568.0	0.02512202012650755
569.0	0.02539770774717969
570.0	0.02548937817322704
571.0	0.024305570639583954
572.0	0.025302551555783356
573.0	0.025949135014872757
574.0	0.025862251012886996
575.0	0.02494409001465647
576.0	0.026312851217197394
577.0	0.026438286743417604
578.0	0.026616737118753633
579.0	0.02680678936980407
580.0	0.02479701152746275
581.0	0.026957353622347014
582.0	0.026245893306685156
583.0	0.02601291931812678
584.0	0.025229402509800086
585.0	0.026578705858004127
586.0	0.02567334334150353
587.0	0.025016354612715237
588.0	0.026341881919657452
589.0	0.02686708790770911
590.0	0.025563931930619517
591.0	0.025770372481445716
592.0	0.027393594554473134
593.0	0.02585397882347618
594.0	0.02661730940858712
595.0	0.025608518511279373
596.0	0.026831814043429717
597.0	0.026204948570419915
598.0	0.02554010386300915
599.0	0.025680054740459268
600.0	0.025811317217710718
601.0	0.02530073063358605
602.0	0.025700136910978184
603.0	0.025830931151093226
604.0	0.0249898732013316
605.0	0.024393130984100047
606.0	0.025420131103380855
607.0	0.02438433853120453
608.0	0.02528996117944784
609.0	0.02477744962042878
610.0	0.023491046127554503
611.0	0.0250665600390124
612.0	0.02431483132961587
613.0	0.023865011520532647
614.0	0.02438246558265868
615.0	0.023241839918265998
616.0	0.023735309833736035
617.0	0.02195918232248342
618.0	0.02222493291059307
619.0	0.021848574305584133
620.0	0.021477626440818572
621.0	0.02197791180794143
622.0	0.020242520927559886
623.0	0.019901436186830105
624.0	0.018370925066819924
625.0	0.019005334360361427
626.0	0.018798165440656354
627.0	0.019633084281295732
628.0	0.020497502061531326
629.0	0.0187751177682734
630.0	0.018408332011387397
631.0	0.018456508410093324
632.0	0.020164741536560657
633.0	0.019052106047657905
634.0	0.019165939698163947
635.0	0.01844605111404589
636.0	0.019156210770995385
637.0	0.017853158846602876
638.0	0.018694112743667418
639.0	0.018645520134173633
640.0	0.018277641823969196
641.0	0.017969697867230485
642.0	0.019512799363576423
643.0	0.01628971504799555
644.0	0.016553852819302068
645.0	0.01702724056425319
646.0	0.0182014232234248
647.0	0.0176925535088006
648.0	0.017304905186168264
649.0	0.017385285894592217
650.0	0.01873417303200816
651.0	0.017606345849345166
652.0	0.01768298066067742
653.0	0.017193464747693014
654.0	0.018150489428248765
655.0	0.017547295943803946
656.0	0.017690212323118345
657.0	0.01716339351826331
658.0	0.01773922114339999
659.0	0.017656759381036256
660.0	0.016893116637834545
661.0	0.01717483931493209
662.0	0.01703322359433005
663.0	0.016515821558552562
664.0	0.014868147101732742
665.0	0.01655520550436297
666.0	0.017959968940062167
667.0	0.016707434600057833
668.0	0.016397201483985175
669.0	0.01696340423465062
670.0	0.017424929972144856
671.0	0.01625407699927684
672.0	0.016454898704465492
673.0	0.016373997732556593
674.0	0.016010281530231957
675.0	0.015347465850412427
676.0	0.015696094411673668
677.0	0.017089412050704078
678.0	0.0153844565841918
679.0	0.01476170119271301
680.0	0.015264067613775648
681.0	0.01573787156951487
682.0	0.013266672042376157
683.0	0.014373532606595976
684.0	0.01351124790664846
685.0	0.014302620693597869
686.0	0.013681009881786057
687.0	0.013301425643170365
688.0	0.012259181803780774
689.0	0.011587833802807958
690.0	0.01087954709440431
691.0	0.011433523653173558
692.0	0.010406939744680608
693.0	0.009298102179218096
694.0	0.00928832122570099
695.0	0.010185567631836643
696.0	0.007895159665716208
697.0	0.00865453624834152
698.0	0.0076873664298293485
699.0	0.00806190411264098
700.0	0.0069417768295550715
701.0	0.005803752482587115
702.0	0.004246291714056655
703.0	0.006357468909613646
704.0	0.005547678795297243
705.0	0.004737680575586911
706.0	0.004636177169674154
707.0	0.00532526615548339
708.0	0.003052287016108602
709.0	0.0038279478458125853
710.0	0.004195513997926005
711.0	0.004183339832378349
712.0	0.0035954941207393966
713.0	0.002623277746423166
714.0	0.003878777588291778
715.0	0.003095468885359011
716.0	0.0037433009768119883
717.0	0.0024378038140403856
718.0	0.004743091315830287
719.0	0.004032931658880791
720.0	0.004303468671052028
721.0	0.004187501940257906
722.0	0.0033496696241030327
723.0	0.0028187407377169814
724.0	0.0035875861157681405
725.0	0.0029081220044303814
726.0	0.003441444102847227
727.0	0.0034006034192790692
728.0	0.004338326324543322
729.0	0.004967637035932462
730.0	0.004150407153781205
731.0	0.0039505739492141445
732.0	0.00439753230912993
733.0	0.0029666516464866583
734.0	0.0037802917105916036
735.0	0.0027417937682934685
736.0	0.004780446234049219
737.0	0.0036285308520333844
738.0	0.004391861437144082
739.0	0.003775869470969574
740.0	0.0041881262564396945
741.0	0.003190729129452431
742.0	0.0030909946193884382
743.0	0.003067062499080983
744.0	0.002244421876686349
745.0	0.0043019599069457366
746.0	0.004657195814465871
747.0	0.0033343218512971646
748.0	0.004926588246970375
749.0	0.004196398445850509
750.0	0.0036451272572030715
751.0	0.0035543412790802237
752.0	0.003795691509746015
753.0	0.002825087952233161
754.0	0.003082670403629323
755.0	0.0021126911622985
756.0	0.0027426261898694285
757.0	0.0012624765752017979
758.0	0.0016282738314664547
759.0	0.0006781166289120725
760.0	0.001948808164540924
761.0	0.00043567384492784896
762.0	0.00014661545269253318
763.0	-0.0002645487794593972
764.0	-0.00023369715480203197
765.0	3.023251111031011e-05
766.0	0.00011056119318572111
767.0	0.0003345866498029512
768.0	-0.000645381650438907
769.0	0.0007589655744724281
770.0	0.0010737249828639628
771.0	0.0013553956336129671
772.0	0.0011882349759003367
773.0	0.0005570513159653471
774.0	0.0014552862227223467
775.0	-5.2645462041281396e-05
776.0	0.0014661597295576422
777.0	0.0012738703455220381
778.0	0.00032631446039237913
779.0	0.0007148472309489734
780.0	0.0015681833989553435
781.0	-0.0005363344239944525
782.0	0.0006328537057218847
783.0	-0.0007046916877226012
784.0	-0.0013260423677919422
785.0	-0.00024061665915194166
786.0	-0.002079696052082862
787.0	0.0005930015227750733
788.0	0.0006220842515834329
789.0	-0.0009482790513735576
790.0	-0.0005647408102724807
791.0	-0.00040928608097086334
792.0	-0.0023894089046703365
793.0	-0.002012582062524998
794.0	-0.001379213295953386
795.0	-0.0014095446571255642
796.0	-0.002091610085888047
797.0	-0.002627949712517475
798.0	-0.0021952465720891253
799.0	-0.002960033894957813
800.0	-0.003816595696570695
801.0	-0.004930115633397709
802.0	-0.0038742408907024694
803.0	-0.005989528167790717
804.0	-0.0041961279088378435
805.0	-0.005130313022404569
806.0	-0.004155339251618228
807.0	-0.0025672349638245755
808.0	-0.004241078673937015
809.0	-0.0028206032809926372
810.0	-0.0036683726297100025
811.0	-0.0029326160093011313
812.0	-0.0032036732849573123
813.0	-0.003014401429134533
814.0	-0.0033787419476411992
815.0	-0.0026375745869889515
816.0	-0.001989586416490346
817.0	-0.0028403212670719924
818.0	-0.002648968357309192
819.0	-0.004125736259324682
820.0	-0.0035622909051295872
821.0	-0.003992756912573014
822.0	-0.003754007999331704
823.0	-0.0037475567321184383
824.0	-0.003321512964297284
825.0	-0.0026619229180845083
826.0	-0.001931316906176541
827.0	-0.0014283781952806587
828.0	-0.0004682319338152416
829.0	-0.0017479760540820822
830.0	-0.00022407228033055528
831.0	-0.0010081093521421964
832.0	3.2828625902723046e-06
833.0	-0.0003266162132132013
834.0	0.0009514110375534188
835.0	-0.00046282119357162306
836.0	0.0013369783062459738
837.0	0.0001798082630319072
838.0	0.0014875945851374603
839.0	0.0013025368635425387
840.0	0.0018025100725743816
841.0	2.7527140988743107e-05
842.0	-0.0003515888604905462
843.0	-0.0003472186472170593
844.0	0.00034972631721488995
845.0	-0.0005362303712973666
846.0	0.0010911017832610668
847.0	0.0013274574844713406
848.0	0.0015472688068604702
849.0	0.0010033853596993444
850.0	0.0009946449331523707
851.0	0.0030253893939368648
852.0	0.00197253217945445
853.0	0.0013291743539718035
854.0	0.0013922302883469541
855.0	0.0006064763470350923
856.0	0.0011463017390137464
857.0	0.002017951181690024
858.0	0.0012574300193979799
859.0	-0.00017298240610913253
860.0	-5.743188610286941e-05
861.0	-0.0001870815465509397
862.0	-0.0004000774172874878
863.0	-0.0006883554142951443
864.0	-0.002266158485086989
865.0	-0.000728103544545112
866.0	-0.0007576545104898733
867.0	0.0015023180417612979
868.0	0.0014327588138243388
869.0	0.0006140721939153331
870.0	-0.0012101796896946638
871.0	-0.0015713466009433614
872.0	-0.0006846095172036878
873.0	-0.0023487243001478076
874.0	-0.00026012653983736736
875.0	-0.001045516296709671
876.0	-0.0008990621256977419
877.0	-0.000487481682758195
878.0	0.00015582411637590876
879.0	0.001354719291082636
880.0	0.002113367504828831
881.0	0.0026658352994915445
882.0	0.0013249081933951602
883.0	0.0030359507426813872
884.0	0.002539827483438087
885.0	0.003178659016601618
886.0	0.0038645743951526428
887.0	0.0056320135062068255
888.0	0.006874194602860806
889.0	0.006828671547928145
890.0	0.007011856320976975
891.0	0.009230051715387185
892.0	0.007529830646587953
893.0	0.006710415657800073
894.0	0.007207215259573705
895.0	0.006938291064205846
896.0	0.007504077604083191
897.0	0.008975590844900691
898.0	0.008108623773588916
899.0	0.006413917497730145
900.0	0.007127042656543923
901.0	0.008209450836971341
902.0	0.00811606354142377
903.0	0.006936418115659996
904.0	0.006900519935198812
905.0	0.007470052372167857
906.0	0.008618429962486164
907.0	0.00890134924559923
908.0	0.008968983498642039
909.0	0.009631330941325166
910.0	0.008300028709700017
911.0	0.009613173745700403
912.0	0.008821020563523818
913.0	0.008651310614734765
914.0	0.008900308718629341
915.0	0.007976112663973649
916.0	0.008806609264990753
917.0	0.009284211144169975
918.0	0.008807285607521085
919.0	0.00790259943355082
920.0	0.00872539613499084
921.0	0.009477593081524013
922.0	0.010142697920677249
923.0	0.009987451296769805
924.0	0.010024025819761318
925.0	0.009395495503599595
926.0	0.010448560823476182
927.0	0.011385451307164474
928.0	0.011112573109310986
929.0	0.011477902128439242
930.0	0.011626021142603091
931.0	0.011154766477940049
932.0	0.011616500320828458
933.0	0.011087808567427814
934.0	0.010497257485667053
935.0	0.01047592668278432
936.0	0.010679869968882637
937.0	0.010499702724046147
938.0	0.010212517280356681
939.0	0.010471036206025889
940.0	0.010794327935570468
941.0	0.009561979818781895
942.0	0.01116865751298817
943.0	0.011053367124724378
944.0	0.010907797401636953
945.0	0.012062626259168525
946.0	0.013279522550454146
947.0	0.012833708770205093
948.0	0.012433990334722188
949.0	0.01267076224672032
950.0	0.013085464270569778
951.0	0.012252314325779407
952.0	0.012161216189565543
953.0	0.012251065693415587
954.0	0.012460887956893683
955.0	0.013254862061267816
956.0	0.012693341681967113
957.0	0.012705775979257244
958.0	0.012329677505990778
959.0	0.011180883704884369
960.0	0.01223868342247376
961.0	0.012247059664581417
962.0	0.01341364647687303
963.0	0.013262457908148057
964.0	0.013531746287955474
965.0	0.013100812043375645
966.0	0.012384565303652442
967.0	0.014068137940933445
968.0	0.011893748731955433
969.0	0.012872312320788086
970.0	0.014841301505909548
971.0	0.013668991795283785
972.0	0.013559216199960457
973.0	0.013917001398557014
974.0	0.013869345263336032
975.0	0.012953681529833385
976.0	0.013884588983444815
977.0	0.013679449091331222
978.0	0.012716493407047152
979.0	0.012745836267597984
980.0	0.012919344139827036
981.0	0.012642876123927478
982.0	0.012254135247976713
983.0	0.013281031314560437
984.0	0.014705564762687529
985.0	0.013114286867635664
986.0	0.013402772970037493
987.0	0.013726532936718716
988.0	0.015477947932436457
989.0	0.015297520555857737
990.0	0.014007111034149288
991.0	0.013803011669005584
992.0	0.014528935309548808
993.0	0.014254184163149471
994.0	0.013174221221101389
995.0	0.014028649942425949
996.0	0.013484610416219437
997.0	0.01209935686120567
998.0	0.011606615314614509
999.0	0.012335296351628083
1000.0	0.012117618109527276
1001.0	0.012548136143319004
1002.0	0.013866431787820294
1003.0	0.015159754785044239
1004.0	0.01535787112011132
1005.0	0.014525137386108809
1006.0	0.015092224584698515
1007.0	0.014392366144750828
1008.0	0.013302101985700697
1009.0	0.014795258187491944
1010.0	0.012902591655611721
1011.0	0.013176042143298696
1012.0	0.013120321924061071
1013.0	0.01451254700977305
1014.0	0.01618888798461337
1015.0	0.014774135490003384
1016.0	0.015398555724633849
1017.0	0.013598183934982765
1018.0	0.014339819532771414
1019.0	0.01552144195977788
1020.0	0.01451166256184879
1021.0	0.014027089151971116
1022.0	0.014349912644379292
1023.0	0.01567190215962374
1024.0	0.014864557283686674
1025.0	0.014363179363245382
1026.0	0.014407922022950626
1027.0	0.014560047065948645
1028.0	0.015316406120361132
1029.0	0.014801137164871964
1030.0	0.01461493486361031
1031.0	0.01515429201845232
1032.0	0.01413821743235535
1033.0	0.014781731336883382
1034.0	0.014211730662778178
1035.0	0.015230874803436274
1036.0	0.015139672614525326
1037.0	0.013255538403798147
1038.0	0.013793490847230952
1039.0	0.014477637329933212
1040.0	0.015170316133788761
1041.0	0.0149701187447819
1042.0	0.015069697175800265
1043.0	0.014214175901157273
1044.0	0.014353242330683132
1045.0	0.015539234970962844
1046.0	0.014556925485038978
1047.0	0.01408197694963278
1048.0	0.014212823216096368
1049.0	0.015292942237190079
1050.0	0.01422863922603888
1051.0	0.014575446865102815
1052.0	0.01463179140052247
1053.0	0.014952689918036255
1054.0	0.014984686122360352
1055.0	0.0147946858976587
1056.0	0.013818047283720438
1057.0	0.013550059562625382
1058.0	0.014112828574290146
1059.0	0.01589571951084704
1060.0	0.014503806583226076
1061.0	0.014800356769644547
1062.0	0.014327021051041727
1063.0	0.014105857043591935
1064.0	0.013476130121414694
1065.0	0.013669928269556588
1066.0	0.014247993027678678
1067.0	0.014240085022707663
1068.0	0.01309436077616238
1069.0	0.012935368255163235
1070.0	0.012876162270576627
1071.0	0.012312977048124006
1072.0	0.013030420393862726
1073.0	0.012384097066515798
1074.0	0.012005761460264169
1075.0	0.011597094492840118
1076.0	0.012842085012312751
1077.0	0.01202074504863048
1078.0	0.012765450200980253
1079.0	0.013144982413247401
1080.0	0.01294639784104416
1081.0	0.013240971026219696
1082.0	0.012187749627297722
1083.0	0.012523267548738502
1084.0	0.01251650412343422
1085.0	0.013001025506963353
1086.0	0.01245537316395322
1087.0	0.009733198531677239
1088.0	0.01132187510930438
1089.0	0.011805720150302937
1090.0	0.012608954944708988
1091.0	0.012095402858720041
1092.0	0.012504017799795548
1093.0	0.012313861496048266
1094.0	0.013378580717987565
1095.0	0.01111007584458335
1096.0	0.011994575795337858
1097.0	0.012587259957386698
1098.0	0.012412451426445283
1099.0	0.011664520640488998
1100.0	0.012282853792345757
1101.0	0.01204857914507502
1102.0	0.012251429877854903
1103.0	0.01200451282790035
1104.0	0.012794116719000754
1105.0	0.012432741702358127
1106.0	0.011383266200527853
1107.0	0.01188126240831676
1108.0	0.010119598221945754
1109.0	0.010591425176442041
1110.0	0.011353403076492076
1111.0	0.010959095381252304
1112.0	0.011348980836870045
1113.0	0.011331916194563715
1114.0	0.01113161475286001
1115.0	0.01126584273197574
1116.0	0.010616970113552874
1117.0	0.010585234040971248
1118.0	0.010990935506531017
1119.0	0.010315217292284956
1120.0	0.012413700058809344
1121.0	0.01120242261316103
1122.0	0.010860453424506986
1123.0	0.010358763345974681
1124.0	0.011689337208720714
1125.0	0.010278902901035671
1126.0	0.011129325593526303
1127.0	0.011673521198778444
1128.0	0.009438261162062145
1129.0	0.01072752610410362
1130.0	0.012640430885548141
1131.0	0.010569470057377277
1132.0	0.011198520637023946
1133.0	0.010825595771015693
1134.0	0.01186711124152641
1135.0	0.011686579812250604
1136.0	0.012010287752583042
1137.0	0.010118505668627322
1138.0	0.011302209149573325
1139.0	0.011299295674057828
1140.0	0.012151279157003052
1141.0	0.012289148980513394
1142.0	0.011630911619361523
1143.0	0.011123914853282926
1144.0	0.01197355715054614
1145.0	0.011360998923372074
1146.0	0.010196597217717568
1147.0	0.010371301695961895
1148.0	0.011784493400117049
1149.0	0.011573578583320521
1150.0	0.010945152319855884
1151.0	0.011395024155287651
1152.0	0.010461307278857326
1153.0	0.011329627035230007
1154.0	0.009731273556782846
1155.0	0.01086310676828001
1156.0	0.01051151270515449
1157.0	0.009859258374079239
1158.0	0.008256586708707136
1159.0	0.00899936688616276
1160.0	0.00859663092246703
1161.0	0.009618636512292323
1162.0	0.007080166916550358
1163.0	0.009809052947782077
1164.0	0.009340503653241088
1165.0	0.009347475183939297
1166.0	0.00924092522222248
1167.0	0.008408555672659527
1168.0	0.008409856331371889
1169.0	0.008145250322928973
1170.0	0.00747535905971439
1171.0	0.007946717777074275
1172.0	0.008255650234434331
1173.0	0.008062424376125924
1174.0	0.008162939281417092
1175.0	0.007985789564793427
1176.0	0.00770469120387791
1177.0	0.007435402824070492
1178.0	0.009392530001735556
1179.0	0.008032977462878007
1180.0	0.008860300456637143
1181.0	0.007314857774608954
1182.0	0.0074816542478820264
1183.0	0.006918677130823576
1184.0	0.0068949531159100495
1185.0	0.007826953122839911
1186.0	0.008210439337592686
1187.0	0.009042808887155642
1188.0	0.007885170606805172
1189.0	0.007481966405973041
1190.0	0.00818416603160298
1191.0	0.008025485668694852
1192.0	0.008000044784281105
1193.0	0.007475931349547635
1194.0	0.008078604570507752
1195.0	0.008448563934651725
1196.0	0.008749068123555824
1197.0	0.0073924290602140124
1198.0	0.007004312500445278
1199.0	0.0072778670408293385



