0.000000	74.197542
1.000000	74.178060
2.000000	74.117800
3.000000	74.077720
4.000000	74.122035
5.000000	74.170578
6.000000	74.144710
7.000000	74.133336
8.000000	74.106159
9.000000	74.185029
10.000000	74.216140
11.000000	74.254451
12.000000	74.278411
13.000000	74.228633
14.000000	74.342795
15.000000	74.262686
16.000000	74.281562
17.000000	74.331047
18.000000	74.277272
19.000000	74.289643
20.000000	74.254022
21.000000	74.233884
22.000000	74.200588
23.000000	74.190990
24.000000	74.265138
25.000000	74.263451
26.000000	74.234502
27.000000	74.324777
28.000000	74.349320
29.000000	74.346386
30.000000	74.278678
31.000000	74.323973
32.000000	74.412804
33.000000	74.344340
34.000000	74.324356
35.000000	74.436240
36.000000	74.308808
37.000000	74.410187
38.000000	74.361856
39.000000	74.308932
40.000000	74.293214
41.000000	74.290199
42.000000	74.294280
43.000000	74.289855
44.000000	74.240490
45.000000	74.161018
46.000000	74.262258
47.000000	74.229224
48.000000	74.281272
49.000000	74.175925
50.000000	74.152014
51.000000	74.147347
52.000000	74.161948
53.000000	74.099117
54.000000	74.074940
55.000000	73.986685
56.000000	74.040555
57.000000	73.848902
58.000000	73.950130
59.000000	73.868658
60.000000	73.770588
61.000000	73.796680
62.000000	73.777634
63.000000	73.718219
64.000000	73.745049
65.000000	73.617181
66.000000	73.601984
67.000000	73.509254
68.000000	73.459121
69.000000	73.368556
70.000000	73.353318
71.000000	73.230102
72.000000	73.326071
73.000000	73.311014
74.000000	73.202485
75.000000	73.187331
76.000000	73.253893
77.000000	73.197752
78.000000	73.199663
79.000000	73.186853
80.000000	73.172332
81.000000	73.152522
82.000000	73.081300
83.000000	73.139843
84.000000	73.076281
85.000000	73.109265
86.000000	73.010805
87.000000	73.044124
88.000000	72.928333
89.000000	72.971725
90.000000	72.971594
91.000000	73.011075
92.000000	72.970389
93.000000	72.920870
94.000000	72.844853
95.000000	72.856996
96.000000	72.839973
97.000000	72.819877
98.000000	72.756463
99.000000	72.725074
100.000000	72.754976
101.000000	72.714966
102.000000	72.627344
103.000000	72.460342
104.000000	72.492523
105.000000	72.450779
106.000000	72.454543
107.000000	72.513846
108.000000	72.429374
109.000000	72.495221
110.000000	72.493113
111.000000	72.431594
112.000000	72.464670
113.000000	72.384237
114.000000	72.353659
115.000000	72.473959
116.000000	72.398904
117.000000	72.383032
118.000000	72.404869
119.000000	72.280511
120.000000	72.278492
121.000000	72.228856
122.000000	72.333277
123.000000	72.283793
124.000000	72.213679
125.000000	72.188425
126.000000	72.150709
127.000000	72.141694
128.000000	72.121849
129.000000	72.133817
130.000000	72.114042
131.000000	71.993440
132.000000	72.008362
133.000000	72.089120
134.000000	72.078024
135.000000	72.030574
136.000000	72.015582
137.000000	71.919200
138.000000	71.995591
139.000000	72.006467
140.000000	72.072422
141.000000	72.016443
142.000000	72.079402
143.000000	72.066005
144.000000	72.154693
145.000000	72.051311
146.000000	72.101077
147.000000	72.038439
148.000000	72.086001
149.000000	72.124424
150.000000	72.087240
151.000000	72.099784
152.000000	72.198047
153.000000	72.245995
154.000000	72.175403
155.000000	72.295229
156.000000	72.238949
157.000000	72.312433
158.000000	72.217880
159.000000	72.216714
160.000000	72.295588
161.000000	72.341879
162.000000	72.302456
163.000000	72.314656
164.000000	72.424930
165.000000	72.350037
166.000000	72.433486
167.000000	72.345759
168.000000	72.460165
169.000000	72.476994
170.000000	72.450397
171.000000	72.433965
172.000000	72.509035
173.000000	72.549219
174.000000	72.545181
175.000000	72.503337
176.000000	72.651216
177.000000	72.559088
178.000000	72.629155
179.000000	72.594357
180.000000	72.597557
181.000000	72.624580
182.000000	72.653281
183.000000	72.709789
184.000000	72.608843
185.000000	72.606773
186.000000	72.643297
187.000000	72.674547
188.000000	72.687288
189.000000	72.697824
190.000000	72.673107
191.000000	72.744278
192.000000	72.750521
193.000000	72.677713
194.000000	72.809940
195.000000	72.701229
196.000000	72.702449
197.000000	72.680964
198.000000	72.698747
199.000000	72.689643
200.000000	72.633467
201.000000	72.596565
202.000000	72.743066
203.000000	72.804253
204.000000	72.803013
205.000000	72.867219
206.000000	72.939726
207.000000	73.016114
208.000000	73.060305
209.000000	73.044167
210.000000	73.090150
211.000000	73.116176
212.000000	73.247522
213.000000	73.072714
214.000000	73.094655
215.000000	73.194103
216.000000	73.191949
217.000000	73.158560
218.000000	73.241190
219.000000	73.300254
220.000000	73.305597
221.000000	73.287297
222.000000	73.306644
223.000000	73.341210
224.000000	73.434616
225.000000	73.323739
226.000000	73.363124
227.000000	73.424554
228.000000	73.449623
229.000000	73.410377
230.000000	73.463580
231.000000	73.450754
232.000000	73.505459
233.000000	73.571954
234.000000	73.485247
235.000000	73.551592
236.000000	73.567677
237.000000	73.617304
238.000000	73.576730
239.000000	73.641519
240.000000	73.623161
241.000000	73.675804
242.000000	73.723513
243.000000	73.727207
244.000000	73.873241
245.000000	73.776769
246.000000	73.759677
247.000000	73.857805
248.000000	73.900568
249.000000	73.818305
250.000000	73.867199
251.000000	73.868677
252.000000	73.975511
253.000000	73.961006
254.000000	73.977102
255.000000	73.952601
256.000000	74.086438
257.000000	74.065527
258.000000	74.081851
259.000000	74.105472
260.000000	74.084619
261.000000	74.171288
262.000000	74.203059
263.000000	74.143768
264.000000	74.240892
265.000000	74.258563
266.000000	74.286948
267.000000	74.272168
268.000000	74.271257
269.000000	74.247579
270.000000	74.211893
271.000000	74.326580
272.000000	74.297496
273.000000	74.290932
274.000000	74.233911
275.000000	74.332112
276.000000	74.235788
277.000000	74.347058
278.000000	74.233788
279.000000	74.243861
280.000000	74.268319
281.000000	74.290322
282.000000	74.257486
283.000000	74.172091
284.000000	74.151814
285.000000	74.206881
286.000000	74.214649
287.000000	74.312727
288.000000	74.203615
289.000000	74.247308
290.000000	74.274485
291.000000	74.204136
292.000000	74.317051
293.000000	74.169496
294.000000	74.341228
295.000000	74.293859
296.000000	74.202947
297.000000	74.255142
298.000000	74.238031
299.000000	74.269516
300.000000	74.188967
301.000000	74.199183
302.000000	74.168825
303.000000	74.231313
304.000000	74.197901
305.000000	74.172994
306.000000	74.067446
307.000000	74.235954
308.000000	74.080940
309.000000	74.059029
310.000000	74.030231
311.000000	73.962635
312.000000	74.116634
313.000000	73.910135
314.000000	74.013174
315.000000	73.918313
316.000000	74.003962
317.000000	73.805151
318.000000	73.962929
319.000000	73.978144
320.000000	73.947674
321.000000	73.964048
322.000000	73.886225
323.000000	73.952149
324.000000	73.905757
325.000000	73.941377
326.000000	73.965164
327.000000	73.939690
328.000000	73.956967
329.000000	73.849234
330.000000	73.856353
331.000000	73.925810
332.000000	73.879569
333.000000	73.937999
334.000000	73.864739
335.000000	73.793738
336.000000	73.849149
337.000000	73.822420
338.000000	73.827652
339.000000	73.800965
340.000000	73.703834
341.000000	73.783437
342.000000	73.772387
343.000000	73.779375
344.000000	73.765345
345.000000	73.747056
346.000000	73.736956
347.000000	73.700587
348.000000	73.565959
349.000000	73.532948
350.000000	73.498335
351.000000	73.423709
352.000000	73.324821
353.000000	73.428550
354.000000	73.358638
355.000000	73.327002
356.000000	73.435789
357.000000	73.358649
358.000000	73.317095
359.000000	73.263815
360.000000	73.288637
361.000000	73.358638
362.000000	73.332604
363.000000	73.242472
364.000000	73.179656
365.000000	73.162008
366.000000	73.177610
367.000000	73.214338
368.000000	73.206168
369.000000	73.206427
370.000000	73.197771
371.000000	73.114149
372.000000	73.152819
373.000000	73.080088
374.000000	73.076347
375.000000	73.041993
376.000000	73.128052
377.000000	73.053645
378.000000	72.997373
379.000000	72.907851
380.000000	72.934321
381.000000	72.837525
382.000000	72.799314
383.000000	72.790010
384.000000	72.826885
385.000000	72.810519
386.000000	72.742660
387.000000	72.720939
388.000000	72.707580
389.000000	72.678377
390.000000	72.736672
391.000000	72.724703
392.000000	72.818982
393.000000	72.773057
394.000000	72.998798
395.000000	72.858204
396.000000	72.855606
397.000000	72.940699
398.000000	72.901021
399.000000	72.986234
400.000000	73.098628
401.000000	73.110975
402.000000	73.051734
403.000000	73.070312
404.000000	73.104608
405.000000	73.080119
406.000000	73.183212
407.000000	73.192482
408.000000	73.154537
409.000000	73.229465
410.000000	73.243993
411.000000	73.227515
412.000000	73.206821
413.000000	73.231110
414.000000	73.312655
415.000000	73.252302
416.000000	73.296729
417.000000	73.271077
418.000000	73.204524
419.000000	73.359356
420.000000	73.355028
421.000000	73.329577
422.000000	73.363232
423.000000	73.270212
424.000000	73.235272
425.000000	73.381421
426.000000	73.304991
427.000000	73.388849
428.000000	73.340534
429.000000	73.355623
430.000000	73.399771
431.000000	73.482726
432.000000	73.501081
433.000000	73.461233
434.000000	73.431384
435.000000	73.516655
436.000000	73.460043
437.000000	73.567958
438.000000	73.547739
439.000000	73.600996
440.000000	73.631694
441.000000	73.708417
442.000000	73.647898
443.000000	73.693645
444.000000	73.719868
445.000000	73.770229
446.000000	73.736887
447.000000	73.711702
448.000000	73.765175
449.000000	73.753056
450.000000	73.831586
451.000000	73.763619
452.000000	73.795464
453.000000	73.821683
454.000000	73.718123
455.000000	73.675472
456.000000	73.843786
457.000000	73.944698
458.000000	74.037756
459.000000	74.045331
460.000000	74.041107
461.000000	74.111672
462.000000	74.149918
463.000000	74.139984
464.000000	74.174875
465.000000	74.149188
466.000000	74.401419
467.000000	74.342309
468.000000	74.395504
469.000000	74.370304
470.000000	74.467080
471.000000	74.498415
472.000000	74.504990
473.000000	74.440332
474.000000	74.492763
475.000000	74.439440
476.000000	74.499882
477.000000	74.685910
478.000000	74.594724
479.000000	74.652942
480.000000	74.648591
481.000000	74.673640
482.000000	74.691373
483.000000	74.759769
484.000000	74.853792
485.000000	74.791300
486.000000	74.893239
487.000000	74.853962
488.000000	74.927743
489.000000	74.897493
490.000000	74.868776
491.000000	74.876085
492.000000	75.008443
493.000000	75.023049
494.000000	75.045554
495.000000	75.028191
496.000000	75.040975
497.000000	75.076467
498.000000	75.040886
499.000000	75.140299
500.000000	75.229157
501.000000	75.174974
502.000000	75.131052
503.000000	75.146635
504.000000	75.188112
505.000000	75.216339
506.000000	75.226215
507.000000	75.251195
508.000000	75.209482
509.000000	75.255554
510.000000	75.275159
511.000000	75.290004
512.000000	75.345396
513.000000	75.274167
514.000000	75.291734
515.000000	75.390966
516.000000	75.357156
517.000000	75.355639
518.000000	75.453203
519.000000	75.400093
520.000000	75.432547
521.000000	75.466419
522.000000	75.556299
523.000000	75.505371
524.000000	75.718606
525.000000	75.566519
526.000000	75.495595
527.000000	75.590503
528.000000	75.635204
529.000000	75.623830
530.000000	75.811167
531.000000	75.696013
532.000000	75.787395
533.000000	75.678712
534.000000	75.846019
535.000000	75.907044
536.000000	75.863153
537.000000	75.868836
538.000000	75.965806
539.000000	75.882956
540.000000	76.028834
541.000000	75.937795
542.000000	76.003055
543.000000	75.884137
544.000000	76.005882
545.000000	75.905391
546.000000	75.980801
547.000000	75.939579
548.000000	75.866921
549.000000	76.028456
550.000000	75.995484
551.000000	76.065478
552.000000	75.991450
553.000000	75.953810
554.000000	76.084053
555.000000	76.059467
556.000000	76.141475
557.000000	76.141645
558.000000	76.167115
559.000000	76.072204
560.000000	76.138394
561.000000	76.087759
562.000000	76.107855
563.000000	76.100847
564.000000	76.127595
565.000000	76.144630
566.000000	76.097442
567.000000	76.091882
568.000000	76.074080
569.000000	76.094539
570.000000	76.101341
571.000000	76.013491
572.000000	76.087477
573.000000	76.135460
574.000000	76.129012
575.000000	76.060876
576.000000	76.162451
577.000000	76.171760
578.000000	76.185003
579.000000	76.199106
580.000000	76.049961
581.000000	76.210280
582.000000	76.157482
583.000000	76.140193
584.000000	76.082049
585.000000	76.182180
586.000000	76.114994
587.000000	76.066239
588.000000	76.164606
589.000000	76.203581
590.000000	76.106874
591.000000	76.122194
592.000000	76.242653
593.000000	76.128398
594.000000	76.185045
595.000000	76.110183
596.000000	76.200963
597.000000	76.154444
598.000000	76.105106
599.000000	76.115492
600.000000	76.125233
601.000000	76.087342
602.000000	76.116982
603.000000	76.126688
604.000000	76.064273
605.000000	76.019989
606.000000	76.096203
607.000000	76.019337
608.000000	76.086543
609.000000	76.048509
610.000000	75.953046
611.000000	76.069964
612.000000	76.014179
613.000000	75.980798
614.000000	76.019198
615.000000	75.934552
616.000000	75.971172
617.000000	75.839366
618.000000	75.859088
619.000000	75.831158
620.000000	75.803630
621.000000	75.840756
622.000000	75.711973
623.000000	75.686662
624.000000	75.573083
625.000000	75.620162
626.000000	75.604788
627.000000	75.666747
628.000000	75.730895
629.000000	75.603078
630.000000	75.575859
631.000000	75.579434
632.000000	75.706201
633.000000	75.623633
634.000000	75.632081
635.000000	75.578658
636.000000	75.631359
637.000000	75.534659
638.000000	75.597066
639.000000	75.593460
640.000000	75.566160
641.000000	75.543308
642.000000	75.657821
643.000000	75.418637
644.000000	75.438238
645.000000	75.473368
646.000000	75.560504
647.000000	75.522741
648.000000	75.493974
649.000000	75.499939
650.000000	75.600039
651.000000	75.516343
652.000000	75.522030
653.000000	75.485704
654.000000	75.556724
655.000000	75.511961
656.000000	75.522567
657.000000	75.483472
658.000000	75.526204
659.000000	75.520085
660.000000	75.463415
661.000000	75.484321
662.000000	75.473812
663.000000	75.435416
664.000000	75.313142
665.000000	75.438339
666.000000	75.542586
667.000000	75.449635
668.000000	75.426613
669.000000	75.468631
670.000000	75.502881
671.000000	75.415992
672.000000	75.430895
673.000000	75.424891
674.000000	75.397900
675.000000	75.348712
676.000000	75.374584
677.000000	75.477982
678.000000	75.351457
679.000000	75.305243
680.000000	75.342523
681.000000	75.377684
682.000000	75.194297
683.000000	75.276437
684.000000	75.212447
685.000000	75.271175
686.000000	75.225045
687.000000	75.196876
688.000000	75.119532
689.000000	75.069711
690.000000	75.017149
691.000000	75.058260
692.000000	74.982077
693.000000	74.899790
694.000000	74.899065
695.000000	74.965649
696.000000	74.795678
697.000000	74.852032
698.000000	74.780258
699.000000	74.808052
700.000000	74.724928
701.000000	74.640476
702.000000	74.524897
703.000000	74.681567
704.000000	74.621472
705.000000	74.561363
706.000000	74.553830
707.000000	74.604967
708.000000	74.436290
709.000000	74.493852
710.000000	74.521129
711.000000	74.520225
712.000000	74.476601
713.000000	74.404453
714.000000	74.497624
715.000000	74.439494
716.000000	74.487570
717.000000	74.390689
718.000000	74.561764
719.000000	74.509063
720.000000	74.529140
721.000000	74.520534
722.000000	74.458359
723.000000	74.418958
724.000000	74.476014
725.000000	74.425591
726.000000	74.465169
727.000000	74.462138
728.000000	74.531727
729.000000	74.578428
730.000000	74.517781
731.000000	74.502952
732.000000	74.536120
733.000000	74.429935
734.000000	74.490315
735.000000	74.413248
736.000000	74.564536
737.000000	74.479053
738.000000	74.535699
739.000000	74.489987
740.000000	74.520580
741.000000	74.446564
742.000000	74.439162
743.000000	74.437386
744.000000	74.376338
745.000000	74.529028
746.000000	74.555390
747.000000	74.457220
748.000000	74.575381
749.000000	74.521194
750.000000	74.480284
751.000000	74.473547
752.000000	74.491458
753.000000	74.419429
754.000000	74.438545
755.000000	74.366563
756.000000	74.413310
757.000000	74.303468
758.000000	74.330614
759.000000	74.260103
760.000000	74.354401
761.000000	74.242112
762.000000	74.220661
763.000000	74.190148
764.000000	74.192438
765.000000	74.212024
766.000000	74.217985
767.000000	74.234610
768.000000	74.161887
769.000000	74.266103
770.000000	74.289461
771.000000	74.310364
772.000000	74.297959
773.000000	74.251119
774.000000	74.317777
775.000000	74.205874
776.000000	74.318584
777.000000	74.304314
778.000000	74.233996
779.000000	74.262829
780.000000	74.326155
781.000000	74.169979
782.000000	74.256744
783.000000	74.157485
784.000000	74.111375
785.000000	74.191924
786.000000	74.055447
787.000000	74.253787
788.000000	74.255945
789.000000	74.139409
790.000000	74.167871
791.000000	74.179407
792.000000	74.032463
793.000000	74.060427
794.000000	74.107429
795.000000	74.105178
796.000000	74.054562
797.000000	74.014761
798.000000	74.046872
799.000000	73.990117
800.000000	73.926552
801.000000	73.843918
802.000000	73.922274
803.000000	73.765299
804.000000	73.898387
805.000000	73.829061
806.000000	73.901414
807.000000	74.019266
808.000000	73.895051
809.000000	74.000464
810.000000	73.937551
811.000000	73.992152
812.000000	73.972036
813.000000	73.986082
814.000000	73.959045
815.000000	74.014047
816.000000	74.062134
817.000000	73.999001
818.000000	74.013201
819.000000	73.903610
820.000000	73.945424
821.000000	73.913479
822.000000	73.931196
823.000000	73.931675
824.000000	73.963292
825.000000	74.012240
826.000000	74.066458
827.000000	74.103781
828.000000	74.175033
829.000000	74.080063
830.000000	74.193152
831.000000	74.134969
832.000000	74.210024
833.000000	74.185542
834.000000	74.280384
835.000000	74.175434
836.000000	74.308997
837.000000	74.223124
838.000000	74.320174
839.000000	74.306441
840.000000	74.343544
841.000000	74.211823
842.000000	74.183689
843.000000	74.184013
844.000000	74.235733
845.000000	74.169987
846.000000	74.290751
847.000000	74.308291
848.000000	74.324603
849.000000	74.284241
850.000000	74.283593
851.000000	74.434294
852.000000	74.356162
853.000000	74.308418
854.000000	74.313097
855.000000	74.254787
856.000000	74.294847
857.000000	74.359532
858.000000	74.303094
859.000000	74.196943
860.000000	74.205518
861.000000	74.195897
862.000000	74.180091
863.000000	74.158698
864.000000	74.041609
865.000000	74.155748
866.000000	74.153555
867.000000	74.321267
868.000000	74.316105
869.000000	74.255351
870.000000	74.119973
871.000000	74.093171
872.000000	74.158976
873.000000	74.035482
874.000000	74.190476
875.000000	74.132193
876.000000	74.143061
877.000000	74.173604
878.000000	74.221344
879.000000	74.310314
880.000000	74.366613
881.000000	74.407611
882.000000	74.308101
883.000000	74.435078
884.000000	74.398260
885.000000	74.445668
886.000000	74.496570
887.000000	74.627731
888.000000	74.719913
889.000000	74.716535
890.000000	74.730129
891.000000	74.894740
892.000000	74.768567
893.000000	74.707759
894.000000	74.744626
895.000000	74.724669
896.000000	74.766656
897.000000	74.875857
898.000000	74.811520
899.000000	74.685756
900.000000	74.738677
901.000000	74.819002
902.000000	74.812072
903.000000	74.724530
904.000000	74.721866
905.000000	74.764131
906.000000	74.849352
907.000000	74.870348
908.000000	74.875367
909.000000	74.924519
910.000000	74.825724
911.000000	74.923172
912.000000	74.864386
913.000000	74.851792
914.000000	74.870270
915.000000	74.801686
916.000000	74.863317
917.000000	74.898760
918.000000	74.863367
919.000000	74.796231
920.000000	74.857290
921.000000	74.913110
922.000000	74.962468
923.000000	74.950947
924.000000	74.953661
925.000000	74.907018
926.000000	74.985166
927.000000	75.054692
928.000000	75.034442
929.000000	75.061553
930.000000	75.072545
931.000000	75.037573
932.000000	75.071838
933.000000	75.032604
934.000000	74.988780
935.000000	74.987197
936.000000	75.002331
937.000000	74.988961
938.000000	74.967649
939.000000	74.986834
940.000000	75.010825
941.000000	74.919373
942.000000	75.038604
943.000000	75.030048
944.000000	75.019246
945.000000	75.104945
946.000000	75.195251
947.000000	75.162167
948.000000	75.132504
949.000000	75.150075
950.000000	75.180850
951.000000	75.119022
952.000000	75.112262
953.000000	75.118929
954.000000	75.134500
955.000000	75.193421
956.000000	75.151750
957.000000	75.152673
958.000000	75.124763
959.000000	75.039511
960.000000	75.118010
961.000000	75.118632
962.000000	75.205204
963.000000	75.193984
964.000000	75.213968
965.000000	75.181989
966.000000	75.128836
967.000000	75.253774
968.000000	75.092413
969.000000	75.165032
970.000000	75.311150
971.000000	75.224153
972.000000	75.216007
973.000000	75.242558
974.000000	75.239021
975.000000	75.171070
976.000000	75.240153
977.000000	75.224929
978.000000	75.153469
979.000000	75.155646
980.000000	75.168522
981.000000	75.148005
982.000000	75.119157
983.000000	75.195363
984.000000	75.301077
985.000000	75.182989
986.000000	75.204397
987.000000	75.228423
988.000000	75.358395
989.000000	75.345006
990.000000	75.249245
991.000000	75.234099
992.000000	75.287969
993.000000	75.267580
994.000000	75.187436
995.000000	75.250843
996.000000	75.210470
997.000000	75.107671
998.000000	75.071105
999.000000	75.125180
1000.000000	75.109026
1001.000000	75.140975
1002.000000	75.238805
1003.000000	75.334782
1004.000000	75.349485
1005.000000	75.287688
1006.000000	75.329771
1007.000000	75.277835
1008.000000	75.196926
1009.000000	75.307733
1010.000000	75.167279
1011.000000	75.187572
1012.000000	75.183437
1013.000000	75.286753
1014.000000	75.411154
1015.000000	75.306166
1016.000000	75.352504
1017.000000	75.218899
1018.000000	75.273935
1019.000000	75.361623
1020.000000	75.286688
1021.000000	75.250728
1022.000000	75.274684
1023.000000	75.372789
1024.000000	75.312876
1025.000000	75.275669
1026.000000	75.278989
1027.000000	75.290278
1028.000000	75.346407
1029.000000	75.308169
1030.000000	75.294351
1031.000000	75.334377
1032.000000	75.258974
1033.000000	75.306729
1034.000000	75.264430
1035.000000	75.340060
1036.000000	75.333292
1037.000000	75.193471
1038.000000	75.233392
1039.000000	75.284163
1040.000000	75.335566
1041.000000	75.320710
1042.000000	75.328099
1043.000000	75.264611
1044.000000	75.274931
1045.000000	75.362944
1046.000000	75.290047
1047.000000	75.254801
1048.000000	75.264511
1049.000000	75.344666
1050.000000	75.265685
1051.000000	75.291421
1052.000000	75.295602
1053.000000	75.319416
1054.000000	75.321791
1055.000000	75.307691
1056.000000	75.235215
1057.000000	75.215327
1058.000000	75.257090
1059.000000	75.389398
1060.000000	75.286105
1061.000000	75.308112
1062.000000	75.272985
1063.000000	75.256573
1064.000000	75.209841
1065.000000	75.224223
1066.000000	75.267121
1067.000000	75.266534
1068.000000	75.181510
1069.000000	75.169711
1070.000000	75.165318
1071.000000	75.123524
1072.000000	75.176765
1073.000000	75.128801
1074.000000	75.100725
1075.000000	75.070398
1076.000000	75.162789
1077.000000	75.101837
1078.000000	75.157102
1079.000000	75.185267
1080.000000	75.170530
1081.000000	75.192390
1082.000000	75.114231
1083.000000	75.139129
1084.000000	75.138627
1085.000000	75.174584
1086.000000	75.134091
1087.000000	74.932079
1088.000000	75.049974
1089.000000	75.085880
1090.000000	75.145488
1091.000000	75.107378
1092.000000	75.137701
1093.000000	75.123589
1094.000000	75.202602
1095.000000	75.034257
1096.000000	75.099895
1097.000000	75.143878
1098.000000	75.130906
1099.000000	75.075402
1100.000000	75.121288
1101.000000	75.103903
1102.000000	75.118956
1103.000000	75.100633
1104.000000	75.159229
1105.000000	75.132411
1106.000000	75.054530
1107.000000	75.091486
1108.000000	74.960754
1109.000000	74.995768
1110.000000	75.052314
1111.000000	75.023052
1112.000000	75.051986
1113.000000	75.050719
1114.000000	75.035855
1115.000000	75.045816
1116.000000	74.997663
1117.000000	74.995308
1118.000000	75.025415
1119.000000	74.975270
1120.000000	75.130998
1121.000000	75.041110
1122.000000	75.015732
1123.000000	74.978502
1124.000000	75.077243
1125.000000	74.972575
1126.000000	75.035685
1127.000000	75.076070
1128.000000	74.910192
1129.000000	75.005868
1130.000000	75.147824
1131.000000	74.994138
1132.000000	75.040820
1133.000000	75.013145
1134.000000	75.090436
1135.000000	75.077039
1136.000000	75.101061
1137.000000	74.960672
1138.000000	75.048515
1139.000000	75.048299
1140.000000	75.111524
1141.000000	75.121755
1142.000000	75.072908
1143.000000	75.035284
1144.000000	75.098335
1145.000000	75.052878
1146.000000	74.966468
1147.000000	74.979432
1148.000000	75.084305
1149.000000	75.068653
1150.000000	75.022018
1151.000000	75.055403
1152.000000	74.986112
1153.000000	75.050549
1154.000000	74.931936
1155.000000	75.015929
1156.000000	74.989837
1157.000000	74.941434
1158.000000	74.822500
1159.000000	74.877621
1160.000000	74.847734
1161.000000	74.923577
1162.000000	74.735198
1163.000000	74.937708
1164.000000	74.902937
1165.000000	74.903454
1166.000000	74.895547
1167.000000	74.833777
1168.000000	74.833874
1169.000000	74.814238
1170.000000	74.764525
1171.000000	74.799505
1172.000000	74.822430
1173.000000	74.808091
1174.000000	74.815550
1175.000000	74.802404
1176.000000	74.781544
1177.000000	74.761560
1178.000000	74.906798
1179.000000	74.805906
1180.000000	74.867301
1181.000000	74.752614
1182.000000	74.764992
1183.000000	74.723214
1184.000000	74.721453
1185.000000	74.790617
1186.000000	74.819075
1187.000000	74.880845
1188.000000	74.794937
1189.000000	74.765015
1190.000000	74.817126
1191.000000	74.805350
1192.000000	74.803462
1193.000000	74.764568
1194.000000	74.809292
1195.000000	74.836746
1196.000000	74.859047
1197.000000	74.758371
1198.000000	74.729569
1199.000000	74.749869



