0.0	-0.0017598789073063213
1.0	0.002466618095828442
2.0	0.0005927809738985668
3.0	-0.0025422965235700292
4.0	0.0001423951999091735
5.0	-0.0005228700473977071
6.0	-0.004597970142957773
7.0	0.001351567855911527
8.0	-0.0013050874032019392
9.0	0.0026937134571911863
10.0	-0.0022829592281869674
11.0	0.00021508974680042612
12.0	0.0006560632791814154
13.0	0.0034863443569025988
14.0	-0.0005927609478525726
15.0	-0.0029578369775621937
16.0	0.001268259504653152
17.0	0.0001289777491056643
18.0	0.0014911493963608497
19.0	0.0020687005622948332
20.0	0.0031362890732503108
21.0	0.0034516992973648453
22.0	-0.0016531400822566746
23.0	0.0020991401521775394
24.0	0.0019405338680514668
25.0	0.006151410555325226
26.0	-0.0021357677902668513
27.0	0.0007433768396344291
28.0	0.0013992298453329058
29.0	0.0027872350918967995
30.0	0.0003336439389754468
31.0	0.00252188998272108
32.0	0.0019207080825358826
33.0	-0.0034490758853419397
34.0	-0.005233196321301365
35.0	-0.005905670945159622
36.0	-0.0023904990950754487
37.0	-0.007141478242309051
38.0	-0.007376383761602065
39.0	-0.0031174445639870424
40.0	-0.001168109248729528
41.0	-0.004720930065247316
42.0	-0.005012108773731744
43.0	-0.001564424698585001
44.0	-0.0028837406074527475
45.0	-0.0067201302349841705
46.0	-0.008003199000636028
47.0	-0.008262135775099672
48.0	-0.012097924621251737
49.0	-0.006440967154085524
50.0	-0.0060314345138860175
51.0	-0.012865522963493742
52.0	-0.00662240313062351
53.0	-0.006598371875452879
54.0	-0.007738254412379726
55.0	-0.013062378995433256
56.0	-0.012472411680994073
57.0	-0.011547408617384713
58.0	-0.011186739529365304
59.0	-0.0119028709334503
60.0	-0.012549511957999849
61.0	-0.016811254802051725
62.0	-0.01969380385976875
63.0	-0.016263942965540505
64.0	-0.018158607175285207
65.0	-0.013447079338623297
66.0	-0.019772706480912602
67.0	-0.018086112888853895
68.0	-0.01475878535002025
69.0	-0.015362170115262476
70.0	-0.019558628049433948
71.0	-0.017323120537186355
72.0	-0.01839952050837088
73.0	-0.018984080790396294
74.0	-0.020591771761311616
75.0	-0.019179134478197732
76.0	-0.02175368294881154
77.0	-0.016029237706707434
78.0	-0.019219787351528142
79.0	-0.018263543656196778
80.0	-0.02174687409318005
81.0	-0.020945031212319706
82.0	-0.024657459615262813
83.0	-0.025883854670803837
84.0	-0.021692403248126244
85.0	-0.028053075970873188
86.0	-0.023509166139026337
87.0	-0.022613401102540967
88.0	-0.024881150548809343
89.0	-0.02595174296666115
90.0	-0.026504461835585667
91.0	-0.03027857046013302
92.0	-0.029026942586662646
93.0	-0.03064104189229004
94.0	-0.03049865670540433
95.0	-0.029896072982000473
96.0	-0.03142686393636996
97.0	-0.026841500189353863
98.0	-0.031660167371984835
99.0	-0.03288516060430767
100.0	-0.02844618725337239
101.0	-0.030216089196689472
102.0	-0.0335532294980514
103.0	-0.03014419569163752
104.0	-0.026573952215120652
105.0	-0.028612803955889138
106.0	-0.030074104530723178
107.0	-0.025373390758887865
108.0	-0.028123968173626362
109.0	-0.028004012158233147
110.0	-0.027098234098760013
111.0	-0.025133278467641497
112.0	-0.028953446997932557
113.0	-0.02763413108906481
114.0	-0.02954281353099238
115.0	-0.026873942383834122
116.0	-0.024698713269972583
117.0	-0.024764799221691818
118.0	-0.025481331146695766
119.0	-0.02630540293858866
120.0	-0.022873539439762863
121.0	-0.025673781448520755
122.0	-0.027539207631141004
123.0	-0.02688515696958014
124.0	-0.027739267830436322
125.0	-0.02860919926761345
126.0	-0.03224432713309084
127.0	-0.02674036865717746
128.0	-0.028439778918660313
129.0	-0.026005412769875655
130.0	-0.02981076202614501
131.0	-0.026241119331007503
132.0	-0.02496626124420533
133.0	-0.023146694706869315
134.0	-0.025865430708506446
135.0	-0.02466046352215914
136.0	-0.025230204530162854
137.0	-0.024500455414814874
138.0	-0.029227203046417904
139.0	-0.02360529115970886
140.0	-0.024514673907457218
141.0	-0.01955922883081331
142.0	-0.022888358713785032
143.0	-0.026018229439299805
144.0	-0.02163452797525716
145.0	-0.0250021078665018
146.0	-0.02262521646966634
147.0	-0.024383503306317524
148.0	-0.0220246353508605
149.0	-0.02060118400292002
150.0	-0.02482567840145723
151.0	-0.028523287530378166
152.0	-0.02293742252642507
153.0	-0.024989291197077185
154.0	-0.018117353520575436
155.0	-0.0193237225301414
156.0	-0.02575208328828525
157.0	-0.022415543768302675
158.0	-0.02302894155653313
159.0	-0.027116457800597463
160.0	-0.02132432452309645
161.0	-0.02546771343543278
162.0	-0.02213497886418537
163.0	-0.026391915457203305
164.0	-0.02711024972634533
165.0	-0.02443376868171628
166.0	-0.024760193231117354
167.0	-0.02007590081698188
168.0	-0.02651187147259652
169.0	-0.026368284722952093
170.0	-0.02373245655165345
171.0	-0.024298592871381478
172.0	-0.02608391487009962
173.0	-0.021977173621898598
174.0	-0.023207173365715313
175.0	-0.021513770918024647
176.0	-0.027264049759437463
177.0	-0.02350295806477374
178.0	-0.024069094384501763
179.0	-0.026279969860199835
180.0	-0.02028957872754065
181.0	-0.025078607362128216
182.0	-0.02611996175285557
183.0	-0.02595895234321206
184.0	-0.024250730621499694
185.0	-0.0225178768632378
186.0	-0.02332012026501709
187.0	-0.02189746995891591
188.0	-0.0286981149117446
189.0	-0.019789928880451276
190.0	-0.019783921066658616
191.0	-0.0228200698970083
192.0	-0.025310108453605016
193.0	-0.022625616990585757
194.0	-0.02382637870727848
195.0	-0.023675182060163263
196.0	-0.022589169586910395
197.0	-0.02273415815977348
198.0	-0.021201564861266384
199.0	-0.021813761086738118
200.0	-0.021744871488582496
201.0	-0.020788227272331247
202.0	-0.026525889704779388
203.0	-0.02555002048439191
204.0	-0.021162914592533524
205.0	-0.02358105964407829
206.0	-0.02372724977969963
207.0	-0.02507760605982944
208.0	-0.022231704666247253
209.0	-0.019071194090389834
210.0	-0.020360871451213708
211.0	-0.018438971818942572
212.0	-0.021095426817596095
213.0	-0.019961552094461904
214.0	-0.01649464301517847
215.0	-0.02064183687625043
216.0	-0.015258234936649682
217.0	-0.02002623622296248
218.0	-0.019065586797516593
219.0	-0.02287414022114222
220.0	-0.018510464803075104
221.0	-0.021989790030862807
222.0	-0.022011217900056994
223.0	-0.016662060759534057
224.0	-0.02372745004015957
225.0	-0.01833343455665164
226.0	-0.018710324741910946
227.0	-0.020353061293283438
228.0	-0.019505158506679388
229.0	-0.0191885467198066
230.0	-0.019982379182276265
231.0	-0.02053049206062632
232.0	-0.020015021637216468
233.0	-0.019503756683461194
234.0	-0.023886056324285643
235.0	-0.01962931999172765
236.0	-0.019381397542550544
237.0	-0.0182244928665445
238.0	-0.0159026730961422
239.0	-0.01562951782903575
240.0	-0.017318114025692475
241.0	-0.021114251300812903
242.0	-0.018801042730180174
243.0	-0.022451190130139204
244.0	-0.01750095182544865
245.0	-0.017672374778999342
246.0	-0.020573147538554284
247.0	-0.01911645295429471
248.0	-0.02227956691612904
249.0	-0.01896345396304141
250.0	-0.016830479806188414
251.0	-0.016824071471475875
252.0	-0.020835088219914255
253.0	-0.022391111992212626
254.0	-0.01975608486275282
255.0	-0.019357366287379912
256.0	-0.021249226850688228
257.0	-0.020836289782672508
258.0	-0.01851206688675324
259.0	-0.019843798944125718
260.0	-0.019115651912455407
261.0	-0.01784980554634269
262.0	-0.02136778104286325
263.0	-0.018705318230417066
264.0	-0.023022933742740472
265.0	-0.023427459871446097
266.0	-0.013351154578400248
267.0	-0.022221891903719433
268.0	-0.024509066614583977
269.0	-0.020143188331459835
270.0	-0.017698608899227468
271.0	-0.02162091026399371
272.0	-0.02274136753632439
273.0	-0.018902975304195414
274.0	-0.01492259840609968
275.0	-0.021219388042184414
276.0	-0.021225996637356432
277.0	-0.02184319937432205
278.0	-0.022502256547376795
279.0	-0.021049166651392445
280.0	-0.020921400478068494
281.0	-0.01991649349101697
282.0	-0.021217785958506277
283.0	-0.02074797491992072
284.0	-0.019544810077711024
285.0	-0.016242915617266204
286.0	-0.021508564146071288
287.0	-0.014085509684322694
288.0	-0.017920898009555805
289.0	-0.02119135157781868
290.0	-0.01766696774658604
291.0	-0.022438173200255113
292.0	-0.015415839918476979
293.0	-0.019678784325287104
294.0	-0.021914692358454585
295.0	-0.02253329691863886
296.0	-0.018152799621952025
297.0	-0.022296989576127656
298.0	-0.0217278493495033
299.0	-0.019409233746456804
300.0	-0.023033347286647653
301.0	-0.019534396533803844
302.0	-0.021994796542356688
303.0	-0.022875942565279833
304.0	-0.020997499452775494
305.0	-0.0221706252260219
306.0	-0.021990390812242164
307.0	-0.02292981262895428
308.0	-0.022866930844590846
309.0	-0.021947535073854725
310.0	-0.025383003260956213
311.0	-0.024077305063351918
312.0	-0.022239514824177988
313.0	-0.024033448022665237
314.0	-0.020645041043606236
315.0	-0.02296365664665273
316.0	-0.02238129922968434
317.0	-0.0230904215176779
318.0	-0.022753983945289064
319.0	-0.022409535954510017
320.0	-0.02315049965560448
321.0	-0.025493146513821605
322.0	-0.021724444921687087
323.0	-0.020200863343869443
324.0	-0.0248334885593875
325.0	-0.024254936091154738
326.0	-0.02360268777373195
327.0	-0.019332934511289864
328.0	-0.024943031030874
329.0	-0.024795439072034
330.0	-0.023785325313028655
331.0	-0.01997837397308116
332.0	-0.01706278193950452
333.0	-0.02202143118350423
334.0	-0.025756689278859247
335.0	-0.023523785152588097
336.0	-0.025326529811305322
337.0	-0.023569044016492974
338.0	-0.021259840655054884
339.0	-0.019635928586899665
340.0	-0.021175330741038258
341.0	-0.023446684875582324
342.0	-0.02147532090975173
343.0	-0.029157712666882923
344.0	-0.020171825577204927
345.0	-0.016083508291301295
346.0	-0.024282572034601057
347.0	-0.02059637775188608
348.0	-0.024340247047010665
349.0	-0.018535697621004453
350.0	-0.023678987008898426
351.0	-0.017642335710036053
352.0	-0.02082787884336288
353.0	-0.01906438523475834
354.0	-0.01909442430372163
355.0	-0.017639932584519083
356.0	-0.020796838472100815
357.0	-0.01600320384693925
358.0	-0.017344948927299493
359.0	-0.01896145135844386
360.0	-0.021427258399410468
361.0	-0.020208272980880293
362.0	-0.01867147421271815
363.0	-0.018741765634092432
364.0	-0.01543125997387804
365.0	-0.018494844487214102
366.0	-0.021259440134135468
367.0	-0.02093041219875748
368.0	-0.01978592367125617
369.0	-0.01949434444185279
370.0	-0.021614702189741576
371.0	-0.021728249870422718
372.0	-0.01969760880850438
373.0	-0.02008971878870527
374.0	-0.018582558568587
375.0	-0.023180939245487187
376.0	-0.021298691184247685
377.0	-0.017765896413704955
378.0	-0.01945309078714302
379.0	-0.02246801200875846
380.0	-0.021636330319394773
381.0	-0.019806550498611054
382.0	-0.020288176904322455
383.0	-0.01965335124689828
384.0	-0.025305702723490496
385.0	-0.0221970596067095
386.0	-0.021134477607248372
387.0	-0.02295644727010182
388.0	-0.020193453706858124
389.0	-0.02160428864583393
390.0	-0.024004009735081305
391.0	-0.019082408676136316
392.0	-0.019963754959518933
393.0	-0.020267149556048154
394.0	-0.023432266122480037
395.0	-0.02099930179691357
396.0	-0.021091822129320408
397.0	-0.023503959367072513
398.0	-0.01813057071091947
399.0	-0.024458000197346386
400.0	-0.024348657986320296
401.0	-0.024029042292550713
402.0	-0.02469891353043206
403.0	-0.02971283466132441
404.0	-0.02341324137880329
405.0	-0.022681890179777172
406.0	-0.027380401086554988
407.0	-0.027882253798701857
408.0	-0.024252332705177827
409.0	-0.024765800523990595
410.0	-0.029389013497900247
411.0	-0.021798541291796533
412.0	-0.0234220528390328
413.0	-0.02516451909936304
414.0	-0.022391512513132046
415.0	-0.029599687501562687
416.0	-0.021774910557545785
417.0	-0.024514473646997742
418.0	-0.026810059297171916
419.0	-0.03008271573049275
420.0	-0.026107345343890895
421.0	-0.027300897684032245
422.0	-0.029667776057879475
423.0	-0.025857820811035655
424.0	-0.02748293444194959
425.0	-0.026936623907737614
426.0	-0.029795542231203426
427.0	-0.028850112600699123
428.0	-0.02496886463018224
429.0	-0.02515250347177772
430.0	-0.027764100127446255
431.0	-0.02535877174532564
432.0	-0.023742469574641215
433.0	-0.024739165882843053
434.0	-0.022801445674250968
435.0	-0.02712266587485006
436.0	-0.027236013295071727
437.0	-0.023008715250097664
438.0	-0.028442182044177283
439.0	-0.02807770800742271
440.0	-0.026492245947540412
441.0	-0.024144592577829405
442.0	-0.02743146750379258
443.0	-0.03119836675178902
444.0	-0.025915095302525844
445.0	-0.02825834294212233
446.0	-0.02231140832922994
447.0	-0.025921904158157337
448.0	-0.026993698138767862
449.0	-0.030799247655496693
450.0	-0.02855312633888198
451.0	-0.02785722124123245
452.0	-0.028347659107172896
453.0	-0.027276465907942197
454.0	-0.028310410661658698
455.0	-0.029757492743849926
456.0	-0.030044465982679305
457.0	-0.030172632676922672
458.0	-0.0307061265417105
459.0	-0.03238050424572442
460.0	-0.030943234926061006
461.0	-0.03143567539659901
462.0	-0.029436074705942734
463.0	-0.031051976355708208
464.0	-0.032825883508219925
465.0	-0.03233564590273942
466.0	-0.031454299619356335
467.0	-0.03035987620679384
468.0	-0.03523341475539803
469.0	-0.027223396886107053
470.0	-0.028049271022137556
471.0	-0.034452599222812
472.0	-0.034220297089495894
473.0	-0.03367879280631786
474.0	-0.03288516060430767
475.0	-0.03503635846299858
476.0	-0.03498629334805976
477.0	-0.033644548267699526
478.0	-0.039197570556253405
479.0	-0.03319356171233077
480.0	-0.03539923041607502
481.0	-0.03481727352002651
482.0	-0.03155282776555583
483.0	-0.032619414974212536
484.0	-0.034578162531078455
485.0	-0.04137460201425256
486.0	-0.03485752587243704
487.0	-0.039157117943382475
488.0	-0.03977892667092255
489.0	-0.03641555224933296
490.0	-0.03448564219867162
491.0	-0.04162212394251025
492.0	-0.03860960584641178
493.0	-0.03560289530364649
494.0	-0.03771624393544338
495.0	-0.03772385383291417
496.0	-0.03804947734047641
497.0	-0.03646842101070863
498.0	-0.03637109442726739
499.0	-0.03487695113703367
500.0	-0.03233404381906129
501.0	-0.04194694640823319
502.0	-0.036912198189526006
503.0	-0.0362447300771621
504.0	-0.03843618028826354
505.0	-0.035852620096961205
506.0	-0.03781216869566643
507.0	-0.04197858756087461
508.0	-0.03896006165098349
509.0	-0.03891660513121668
510.0	-0.040410548160990926
511.0	-0.042327841802687595
512.0	-0.043341760510428574
513.0	-0.037919508302094965
514.0	-0.04046061327592974
515.0	-0.04083830450302788
516.0	-0.0403959291474287
517.0	-0.04241034911210667
518.0	-0.04319316724929026
519.0	-0.04465266547998669
520.0	-0.04240414103785454
521.0	-0.042071107893281445
522.0	-0.044913204338128
523.0	-0.0457474894134686
524.0	-0.037752491078659266
525.0	-0.03719436517732145
526.0	-0.041746085167098566
527.0	-0.04492962569582784
528.0	-0.03845840919929656
529.0	-0.04112607878369656
530.0	-0.044940439760654906
531.0	-0.049284489653665914
532.0	-0.040455206243516444
533.0	-0.0430758146198735
534.0	-0.04146612104436062
535.0	-0.04338521703019537
536.0	-0.041974982872598925
537.0	-0.04364595614879663
538.0	-0.04653451302030678
539.0	-0.04162512784940658
540.0	-0.0400154342738937
541.0	-0.04177392137100483
542.0	-0.04591911262747877
543.0	-0.04576190816657089
544.0	-0.04313389015320252
545.0	-0.04745591139564045
546.0	-0.042542120494625725
547.0	-0.043003120072982244
548.0	-0.045426672156940774
549.0	-0.03894844654431758
550.0	-0.04369321761729905
551.0	-0.05056996154483474
552.0	-0.044660675898376904
553.0	-0.045024148632832696
554.0	-0.04564215241163715
555.0	-0.04369682230557474
556.0	-0.0419589620358185
557.0	-0.04582939594150832
558.0	-0.043003520593902125
559.0	-0.04420708595703124
560.0	-0.046197875187458
561.0	-0.042524297313707694
562.0	-0.043865241352228634
563.0	-0.04384481478533369
564.0	-0.041429072859305895
565.0	-0.047522598128739046
566.0	-0.042599595246575396
567.0	-0.04704197302532642
568.0	-0.0443949302682813
569.0	-0.04560570500796179
570.0	-0.05014520910969412
571.0	-0.04913369352747011
572.0	-0.04722981733657695
573.0	-0.039923714983325705
574.0	-0.04759168798735461
575.0	-0.04715752331060511
576.0	-0.043481542311337835
577.0	-0.04722200717864668
578.0	-0.04590549491621532
579.0	-0.044837105363421004
580.0	-0.04439072479862672
581.0	-0.049698428023979946
582.0	-0.04838592097074416
583.0	-0.045871650898516865
584.0	-0.04808252637421494
585.0	-0.050744588665741705
586.0	-0.04779475209354672
587.0	-0.04960530691019375
588.0	-0.04830681808914083
589.0	-0.05116974162180175
590.0	-0.05214501006080986
591.0	-0.053097448807406064
592.0	-0.05563775273940154
593.0	-0.051918315220367
594.0	-0.04514130100178953
595.0	-0.04705158552739477
596.0	-0.05663264670346577
597.0	-0.05056235164736442
598.0	-0.04840835014223665
599.0	-0.047948351866178913
600.0	-0.04696307040418303
601.0	-0.05176331362451662
602.0	-0.05096026918089802
603.0	-0.0497813358543189
604.0	-0.04897829141070031
605.0	-0.04902034610724891
606.0	-0.0566334477453046
607.0	-0.054752401246823346
608.0	-0.050450806571280364
609.0	-0.05546412692079382
610.0	-0.051460920330286174
611.0	-0.059119080571786796
612.0	-0.05486534814612559
613.0	-0.05069151964390656
614.0	-0.05381017578367485
615.0	-0.04860800982061255
616.0	-0.0542517500974352
617.0	-0.05565898034813578
618.0	-0.0507173532432148
619.0	-0.05462483533395934
620.0	-0.05796137485394191
621.0	-0.04863744810819648
622.0	-0.051700632100613125
623.0	-0.05392652711079284
624.0	-0.04902435131644402
625.0	-0.05204748321690914
626.0	-0.05638292191015105
627.0	-0.05047283522185344
628.0	-0.05290720137063857
629.0	-0.05481468224980742
630.0	-0.05803747382864891
631.0	-0.057895489162682154
632.0	-0.05720699370204394
633.0	-0.05679405663402822
634.0	-0.0541532219512357
635.0	-0.05419087091766978
636.0	-0.05428078786409971
637.0	-0.05091501031699315
638.0	-0.058304621281962246
639.0	-0.053273878272450635
640.0	-0.0574336885424868
641.0	-0.05232003770263624
642.0	-0.053982399779064376
643.0	-0.0560050304225925
644.0	-0.059295710297291304
645.0	-0.05326186264486532
646.0	-0.054844521058310766
647.0	-0.05345030773749474
648.0	-0.05427778395720338
649.0	-0.05825175252058704
650.0	-0.05963395021381775
651.0	-0.05482409449141582
652.0	-0.05867049714193501
653.0	-0.0593732110952165
654.0	-0.05576171396398986
655.0	-0.05768020916844525
656.0	-0.05185443213370526
657.0	-0.05509985314449872
658.0	-0.054663685863152144
659.0	-0.05631663569797187
660.0	-0.05293243418856792
661.0	-0.05232484395367018
662.0	-0.05214941579092485
663.0	-0.05409514641790668
664.0	-0.05589528769064699
665.0	-0.05365857861564021
666.0	-0.052766418267430525
667.0	-0.05309224203545224
668.0	-0.056397140402793394
669.0	-0.05580817439065345
670.0	-0.0590531948805275
671.0	-0.05983140702713662
672.0	-0.05494905701830339
673.0	-0.05963575255795536
674.0	-0.055430483163554846
675.0	-0.05723983641744362
676.0	-0.05280326619202577
677.0	-0.05304017431591587
678.0	-0.05595336322397602
679.0	-0.055765518912725486
680.0	-0.05362653694207937
681.0	-0.05448585457488938
682.0	-0.05273838180306479
683.0	-0.05586404705892498
684.0	-0.05930151785062402
685.0	-0.05744910859788786
686.0	-0.053650367936790525
687.0	-0.05993053595471548
688.0	-0.055743290001692467
689.0	-0.05784742665234089
690.0	-0.05455214078706809
691.0	-0.055535820165386295
692.0	-0.06057597541650631
693.0	-0.05832484758839771
694.0	-0.051615721665677086
695.0	-0.052396537198262656
696.0	-0.05274138570996112
697.0	-0.050784640757692755
698.0	-0.0494246719754946
699.0	-0.05312508475085238
700.0	-0.054041676875152114
701.0	-0.04805729355628559
702.0	-0.05339503585060257
703.0	-0.050532112317941184
704.0	-0.0521582272511539
705.0	-0.049608711338009495
706.0	-0.054220509465713655
707.0	-0.05120618902547758
708.0	-0.05306540713384522
709.0	-0.05142947943810469
710.0	-0.05703837439492964
711.0	-0.05393133336182678
712.0	-0.05344269784002395
713.0	-0.053445100965541385
714.0	-0.05168140709647644
715.0	-0.049721257716392325
716.0	-0.04751819239862452
717.0	-0.04806230006777947
718.0	-0.04815782430708263
719.0	-0.047357583509900894
720.0	-0.041706834116986814
721.0	-0.04497929028984724
722.0	-0.04459499046757708
723.0	-0.044388121412649806
724.0	-0.04345430688881093
725.0	-0.044594589946657666
726.0	-0.043888872086479847
727.0	-0.046900388880279545
728.0	-0.047460317125755436
729.0	-0.050927025944578465
730.0	-0.04573307066036632
731.0	-0.04345410662835146
732.0	-0.04539443022291999
733.0	-0.04490639548249651
734.0	-0.04140524186459521
735.0	-0.043601498326731054
736.0	-0.03874438113582716
737.0	-0.034978282929669556
738.0	-0.03637529989692243
739.0	-0.041481140578842265
740.0	-0.03648684497300602
741.0	-0.040078916839636027
742.0	-0.03969842196610104
743.0	-0.039270865884523554
744.0	-0.04156444893010064
745.0	-0.041974382091219564
746.0	-0.03976410739690085
747.0	-0.04266287755185824
748.0	-0.041882863061111504
749.0	-0.040848918307395
750.0	-0.03822690810781929
751.0	-0.04076661125843587
752.0	-0.03912347418614396
753.0	-0.039792544382186004
754.0	-0.04022951270537189
755.0	-0.03881146838984517
756.0	-0.031574255634749554
757.0	-0.0384632154503305
758.0	-0.03720437820030921
759.0	-0.03696026069986727
760.0	-0.0368499171865424
761.0	-0.037190159707666405
762.0	-0.03904397078362075
763.0	-0.039396028671870593
764.0	-0.03487034254186166
765.0	-0.034446391148559866
766.0	-0.04107781601289536
767.0	-0.037693414243031464
768.0	-0.04061421304856193
769.0	-0.042944443758274324
770.0	-0.03747553086281765
771.0	-0.04091240087313733
772.0	-0.04027917729939129
773.0	-0.0383274388586168
774.0	-0.03820067398759163
775.0	-0.03610795218314916
776.0	-0.03685091848884118
777.0	-0.0328827574787907
778.0	-0.03232863678664799
779.0	-0.03536959186803161
780.0	-0.036157216256248674
781.0	-0.03532213013906924
782.0	-0.03549875986457376
783.0	-0.03731131728581833
784.0	-0.035701223189386046
785.0	-0.0319473408712737
786.0	-0.03688776641343596
787.0	-0.035380005411938795
788.0	-0.03691380027320414
789.0	-0.03963834382817446
790.0	-0.03632383295876543
791.0	-0.0391188681955695
792.0	-0.03927026510314419
793.0	-0.03567579011099722
794.0	-0.03145530092165511
795.0	-0.03532313144136802
796.0	-0.03320137187026104
797.0	-0.035493753353079874
798.0	-0.0374170548085692
799.0	-0.035318525450794024
800.0	-0.03892101086133121
801.0	-0.03480265450646428
802.0	-0.03775769785061309
803.0	-0.03426615673478013
804.0	-0.03832703833769692
805.0	-0.03518395042183811
806.0	-0.0375326050938479
807.0	-0.03770302674509981
808.0	-0.041331145494485765
809.0	-0.0352318126717199
810.0	-0.041121472793122095
811.0	-0.0396860058175963
812.0	-0.04007411058860209
813.0	-0.033378802637604385
814.0	-0.03977992797322133
815.0	-0.033989597039857926
816.0	-0.03171684108209567
817.0	-0.034053880647439555
818.0	-0.031233612592706135
819.0	-0.036806460666775606
820.0	-0.03653951347392175
821.0	-0.03764595251406956
822.0	-0.03457776201015903
823.0	-0.035184150682298056
824.0	-0.03565856771145808
825.0	-0.03801002602990471
826.0	-0.03552359216158322
827.0	-0.04113549102530497
828.0	-0.03961150892656744
829.0	-0.038101344799552836
830.0	-0.039517987291861824
831.0	-0.041366391335402874
832.0	-0.03977632328494611
833.0	-0.03752559597775646
834.0	-0.038593985530550774
835.0	-0.03734716390811481
836.0	-0.033707430052062955
837.0	-0.03285151684706869
838.0	-0.032485841247555866
839.0	-0.03419286140650952
840.0	-0.03626315403945949
841.0	-0.03441555103775727
842.0	-0.03647342752220251
843.0	-0.0383234336494217
844.0	-0.032461609731925294
845.0	-0.038469423524583095
846.0	-0.0396175167403601
847.0	-0.03941164898773159
848.0	-0.03518695432873444
849.0	-0.03986163424080157
850.0	-0.035622120307782716
851.0	-0.04190308936754697
852.0	-0.03828057791103379
853.0	-0.03532032779493163
854.0	-0.03448143672901703
855.0	-0.03840694226113955
856.0	-0.032180243785969155
857.0	-0.03720898419088368
858.0	-0.04084691570279745
859.0	-0.03658597390058488
860.0	-0.03513408556735924
861.0	-0.03304416740935316
862.0	-0.038138392984607555
863.0	-0.03640173427761004
864.0	-0.038456406594699004
865.0	-0.038992303585004266
866.0	-0.04340183864835515
867.0	-0.041567653097456914
868.0	-0.04032804085157185
869.0	-0.03720658106536624
870.0	-0.041547627051481385
871.0	-0.0350491751324232
872.0	-0.0355434179470988
873.0	-0.0372506383665124
874.0	-0.038691912895371376
875.0	-0.036044669877866316
876.0	-0.03637850406427824
877.0	-0.03692581590078946
878.0	-0.03688095755780447
879.0	-0.03529869966527797
880.0	-0.03835968079263712
881.0	-0.03814620314253829
882.0	-0.038441186799757415
883.0	-0.038834097821797614
884.0	-0.03363173159827537
885.0	-0.04005148115664965
886.0	-0.04244459365072501
887.0	-0.03659818978863013
888.0	-0.03869051107215272
889.0	-0.02717353203162771
890.0	-0.03341104457162517
891.0	-0.0332346151065806
892.0	-0.03332413153209111
893.0	-0.033937128799402146
894.0	-0.03360349487344969
895.0	-0.03506459518782426
896.0	-0.031849213245993616
897.0	-0.03429639606420289
898.0	-0.03370722979160301
899.0	-0.03158667178325475
900.0	-0.032511875107324055
901.0	-0.029433671580425765
902.0	-0.032894973366835494
903.0	-0.03182217808392666
904.0	-0.03969742066380226
905.0	-0.03240533654273388
906.0	-0.03170522597542977
907.0	-0.03039472152679107
908.0	-0.03233804902825639
909.0	-0.03429939997109922
910.0	-0.03156504365360109
911.0	-0.03296726739280733
912.0	-0.02602844272274751
913.0	-0.031005916449964498
914.0	-0.02797837881938438
915.0	-0.027268856010471403
916.0	-0.028778419356106647
917.0	-0.027579860504471414
918.0	-0.03296085905809525
919.0	-0.034215490838461954
920.0	-0.02851768023750539
921.0	-0.02650946834707955
922.0	-0.032089325537240455
923.0	-0.03211115392735359
924.0	-0.03512066811655573
925.0	-0.03219346097631319
926.0	-0.027446487038274226
927.0	-0.028434572146706957
928.0	-0.02898809205747031
929.0	-0.03125584150373869
930.0	-0.03341605108311905
931.0	-0.03041815200058281
932.0	-0.031128075330415204
933.0	-0.029240219976301995
934.0	-0.03149955848326121
935.0	-0.027663969897568624
936.0	-0.028299796857291573
937.0	-0.02337759501696676
938.0	-0.027715436835725634
939.0	-0.02842035365406415
940.0	-0.02771663839848435
941.0	-0.02509663080350619
942.0	-0.02552038193634804
943.0	-0.026884956709120663
944.0	-0.024230704575524165
945.0	-0.02430900641528866
946.0	-0.026080710702743353
947.0	-0.024540507506765927
948.0	-0.02521077926556669
949.0	-0.023310708023408688
950.0	-0.025051972720980673
951.0	-0.021760892325362918
952.0	-0.021513370397105228
953.0	-0.02083849264773
954.0	-0.02339361585374718
955.0	-0.024056077454617672
956.0	-0.025937524474018342
957.0	-0.022760993061380498
958.0	-0.024230103794145273
959.0	-0.02238510417841997
960.0	-0.02285551599838489
961.0	-0.019715832510341827
962.0	-0.023891263096239
963.0	-0.01819565536033993
964.0	-0.02136958338700086
965.0	-0.023620110433730565
966.0	-0.020981879136914957
967.0	-0.02075578507785099
968.0	-0.020202064906627692
969.0	-0.02168118866238023
970.0	-0.024908786492255662
971.0	-0.021776712901683395
972.0	-0.02306578948112791
973.0	-0.02477761589111597
974.0	-0.020639634011192936
975.0	-0.019559028570353833
976.0	-0.020251929761107033
977.0	-0.01850946350077633
978.0	-0.021592273018248617
979.0	-0.022131574436369622
980.0	-0.020355264158340467
981.0	-0.019683390315861568
982.0	-0.022587567503232257
983.0	-0.02541604623681583
984.0	-0.018034445690236944
985.0	-0.018456194218481242
986.0	-0.020824073894627718
987.0	-0.023646945335337583
988.0	-0.02095824840266374
989.0	-0.017519976569125403
990.0	-0.01935055743174842
991.0	-0.021836991300069917
992.0	-0.02200621138856311
993.0	-0.01778351933416351
994.0	-0.021897069437996495
995.0	-0.015729648058913377
996.0	-0.021668772513875497
997.0	-0.023663767213957305
998.0	-0.01963452676368147
999.0	-0.02042976104936933
1000.0	-0.02346190467052391
1001.0	-0.02387163757118336
1002.0	-0.02308601578756338
1003.0	-0.023525587496726175
1004.0	-0.0250611847021296
1005.0	-0.028150402554313964
1006.0	-0.02650386105420631
1007.0	-0.019116252693834768
1008.0	-0.020872937446807814
1009.0	-0.023723845351883883
1010.0	-0.022190851532457367
1011.0	-0.022808655050802346
1012.0	-0.023871237050263474
1013.0	-0.023136681683881555
1014.0	-0.02541404363221828
1015.0	-0.02094142652404402
1016.0	-0.02332312417191342
1017.0	-0.025492345471982304
1018.0	-0.025137684197756017
1019.0	-0.022943830861137146
1020.0	-0.02336537912892197
1021.0	-0.024901577115704288
1022.0	-0.02554501397289803
1023.0	-0.025878247377931065
1024.0	-0.02603264819240209
1025.0	-0.025720842656563242
1026.0	-0.02844698829521169
1027.0	-0.02449765176837802
1028.0	-0.02996516284061604
1029.0	-0.030555530675974638
1030.0	-0.027297292995756558
1031.0	-0.030737166912972565
1032.0	-0.02796476110812093
1033.0	-0.028496853149690565
1034.0	-0.032339450851474584
1035.0	-0.0318550207993268
1036.0	-0.03194714061081422
1037.0	-0.027916498337319726
1038.0	-0.027985788456395235
1039.0	-0.028006415283750117
1040.0	-0.02822529996626271
1041.0	-0.03136378189154705
1042.0	-0.03210394455080221
1043.0	-0.029982184979695233
1044.0	-0.02863182869956589
1045.0	-0.03662262156472018
1046.0	-0.033852618885385516
1047.0	-0.029154508499527117
1048.0	-0.03310724945417607
1049.0	-0.0359775826238483
1050.0	-0.034012026211350424
1051.0	-0.03314549920198951
1052.0	-0.03219926852964591
1053.0	-0.035520588254686895
1054.0	-0.030622417669533174
1055.0	-0.03257695975674451
1056.0	-0.03421589135938137
1057.0	-0.03190728877932264
1058.0	-0.031036155779387262
1059.0	-0.03358206700425598
1060.0	-0.032734965259491225
1061.0	-0.030296994422430876
1062.0	-0.03389847853066929
1063.0	-0.03218945576711808
1064.0	-0.032172633888498364
1065.0	-0.029793739887065813
1066.0	-0.03245820530410955
1067.0	-0.027971369703292948
1068.0	-0.031808560372663205
1069.0	-0.029976377426362517
1070.0	-0.02985662167142878
1071.0	-0.02798919288421098
1072.0	-0.031973775251961295
1073.0	-0.02969641330362457
1074.0	-0.028846107391504016
1075.0	-0.031023539370422588
1076.0	-0.028401929691766758
1077.0	-0.028895371464603532
1078.0	-0.028047468677999947
1079.0	-0.028571950822098787
1080.0	-0.02815080307523338
1081.0	-0.02701512600796158
1082.0	-0.026678688435572744
1083.0	-0.027706224854576703
1084.0	-0.030750384103316597
1085.0	-0.02980795837970816
1086.0	-0.03011175349715726
1087.0	-0.02729068440058454
1088.0	-0.028558533371295276
1089.0	-0.030763801554120108
1090.0	-0.030680693463321675
1091.0	-0.027460705530917034
1092.0	-0.03222309952435659
1093.0	-0.027999005646739267
1094.0	-0.032444587592846096
1095.0	-0.02821168225499926
1096.0	-0.02612917373400403
1097.0	-0.03094203336330229
1098.0	-0.026881752541764392
1099.0	-0.02548673817910953
1100.0	-0.025445084003480344
1101.0	-0.025438074887388907
1102.0	-0.024090522253695484
1103.0	-0.026431967549154358
1104.0	-0.02662601993465702
1105.0	-0.02502954354948818
1106.0	-0.02536678216371585
1107.0	-0.025716036405529302
1108.0	-0.026360074044101938
1109.0	-0.02845680105773951
1110.0	-0.02884670817288291
1111.0	-0.022223894508316987
1112.0	-0.02516712248533995
1113.0	-0.02672494860177593
1114.0	-0.022587567503232257
1115.0	-0.028084917383974086
1116.0	-0.027915897555940834
1117.0	-0.020841696815086273
1118.0	-0.02028857742524187
1119.0	-0.02594293150643164
1120.0	-0.022608995372426444
1121.0	-0.026762797828669953
1122.0	-0.028872742032651093
1123.0	-0.022090921563039212
1124.0	-0.026289181841348763
1125.0	-0.02778713008031811
1126.0	-0.025451892859111834
1127.0	-0.027183545054615475
1128.0	-0.02438089992034061
1129.0	-0.021103236975526362
1130.0	-0.02986823677809468
1131.0	-0.027575454774356894
1132.0	-0.02224632367980948
1133.0	-0.027541610756657973
1134.0	-0.025052573502360034
1135.0	-0.029341351508478403
1136.0	-0.0301484011612921
1137.0	-0.02679604106498905
1138.0	-0.025656559048981616
1139.0	-0.027008717673249506
1140.0	-0.026280770902039136
1141.0	-0.024355466841951785
1142.0	-0.025930315097467432
1143.0	-0.02512927325844639
1144.0	-0.026074903149410637
1145.0	-0.024816666680768245
1146.0	-0.023038554058601477
1147.0	-0.02760709592699785
1148.0	-0.026924408019692356
1149.0	-0.025300896472456556
1150.0	-0.02774527564422898
1151.0	-0.024420751751832188
1152.0	-0.02756223758401286
1153.0	-0.021848005625356454
1154.0	-0.027164520310938727
1155.0	-0.02550436109956762
1156.0	-0.029668376839258836
1157.0	-0.02339621923972409
1158.0	-0.02893141834735948
1159.0	-0.03161090329888486
1160.0	-0.028716939394961876
1161.0	-0.026251132353995264
1162.0	-0.029809560463386293
1163.0	-0.027377997961038018
1164.0	-0.02606268726136538
1165.0	-0.03132192745545792
1166.0	-0.028641040680714352
1167.0	-0.026200065936757673
1168.0	-0.027450892768388746
1169.0	-0.031099638345129584
1170.0	-0.022549317755419282
1171.0	-0.029094230101140598
1172.0	-0.026742571522234485
1173.0	-0.027812563158706935
1174.0	-0.032029647920233294
1175.0	-0.02531791861153575
1176.0	-0.030226502740596652
1177.0	-0.03232042610779784
1178.0	-0.02887694750230614
1179.0	-0.027577857899873864
1180.0	-0.030603993707235315
1181.0	-0.024965059681447077
1182.0	-0.02815320620075082
1183.0	-0.027957751992029496
1184.0	-0.02793291969502003
1185.0	-0.031907489039782584
1186.0	-0.026784225697863675
1187.0	-0.022264347121187453
1188.0	-0.02925363742710597
1189.0	-0.028398725524410487
1190.0	-0.02924863091561209
1191.0	-0.029364982242729615
1192.0	-0.027681192297107297
1193.0	-0.028159814795922368
1194.0	-0.026811861641309994
1195.0	-0.03189327054713977
1196.0	-0.0289039826643731
1197.0	-0.02832422863338162
1198.0	-0.027877447547667453
1199.0	-0.032869540288446665
1200.0	-0.0298990768888968
1201.0	-0.027506565176200804
1202.0	-0.030858124230665022
1203.0	-0.03034185276541587
1204.0	-0.030058684475322117
1205.0	-0.030694911955964483
1206.0	-0.032528897246403246
1207.0	-0.025179738894304624
1208.0	-0.026884556188201247
1209.0	-0.031727655146922266
1210.0	-0.02827616612304036
1211.0	-0.034063893670427316
1212.0	-0.0312624500989107
1213.0	-0.026509268086619606
1214.0	-0.03194934347587125
1215.0	-0.03136558423568466
1216.0	-0.03233404381906129
1217.0	-0.031327534748331165
1218.0	-0.033153910141299134

