0.000000	35.595979
1.000000	35.746690
2.000000	35.679871
3.000000	35.568079
4.000000	35.663811
5.000000	35.640089
6.000000	35.494776
7.000000	35.706929
8.000000	35.612196
9.000000	35.754788
10.000000	35.577326
11.000000	35.666403
12.000000	35.682128
13.000000	35.783052
14.000000	35.637596
15.000000	35.553261
16.000000	35.703958
17.000000	35.663333
18.000000	35.711906
19.000000	35.732501
20.000000	35.770570
21.000000	35.781817
22.000000	35.599785
23.000000	35.733586
24.000000	35.727931
25.000000	35.878085
26.000000	35.582575
27.000000	35.685241
28.000000	35.708628
29.000000	35.758123
30.000000	35.670631
31.000000	35.748661
32.000000	35.727224
33.000000	35.535744
34.000000	35.472124
35.000000	35.448145
36.000000	35.573491
37.000000	35.404078
38.000000	35.395701
39.000000	35.547569
40.000000	35.617080
41.000000	35.490391
42.000000	35.480008
43.000000	35.602948
44.000000	35.555903
45.000000	35.419102
46.000000	35.373350
47.000000	35.364116
48.000000	35.227337
49.000000	35.429057
50.000000	35.443660
51.000000	35.199965
52.000000	35.422587
53.000000	35.423444
54.000000	35.382797
55.000000	35.192946
56.000000	35.213983
57.000000	35.246968
58.000000	35.259829
59.000000	35.234292
60.000000	35.211234
61.000000	35.059266
62.000000	34.956477
63.000000	35.078782
64.000000	35.011221
65.000000	35.179228
66.000000	34.953664
67.000000	35.013806
68.000000	35.132454
69.000000	35.110938
70.000000	34.961298
71.000000	35.041013
72.000000	35.002630
73.000000	34.981785
74.000000	34.924457
75.000000	34.974830
76.000000	34.883025
77.000000	35.087151
78.000000	34.973380
79.000000	35.007479
80.000000	34.883268
81.000000	34.911860
82.000000	34.779480
83.000000	34.735748
84.000000	34.885210
85.000000	34.658396
86.000000	34.820427
87.000000	34.852368
88.000000	34.771503
89.000000	34.733327
90.000000	34.713618
91.000000	34.579038
92.000000	34.623670
93.000000	34.566113
94.000000	34.571190
95.000000	34.592677
96.000000	34.538091
97.000000	34.701600
98.000000	34.529772
99.000000	34.486090
100.000000	34.644379
101.000000	34.581266
102.000000	34.462268
103.000000	34.583830
104.000000	34.711140
105.000000	34.638437
106.000000	34.586329
107.000000	34.753951
108.000000	34.655869
109.000000	34.660146
110.000000	34.692445
111.000000	34.762513
112.000000	34.626290
113.000000	34.673335
114.000000	34.605274
115.000000	34.700443
116.000000	34.778009
117.000000	34.775652
118.000000	34.750102
119.000000	34.720716
120.000000	34.843092
121.000000	34.743239
122.000000	34.676720
123.000000	34.700043
124.000000	34.669586
125.000000	34.638566
126.000000	34.508942
127.000000	34.705206
128.000000	34.644607
129.000000	34.731414
130.000000	34.595720
131.000000	34.723009
132.000000	34.768468
133.000000	34.833352
134.000000	34.736405
135.000000	34.779373
136.000000	34.759056
137.000000	34.785078
138.000000	34.616529
139.000000	34.816999
140.000000	34.784571
141.000000	34.961276
142.000000	34.842564
143.000000	34.730956
144.000000	34.887274
145.000000	34.767190
146.000000	34.851947
147.000000	34.789249
148.000000	34.873363
149.000000	34.924121
150.000000	34.773481
151.000000	34.641629
152.000000	34.840814
153.000000	34.767647
154.000000	35.012692
155.000000	34.969674
156.000000	34.740447
157.000000	34.859424
158.000000	34.837551
159.000000	34.691795
160.000000	34.898335
161.000000	34.750587
162.000000	34.869428
163.000000	34.717631
164.000000	34.692016
165.000000	34.787456
166.000000	34.775816
167.000000	34.942852
168.000000	34.713354
169.000000	34.718474
170.000000	34.812464
171.000000	34.792277
172.000000	34.728614
173.000000	34.875055
174.000000	34.831195
175.000000	34.891580
176.000000	34.686532
177.000000	34.820648
178.000000	34.800460
179.000000	34.721623
180.000000	34.935233
181.000000	34.764462
182.000000	34.727329
183.000000	34.733070
184.000000	34.793983
185.000000	34.855775
186.000000	34.827168
187.000000	34.877898
188.000000	34.635395
189.000000	34.953050
190.000000	34.953264
191.000000	34.844999
192.000000	34.756207
193.000000	34.851933
194.000000	34.809115
195.000000	34.814507
196.000000	34.853232
197.000000	34.848062
198.000000	34.902713
199.000000	34.880882
200.000000	34.883339
201.000000	34.917452
202.000000	34.712854
203.000000	34.747652
204.000000	34.904091
205.000000	34.817863
206.000000	34.812650
207.000000	34.764498
208.000000	34.865979
209.000000	34.978679
210.000000	34.932691
211.000000	35.001223
212.000000	34.906497
213.000000	34.946930
214.000000	35.070556
215.000000	34.922672
216.000000	35.114644
217.000000	34.944623
218.000000	34.978879
219.000000	34.843071
220.000000	34.998674
221.000000	34.874606
222.000000	34.873841
223.000000	35.064586
224.000000	34.812643
225.000000	35.004987
226.000000	34.991547
227.000000	34.932969
228.000000	34.963204
229.000000	34.974494
230.000000	34.946187
231.000000	34.926642
232.000000	34.945023
233.000000	34.963254
234.000000	34.806987
235.000000	34.958777
236.000000	34.967618
237.000000	35.008871
238.000000	35.091664
239.000000	35.101405
240.000000	35.041192
241.000000	34.905826
242.000000	34.988312
243.000000	34.858153
244.000000	35.034672
245.000000	35.028559
246.000000	34.925121
247.000000	34.977065
248.000000	34.864272
249.000000	34.982521
250.000000	35.058580
251.000000	35.058809
252.000000	34.915781
253.000000	34.860295
254.000000	34.954257
255.000000	34.968474
256.000000	34.901013
257.000000	34.915738
258.000000	34.998617
259.000000	34.951129
260.000000	34.977094
261.000000	35.022232
262.000000	34.896786
263.000000	34.991726
264.000000	34.837765
265.000000	34.823340
266.000000	35.182648
267.000000	34.866329
268.000000	34.784771
269.000000	34.940453
270.000000	35.027624
271.000000	34.887759
272.000000	34.847805
273.000000	34.984677
274.000000	35.126613
275.000000	34.902077
276.000000	34.901841
277.000000	34.879833
278.000000	34.856332
279.000000	34.908147
280.000000	34.912703
281.000000	34.948537
282.000000	34.902134
283.000000	34.918887
284.000000	34.961790
285.000000	35.079532
286.000000	34.891765
287.000000	35.156462
288.000000	35.019697
289.000000	34.903077
290.000000	35.028752
291.000000	34.858617
292.000000	35.109024
293.000000	34.957013
294.000000	34.877283
295.000000	34.855225
296.000000	35.011428
297.000000	34.863651
298.000000	34.883946
299.000000	34.966625
300.000000	34.837394
301.000000	34.962162
302.000000	34.874427
303.000000	34.843006
304.000000	34.909989
305.000000	34.868157
306.000000	34.874584
307.000000	34.841086
308.000000	34.843328
309.000000	34.876112
310.000000	34.753608
311.000000	34.800167
312.000000	34.865701
313.000000	34.801731
314.000000	34.922558
315.000000	34.839879
316.000000	34.860645
317.000000	34.835358
318.000000	34.847355
319.000000	34.859638
320.000000	34.833216
321.000000	34.749680
322.000000	34.884067
323.000000	34.938396
324.000000	34.773203
325.000000	34.793833
326.000000	34.817092
327.000000	34.969346
328.000000	34.769297
329.000000	34.774560
330.000000	34.810579
331.000000	34.946330
332.000000	35.050296
333.000000	34.873477
334.000000	34.740283
335.000000	34.819905
336.000000	34.755622
337.000000	34.818291
338.000000	34.900635
339.000000	34.958541
340.000000	34.903648
341.000000	34.822655
342.000000	34.892951
343.000000	34.619006
344.000000	34.939432
345.000000	35.085216
346.000000	34.792848
347.000000	34.924293
348.000000	34.790791
349.000000	34.997774
350.000000	34.814371
351.000000	35.029630
352.000000	34.916038
353.000000	34.978922
354.000000	34.977851
355.000000	35.029716
356.000000	34.917145
357.000000	35.088080
358.000000	35.040235
359.000000	34.982592
360.000000	34.894665
361.000000	34.938132
362.000000	34.992932
363.000000	34.990426
364.000000	35.108474
365.000000	34.999231
366.000000	34.900649
367.000000	34.912382
368.000000	34.953193
369.000000	34.963590
370.000000	34.887981
371.000000	34.883932
372.000000	34.956342
373.000000	34.942360
374.000000	34.996103
375.000000	34.832131
376.000000	34.899249
377.000000	35.025224
378.000000	34.965061
379.000000	34.857553
380.000000	34.887209
381.000000	34.952457
382.000000	34.935283
383.000000	34.957920
384.000000	34.756364
385.000000	34.867215
386.000000	34.905105
387.000000	34.840136
388.000000	34.938661
389.000000	34.888352
390.000000	34.802781
391.000000	34.978279
392.000000	34.946851
393.000000	34.936033
394.000000	34.823169
395.000000	34.909925
396.000000	34.906626
397.000000	34.820612
398.000000	35.012220
399.000000	34.786592
400.000000	34.790491
401.000000	34.801888
402.000000	34.778002
403.000000	34.599212
404.000000	34.823847
405.000000	34.849926
406.000000	34.682383
407.000000	34.664488
408.000000	34.793926
409.000000	34.775617
410.000000	34.610759
411.000000	34.881425
412.000000	34.823533
413.000000	34.761399
414.000000	34.860281
415.000000	34.603246
416.000000	34.882268
417.000000	34.784579
418.000000	34.702721
419.000000	34.586022
420.000000	34.727779
421.000000	34.685218
422.000000	34.600818
423.000000	34.736676
424.000000	34.678727
425.000000	34.698208
426.000000	34.596262
427.000000	34.629975
428.000000	34.768376
429.000000	34.761827
430.000000	34.668701
431.000000	34.754472
432.000000	34.812107
433.000000	34.776566
434.000000	34.845663
435.000000	34.691574
436.000000	34.687532
437.000000	34.838272
438.000000	34.644521
439.000000	34.657518
440.000000	34.714054
441.000000	34.797768
442.000000	34.680562
443.000000	34.546239
444.000000	34.734634
445.000000	34.651077
446.000000	34.863137
447.000000	34.734391
448.000000	34.696173
449.000000	34.560471
450.000000	34.640565
451.000000	34.665380
452.000000	34.647892
453.000000	34.686089
454.000000	34.649220
455.000000	34.597619
456.000000	34.587386
457.000000	34.582816
458.000000	34.563792
459.000000	34.504086
460.000000	34.555337
461.000000	34.537777
462.000000	34.609080
463.000000	34.551459
464.000000	34.488204
465.000000	34.505685
466.000000	34.537113
467.000000	34.576139
468.000000	34.402355
469.000000	34.687982
470.000000	34.658532
471.000000	34.430198
472.000000	34.438481
473.000000	34.457790
474.000000	34.486090
475.000000	34.409381
476.000000	34.411167
477.000000	34.459012
478.000000	34.260998
479.000000	34.475093
480.000000	34.396442
481.000000	34.417194
482.000000	34.533600
483.000000	34.495567
484.000000	34.425720
485.000000	34.183368
486.000000	34.415758
487.000000	34.262440
488.000000	34.240267
489.000000	34.360201
490.000000	34.429019
491.000000	34.174541
492.000000	34.281964
493.000000	34.389179
494.000000	34.313820
495.000000	34.313549
496.000000	34.301937
497.000000	34.358316
498.000000	34.361786
499.000000	34.415066
500.000000	34.505743
501.000000	34.162959
502.000000	34.342491
503.000000	34.366292
504.000000	34.288148
505.000000	34.380275
506.000000	34.310400
507.000000	34.161830
508.000000	34.269467
509.000000	34.271017
510.000000	34.217745
511.000000	34.149376
512.000000	34.113221
513.000000	34.306572
514.000000	34.215959
515.000000	34.202491
516.000000	34.218266
517.000000	34.146434
518.000000	34.118520
519.000000	34.066476
520.000000	34.146656
521.000000	34.158531
522.000000	34.057186
523.000000	34.027436
524.000000	34.312528
525.000000	34.332430
526.000000	34.170121
527.000000	34.056600
528.000000	34.287355
529.000000	34.192230
530.000000	34.056214
531.000000	33.901311
532.000000	34.216152
533.000000	34.122705
534.000000	34.180104
535.000000	34.111672
536.000000	34.161959
537.000000	34.102374
538.000000	33.999372
539.000000	34.174434
540.000000	34.231834
541.000000	34.169128
542.000000	34.021316
543.000000	34.026922
544.000000	34.120634
545.000000	33.966516
546.000000	34.141735
547.000000	34.125297
548.000000	34.038876
549.000000	34.269881
550.000000	34.100689
551.000000	33.855473
552.000000	34.066190
553.000000	34.053229
554.000000	34.031192
555.000000	34.100560
556.000000	34.162530
557.000000	34.024515
558.000000	34.125283
559.000000	34.082365
560.000000	34.011376
561.000000	34.142371
562.000000	34.094555
563.000000	34.095283
564.000000	34.181425
565.000000	33.964138
566.000000	34.139686
567.000000	33.981276
568.000000	34.075667
569.000000	34.032492
570.000000	33.870619
571.000000	33.906688
572.000000	33.974578
573.000000	34.235104
574.000000	33.961674
575.000000	33.977156
576.000000	34.108237
577.000000	33.974857
578.000000	34.021802
579.000000	34.059899
580.000000	34.075817
581.000000	33.886551
582.000000	33.933353
583.000000	34.023009
584.000000	33.944172
585.000000	33.849246
586.000000	33.954433
587.000000	33.889871
588.000000	33.936174
589.000000	33.834085
590.000000	33.799309
591.000000	33.765346
592.000000	33.674762
593.000000	33.807392
594.000000	34.049052
595.000000	33.980934
596.000000	33.639285
597.000000	33.855744
598.000000	33.932553
599.000000	33.948956
600.000000	33.984090
601.000000	33.812919
602.000000	33.841555
603.000000	33.883594
604.000000	33.912230
605.000000	33.910730
606.000000	33.639257
607.000000	33.706332
608.000000	33.859722
609.000000	33.680953
610.000000	33.823702
611.000000	33.550622
612.000000	33.702305
613.000000	33.851138
614.000000	33.739931
615.000000	33.925434
616.000000	33.724185
617.000000	33.674005
618.000000	33.850217
619.000000	33.710881
620.000000	33.591904
621.000000	33.924384
622.000000	33.815155
623.000000	33.735782
624.000000	33.910587
625.000000	33.802786
626.000000	33.648190
627.000000	33.858936
628.000000	33.772130
629.000000	33.704111
630.000000	33.589191
631.000000	33.594254
632.000000	33.618805
633.000000	33.633529
634.000000	33.727698
635.000000	33.726356
636.000000	33.723149
637.000000	33.843169
638.000000	33.579665
639.000000	33.759055
640.000000	33.610721
641.000000	33.793067
642.000000	33.733790
643.000000	33.661665
644.000000	33.544324
645.000000	33.759483
646.000000	33.703047
647.000000	33.752763
648.000000	33.723257
649.000000	33.581550
650.000000	33.532262
651.000000	33.703776
652.000000	33.566618
653.000000	33.541560
654.000000	33.670341
655.000000	33.601930
656.000000	33.809670
657.000000	33.693943
658.000000	33.709496
659.000000	33.650554
660.000000	33.771230
661.000000	33.792896
662.000000	33.799151
663.000000	33.729769
664.000000	33.665578
665.000000	33.745337
666.000000	33.777150
667.000000	33.765531
668.000000	33.647683
669.000000	33.668685
670.000000	33.552971
671.000000	33.525221
672.000000	33.699320
673.000000	33.532198
674.000000	33.682153
675.000000	33.617634
676.000000	33.775836
677.000000	33.767388
678.000000	33.663508
679.000000	33.670206
680.000000	33.746479
681.000000	33.715837
682.000000	33.778150
683.000000	33.666692
684.000000	33.544117
685.000000	33.610171
686.000000	33.745629
687.000000	33.521687
688.000000	33.670998
689.000000	33.595968
690.000000	33.713473
691.000000	33.678397
692.000000	33.498671
693.000000	33.578943
694.000000	33.818182
695.000000	33.790339
696.000000	33.778043
697.000000	33.847818
698.000000	33.896312
699.000000	33.764360
700.000000	33.731676
701.000000	33.945071
702.000000	33.754734
703.000000	33.856822
704.000000	33.798837
705.000000	33.889750
706.000000	33.725299
707.000000	33.832786
708.000000	33.766488
709.000000	33.824823
710.000000	33.624817
711.000000	33.735611
712.000000	33.753035
713.000000	33.752949
714.000000	33.815840
715.000000	33.885737
716.000000	33.964295
717.000000	33.944893
718.000000	33.941487
719.000000	33.970022
720.000000	34.171521
721.000000	34.054829
722.000000	34.068533
723.000000	34.075909
724.000000	34.109208
725.000000	34.068547
726.000000	34.093712
727.000000	33.986325
728.000000	33.966359
729.000000	33.842740
730.000000	34.027950
731.000000	34.109215
732.000000	34.040026
733.000000	34.057428
734.000000	34.182275
735.000000	34.103959
736.000000	34.277158
737.000000	34.411452
738.000000	34.361636
739.000000	34.179569
740.000000	34.357659
741.000000	34.229570
742.000000	34.243138
743.000000	34.258384
744.000000	34.176598
745.000000	34.161980
746.000000	34.240796
747.000000	34.137429
748.000000	34.165244
749.000000	34.202113
750.000000	34.295610
751.000000	34.205048
752.000000	34.263640
753.000000	34.239782
754.000000	34.224200
755.000000	34.274766
756.000000	34.532836
757.000000	34.287184
758.000000	34.332073
759.000000	34.340778
760.000000	34.344712
761.000000	34.332580
762.000000	34.266475
763.000000	34.253921
764.000000	34.415301
765.000000	34.430419
766.000000	34.193951
767.000000	34.314634
768.000000	34.210482
769.000000	34.127389
770.000000	34.322404
771.000000	34.199849
772.000000	34.222429
773.000000	34.292026
774.000000	34.296546
775.000000	34.371170
776.000000	34.344677
777.000000	34.486176
778.000000	34.505935
779.000000	34.397499
780.000000	34.369413
781.000000	34.399191
782.000000	34.392893
783.000000	34.328259
784.000000	34.385673
785.000000	34.519532
786.000000	34.343363
787.000000	34.397127
788.000000	34.342434
789.000000	34.245280
790.000000	34.363472
791.000000	34.263804
792.000000	34.258406
793.000000	34.386580
794.000000	34.537077
795.000000	34.399155
796.000000	34.474815
797.000000	34.393071
798.000000	34.324489
799.000000	34.399320
800.000000	34.270860
801.000000	34.417715
802.000000	34.312342
803.000000	34.436846
804.000000	34.292040
805.000000	34.404118
806.000000	34.320368
807.000000	34.314291
808.000000	34.184917
809.000000	34.402412
810.000000	34.192394
811.000000	34.243581
812.000000	34.229742
813.000000	34.468488
814.000000	34.240232
815.000000	34.446708
816.000000	34.527751
817.000000	34.444415
818.000000	34.544983
819.000000	34.346262
820.000000	34.355781
821.000000	34.316327
822.000000	34.425734
823.000000	34.404111
824.000000	34.387194
825.000000	34.303344
826.000000	34.392007
827.000000	34.191894
828.000000	34.246237
829.000000	34.300088
830.000000	34.249572
831.000000	34.183660
832.000000	34.240360
833.000000	34.320618
834.000000	34.282521
835.000000	34.326981
836.000000	34.456769
837.000000	34.487290
838.000000	34.500330
839.000000	34.439459
840.000000	34.365635
841.000000	34.431519
842.000000	34.358137
843.000000	34.292168
844.000000	34.501194
845.000000	34.286963
846.000000	34.246023
847.000000	34.253364
848.000000	34.404011
849.000000	34.237318
850.000000	34.388494
851.000000	34.164522
852.000000	34.293697
853.000000	34.399255
854.000000	34.429169
855.000000	34.289191
856.000000	34.511227
857.000000	34.331908
858.000000	34.202184
859.000000	34.354124
860.000000	34.405897
861.000000	34.480420
862.000000	34.298767
863.000000	34.360694
864.000000	34.287427
865.000000	34.268317
866.000000	34.111079
867.000000	34.176484
868.000000	34.220687
869.000000	34.331994
870.000000	34.177198
871.000000	34.408924
872.000000	34.391300
873.000000	34.330423
874.000000	34.279029
875.000000	34.373426
876.000000	34.361522
877.000000	34.342006
878.000000	34.343605
879.000000	34.400027
880.000000	34.290876
881.000000	34.298488
882.000000	34.287970
883.000000	34.273959
884.000000	34.459469
885.000000	34.230548
886.000000	34.145213
887.000000	34.353688
888.000000	34.279079
889.000000	34.689760
890.000000	34.467338
891.000000	34.473629
892.000000	34.470437
893.000000	34.448579
894.000000	34.460476
895.000000	34.408375
896.000000	34.523031
897.000000	34.435768
898.000000	34.456776
899.000000	34.532393
900.000000	34.499401
901.000000	34.609166
902.000000	34.485741
903.000000	34.523995
904.000000	34.243174
905.000000	34.503200
906.000000	34.528165
907.000000	34.574896
908.000000	34.505600
909.000000	34.435660
910.000000	34.533164
911.000000	34.483163
912.000000	34.730592
913.000000	34.553102
914.000000	34.661060
915.000000	34.686361
916.000000	34.632532
917.000000	34.675271
918.000000	34.483391
919.000000	34.438653
920.000000	34.641829
921.000000	34.713440
922.000000	34.514469
923.000000	34.513691
924.000000	34.406375
925.000000	34.510756
926.000000	34.680027
927.000000	34.644793
928.000000	34.625055
929.000000	34.544190
930.000000	34.467160
931.000000	34.574061
932.000000	34.548746
933.000000	34.616064
934.000000	34.535499
935.000000	34.672271
936.000000	34.649599
937.000000	34.825118
938.000000	34.670436
939.000000	34.645300
940.000000	34.670393
941.000000	34.763820
942.000000	34.748709
943.000000	34.700050
944.000000	34.794697
945.000000	34.791905
946.000000	34.728728
947.000000	34.783650
948.000000	34.759749
949.000000	34.827503
950.000000	34.765412
951.000000	34.882768
952.000000	34.891594
953.000000	34.915659
954.000000	34.824547
955.000000	34.800924
956.000000	34.733834
957.000000	34.847105
958.000000	34.794719
959.000000	34.860509
960.000000	34.843735
961.000000	34.955692
962.000000	34.806801
963.000000	35.009900
964.000000	34.896721
965.000000	34.816470
966.000000	34.910546
967.000000	34.918609
968.000000	34.938354
969.000000	34.885610
970.000000	34.770518
971.000000	34.882204
972.000000	34.836237
973.000000	34.775195
974.000000	34.922750
975.000000	34.961283
976.000000	34.936575
977.000000	34.998710
978.000000	34.888780
979.000000	34.869550
980.000000	34.932891
981.000000	34.956849
982.000000	34.853290
983.000000	34.752430
984.000000	35.015648
985.000000	35.000609
986.000000	34.916173
987.000000	34.815513
988.000000	34.911389
989.000000	35.033993
990.000000	34.968717
991.000000	34.880054
992.000000	34.874020
993.000000	35.024596
994.000000	34.877912
995.000000	35.097834
996.000000	34.886053
997.000000	34.814914
998.000000	34.958591
999.000000	34.930234
1000.000000	34.822112
1001.000000	34.807501
1002.000000	34.835516
1003.000000	34.819841
1004.000000	34.765083
1005.000000	34.654926
1006.000000	34.713639
1007.000000	34.977072
1008.000000	34.914431
1009.000000	34.812771
1010.000000	34.867436
1011.000000	34.845406
1012.000000	34.807516
1013.000000	34.833709
1014.000000	34.752501
1015.000000	34.911989
1016.000000	34.827061
1017.000000	34.749709
1018.000000	34.762356
1019.000000	34.840586
1020.000000	34.825554
1021.000000	34.770775
1022.000000	34.747831
1023.000000	34.735948
1024.000000	34.730442
1025.000000	34.741561
1026.000000	34.644350
1027.000000	34.785178
1028.000000	34.590214
1029.000000	34.569162
1030.000000	34.685347
1031.000000	34.562685
1032.000000	34.661546
1033.000000	34.642572
1034.000000	34.505550
1035.000000	34.522824
1036.000000	34.519539
1037.000000	34.663267
1038.000000	34.660796
1039.000000	34.660060
1040.000000	34.652255
1041.000000	34.540341
1042.000000	34.513948
1043.000000	34.589607
1044.000000	34.637759
1045.000000	34.352817
1046.000000	34.451592
1047.000000	34.619121
1048.000000	34.478171
1049.000000	34.375819
1050.000000	34.445908
1051.000000	34.476807
1052.000000	34.510548
1053.000000	34.392114
1054.000000	34.566777
1055.000000	34.497080
1056.000000	34.438638
1057.000000	34.520960
1058.000000	34.552024
1059.000000	34.461240
1060.000000	34.491446
1061.000000	34.578381
1062.000000	34.449957
1063.000000	34.510898
1064.000000	34.511498
1065.000000	34.596327
1066.000000	34.501315
1067.000000	34.661310
1068.000000	34.524481
1069.000000	34.589814
1070.000000	34.594084
1071.000000	34.660674
1072.000000	34.518589
1073.000000	34.599797
1074.000000	34.630118
1075.000000	34.552473
1076.000000	34.645957
1077.000000	34.628361
1078.000000	34.658596
1079.000000	34.639894
1080.000000	34.654912
1081.000000	34.695408
1082.000000	34.707405
1083.000000	34.670765
1084.000000	34.562214
1085.000000	34.595820
1086.000000	34.584987
1087.000000	34.685582
1088.000000	34.640372
1089.000000	34.561735
1090.000000	34.564699
1091.000000	34.679520
1092.000000	34.509699
1093.000000	34.660325
1094.000000	34.501801
1095.000000	34.652741
1096.000000	34.727000
1097.000000	34.555380
1098.000000	34.700164
1099.000000	34.749909
1100.000000	34.751394
1101.000000	34.751644
1102.000000	34.799696
1103.000000	34.716203
1104.000000	34.709283
1105.000000	34.766212
1106.000000	34.754186
1107.000000	34.741732
1108.000000	34.718767
1109.000000	34.644000
1110.000000	34.630097
1111.000000	34.866258
1112.000000	34.761306
1113.000000	34.705756
1114.000000	34.853290
1115.000000	34.657261
1116.000000	34.663288
1117.000000	34.915545
1118.000000	34.935269
1119.000000	34.733642
1120.000000	34.852525
1121.000000	34.704406
1122.000000	34.629168
1123.000000	34.870999
1124.000000	34.721295
1125.000000	34.667880
1126.000000	34.751151
1127.000000	34.689403
1128.000000	34.789342
1129.000000	34.906219
1130.000000	34.593670
1131.000000	34.675428
1132.000000	34.865458
1133.000000	34.676635
1134.000000	34.765391
1135.000000	34.612458
1136.000000	34.583680
1137.000000	34.703221
1138.000000	34.743853
1139.000000	34.695637
1140.000000	34.721595
1141.000000	34.790248
1142.000000	34.734091
1143.000000	34.762656
1144.000000	34.728936
1145.000000	34.773803
1146.000000	34.837208
1147.000000	34.674300
1148.000000	34.698643
1149.000000	34.756536
1150.000000	34.669372
1151.000000	34.787921
1152.000000	34.675899
1153.000000	34.879661
1154.000000	34.690081
1155.000000	34.749280
1156.000000	34.600797
1157.000000	34.824454
1158.000000	34.627076
1159.000000	34.531529
1160.000000	34.634724
1161.000000	34.722651
1162.000000	34.595762
1163.000000	34.682469
1164.000000	34.729371
1165.000000	34.541833
1166.000000	34.637430
1167.000000	34.724472
1168.000000	34.679870
1169.000000	34.549760
1170.000000	34.854653
1171.000000	34.621270
1172.000000	34.705127
1173.000000	34.666973
1174.000000	34.516597
1175.000000	34.755929
1176.000000	34.580895
1177.000000	34.506228
1178.000000	34.629018
1179.000000	34.675342
1180.000000	34.567434
1181.000000	34.768511
1182.000000	34.654826
1183.000000	34.661796
1184.000000	34.662681
1185.000000	34.520953
1186.000000	34.703642
1187.000000	34.864815
1188.000000	34.615586
1189.000000	34.646071
1190.000000	34.615764
1191.000000	34.611616
1192.000000	34.671657
1193.000000	34.654590
1194.000000	34.702657
1195.000000	34.521460
1196.000000	34.628054
1197.000000	34.648727
1198.000000	34.664659
1199.000000	34.486647
1200.000000	34.592570
1201.000000	34.677884
1202.000000	34.558372
1203.000000	34.576782
1204.000000	34.586879
1205.000000	34.564192
1206.000000	34.498794
1207.000000	34.760856
1208.000000	34.700064
1209.000000	34.527366
1210.000000	34.650441
1211.000000	34.444058
1212.000000	34.543954
1213.000000	34.713447
1214.000000	34.519460
1215.000000	34.540277
1216.000000	34.505743
1217.000000	34.541633
1218.000000	34.476507

