0.0	-0.0013017766628871195
1.0	-0.0010853170096983096
2.0	-0.0011845248682314036
3.0	-0.0032843119067024707
4.0	-0.002756982942034845
5.0	-0.004300043591817977
6.0	-0.006111195232609434
7.0	-0.0062172962802229635
8.0	-0.006106802514077664
9.0	-0.007759816287725388
10.0	-0.00880102574032529
11.0	-0.008826030445813827
12.0	-0.009946646733411115
13.0	-0.012090225796629866
14.0	-0.011748269554002821
15.0	-0.013135827967761223
16.0	-0.01188451140877287
17.0	-0.014961644530420407
18.0	-0.01451014064563946
19.0	-0.013987609881214292
20.0	-0.013924219573786402
21.0	-0.01458157300699468
22.0	-0.014803979725272531
23.0	-0.016254387804177796
24.0	-0.016510854986148082
25.0	-0.016826792819010023
26.0	-0.015961562428821602
27.0	-0.01713198538654047
28.0	-0.018599153376151756
29.0	-0.017450964332232095
30.0	-0.018823249601557207
31.0	-0.018112642903686978
32.0	-0.019468776484871945
33.0	-0.022191653752003673
34.0	-0.022689179810940617
35.0	-0.022209089465560734
36.0	-0.02321495442905097
37.0	-0.022401490537252086
38.0	-0.022655930310669245
39.0	-0.021912412013953476
40.0	-0.02315636232186554
41.0	-0.023264761099172547
42.0	-0.022659039003784097
43.0	-0.023843924142515186
44.0	-0.022554221981587484
45.0	-0.02539901408304705
46.0	-0.025294264641135603
47.0	-0.025283316634948916
48.0	-0.025461863748193918
49.0	-0.026175917040604523
50.0	-0.026038053258992038
51.0	-0.025349274993210325
52.0	-0.026951198071319557
53.0	-0.028466618384495154
54.0	-0.02716035905371693
55.0	-0.027463051150698393
56.0	-0.025737794052274388
57.0	-0.027720058974949384
58.0	-0.02715339828435101
59.0	-0.024077616768405558
60.0	-0.026458605373195093
61.0	-0.023744108061416535
62.0	-0.02500366941518772
63.0	-0.023735592945493347
64.0	-0.025773070961098567
65.0	-0.025150521374719247
66.0	-0.025499911448707748
67.0	-0.025725832341810823
68.0	-0.024717129006346088
69.0	-0.02461163618129843
70.0	-0.02519492162203249
71.0	-0.02442065429559433
72.0	-0.024715236758363297
73.0	-0.025319945149475182
74.0	-0.024818837335427845
75.0	-0.025949928567216278
76.0	-0.02481086286178568
77.0	-0.025312849219539246
78.0	-0.025061180237811422
79.0	-0.023543327034372015
80.0	-0.022971597822390832
81.0	-0.022633426075729685
82.0	-0.02409147072685191
83.0	-0.02429590108929199
84.0	-0.023536366265006412
85.0	-0.023000995246411138
86.0	-0.023178393494809556
87.0	-0.02293429350501321
88.0	-0.02225808517226125
89.0	-0.022776020477299458
90.0	-0.02197830279193003
91.0	-0.022518336850197114
92.0	-0.023735660525778513
93.0	-0.022650929369571596
94.0	-0.02339370428315147
95.0	-0.02339073075060695
96.0	-0.023574481545805097
97.0	-0.023452499131192087
98.0	-0.0219376194602972
99.0	-0.02331774404269446
100.0	-0.02146557116884465
101.0	-0.02198566904300632
102.0	-0.022203885783607588
103.0	-0.022395340731307542
104.0	-0.023668553302669895
105.0	-0.022433996654387247
106.0	-0.022596459659777583
107.0	-0.0233048362082395
108.0	-0.02218496330377842
109.0	-0.02200715957366932
110.0	-0.02235864463649611
111.0	-0.02447167741084797
112.0	-0.023152037183618933
113.0	-0.024353614652770878
114.0	-0.025652778053613164
115.0	-0.023436415023337112
116.0	-0.025238037843929133
117.0	-0.023855818272693584
118.0	-0.023759583946705323
119.0	-0.022507524004580448
120.0	-0.022507050942584907
121.0	-0.022297889960187535
122.0	-0.02145800217691286
123.0	-0.022085755445245644
124.0	-0.02241162758001771
125.0	-0.01996508609867714
126.0	-0.02162168162743526
127.0	-0.019583460228693828
128.0	-0.02062919756039552
129.0	-0.021218159745078263
130.0	-0.020314408592380474
131.0	-0.0222144283080839
132.0	-0.020929862248823858
133.0	-0.020788889774096833
134.0	-0.02270735890763357
135.0	-0.021146186741442335
136.0	-0.021247084107103034
137.0	-0.01969814397251571
138.0	-0.020200265490839614
139.0	-0.019481887060182404
140.0	-0.01839269560515855
141.0	-0.018653217604235082
142.0	-0.018244559620210106
143.0	-0.020530057282147907
144.0	-0.018588746012245777
145.0	-0.019088840122016552
146.0	-0.018558672785374427
147.0	-0.02022310762720469
148.0	-0.01814812255336666
149.0	-0.019102829241032925
150.0	-0.020358673679123696
151.0	-0.019457085095549054
152.0	-0.02108685125112101
153.0	-0.020064699438920607
154.0	-0.0201625556917513
155.0	-0.02023466385595757
156.0	-0.019994551102982303
157.0	-0.018279363467038748
158.0	-0.019167503573877732
159.0	-0.019217512984854808
160.0	-0.018226988746083028
161.0	-0.019441541629975096
162.0	-0.01983931918809824
163.0	-0.018662340942724145
164.0	-0.01877344293143532
165.0	-0.018587935048824403
166.0	-0.02008524384559221
167.0	-0.019071877470455346
168.0	-0.018152042209902578
169.0	-0.018727893819275178
170.0	-0.018652406640813708
171.0	-0.019184601386008956
172.0	-0.019022746603184496
173.0	-0.02063345511835727
174.0	-0.0195769049410386
175.0	-0.019967924470651325
176.0	-0.018469534389322105
177.0	-0.01758078605991725
178.0	-0.018414997099242922
179.0	-0.018562254540484824
180.0	-0.019636848653926113
181.0	-0.0189616540254504
182.0	-0.02070150846545697
183.0	-0.01830578735851454
184.0	-0.019129591033934235
185.0	-0.0185468462354812
186.0	-0.01852636940909445
187.0	-0.020065240081201315
188.0	-0.018831764717480395
189.0	-0.01906147010654937
190.0	-0.020963517230805917
191.0	-0.02062919756039552
192.0	-0.021820232505071153
193.0	-0.020072268430852084
194.0	-0.02053296323440726
195.0	-0.01957197158022612
196.0	-0.02081977396438925
197.0	-0.02188375797306906
198.0	-0.018995782069428
199.0	-0.01938261162136414
200.0	-0.018567931284433507
201.0	-0.02004895323249115
202.0	-0.020401992641875526
203.0	-0.01935226807335244
204.0	-0.020423483172538524
205.0	-0.018952868588386858
206.0	-0.020912764436692634
207.0	-0.019865607919003693
208.0	-0.02016187988890026
209.0	-0.020987440651732726
210.0	-0.02246542148696068
211.0	-0.02195187890045424
212.0	-0.0206343336620635
213.0	-0.021036098457007723
214.0	-0.020826126511188973
215.0	-0.020899856602237678
216.0	-0.01999130724929743
217.0	-0.022005470066541716
218.0	-0.02032447805486093
219.0	-0.02246156941070962
220.0	-0.019997457055241967
221.0	-0.02042774073049996
222.0	-0.02149287360402667
223.0	-0.021118749145689984
224.0	-0.021199980648385307
225.0	-0.021421711563812118
226.0	-0.021359267380375933
227.0	-0.02193133449378264
228.0	-0.02262031550041954
229.0	-0.023590835974800113
230.0	-0.023923128236657386
231.0	-0.02456892544111279
232.0	-0.02336559088454808
233.0	-0.02044409515949529
234.0	-0.02298849289366687
235.0	-0.022403450365520043
236.0	-0.02305127497852857
237.0	-0.0222008446707779
238.0	-0.023673621824052707
239.0	-0.02341289708412099
240.0	-0.022375066645776296
241.0	-0.022014728565601112
242.0	-0.024270288161237576
243.0	-0.023944821508175885
244.0	-0.023293888202052502
245.0	-0.024383687879642228
246.0	-0.025749215120456925
247.0	-0.02371058824000481
248.0	-0.02509246990981452
249.0	-0.02553620206180849
250.0	-0.026721289941395082
251.0	-0.02421656183457977
252.0	-0.025759892805503257
253.0	-0.023935495428831322
254.0	-0.02571765512731316
255.0	-0.024531756284305505
256.0	-0.02545584910281971
257.0	-0.02552180746108143
258.0	-0.02554573088200824
259.0	-0.025152481202987204
260.0	-0.02604366242265556
261.0	-0.025014009198808845
262.0	-0.025661901392102227
263.0	-0.02653328158823519
264.0	-0.02730437264127364
265.0	-0.026772583377789077
266.0	-0.02564777711251552
267.0	-0.026537809467337293
268.0	-0.026876048794283607
269.0	-0.02714501832899816
270.0	-0.026218492620220142
271.0	-0.02770201503882676
272.0	-0.02551038639289889
273.0	-0.027790950694023583
274.0	-0.02789292934424601
275.0	-0.027281665665478894
276.0	-0.027447845586549956
277.0	-0.025753134776992842
278.0	-0.027142450278164327
279.0	-0.02699046221696482
280.0	-0.03020241800739547
281.0	-0.02701127694477709
282.0	-0.02837572290103006
283.0	-0.029070313071330477
284.0	-0.028344568389596977
285.0	-0.029004692614494277
286.0	-0.029266768960128392
287.0	-0.029264673971290102
288.0	-0.02855636500311335
289.0	-0.028790665851569593
290.0	-0.027817171844644186
291.0	-0.028769513222331802
292.0	-0.03195295013244837
293.0	-0.02832213173494227
294.0	-0.028786070392182322
295.0	-0.028642394706051132
296.0	-0.028562649969628224
297.0	-0.030178967648464203
298.0	-0.02948674278814243
299.0	-0.02928197452427683
300.0	-0.028976106153895342
301.0	-0.030677777732818063
302.0	-0.030948504354945384
303.0	-0.030307775671872792
304.0	-0.029264133329009394
305.0	-0.030981889015786777
306.0	-0.030399752439899615
307.0	-0.030106859484258255
308.0	-0.030699200683196207
309.0	-0.03203519533942026
310.0	-0.028930083979739347
311.0	-0.028655370120790943
312.0	-0.030473617691518334
313.0	-0.030182279082434243
314.0	-0.03108224573916645
315.0	-0.031121645045382052
316.0	-0.030281284200111835
317.0	-0.03176298195102052
318.0	-0.030291150921737106
319.0	-0.03172547489278771
320.0	-0.029765916945907772
321.0	-0.030356838958858476
322.0	-0.03111272444774849
323.0	-0.0299727126183265
324.0	-0.031247817437671643
325.0	-0.030961479769685194
326.0	-0.02904551110669744
327.0	-0.03176805047240333
328.0	-0.03181799230309555
329.0	-0.03007043371058686
330.0	-0.03035406816716914
331.0	-0.030624051406160254
332.0	-0.030214852779854574
333.0	-0.03076171244691755
334.0	-0.030504772202951416
335.0	-0.029855595984240802
336.0	-0.031264036706096635
337.0	-0.030154368424686353
338.0	-0.031236126048348748
339.0	-0.03147367075048987
340.0	-0.031131646927577656
341.0	-0.03209047601263533
342.0	-0.03218616969634289
343.0	-0.03275526327720507
344.0	-0.03179427162302394
345.0	-0.031715270269737236
346.0	-0.031232949774948726
347.0	-0.030194646274608494
348.0	-0.032761750984575136
349.0	-0.03265706912294854
350.0	-0.03261347983905635
351.0	-0.03209892354827336
352.0	-0.03266963905597797
353.0	-0.03316392126122973
354.0	-0.032239085059579314
355.0	-0.03195565334385254
356.0	-0.032857039186572
357.0	-0.03230186714444133
358.0	-0.032250844029187695
359.0	-0.03371963394564142
360.0	-0.03116340966157661
361.0	-0.033638943085227115
362.0	-0.03257225586514282
363.0	-0.03314479604054538
364.0	-0.03300213405869044
365.0	-0.032967532952717295
366.0	-0.033799040780638806
367.0	-0.03215454212291427
368.0	-0.03350885103640161
369.0	-0.03197471098425204
370.0	-0.034064969202523665
371.0	-0.03447612765709731
372.0	-0.033368689525095335
373.0	-0.033205347975998764
374.0	-0.03350222816846121
375.0	-0.03153037060969219
376.0	-0.03471198285211082
377.0	-0.03271106577074701
378.0	-0.034084162003493186
379.0	-0.032843455549266
380.0	-0.03413937509642341
381.0	-0.03317365282228498
382.0	-0.03475063877519052
383.0	-0.03433008666098716
384.0	-0.0349418909820353
385.0	-0.033890409326099435
386.0	-0.03463960436676421
387.0	-0.03442983516180096
388.0	-0.034586959324668126
389.0	-0.03430460889350308
390.0	-0.03532351685201829
391.0	-0.034987980736476146
392.0	-0.034274603246916585
393.0	-0.03371145673114375
394.0	-0.036430144020598895
395.0	-0.033725243109304935
396.0	-0.034895125424743094
397.0	-0.034317787049098394
398.0	-0.03463345456081966
399.0	-0.035528555437024247
400.0	-0.03611623359629007
401.0	-0.03561640980765965
402.0	-0.03427636033432935
403.0	-0.0342789283851635
404.0	-0.035798471095730505
405.0	-0.0354213731048493
406.0	-0.036497791885988215
407.0	-0.03528026546955163
408.0	-0.03584131699648648
409.0	-0.0354473915146144
410.0	-0.035837059438524735
411.0	-0.03638817666354915
412.0	-0.0353540631408855
413.0	-0.03448052037562908
414.0	-0.03480416236099283
415.0	-0.03365948749189872
416.0	-0.0357483265241831
417.0	-0.03578191392587999
418.0	-0.03500974158827981
419.0	-0.03518071970959333
420.0	-0.03705674842408478
421.0	-0.03458013371587254
422.0	-0.035957014444584615
423.0	-0.035311082079559186
424.0	-0.03569439745667011
425.0	-0.03496250296899206
426.0	-0.03601026770924688
427.0	-0.03400144373452576
428.0	-0.03484369682777877
429.0	-0.03430751484576243
430.0	-0.03421634904115699
431.0	-0.034708468677285276
432.0	-0.03616353979586299
433.0	-0.03622030723535048
434.0	-0.0344691668877317
435.0	-0.0348493059914426
436.0	-0.0357364323940047
437.0	-0.034197899623323355
438.0	-0.03511766730359096
439.0	-0.03561823447535759
440.0	-0.034947635306269154
441.0	-0.03483822282468527
442.0	-0.03646751591826168
443.0	-0.036571386816466586
444.0	-0.036292009917846056
445.0	-0.03565053785163726
446.0	-0.03624031099974137
447.0	-0.036354656842137734
448.0	-0.03472347150057853
449.0	-0.035617153190795864
450.0	-0.03632492151669191
451.0	-0.03573007984720497
452.0	-0.03593667277876851
453.0	-0.03595316236833387
454.0	-0.03405996826142602
455.0	-0.03639155567780436
456.0	-0.03573940592654922
457.0	-0.03393602601854474
458.0	-0.03447382992740383
459.0	-0.03541008719723678
460.0	-0.034152620832303575
461.0	-0.034559927210626465
462.0	-0.03490458666465768
463.0	-0.03503521935576388
464.0	-0.03378653842789453
465.0	-0.034862889628748284
466.0	-0.03571467154220136
467.0	-0.03442672646868611
468.0	-0.03553457008239877
469.0	-0.03531675882350788
470.0	-0.03583942474850338
471.0	-0.035090432448694114
472.0	-0.033824045486127344
473.0	-0.03570270983173779
474.0	-0.03661402997636737
475.0	-0.0348877591736668
476.0	-0.0358810542041276
477.0	-0.03510820606367638
478.0	-0.03672519954536371
479.0	-0.03489958572356003
480.0	-0.035429415158776636
481.0	-0.03577475041565889
482.0	-0.03415836515653743
483.0	-0.03586524041741329
484.0	-0.03456161671775407
485.0	-0.03606352097390883
486.0	-0.03532277346888209
487.0	-0.03663437164218379
488.0	-0.034409493495984544
489.0	-0.03373970529031717
490.0	-0.03591639869323726
491.0	-0.03525553108520345
492.0	-0.03602141845628906
493.0	-0.03449403643264991
494.0	-0.036017701540608335
495.0	-0.03395359689267183
496.0	-0.03667343304697386
497.0	-0.03564459078654821
498.0	-0.03485802384822097
499.0	-0.035511592785463356
500.0	-0.03398225093355624
501.0	-0.03564634787396098
502.0	-0.0358344913876909
503.0	-0.03444483798509421
504.0	-0.03490593827035976
505.0	-0.03483639815698764
506.0	-0.03602283764227632
507.0	-0.03628031852852316
508.0	-0.03628781994016947
509.0	-0.035680948979934124
510.0	-0.034886813049675405
511.0	-0.035563291703568034
512.0	-0.035770898339407824
513.0	-0.03451775711272154
514.0	-0.03505711536813789
515.0	-0.03573352644174535
516.0	-0.034393003906419195
517.0	-0.034811190710643605
518.0	-0.03596350215195468
519.0	-0.03589457026114844
520.0	-0.03533054520166906
521.0	-0.03586449703427708
522.0	-0.035233770233400095
523.0	-0.03549199450278315
524.0	-0.03590491004476956
525.0	-0.03481105555007358
526.0	-0.03575508455269351
527.0	-0.035485236474272736
528.0	-0.03617083846665442
529.0	-0.036481842938703574
530.0	-0.03712263920206134
531.0	-0.034926144775605836
532.0	-0.03693517149118246
533.0	-0.03535690151285968
534.0	-0.036918749481901963
535.0	-0.035128885630918316
536.0	-0.03578799615153937
537.0	-0.03577650750307165
538.0	-0.03541603426232583
539.0	-0.036518065971519464
540.0	-0.03642690016691402
541.0	-0.03477963071750015
542.0	-0.036762233541600665
543.0	-0.036084741183431475
544.0	-0.03610028464900543
545.0	-0.03511732940216544
546.0	-0.037447497632556836
547.0	-0.03658159143951738
548.0	-0.03611866648655389
549.0	-0.03503224582321937
550.0	-0.03633580194259342
551.0	-0.03640081417686375
552.0	-0.03475969453339442
553.0	-0.0360185125040294
554.0	-0.03566560825521567
555.0	-0.035150578902436815
556.0	-0.035273304700186026
557.0	-0.036044868815220024
558.0	-0.03631289222594318
559.0	-0.0361729334554924
560.0	-0.0371919089942931
561.0	-0.035490778057651086
562.0	-0.03464676787698531
563.0	-0.036628154255954073
564.0	-0.036534690721655154
565.0	-0.03567682658254302
566.0	-0.035268641660513904
567.0	-0.03652577012402128
568.0	-0.03502082475503683
569.0	-0.036494615612588197
570.0	-0.036544016800999404
571.0	-0.03593072571367916
572.0	-0.036463461101155434
573.0	-0.03598918266029426
574.0	-0.03469610148511135
575.0	-0.03585179194067763
576.0	-0.0374079631657709
577.0	-0.03557322600547816
578.0	-0.03457283504508142
579.0	-0.03561951850077451
580.0	-0.03361711465313828
581.0	-0.03509658225463865
582.0	-0.03461270741329288
583.0	-0.03445950290696162
584.0	-0.03428325352341011
585.0	-0.03427696855689523
586.0	-0.03515814789436861
587.0	-0.03594687740181899
588.0	-0.0357153473450524
589.0	-0.03647508491019316
590.0	-0.03670269531042415
591.0	-0.03653793457534003
592.0	-0.03593565907449195
593.0	-0.036117314880851806
594.0	-0.038035446112963014
595.0	-0.03741782988739617
596.0	-0.03650360379050724
597.0	-0.03764787317789067
598.0	-0.036607812590137664
599.0	-0.037762962403423236
600.0	-0.036151105023403886
601.0	-0.0356459423922503
602.0	-0.037094796124598296
603.0	-0.037687542805246936
604.0	-0.03615306485167184
605.0	-0.03529094315459828
606.0	-0.03701038834850326
607.0	-0.03585591433806905
608.0	-0.03716791799308112
609.0	-0.03579698432945809
610.0	-0.03553112348785839
611.0	-0.035547275175998226
612.0	-0.036014390106638296
613.0	-0.03525296303436962
614.0	-0.036607271947856956
615.0	-0.036942132260548065
616.0	-0.03531466383466958
617.0	-0.035777453627063055
618.0	-0.03648177535841841
619.0	-0.037223942049432406
620.0	-0.03742411485391105
621.0	-0.0364273056486247
622.0	-0.03637256561769034
623.0	-0.035698452273776354
624.0	-0.03729179265567692
625.0	-0.03474874652720742
626.0	-0.03565445750817348
627.0	-0.0347999048030314
628.0	-0.03720082959192666
629.0	-0.0357500160313107
630.0	-0.03619624865385333
631.0	-0.036080956687465894
632.0	-0.03612353226708151
633.0	-0.03536055084825556
634.0	-0.03543644350842741
635.0	-0.03537859478437819
636.0	-0.035332572610222185
637.0	-0.035946607080678636
638.0	-0.03587098474164714
639.0	-0.03575312472442556
640.0	-0.035606745826889885
641.0	-0.03568932893528729
642.0	-0.03592579235286668
643.0	-0.03602905502850571
644.0	-0.03526979052536049
645.0	-0.03465967571144027
646.0	-0.036290996213569494
647.0	-0.03395589462236562
648.0	-0.035453676481128966
649.0	-0.035952283824627326
650.0	-0.034654945091482973
651.0	-0.0338109349108172
652.0	-0.034298188766418186
653.0	-0.035227552847170385
654.0	-0.03512584451808863
655.0	-0.03305923939960345
656.0	-0.033301987783697716
657.0	-0.03379674305094532
658.0	-0.03374105689601925
659.0	-0.034582431445566025
660.0	-0.03305930697988862
661.0	-0.034505660241687955
662.0	-0.03456857748711967
663.0	-0.03399265829746222
664.0	-0.0346477140009767
665.0	-0.033954678177233556
666.0	-0.03401164835757655
667.0	-0.034349549783097344
668.0	-0.03424669258916869
669.0	-0.0324318240326965
670.0	-0.03320845666911362
671.0	-0.03322372981354691
672.0	-0.033454516487177614
673.0	-0.03410572011444135
674.0	-0.03370240097293986
675.0	-0.03374524687369583
676.0	-0.032592124468963694
677.0	-0.03282027551147508
678.0	-0.03406855095763406
679.0	-0.032729042126584465
680.0	-0.03435346943963326
681.0	-0.033111411379703984
682.0	-0.0327580340688944
683.0	-0.03327846984448128
684.0	-0.033520407265154165
685.0	-0.0309454632421157
686.0	-0.0344797094122077
687.0	-0.03471292897610222
688.0	-0.03355257548086381
689.0	-0.033090731812462054
690.0	-0.03265287914527227
691.0	-0.033027341505034474
692.0	-0.03187536796514892
693.0	-0.03345965258884559
694.0	-0.03338281380468235
695.0	-0.03268896701751783
696.0	-0.03177629526718616
697.0	-0.03288062470607328
698.0	-0.03257137732143659
699.0	-0.032368906787264465
700.0	-0.03137561175680367
701.0	-0.033043222872033956
702.0	-0.03264835126617016
703.0	-0.03333929210107502
704.0	-0.03149516128115286
705.0	-0.03138716798555655
706.0	-0.03278905341975715
707.0	-0.03180900412517651
708.0	-0.03112414551593103
709.0	-0.03276850901308555
710.0	-0.03250893313800041
711.0	-0.03315006730278337
712.0	-0.032170761391339266
713.0	-0.03289623575193241
714.0	-0.032934959255296964
715.0	-0.03260489714284832
716.0	-0.033027003603608954
717.0	-0.03327698307820918
718.0	-0.03359616476475599
719.0	-0.034164244641341615
720.0	-0.0331783158619571
721.0	-0.032221041123456695
722.0	-0.0322819309603356
723.0	-0.03262632009322615
724.0	-0.032413915257143905
725.0	-0.032455341971912625
726.0	-0.03497858707684673
727.0	-0.03187908488082965
728.0	-0.03304268222975293
729.0	-0.03216589561081164
730.0	-0.033962179588880176
731.0	-0.03240242660867619
732.0	-0.03437191885746657
733.0	-0.0327095790044746
734.0	-0.03257225586514282
735.0	-0.033106342858321175
736.0	-0.03277384785560872
737.0	-0.033179599887374026
738.0	-0.033092826801300344
739.0	-0.0328038535021949
740.0	-0.032842374264704266
741.0	-0.03403334162909473
742.0	-0.03305281927251856
743.0	-0.03259854459604859
744.0	-0.032331805210742345
745.0	-0.03281899148605817
746.0	-0.03367401725319611
747.0	-0.031216392605098207
748.0	-0.03360650454837712
749.0	-0.032621792214124354
750.0	-0.033357471197768294
751.0	-0.0329976737598735
752.0	-0.03409652919566712
753.0	-0.031318236094750304
754.0	-0.033465599653934947
755.0	-0.0344657878734765
756.0	-0.03219826656737647
757.0	-0.033207240223981555
758.0	-0.03373152807581981
759.0	-0.03418168035489837
760.0	-0.03472374182171888
761.0	-0.03536345680051491
762.0	-0.033045385441157094
763.0	-0.03400543097134684
764.0	-0.03388229969188694
765.0	-0.03402861100913744
766.0	-0.03389534268691223
767.0	-0.03466143279885304
768.0	-0.03253319446035274
769.0	-0.033927173001196353
770.0	-0.034064969202523665
771.0	-0.035165176244019374
772.0	-0.03302707118389381
773.0	-0.03518497726755476
774.0	-0.033166624472633896
775.0	-0.03369577810499946
776.0	-0.03346884350761982
777.0	-0.033192642882398996
778.0	-0.03481707019544779
779.0	-0.03293624328071389
780.0	-0.03417999084777076
781.0	-0.03436914806577755
782.0	-0.03443388997890721
783.0	-0.03374355736656823
784.0	-0.03281094943213084
785.0	-0.03526796585766286
786.0	-0.034391787461287446
787.0	-0.035444553142639904
788.0	-0.03315222987190684
789.0	-0.03555193821567035
790.0	-0.03582070500952972
791.0	-0.03569750614978465
792.0	-0.034206144418106196
793.0	-0.035213496147868846
794.0	-0.034179652946345236
795.0	-0.03485802384822097
796.0	-0.0343935445486999
797.0	-0.03503177276122382
798.0	-0.03533358631449875
799.0	-0.03513422447344148
800.0	-0.03503380016977695
801.0	-0.03366171764130703
802.0	-0.03483322188358762
803.0	-0.03614252232719553
804.0	-0.03625261061163046
805.0	-0.035196533496307636
806.0	-0.036348912517903884
807.0	-0.035262356693999033
808.0	-0.03641879053270152
809.0	-0.03594958061322316
810.0	-0.035356496031149307
811.0	-0.03748642387677689
812.0	-0.03624673112682627
813.0	-0.03617658279088828
814.0	-0.03714676536384333
815.0	-0.0371112181338788
816.0	-0.03619077465076015
817.0	-0.034997915038386576
818.0	-0.0361535379136677
819.0	-0.03641622248186738
820.0	-0.037637465813984694
821.0	-0.03578813131210938
822.0	-0.0384243030734526
823.0	-0.03632208314471741
824.0	-0.03664052144812833
825.0	-0.03689671830895794
826.0	-0.03686130623956342
827.0	-0.038027066157610166
828.0	-0.037468109619513607
829.0	-0.035668987269470875
830.0	-0.036503333469366885
831.0	-0.037300848413880816
832.0	-0.037232592325925615
833.0	-0.0377189000575352
834.0	-0.03853222878876375
835.0	-0.03826278619205366
836.0	-0.03857716967835802
837.0	-0.03766943128883915
838.0	-0.03761300175077717
839.0	-0.03705316666897407
840.0	-0.03803105339443125
841.0	-0.0366616740773658
842.0	-0.03678595422167229
843.0	-0.03603196098076537
844.0	-0.03821629095590181
845.0	-0.03695044463561575
846.0	-0.03773984994591749
847.0	-0.03668816554912676
848.0	-0.03704147527965118
849.0	-0.03681521648512258
850.0	-0.03803639223695473
851.0	-0.038694151151873385
852.0	-0.03636249615520957
853.0	-0.03772004892238209
854.0	-0.03719954556650974
855.0	-0.03797347499152269
856.0	-0.03732510973623346
857.0	-0.03855655769140125
858.0	-0.03892149123096371
859.0	-0.03766314632232427
860.0	-0.038382065395262496
861.0	-0.03708121248729229
862.0	-0.03821047905138279
863.0	-0.03875963644813925
864.0	-0.0384608640076937
865.0	-0.03635506232384811
866.0	-0.036959838295245476
867.0	-0.03951126437906783
868.0	-0.03773829559936022
869.0	-0.03832144587952395
870.0	-0.037787967108911774
871.0	-0.03787027989616852
872.0	-0.03798422025685419
873.0	-0.03651948515750672
874.0	-0.038019294424823186
875.0	-0.037115610852410566
876.0	-0.03691192387310638
877.0	-0.03741242346458784
878.0	-0.03710669025477669
879.0	-0.03879119644128302
880.0	-0.036946119497369145
881.0	-0.036782507627131915
882.0	-0.03783621943247609
883.0	-0.03655604609174813
884.0	-0.03741377507028992
885.0	-0.03600141469189817
886.0	-0.03672486164393819
887.0	-0.03613556155782993
888.0	-0.03773478142453468
889.0	-0.03679460449816581
890.0	-0.03626876229977029
891.0	-0.037202789420194934
892.0	-0.03643136046573096
893.0	-0.03802476842791669
894.0	-0.036299646490062704
895.0	-0.03802537665048256
896.0	-0.03779188676544769
897.0	-0.037382688139142015
898.0	-0.03820703245684273
899.0	-0.03772559050576045
900.0	-0.03720191087648839
901.0	-0.03640980235478248
902.0	-0.03748818096418967
903.0	-0.0370723594699439
904.0	-0.038074439937468244
905.0	-0.03746527124753942
906.0	-0.03714913067382197
907.0	-0.03762307121325763
908.0	-0.03697970689906604
909.0	-0.03881248423109082
910.0	-0.03869219132360542
911.0	-0.03897075725880458
912.0	-0.03702877018605172
913.0	-0.03714865761182644
914.0	-0.03866076649103199
915.0	-0.03829076443008672
916.0	-0.03767679753991544
917.0	-0.03684245134001943
918.0	-0.03650515813706451
919.0	-0.038326581981191925
920.0	-0.03701329430076261
921.0	-0.037392892762192806
922.0	-0.03722765896511314
923.0	-0.037204681668177725
924.0	-0.03805943711417499
925.0	-0.03741904633252824
926.0	-0.03969555581654668
927.0	-0.038435588981064805
928.0	-0.03930987512945743
929.0	-0.03731693252173579
930.0	-0.037703829653957105
931.0	-0.03728969766683862
932.0	-0.036727226953916836
933.0	-0.037637803715410215
934.0	-0.039185324664010285
935.0	-0.03619165319446638
936.0	-0.03712230130063582
937.0	-0.03632769230838093
938.0	-0.03761624560446204
939.0	-0.03771639958698654
940.0	-0.035640062907446105
941.0	-0.03679473965873583
942.0	-0.03690111102748971
943.0	-0.03728280447775819
944.0	-0.034811258290928765
945.0	-0.03648292422326531
946.0	-0.03758813220585865
947.0	-0.036689584735113696
948.0	-0.03871233024856634
949.0	-0.03759232218353524
950.0	-0.03778708856520524
951.0	-0.03706958867825457
952.0	-0.03789927183847814
953.0	-0.03798841023453078
954.0	-0.0386875282839333
955.0	-0.037352412171415474
956.0	-0.037324704254522764
957.0	-0.03807261526977031
958.0	-0.038936291313401455
959.0	-0.03816945781832476
960.0	-0.038400717553951
961.0	-0.03741647828169409
962.0	-0.03815303580904425
963.0	-0.03975631049285557
964.0	-0.03807646734602137
965.0	-0.03894588771388637
966.0	-0.03899461309944653
967.0	-0.040728182572938226
968.0	-0.037180623086680575
969.0	-0.037296252954493854
970.0	-0.039192623334801724
971.0	-0.03707641428705015
972.0	-0.03708709197209648
973.0	-0.0365538159423395
974.0	-0.03895440282980956
975.0	-0.038078562334859664
976.0	-0.038281370770457304
977.0	-0.03916640218418112
978.0	-0.03782371707973181
979.0	-0.03817398569742654
980.0	-0.037802834771634694
981.0	-0.03644717425244527
982.0	-0.037492235781295916
983.0	-0.0384491726183708
984.0	-0.03813458639121095
985.0	-0.0372248881734238
986.0	-0.038799508816350706
987.0	-0.03639736758232338
988.0	-0.038213587744497644
989.0	-0.03790521890356749
990.0	-0.037864197670509143
991.0	-0.03799631712788777
992.0	-0.03625916589928537
993.0	-0.037852573861471416
994.0	-0.03667863672892701
995.0	-0.03815567144016357
996.0	-0.03654584146869734
997.0	-0.03792488476653287
998.0	-0.03575413842870212
999.0	-0.0362900500895781
1000.0	-0.03696152780237308
1001.0	-0.036261666369834356
1002.0	-0.03545050020772894
1003.0	-0.0365174577489536
1004.0	-0.037981517045450025
1005.0	-0.03812769320213019
1006.0	-0.03785230354033075
1007.0	-0.037996452288458105
1008.0	-0.037119868410372
1009.0	-0.037965905999590904
1010.0	-0.03790778695440132
1011.0	-0.03624173018572863
1012.0	-0.03656712925850515
1013.0	-0.036543543739003856
1014.0	-0.03743641446579982
1015.0	-0.03528513125007926
1016.0	-0.03688921689731163
1017.0	-0.03617597456832209
1018.0	-0.0361318446421492
1019.0	-0.03659990569678066
1020.0	-0.037355182963104805
1021.0	-0.03664241369611112
1022.0	-0.0384009202948065
1023.0	-0.037480611972257875
1024.0	-0.037674026748226105
1025.0	-0.038187772075588045
1026.0	-0.03726854503760115
1027.0	-0.03878984483558093
1028.0	-0.0379589452302253
1029.0	-0.03856257233677546
1030.0	-0.037399515630132885
1031.0	-0.03563925194402505
1032.0	-0.03750014267465323
1033.0	-0.03770220772711466
1034.0	-0.03666728324102932
1035.0	-0.03716994540163425
1036.0	-0.037023769244953764
1037.0	-0.036288563323305684
1038.0	-0.03732146040083758
1039.0	-0.036668161784735864
1040.0	-0.035228161069736266
1041.0	-0.037591240898973505
1042.0	-0.03826217796948747
1043.0	-0.03697632788481083
1044.0	-0.03696821825059833
1045.0	-0.03687272730774596
1046.0	-0.037185353706637864
1047.0	-0.03716399833654489
1048.0	-0.035330139719958686
1049.0	-0.03636013084523092
1050.0	-0.036835085088943134
1051.0	-0.036846506157125675
1052.0	-0.037475137969164685
1053.0	-0.03635668425069086
1054.0	-0.0366616740773658
1055.0	-0.03769227342520423
1056.0	-0.036373849643107255
1057.0	-0.03715365855292408
1058.0	-0.03492053561194232
1059.0	-0.03637756655878799
1060.0	-0.036753583265107456
1061.0	-0.03693686099831006
1062.0	-0.036865361056669675
1063.0	-0.03523627070394876
1064.0	-0.03646981364795516
1065.0	-0.03588875835662941
1066.0	-0.03655604609174813
1067.0	-0.03631566301763251
1068.0	-0.036459676605189534
1069.0	-0.0347799010386405
1070.0	-0.03624254114914968
1071.0	-0.03527783257928782
1072.0	-0.03560431293662607
1073.0	-0.03556498121069564
1074.0	-0.03648103197528252
1075.0	-0.036068116433296105
1076.0	-0.03568777458872971
1077.0	-0.034792673712525125
1078.0	-0.036102920280124746
1079.0	-0.03597708578926068
1080.0	-0.03605953373708775
1081.0	-0.03691388370137465
1082.0	-0.035800903985994004
1083.0	-0.03611792310341768
1084.0	-0.0379236683214008
1085.0	-0.035149024555879545
1086.0	-0.03790805727554168
1087.0	-0.03724468919695951
1088.0	-0.03464582175299391
1089.0	-0.037569953109165694
1090.0	-0.03694017243228011
1091.0	-0.037131559799694895
1092.0	-0.036856034977325425
1093.0	-0.03653915102047209
1094.0	-0.03602263490142081
1095.0	-0.03624483887884348
1096.0	-0.035013863985671224
1097.0	-0.03629241539955674
1098.0	-0.03631316254708353
1099.0	-0.03616489140156507
1100.0	-0.035546396632292
1101.0	-0.03652191804777053
1102.0	-0.036491371758903324
1103.0	-0.03634931799961426
1104.0	-0.03475861324883269
1105.0	-0.03671242687147909
1106.0	-0.036754123907388164
1107.0	-0.03773924172335162
1108.0	-0.03548827758710242
1109.0	-0.03669154456338197
1110.0	-0.03732754262649696
1111.0	-0.03897035177709421
1112.0	-0.03586625412168985
1113.0	-0.03661571948349497
1114.0	-0.03802334924192943
1115.0	-0.03653077106511893
1116.0	-0.03831333624531144
1117.0	-0.036772640905506956
1118.0	-0.03883370444061347
1119.0	-0.036897596852664485
1120.0	-0.03629295604183745
1121.0	-0.03584050603306511
1122.0	-0.037564006044076656
1123.0	-0.03783669249447194
1124.0	-0.037680108973885476
1125.0	-0.03752548528156729
1126.0	-0.0374802064905475
1127.0	-0.038521551103717425
1128.0	-0.03669005779710955
1129.0	-0.03606703514873437
1130.0	-0.03671945522112986
1131.0	-0.0378169590512214
1132.0	-0.037036406758268366
1133.0	-0.035502199125833626
1134.0	-0.036592201544278856
1135.0	-0.03686650992151658
1136.0	-0.036358441338103314
1137.0	-0.035449689244307886
1138.0	-0.036449742303279103
1139.0	-0.03578725276840315
1140.0	-0.0365621283174075
1141.0	-0.037279966105783685
1142.0	-0.03587720212787686
1143.0	-0.036106772356375494
1144.0	-0.03599229135340911
1145.0	-0.03650806408932418
1146.0	-0.036514754537549425
1147.0	-0.03626058508527262
1148.0	-0.03641378959160388
1149.0	-0.035589985916184175
1150.0	-0.0371112181338788
1151.0	-0.03529452490970867
1152.0	-0.036803660256369705
1153.0	-0.035417994090594096
1154.0	-0.03755968090582974
1155.0	-0.0369160462704978
1156.0	-0.037364982104444916
1157.0	-0.03680305203380383
1158.0	-0.037397961283575615
1159.0	-0.0378277043165529
1160.0	-0.037131559799694895
1161.0	-0.03598641186860492
1162.0	-0.037598471989479784
1163.0	-0.036870564738622824
1164.0	-0.03691084258854496
1165.0	-0.036234836996647875
1166.0	-0.038175810365124484
1167.0	-0.03774397234330891
1168.0	-0.03632093427987051
1169.0	-0.036941321297126684
1170.0	-0.038146886003100025
1171.0	-0.03780736265073648
1172.0	-0.037092025332908965
1173.0	-0.036402233362851005
1174.0	-0.03746148675157353
1175.0	-0.036997210192907956
1176.0	-0.03899049070205512
1177.0	-0.03651556550097049
1178.0	-0.03624720418882212
1179.0	-0.03801415832315521
1180.0	-0.0365327308933872
1181.0	-0.037459864824731084
1182.0	-0.03733186776474387
1183.0	-0.03777634329987374
1184.0	-0.0385689248835755
1185.0	-0.03625517866246429
1186.0	-0.03803760868208648
1187.0	-0.03853405345646169
1188.0	-0.03702978389032828
1189.0	-0.03766753904085604
1190.0	-0.03717494634273189
1191.0	-0.03605297844943252
1192.0	-0.035851116137826586
1193.0	-0.03708810567637305
1194.0	-0.03803970367092477
1195.0	-0.038375645268177605
1196.0	-0.03578759066982867
1197.0	-0.03758319884504618
1198.0	-0.03624362243371142
1199.0	-0.03725029836062303
1200.0	-0.03566087763525838
1201.0	-0.036460690309466096
1202.0	-0.03592146721462008
1203.0	-0.03579887657744088
1204.0	-0.03613339898870647
1205.0	-0.03708175312957332
1206.0	-0.035851116137826586
1207.0	-0.037680987517591705
1208.0	-0.035655268471594545
1209.0	-0.037059992277769654
1210.0	-0.03606216936820675
1211.0	-0.03658855220888298
1212.0	-0.0361721900723565
1213.0	-0.03689698863009861
1214.0	-0.03547861360633234
1215.0	-0.03662761361367337
1216.0	-0.03681339181742464
1217.0	-0.036651672195170515
1218.0	-0.03846025578512782

