0.000000	38.413630
1.000000	38.421956
2.000000	38.418140
3.000000	38.337375
4.000000	38.357658
5.000000	38.298306
6.000000	38.228642
7.000000	38.224561
8.000000	38.228811
9.000000	38.165230
10.000000	38.125182
11.000000	38.124220
12.000000	38.081117
13.000000	37.998667
14.000000	38.011820
15.000000	37.958449
16.000000	38.006579
17.000000	37.888221
18.000000	37.905588
19.000000	37.925686
20.000000	37.928125
21.000000	37.902840
22.000000	37.894286
23.000000	37.838498
24.000000	37.828633
25.000000	37.816481
26.000000	37.849761
27.000000	37.804742
28.000000	37.748309
29.000000	37.792473
30.000000	37.739690
31.000000	37.767022
32.000000	37.714860
33.000000	37.610128
34.000000	37.590992
35.000000	37.609458
36.000000	37.570768
37.000000	37.602057
38.000000	37.592271
39.000000	37.620869
40.000000	37.573022
41.000000	37.568853
42.000000	37.592151
43.000000	37.546576
44.000000	37.596183
45.000000	37.486761
46.000000	37.490791
47.000000	37.491212
48.000000	37.484344
49.000000	37.456879
50.000000	37.462182
51.000000	37.488675
52.000000	37.427059
53.000000	37.368770
54.000000	37.419014
55.000000	37.407371
56.000000	37.473731
57.000000	37.397485
58.000000	37.419281
59.000000	37.537587
60.000000	37.446006
61.000000	37.550415
62.000000	37.501968
63.000000	37.550743
64.000000	37.472374
65.000000	37.496319
66.000000	37.482881
67.000000	37.474191
68.000000	37.512989
69.000000	37.517047
70.000000	37.494612
71.000000	37.524393
72.000000	37.513062
73.000000	37.489803
74.000000	37.509077
75.000000	37.465571
76.000000	37.509384
77.000000	37.490076
78.000000	37.499756
79.000000	37.558138
80.000000	37.580129
81.000000	37.593136
82.000000	37.537054
83.000000	37.529191
84.000000	37.558406
85.000000	37.578998
86.000000	37.572175
87.000000	37.581564
88.000000	37.607573
89.000000	37.587652
90.000000	37.618335
91.000000	37.597563
92.000000	37.550740
93.000000	37.592463
94.000000	37.563893
95.000000	37.564007
96.000000	37.556940
97.000000	37.561632
98.000000	37.619900
99.000000	37.566815
100.000000	37.638056
101.000000	37.618051
102.000000	37.609658
103.000000	37.602294
104.000000	37.553321
105.000000	37.600807
106.000000	37.594558
107.000000	37.567311
108.000000	37.610386
109.000000	37.617225
110.000000	37.603705
111.000000	37.522430
112.000000	37.573189
113.000000	37.526971
114.000000	37.477001
115.000000	37.562250
116.000000	37.492953
117.000000	37.546118
118.000000	37.549820
119.000000	37.597979
120.000000	37.597997
121.000000	37.606042
122.000000	37.638347
123.000000	37.614202
124.000000	37.601667
125.000000	37.695770
126.000000	37.632052
127.000000	37.710449
128.000000	37.670226
129.000000	37.647573
130.000000	37.682334
131.000000	37.609252
132.000000	37.658662
133.000000	37.664084
134.000000	37.590292
135.000000	37.650341
136.000000	37.646460
137.000000	37.706038
138.000000	37.686725
139.000000	37.714356
140.000000	37.756250
141.000000	37.746230
142.000000	37.761948
143.000000	37.674040
144.000000	37.748710
145.000000	37.729474
146.000000	37.749866
147.000000	37.685846
148.000000	37.765658
149.000000	37.728936
150.000000	37.680632
151.000000	37.715310
152.000000	37.652623
153.000000	37.691939
154.000000	37.688175
155.000000	37.685401
156.000000	37.694637
157.000000	37.760610
158.000000	37.726448
159.000000	37.724525
160.000000	37.762624
161.000000	37.715908
162.000000	37.700608
163.000000	37.745879
164.000000	37.741605
165.000000	37.748741
166.000000	37.691149
167.000000	37.730127
168.000000	37.765507
169.000000	37.743357
170.000000	37.746261
171.000000	37.725791
172.000000	37.732016
173.000000	37.670063
174.000000	37.710701
175.000000	37.695661
176.000000	37.753295
177.000000	37.787479
178.000000	37.755393
179.000000	37.749729
180.000000	37.708396
181.000000	37.734366
182.000000	37.667445
183.000000	37.759593
184.000000	37.727907
185.000000	37.750321
186.000000	37.751109
187.000000	37.691918
188.000000	37.739362
189.000000	37.730527
190.000000	37.657367
191.000000	37.670226
192.000000	37.624415
193.000000	37.691648
194.000000	37.673928
195.000000	37.710891
196.000000	37.662896
197.000000	37.621971
198.000000	37.733053
199.000000	37.718175
200.000000	37.749510
201.000000	37.692545
202.000000	37.678965
203.000000	37.719342
204.000000	37.678139
205.000000	37.734704
206.000000	37.659319
207.000000	37.699597
208.000000	37.688201
209.000000	37.656447
210.000000	37.599598
211.000000	37.619351
212.000000	37.670029
213.000000	37.654575
214.000000	37.662652
215.000000	37.659816
216.000000	37.694762
217.000000	37.617290
218.000000	37.681947
219.000000	37.599746
220.000000	37.694525
221.000000	37.677975
222.000000	37.637006
223.000000	37.651396
224.000000	37.648272
225.000000	37.639743
226.000000	37.642145
227.000000	37.620141
228.000000	37.593641
229.000000	37.556311
230.000000	37.543530
231.000000	37.518690
232.000000	37.564974
233.000000	37.677346
234.000000	37.579479
235.000000	37.601982
236.000000	37.577064
237.000000	37.609775
238.000000	37.553126
239.000000	37.563155
240.000000	37.603074
241.000000	37.616934
242.000000	37.530176
243.000000	37.542695
244.000000	37.567732
245.000000	37.525815
246.000000	37.473291
247.000000	37.551705
248.000000	37.498552
249.000000	37.481485
250.000000	37.435902
251.000000	37.532243
252.000000	37.472881
253.000000	37.543054
254.000000	37.474505
255.000000	37.520119
256.000000	37.484575
257.000000	37.482038
258.000000	37.481118
259.000000	37.496244
260.000000	37.461966
261.000000	37.501570
262.000000	37.476650
263.000000	37.443133
264.000000	37.413474
265.000000	37.433929
266.000000	37.477193
267.000000	37.442959
268.000000	37.429949
269.000000	37.419604
270.000000	37.455241
271.000000	37.398180
272.000000	37.482478
273.000000	37.394759
274.000000	37.390836
275.000000	37.414348
276.000000	37.407956
277.000000	37.473141
278.000000	37.419702
279.000000	37.425548
280.000000	37.302005
281.000000	37.424748
282.000000	37.372266
283.000000	37.345550
284.000000	37.373465
285.000000	37.348074
286.000000	37.337993
287.000000	37.338074
288.000000	37.365318
289.000000	37.356306
290.000000	37.393750
291.000000	37.357120
292.000000	37.234673
293.000000	37.374328
294.000000	37.356483
295.000000	37.362009
296.000000	37.365076
297.000000	37.302907
298.000000	37.329532
299.000000	37.337408
300.000000	37.349173
301.000000	37.283721
302.000000	37.273308
303.000000	37.297952
304.000000	37.338095
305.000000	37.272023
306.000000	37.294415
307.000000	37.305680
308.000000	37.282897
309.000000	37.231509
310.000000	37.350943
311.000000	37.361510
312.000000	37.291573
313.000000	37.302779
314.000000	37.268163
315.000000	37.266648
316.000000	37.298971
317.000000	37.241980
318.000000	37.298592
319.000000	37.243422
320.000000	37.318794
321.000000	37.296065
322.000000	37.266991
323.000000	37.310840
324.000000	37.261795
325.000000	37.272808
326.000000	37.346504
327.000000	37.241785
328.000000	37.239864
329.000000	37.307081
330.000000	37.296172
331.000000	37.285787
332.000000	37.301526
333.000000	37.280492
334.000000	37.290375
335.000000	37.315345
336.000000	37.261171
337.000000	37.303853
338.000000	37.262245
339.000000	37.253108
340.000000	37.266263
341.000000	37.229383
342.000000	37.225702
343.000000	37.203813
344.000000	37.240776
345.000000	37.243815
346.000000	37.262367
347.000000	37.302304
348.000000	37.203563
349.000000	37.207590
350.000000	37.209266
351.000000	37.229058
352.000000	37.207106
353.000000	37.188094
354.000000	37.223667
355.000000	37.234569
356.000000	37.199898
357.000000	37.221252
358.000000	37.223215
359.000000	37.166720
360.000000	37.265041
361.000000	37.169823
362.000000	37.210852
363.000000	37.188830
364.000000	37.194317
365.000000	37.195648
366.000000	37.163665
367.000000	37.226919
368.000000	37.174827
369.000000	37.233836
370.000000	37.153437
371.000000	37.137622
372.000000	37.180218
373.000000	37.186501
374.000000	37.175082
375.000000	37.250927
376.000000	37.128550
377.000000	37.205513
378.000000	37.152699
379.000000	37.200421
380.000000	37.150575
381.000000	37.187720
382.000000	37.127063
383.000000	37.143239
384.000000	37.119707
385.000000	37.160151
386.000000	37.131334
387.000000	37.139403
388.000000	37.133359
389.000000	37.144219
390.000000	37.105028
391.000000	37.117934
392.000000	37.145373
393.000000	37.167034
394.000000	37.062463
395.000000	37.166504
396.000000	37.121506
397.000000	37.143712
398.000000	37.131571
399.000000	37.097142
400.000000	37.074538
401.000000	37.093763
402.000000	37.145306
403.000000	37.145207
404.000000	37.086760
405.000000	37.101264
406.000000	37.059861
407.000000	37.106692
408.000000	37.085112
409.000000	37.100264
410.000000	37.085276
411.000000	37.064078
412.000000	37.103853
413.000000	37.137453
414.000000	37.125005
415.000000	37.169033
416.000000	37.088689
417.000000	37.087397
418.000000	37.117097
419.000000	37.110521
420.000000	37.038362
421.000000	37.133622
422.000000	37.080662
423.000000	37.105507
424.000000	37.090763
425.000000	37.118914
426.000000	37.078613
427.000000	37.155880
428.000000	37.123484
429.000000	37.144108
430.000000	37.147614
431.000000	37.128685
432.000000	37.072718
433.000000	37.070534
434.000000	37.137890
435.000000	37.123268
436.000000	37.089146
437.000000	37.148324
438.000000	37.112946
439.000000	37.093692
440.000000	37.119486
441.000000	37.123695
442.000000	37.061026
443.000000	37.057031
444.000000	37.067777
445.000000	37.092450
446.000000	37.069765
447.000000	37.065367
448.000000	37.128108
449.000000	37.093734
450.000000	37.066511
451.000000	37.089390
452.000000	37.081444
453.000000	37.080810
454.000000	37.153629
455.000000	37.063948
456.000000	37.089032
457.000000	37.158396
458.000000	37.137710
459.000000	37.101699
460.000000	37.150065
461.000000	37.134399
462.000000	37.121142
463.000000	37.116117
464.000000	37.164146
465.000000	37.122746
466.000000	37.089983
467.000000	37.139522
468.000000	37.096910
469.000000	37.105288
470.000000	37.085185
471.000000	37.113994
472.000000	37.162704
473.000000	37.090443
474.000000	37.055390
475.000000	37.121789
476.000000	37.083583
477.000000	37.113310
478.000000	37.051114
479.000000	37.121334
480.000000	37.100955
481.000000	37.087672
482.000000	37.149844
483.000000	37.084192
484.000000	37.134334
485.000000	37.076565
486.000000	37.105057
487.000000	37.054608
488.000000	37.140185
489.000000	37.165948
490.000000	37.082224
491.000000	37.107643
492.000000	37.078184
493.000000	37.136933
494.000000	37.078327
495.000000	37.157721
496.000000	37.053106
497.000000	37.092679
498.000000	37.122933
499.000000	37.097794
500.000000	37.156618
501.000000	37.092611
502.000000	37.085374
503.000000	37.138826
504.000000	37.121090
505.000000	37.123765
506.000000	37.078130
507.000000	37.068226
508.000000	37.067938
509.000000	37.091280
510.000000	37.121826
511.000000	37.095806
512.000000	37.087820
513.000000	37.136021
514.000000	37.115275
515.000000	37.089258
516.000000	37.140819
517.000000	37.124734
518.000000	37.080412
519.000000	37.083064
520.000000	37.104758
521.000000	37.084220
522.000000	37.108480
523.000000	37.098548
524.000000	37.082666
525.000000	37.124740
526.000000	37.088429
527.000000	37.098808
528.000000	37.072437
529.000000	37.060475
530.000000	37.035827
531.000000	37.120313
532.000000	37.043038
533.000000	37.103744
534.000000	37.043670
535.000000	37.112515
536.000000	37.087163
537.000000	37.087605
538.000000	37.101470
539.000000	37.059082
540.000000	37.062588
541.000000	37.125948
542.000000	37.049690
543.000000	37.075749
544.000000	37.075151
545.000000	37.112959
546.000000	37.023332
547.000000	37.056638
548.000000	37.074444
549.000000	37.116232
550.000000	37.066092
551.000000	37.063592
552.000000	37.126715
553.000000	37.078296
554.000000	37.091870
555.000000	37.111680
556.000000	37.106960
557.000000	37.077282
558.000000	37.066973
559.000000	37.072357
560.000000	37.033163
561.000000	37.098595
562.000000	37.131059
563.000000	37.054847
564.000000	37.058442
565.000000	37.091439
566.000000	37.107139
567.000000	37.058785
568.000000	37.116671
569.000000	37.059984
570.000000	37.058083
571.000000	37.081673
572.000000	37.061182
573.000000	37.079424
574.000000	37.129161
575.000000	37.084709
576.000000	37.024853
577.000000	37.095424
578.000000	37.133902
579.000000	37.093643
580.000000	37.170663
581.000000	37.113757
582.000000	37.132369
583.000000	37.138262
584.000000	37.145041
585.000000	37.145282
586.000000	37.111389
587.000000	37.081052
588.000000	37.089957
589.000000	37.060735
590.000000	37.051980
591.000000	37.058317
592.000000	37.081483
593.000000	37.074496
594.000000	37.000718
595.000000	37.024473
596.000000	37.059638
597.000000	37.015625
598.000000	37.055630
599.000000	37.011198
600.000000	37.073196
601.000000	37.092627
602.000000	37.036898
603.000000	37.014099
604.000000	37.073121
605.000000	37.106281
606.000000	37.040145
607.000000	37.084550
608.000000	37.034086
609.000000	37.086817
610.000000	37.097043
611.000000	37.096422
612.000000	37.078455
613.000000	37.107742
614.000000	37.055650
615.000000	37.042770
616.000000	37.105369
617.000000	37.087568
618.000000	37.060477
619.000000	37.031931
620.000000	37.024232
621.000000	37.062573
622.000000	37.064678
623.000000	37.090607
624.000000	37.029321
625.000000	37.127136
626.000000	37.092299
627.000000	37.125168
628.000000	37.032820
629.000000	37.088624
630.000000	37.071460
631.000000	37.075894
632.000000	37.074257
633.000000	37.103604
634.000000	37.100685
635.000000	37.102910
636.000000	37.104680
637.000000	37.081062
638.000000	37.083971
639.000000	37.088504
640.000000	37.094134
641.000000	37.090958
642.000000	37.081863
643.000000	37.077891
644.000000	37.107095
645.000000	37.130562
646.000000	37.067816
647.000000	37.157632
648.000000	37.100022
649.000000	37.080844
650.000000	37.130744
651.000000	37.163208
652.000000	37.144466
653.000000	37.108719
654.000000	37.112632
655.000000	37.192121
656.000000	37.182784
657.000000	37.163754
658.000000	37.165896
659.000000	37.133533
660.000000	37.192118
661.000000	37.136486
662.000000	37.134066
663.000000	37.156218
664.000000	37.131022
665.000000	37.157679
666.000000	37.155488
667.000000	37.142491
668.000000	37.146447
669.000000	37.216254
670.000000	37.186381
671.000000	37.185794
672.000000	37.176917
673.000000	37.151869
674.000000	37.167382
675.000000	37.165734
676.000000	37.210088
677.000000	37.201312
678.000000	37.153299
679.000000	37.204821
680.000000	37.142340
681.000000	37.190114
682.000000	37.203706
683.000000	37.183688
684.000000	37.174383
685.000000	37.273425
686.000000	37.137484
687.000000	37.128514
688.000000	37.173145
689.000000	37.190910
690.000000	37.207751
691.000000	37.193348
692.000000	37.237657
693.000000	37.176719
694.000000	37.179675
695.000000	37.206363
696.000000	37.241468
697.000000	37.198991
698.000000	37.210886
699.000000	37.218674
700.000000	37.256879
701.000000	37.192737
702.000000	37.207925
703.000000	37.181349
704.000000	37.252281
705.000000	37.256435
706.000000	37.202513
707.000000	37.240210
708.000000	37.266552
709.000000	37.203303
710.000000	37.213288
711.000000	37.188627
712.000000	37.226295
713.000000	37.198391
714.000000	37.196901
715.000000	37.209597
716.000000	37.193361
717.000000	37.183746
718.000000	37.171469
719.000000	37.149618
720.000000	37.187541
721.000000	37.224361
722.000000	37.222019
723.000000	37.208773
724.000000	37.216942
725.000000	37.215349
726.000000	37.118296
727.000000	37.237514
728.000000	37.192758
729.000000	37.226482
730.000000	37.157390
731.000000	37.217384
732.000000	37.141630
733.000000	37.205570
734.000000	37.210852
735.000000	37.190309
736.000000	37.203098
737.000000	37.187491
738.000000	37.190829
739.000000	37.201944
740.000000	37.200462
741.000000	37.154653
742.000000	37.192368
743.000000	37.209841
744.000000	37.220101
745.000000	37.201362
746.000000	37.168474
747.000000	37.263004
748.000000	37.171071
749.000000	37.208947
750.000000	37.180650
751.000000	37.194489
752.000000	37.152223
753.000000	37.259086
754.000000	37.176491
755.000000	37.138020
756.000000	37.225237
757.000000	37.186428
758.000000	37.166262
759.000000	37.148948
760.000000	37.128098
761.000000	37.103492
762.000000	37.192654
763.000000	37.155727
764.000000	37.160463
765.000000	37.154835
766.000000	37.159961
767.000000	37.130495
768.000000	37.212354
769.000000	37.158737
770.000000	37.153437
771.000000	37.111119
772.000000	37.193358
773.000000	37.110357
774.000000	37.187990
775.000000	37.167637
776.000000	37.176366
777.000000	37.186990
778.000000	37.124508
779.000000	37.196852
780.000000	37.149013
781.000000	37.141737
782.000000	37.139247
783.000000	37.165799
784.000000	37.201671
785.000000	37.107165
786.000000	37.140866
787.000000	37.100373
788.000000	37.188544
789.000000	37.096242
790.000000	37.085905
791.000000	37.090643
792.000000	37.148007
793.000000	37.109260
794.000000	37.149026
795.000000	37.122933
796.000000	37.140799
797.000000	37.116250
798.000000	37.104641
799.000000	37.112309
800.000000	37.116172
801.000000	37.168947
802.000000	37.123887
803.000000	37.073526
804.000000	37.069292
805.000000	37.109913
806.000000	37.065588
807.000000	37.107381
808.000000	37.062900
809.000000	37.080948
810.000000	37.103760
811.000000	37.021835
812.000000	37.069518
813.000000	37.072216
814.000000	37.034899
815.000000	37.036267
816.000000	37.071670
817.000000	37.117552
818.000000	37.073103
819.000000	37.062999
820.000000	37.016025
821.000000	37.087158
822.000000	36.985761
823.000000	37.066620
824.000000	37.054371
825.000000	37.044517
826.000000	37.045879
827.000000	37.001040
828.000000	37.022539
829.000000	37.091740
830.000000	37.059648
831.000000	37.028973
832.000000	37.031598
833.000000	37.012893
834.000000	36.981609
835.000000	36.991973
836.000000	36.979881
837.000000	37.014796
838.000000	37.016966
839.000000	37.038500
840.000000	37.000886
841.000000	37.053558
842.000000	37.048778
843.000000	37.077779
844.000000	36.993762
845.000000	37.042451
846.000000	37.012087
847.000000	37.052539
848.000000	37.038949
849.000000	37.047652
850.000000	37.000681
851.000000	36.975381
852.000000	37.065065
853.000000	37.012849
854.000000	37.032869
855.000000	37.003101
856.000000	37.028040
857.000000	36.980674
858.000000	36.966637
859.000000	37.015038
860.000000	36.987385
861.000000	37.037421
862.000000	36.993985
863.000000	36.972862
864.000000	36.984354
865.000000	37.065351
866.000000	37.042089
867.000000	36.943952
868.000000	37.012147
869.000000	36.989717
870.000000	37.010236
871.000000	37.007070
872.000000	37.002688
873.000000	37.059027
874.000000	37.001339
875.000000	37.036098
876.000000	37.043932
877.000000	37.024681
878.000000	37.036441
879.000000	36.971649
880.000000	37.042617
881.000000	37.048910
882.000000	37.008381
883.000000	37.057621
884.000000	37.024629
885.000000	37.078954
886.000000	37.051127
887.000000	37.073794
888.000000	37.012282
889.000000	37.048445
890.000000	37.068671
891.000000	37.032745
892.000000	37.062417
893.000000	37.001128
894.000000	37.067483
895.000000	37.001105
896.000000	37.010086
897.000000	37.025825
898.000000	36.994118
899.000000	37.012636
900.000000	37.032778
901.000000	37.063246
902.000000	37.021767
903.000000	37.037761
904.000000	36.999218
905.000000	37.022649
906.000000	37.034808
907.000000	37.016579
908.000000	37.041325
909.000000	36.970830
910.000000	36.975457
911.000000	36.964742
912.000000	37.039438
913.000000	37.034827
914.000000	36.976665
915.000000	36.990897
916.000000	37.014512
917.000000	37.046605
918.000000	37.059578
919.000000	36.989519
920.000000	37.040033
921.000000	37.025432
922.000000	37.031788
923.000000	37.032672
924.000000	36.999795
925.000000	37.024427
926.000000	36.936864
927.000000	36.985327
928.000000	36.951698
929.000000	37.028354
930.000000	37.013473
931.000000	37.029402
932.000000	37.051036
933.000000	37.016012
934.000000	36.956489
935.000000	37.071637
936.000000	37.035840
937.000000	37.066404
938.000000	37.016842
939.000000	37.012989
940.000000	37.092853
941.000000	37.048440
942.000000	37.044348
943.000000	37.029667
944.000000	37.124732
945.000000	37.060433
946.000000	37.017923
947.000000	37.052484
948.000000	36.974682
949.000000	37.017762
950.000000	37.010270
951.000000	37.037868
952.000000	37.005955
953.000000	37.002527
954.000000	36.975636
955.000000	37.026990
956.000000	37.028055
957.000000	36.999288
958.000000	36.966068
959.000000	36.995563
960.000000	36.986668
961.000000	37.024525
962.000000	36.996195
963.000000	36.934527
964.000000	36.999140
965.000000	36.965699
966.000000	36.963824
967.000000	36.897145
968.000000	37.033597
969.000000	37.029150
970.000000	36.956208
971.000000	37.037605
972.000000	37.037195
973.000000	37.057706
974.000000	36.965371
975.000000	36.999059
976.000000	36.991258
977.000000	36.957217
978.000000	37.008861
979.000000	36.995389
980.000000	37.009665
981.000000	37.061808
982.000000	37.021611
983.000000	36.984804
984.000000	36.996904
985.000000	37.031895
986.000000	36.971329
987.000000	37.063724
988.000000	36.993866
989.000000	37.005727
990.000000	37.007304
991.000000	37.002223
992.000000	37.069040
993.000000	37.007751
994.000000	37.052905
995.000000	36.996093
996.000000	37.058013
997.000000	37.004970
998.000000	37.088465
999.000000	37.067852
1000.000000	37.042024
1001.000000	37.068944
1002.000000	37.100144
1003.000000	37.059105
1004.000000	37.002792
1005.000000	36.997169
1006.000000	37.007762
1007.000000	37.002217
1008.000000	37.035934
1009.000000	37.003392
1010.000000	37.005628
1011.000000	37.069710
1012.000000	37.057194
1013.000000	37.058102
1014.000000	37.023758
1015.000000	37.106505
1016.000000	37.044806
1017.000000	37.072240
1018.000000	37.073937
1019.000000	37.055934
1020.000000	37.026883
1021.000000	37.054299
1022.000000	36.986660
1023.000000	37.022058
1024.000000	37.014619
1025.000000	36.994858
1026.000000	37.030215
1027.000000	36.971701
1028.000000	37.003660
1029.000000	36.980442
1030.000000	37.025178
1031.000000	37.092884
1032.000000	37.021307
1033.000000	37.013535
1034.000000	37.053342
1035.000000	37.034008
1036.000000	37.039630
1037.000000	37.067909
1038.000000	37.028180
1039.000000	37.053308
1040.000000	37.108696
1041.000000	37.017803
1042.000000	36.991997
1043.000000	37.041455
1044.000000	37.041767
1045.000000	37.045440
1046.000000	37.033415
1047.000000	37.034237
1048.000000	37.104774
1049.000000	37.065156
1050.000000	37.046888
1051.000000	37.046449
1052.000000	37.022269
1053.000000	37.065289
1054.000000	37.053558
1055.000000	37.013917
1056.000000	37.064629
1057.000000	37.034634
1058.000000	37.120529
1059.000000	37.064486
1060.000000	37.050023
1061.000000	37.042973
1062.000000	37.045723
1063.000000	37.108384
1064.000000	37.060938
1065.000000	37.083287
1066.000000	37.057621
1067.000000	37.066867
1068.000000	37.061327
1069.000000	37.125938
1070.000000	37.069679
1071.000000	37.106786
1072.000000	37.094228
1073.000000	37.095741
1074.000000	37.060506
1075.000000	37.076388
1076.000000	37.091018
1077.000000	37.125447
1078.000000	37.075050
1079.000000	37.079890
1080.000000	37.076718
1081.000000	37.043857
1082.000000	37.086666
1083.000000	37.074473
1084.000000	37.005017
1085.000000	37.111740
1086.000000	37.005617
1087.000000	37.031133
1088.000000	37.131095
1089.000000	37.018622
1090.000000	37.042846
1091.000000	37.035484
1092.000000	37.046082
1093.000000	37.058271
1094.000000	37.078138
1095.000000	37.069591
1096.000000	37.116939
1097.000000	37.067761
1098.000000	37.066963
1099.000000	37.072666
1100.000000	37.096456
1101.000000	37.058933
1102.000000	37.060108
1103.000000	37.065572
1104.000000	37.126757
1105.000000	37.051606
1106.000000	37.050002
1107.000000	37.012111
1108.000000	37.098691
1109.000000	37.052409
1110.000000	37.027946
1111.000000	36.964758
1112.000000	37.084153
1113.000000	37.055325
1114.000000	37.001183
1115.000000	37.058593
1116.000000	36.990029
1117.000000	37.049290
1118.000000	36.970014
1119.000000	37.044483
1120.000000	37.067740
1121.000000	37.085143
1122.000000	37.018851
1123.000000	37.008362
1124.000000	37.014385
1125.000000	37.020332
1126.000000	37.022074
1127.000000	36.982020
1128.000000	37.052466
1129.000000	37.076430
1130.000000	37.051335
1131.000000	37.009121
1132.000000	37.039144
1133.000000	37.098156
1134.000000	37.056230
1135.000000	37.045679
1136.000000	37.065221
1137.000000	37.100175
1138.000000	37.061710
1139.000000	37.087191
1140.000000	37.057387
1141.000000	37.029776
1142.000000	37.083732
1143.000000	37.074901
1144.000000	37.079305
1145.000000	37.059466
1146.000000	37.059209
1147.000000	37.068985
1148.000000	37.063092
1149.000000	37.094779
1150.000000	37.036267
1151.000000	37.106143
1152.000000	37.048097
1153.000000	37.101394
1154.000000	37.019017
1155.000000	37.043774
1156.000000	37.026506
1157.000000	37.048120
1158.000000	37.025238
1159.000000	37.008708
1160.000000	37.035484
1161.000000	37.079531
1162.000000	37.017525
1163.000000	37.045523
1164.000000	37.043974
1165.000000	37.069976
1166.000000	36.995319
1167.000000	37.011929
1168.000000	37.066664
1169.000000	37.042802
1170.000000	36.996431
1171.000000	37.009490
1172.000000	37.037005
1173.000000	37.063537
1174.000000	37.022794
1175.000000	37.040652
1176.000000	36.963983
1177.000000	37.059178
1178.000000	37.069500
1179.000000	37.001536
1180.000000	37.058518
1181.000000	37.022857
1182.000000	37.027780
1183.000000	37.010684
1184.000000	36.980198
1185.000000	37.069193
1186.000000	37.000634
1187.000000	36.981539
1188.000000	37.039399
1189.000000	37.014869
1190.000000	37.033816
1191.000000	37.076971
1192.000000	37.084735
1193.000000	37.037156
1194.000000	37.000554
1195.000000	36.987632
1196.000000	37.087178
1197.000000	37.018113
1198.000000	37.069638
1199.000000	37.030917
1200.000000	37.092052
1201.000000	37.061288
1202.000000	37.082029
1203.000000	37.086744
1204.000000	37.073877
1205.000000	37.037400
1206.000000	37.084735
1207.000000	37.014351
1208.000000	37.092268
1209.000000	37.038237
1210.000000	37.076617
1211.000000	37.056370
1212.000000	37.072385
1213.000000	37.044507
1214.000000	37.099063
1215.000000	37.054868
1216.000000	37.047722
1217.000000	37.053943
1218.000000	36.984378

