0.0	0.0013508269458800994
1.0	0.002228039793870052
2.0	0.0008250381705808829
3.0	0.0021459510213265227
4.0	0.001704288450075181
5.0	-0.00015674092009645632
6.0	0.0008383143371573106
7.0	5.4428996782969026e-05
8.0	-0.00023889541623695886
9.0	-0.0003683709021543909
10.0	-0.0005963003362467848
11.0	-0.0010516334156557836
12.0	-0.00025131717605334164
13.0	-0.0012806801508955048
14.0	0.00018186705119605537
15.0	0.00021827792388577093
16.0	-0.000766853070234468
17.0	-0.0015489638734920523
18.0	-0.0022240766609760627
19.0	-0.0010632007687124277
20.0	-0.002304588067193755
21.0	-0.0022224992946502263
22.0	-0.0030394436042713835
23.0	-0.0023352152633549957
24.0	-0.0003138203167170972
25.0	-0.0020057428720332464
26.0	-0.0013677639168044376
27.0	-0.0018630569431363605
28.0	-0.002058847538338345
29.0	-0.003384689658852109
30.0	-0.0021646625293673125
31.0	-0.0030644842946950697
32.0	-0.0024440535398419947
33.0	-0.0030514710225062304
34.0	-0.0033748968429122223
35.0	-0.0033012206907733583
36.0	-0.0037797541998926187
37.0	-0.003914421849966069
38.0	-0.002813420154489694
39.0	-0.0014116672795417998
40.0	-0.0017718983142187366
41.0	-0.0017456745990507493
42.0	-0.0017994365013249717
43.0	-0.003673084802103913
44.0	-0.001924902847830992
45.0	-0.003191133665945085
46.0	-0.0032558056853071336
47.0	-0.003114171333960907
48.0	-0.0034692102044815193
49.0	-0.004742802065450229
50.0	-0.002440504465608786
51.0	-0.0036705215818243903
52.0	-0.003279137562211036
53.0	-0.0031006979965938646
54.0	-0.004078599395053433
55.0	-0.004519210388754116
56.0	-0.004455918564927595
57.0	-0.004136764778320909
58.0	-0.00457658708885852
59.0	-0.004516975786459155
60.0	-0.0035463039836599506
61.0	-0.004421610847339198
62.0	-0.004989791342646914
63.0	-0.005993456391096267
64.0	-0.004854729350991928
65.0	-0.00587942595045325
66.0	-0.005774728260571609
67.0	-0.0029104939071291284
68.0	-0.002895180309048661
69.0	-0.005013451837535379
70.0	-0.00400058548551829
71.0	-0.003912318694865056
72.0	-0.006503340055942559
73.0	-0.0033347397251986834
74.0	-0.004087209186249019
75.0	-0.005511833872922001
76.0	-0.00469258923740891
77.0	-0.005788398768729572
78.0	-0.004722624921198
79.0	-0.005323535767767969
80.0	-0.00412335716455084
81.0	-0.004343071149028878
82.0	-0.004563310922282398
83.0	-0.0025879224934831813
84.0	-0.006187603896375442
85.0	-0.004658084349029899
86.0	-0.00502942267158497
87.0	-0.006369066747450644
88.0	-0.0044500034412054785
89.0	-0.006178336869210732
90.0	-0.005323075702589766
91.0	-0.004552992317567029
92.0	-0.0054577433526632165
93.0	-0.0056479474421276465
94.0	-0.0051583723687272254
95.0	-0.005138786736847452
96.0	-0.006943425260868065
97.0	-0.005101915798979533
98.0	-0.005413642819134933
99.0	-0.004819632950240766
100.0	-0.005596945930923562
101.0	-0.0063212856924952055
102.0	-0.006418950957507097
103.0	-0.005427247603695924
104.0	-0.005418834983290952
105.0	-0.006371169902551658
106.0	-0.006847928874554467
107.0	-0.0043315695195692075
108.0	-0.0049766466232644335
109.0	-0.005229748194974155
110.0	-0.006272321612795466
111.0	-0.006701430977036478
112.0	-0.004819304332256204
113.0	-0.006569786612421059
114.0	-0.006034205021181956
115.0	-0.005665035577324872
116.0	-0.005075954978199134
117.0	-0.0064083037348071645
118.0	-0.006898404596983069
119.0	-0.0054731226743406575
120.0	-0.0064792852194725595
121.0	-0.007357089579834662
122.0	-0.004257104684267579
123.0	-0.008175085467006479
124.0	-0.006066803925250569
125.0	-0.006683685605870129
126.0	-0.006834389813590451
127.0	-0.005756194206242495
128.0	-0.006671592464038308
129.0	-0.00636019406186747
130.0	-0.00524637626499287
131.0	-0.00659338138371255
132.0	-0.007778640730430748
133.0	-0.007431883033121159
134.0	-0.006366569250767789
135.0	-0.007109705961056442
136.0	-0.007060610434162755
137.0	-0.007642921502806637
138.0	-0.00893655906083363
139.0	-0.008296148332519246
140.0	-0.007078684423313665
141.0	-0.009356795739491467
142.0	-0.008526969604875418
143.0	-0.008762194358224845
144.0	-0.008417014027241092
145.0	-0.010346658832589216
146.0	-0.00951959308904361
147.0	-0.009092126814725102
148.0	-0.00851086732363188
149.0	-0.009640721678153044
150.0	-0.010182941352680362
151.0	-0.01101066433219509
152.0	-0.010236506084163969
153.0	-0.010640114692803092
154.0	-0.010057737900562235
155.0	-0.009018253491795624
156.0	-0.009940552727267545
157.0	-0.01096794399420203
158.0	-0.01077175905741851
159.0	-0.01086015729526569
160.0	-0.01160112512685605
161.0	-0.010584709700605753
162.0	-0.011254301705949488
163.0	-0.009769868546085915
164.0	-0.009710520138074137
165.0	-0.010887629758775259
166.0	-0.012049557228589552
167.0	-0.009269514802791921
168.0	-0.011945253880289448
169.0	-0.010830187335073575
170.0	-0.011938287179016672
171.0	-0.01079850856136198
172.0	-0.012042261909332216
173.0	-0.011953929395082007
174.0	-0.012244493417031798
175.0	-0.01316094325237827
176.0	-0.012120407266061
177.0	-0.012120210095270385
178.0	-0.012535254609772204
179.0	-0.012648036302073947
180.0	-0.013096534127404117
181.0	-0.01258684763334844
182.0	-0.013544769058346699
183.0	-0.01204370782846441
184.0	-0.013796096092939664
185.0	-0.013679173814032561
186.0	-0.012061518923227427
187.0	-0.013189664464228807
188.0	-0.014018110403309636
189.0	-0.012172460354815744
190.0	-0.013326238098612962
191.0	-0.012076701074114253
192.0	-0.013160548910796736
193.0	-0.014301839171180598
194.0	-0.013614764689058407
195.0	-0.012064147867103922
196.0	-0.013900333717642795
197.0	-0.014302496407149722
198.0	-0.013943448397217392
199.0	-0.013662019955238363
200.0	-0.014331677684178767
201.0	-0.014068586125738544
202.0	-0.015156771719817
203.0	-0.014675937884806112
204.0	-0.014892234242244583
205.0	-0.014329377358286833
206.0	-0.01658711435942179
207.0	-0.014578798408569398
208.0	-0.014362764945518516
209.0	-0.01392458572490341
210.0	-0.015412305064612603
211.0	-0.014316824151276502
212.0	-0.015028544982241149
213.0	-0.014805741988708106
214.0	-0.015115365853762188
215.0	-0.013720908298071937
216.0	-0.014450111605815037
217.0	-0.013978281903580964
218.0	-0.014738638196260482
219.0	-0.014704067584284497
220.0	-0.014319715989540894
221.0	-0.013416082255592033
222.0	-0.015060289479549717
223.0	-0.013615816266609067
224.0	-0.014100264899450137
225.0	-0.014737389447919209
226.0	-0.015181155174271562
227.0	-0.015453053694698293
228.0	-0.016823324966724902
229.0	-0.01519009358345171
230.0	-0.015366495717564536
231.0	-0.015476911360377371
232.0	-0.015937305156748748
233.0	-0.015065613090899682
234.0	-0.014113278171638977
235.0	-0.015073434198932197
236.0	-0.014565850859977839
237.0	-0.01640762321625396
238.0	-0.014426319663732626
239.0	-0.014338381491063954
240.0	-0.016570749183790662
241.0	-0.015646412516814395
242.0	-0.01518457280131113
243.0	-0.016769825958838268
244.0	-0.01706131011114477
245.0	-0.016405059995974438
246.0	-0.015170507951571937
247.0	-0.015344872654180417
248.0	-0.014912608557287427
249.0	-0.015043201344352492
250.0	-0.015681837535550424
251.0	-0.014813694543934263
252.0	-0.014126554338215098
253.0	-0.014739886944601757
254.0	-0.014209760411906261
255.0	-0.014903341530123022
256.0	-0.015271262225638528
257.0	-0.014425596704166528
258.0	-0.015076851825971765
259.0	-0.01671875872403721
260.0	-0.01532193511885805
261.0	-0.016150906846714056
262.0	-0.01564891001349725
263.0	-0.014678763999473224
264.0	-0.016218733598727775
265.0	-0.015042544108383368
266.0	-0.014805807712304773
267.0	-0.0144699601320824
268.0	-0.014587539646958931
269.0	-0.014810539811282589
270.0	-0.01515946638729047
271.0	-0.014689871287351358
272.0	-0.015658111317064988
273.0	-0.017436394678723665
274.0	-0.01611574472236592
275.0	-0.01611705919430417
276.0	-0.017198015192722568
277.0	-0.016051992833360892
278.0	-0.014658784026011914
279.0	-0.01668077048502196
280.0	-0.015981602861067645
281.0	-0.015536851280761606
282.0	-0.015722914783620676
283.0	-0.016254684406238677
284.0	-0.016221099648216684
285.0	-0.01586435196417598
286.0	-0.016443113958586657
287.0	-0.016528817528960366
288.0	-0.015716933936301587
289.0	-0.01664127060327755
290.0	-0.0166659169521197
291.0	-0.016987305341021344
292.0	-0.015389959041662387
293.0	-0.017324598840375915
294.0	-0.016520207737764782
295.0	-0.015579177277173131
296.0	-0.01729660058809117
297.0	-0.014592666087517976
298.0	-0.015963923213498273
299.0	-0.016940115798438363
300.0	-0.01630910354448233
301.0	-0.016949054207618205
302.0	-0.017213328790803034
303.0	-0.016998544076093428
304.0	-0.01642063648844249
305.0	-0.01723731790367606
306.0	-0.016632989430066525
307.0	-0.01790079761450676
308.0	-0.01571187321933921
309.0	-0.016528948976154315
310.0	-0.016673015100586115
311.0	-0.016929534299335403
312.0	-0.017577503241294715
313.0	-0.017480100870670413
314.0	-0.01895815884163367
315.0	-0.017069394113564874
316.0	-0.01906745718329887
317.0	-0.017205310511979904
318.0	-0.01750547017907866
319.0	-0.01607663918220304
320.0	-0.018400231227444042
321.0	-0.01872523441417587
322.0	-0.016530394895286203
323.0	-0.016043580212956224
324.0	-0.01708950553422013
325.0	-0.01614696343089931
326.0	-0.01844978681951624
327.0	-0.0160195911000832
328.0	-0.017612139576867674
329.0	-0.016337496138348305
330.0	-0.017283192974321102
331.0	-0.015480986223386064
332.0	-0.016130861149655774
333.0	-0.016615704124078683
334.0	-0.01835304168486106
335.0	-0.015788441209742158
336.0	-0.016538281726915693
337.0	-0.015305307048839029
338.0	-0.016968508392304335
339.0	-0.016235295945149518
340.0	-0.017395843219428896
341.0	-0.016624971151243395
342.0	-0.01656706866236351
343.0	-0.017838294473843004
344.0	-0.01805130465143616
345.0	-0.017887061382752128
346.0	-0.017403269985879877
347.0	-0.01701977279789601
348.0	-0.017846509923457054
349.0	-0.018594444456320188
350.0	-0.018039014338813726
351.0	-0.01887541283312071
352.0	-0.01682989732641614
353.0	-0.016618070173567593
354.0	-0.018017982787801756
355.0	-0.01784079197052586
356.0	-0.018100203007538927
357.0	-0.01915631548632456
358.0	-0.018999301813300586
359.0	-0.01765788320031846
360.0	-0.01869480438880555
361.0	-0.019316615339193845
362.0	-0.017533402707766432
363.0	-0.01794483242443807
364.0	-0.01784572124029429
365.0	-0.017961591941650732
366.0	-0.019647927991229327
367.0	-0.01798400368819792
368.0	-0.017798531697711
369.0	-0.01791782002610701
370.0	-0.01696279043937314
371.0	-0.016462042354497306
372.0	-0.01750533873188502
373.0	-0.01701142590108832
374.0	-0.018074373633952475
375.0	-0.01855389299702542
376.0	-0.017930899021892825
377.0	-0.018094485054607732
378.0	-0.017612731089239823
379.0	-0.01946068146362565
380.0	-0.017855776950621766
381.0	-0.018716887517368178
382.0	-0.018124192120411952
383.0	-0.018465363311984295
384.0	-0.019707342122838076
385.0	-0.01755903491056227
386.0	-0.01797822001166975
387.0	-0.01873305552220869
388.0	-0.019222762042802752
389.0	-0.018010490297753496
390.0	-0.017777500146699033
391.0	-0.017825938437623593
392.0	-0.017487724807912313
393.0	-0.016906070975237556
394.0	-0.016334407129293606
395.0	-0.016688000080682327
396.0	-0.017762515166603127
397.0	-0.017155689196311042
398.0	-0.014665159214912233
399.0	-0.0166223422073669
400.0	-0.016419847805279726
401.0	-0.01604272580619618
402.0	-0.014724244728536728
403.0	-0.015098014824177374
404.0	-0.015373002353658804
405.0	-0.01558128043227445
406.0	-0.014822370058726822
407.0	-0.016213475710974784
408.0	-0.014855297580779997
409.0	-0.015282698131501224
410.0	-0.015173202619045102
411.0	-0.01471918401157435
412.0	-0.015990672717441742
413.0	-0.016219850899875102
414.0	-0.014388528595507995
415.0	-0.015250362121820507
416.0	-0.016749911708973626
417.0	-0.015468301569181787
418.0	-0.015998822443458818
419.0	-0.016597301516943212
420.0	-0.01490176416379688
421.0	-0.01579356765030151
422.0	-0.01612606332708129
423.0	-0.015594885216835134
424.0	-0.015619400118483643
425.0	-0.0146345320187513
426.0	-0.014851419888562225
427.0	-0.014134112551860025
428.0	-0.014789376813076674
429.0	-0.013343917746182338
430.0	-0.015029530836194835
431.0	-0.015250164951029585
432.0	-0.014381167552653989
433.0	-0.01555374224516791
434.0	-0.01530202086899341
435.0	-0.016105097499666293
436.0	-0.015596265412370356
437.0	-0.017078332522745023
438.0	-0.016688000080682327
439.0	-0.016632200746903757
440.0	-0.01630555447024912
441.0	-0.014956249025637507
442.0	-0.01719683216797796
443.0	-0.014621124404980925
444.0	-0.01631074663440514
445.0	-0.016987568235408933
446.0	-0.015382795169598996
447.0	-0.015949069680596006
448.0	-0.014623556178066805
449.0	-0.016436673046089364
450.0	-0.016847182632403982
451.0	-0.015185492931667842
452.0	-0.015841217258063
453.0	-0.01756711891298268
454.0	-0.017384933102341377
455.0	-0.016899630062740263
456.0	-0.016325665890904072
457.0	-0.016691089089737026
458.0	-0.015690118708761143
459.0	-0.01712532489453739
460.0	-0.016713698007075138
461.0	-0.01598659785443305
462.0	-0.014714780530581097
463.0	-0.017462289775907396
464.0	-0.017043893357962983
465.0	-0.017823112322956483
466.0	-0.01667906167150218
467.0	-0.016755038149532976
468.0	-0.016794275136889497
469.0	-0.018010161679768936
470.0	-0.017302844329797847
471.0	-0.017934579543319673
472.0	-0.01841469041876477
473.0	-0.019000353390851245
474.0	-0.017619040554543476
475.0	-0.017811610693496814
476.0	-0.018185315065540487
477.0	-0.019010671995566615
478.0	-0.01898149071853757
479.0	-0.0192664682347495
480.0	-0.018370589885236793
481.0	-0.01892983197136436
482.0	-0.019085596896046754
483.0	-0.018820402182505212
484.0	-0.018905317069715852
485.0	-0.017741154997606597
486.0	-0.019349674308440663
487.0	-0.020770092684911617
488.0	-0.017765341281270237
489.0	-0.019646284901306516
490.0	-0.020076380119501216
491.0	-0.019314052118914325
492.0	-0.019582204394316925
493.0	-0.020136122869094525
494.0	-0.019589828331558517
495.0	-0.02051225901422408
496.0	-0.020726978005337023
497.0	-0.019735340375122822
498.0	-0.019001339244804932
499.0	-0.019003639570696867
500.0	-0.019899912261791414
501.0	-0.018777550397318203
502.0	-0.019662978694922204
503.0	-0.020150516336818282
504.0	-0.01948697090239061
505.0	-0.019463639025486708
506.0	-0.019764061586973358
507.0	-0.020219526113576303
508.0	-0.020435165235045957
509.0	-0.021381913648569107
510.0	-0.020454422248941166
511.0	-0.020871438471350357
512.0	-0.022117952210391038
513.0	-0.020108453234794346
514.0	-0.019774314468091754
515.0	-0.020954315927056957
516.0	-0.021364365448193375
517.0	-0.020395205288123337
518.0	-0.021252175268264086
519.0	-0.021216618802334417
520.0	-0.02211920095873231
521.0	-0.021537284231669965
522.0	-0.021523876617899895
523.0	-0.020852707246230322
524.0	-0.02196810240943076
525.0	-0.020632270302186187
526.0	-0.02190435052042573
527.0	-0.022046707831338053
528.0	-0.022954876493473504
529.0	-0.023460159506536234
530.0	-0.022057355054037987
531.0	-0.021955023413645254
532.0	-0.020700951460959648
533.0	-0.020746760808007716
534.0	-0.02180747393857691
535.0	-0.022293631384938072
536.0	-0.0217293943054451
537.0	-0.021015636042976415
538.0	-0.020824380375961325
539.0	-0.02171716971641933
540.0	-0.020826614978256285
541.0	-0.01994611595042071
542.0	-0.021490226136280623
543.0	-0.019575171969447174
544.0	-0.02101096966759557
545.0	-0.02098619187155947
546.0	-0.01906535402819755
547.0	-0.019317009680775384
548.0	-0.020225112619313857
549.0	-0.02026053763804958
550.0	-0.020019923549753522
551.0	-0.018395104786884997
552.0	-0.0201950112119281
553.0	-0.01939594372066693
554.0	-0.018729900789556712
555.0	-0.01987986656473313
556.0	-0.018703939968776312
557.0	-0.018344168999277884
558.0	-0.017921894889115702
559.0	-0.020596976730644413
560.0	-0.019179713086825128
561.0	-0.018945014122251188
562.0	-0.017168636744902602
563.0	-0.0175456272967922
564.0	-0.018517022059157503
565.0	-0.018585703217930963
566.0	-0.018823754085947806
567.0	-0.017881211982626988
568.0	-0.016815372411498438
569.0	-0.01913357512179281
570.0	-0.01910689134144631
571.0	-0.01912706848569854
572.0	-0.017970201732846317
573.0	-0.01695963570672116
574.0	-0.01682956870843158
575.0	-0.018772029615177623
576.0	-0.018451035567857512
577.0	-0.019434983537233143
578.0	-0.01842310303916974
579.0	-0.017083853304885602
580.0	-0.01648708304492099
581.0	-0.01756961640966523
582.0	-0.018326357904514562
583.0	-0.018072796267626638
584.0	-0.016127772140601074
585.0	-0.01864163399890348
586.0	-0.018765785873470945
587.0	-0.018046309658070758
588.0	-0.01693932711527529
589.0	-0.0172369892856915
590.0	-0.016505354204862824
591.0	-0.01811249332016167
592.0	-0.018041248941108687
593.0	-0.016825888187004423
594.0	-0.017395054536265827
595.0	-0.016179562334967923
596.0	-0.017288122244089533
597.0	-0.016533483904341208
598.0	-0.01690679393480365
599.0	-0.017289108098043217
600.0	-0.01710041565130765
601.0	-0.01577339050604928
602.0	-0.01733005389891952
603.0	-0.01552824148956602
604.0	-0.015301297909427618
605.0	-0.01635399276117338
606.0	-0.018184723553168337
607.0	-0.016972057466537543
608.0	-0.018189324204952204
609.0	-0.015561826247588319
610.0	-0.01643614725731388
611.0	-0.016740184616630713
612.0	-0.016002437241289
613.0	-0.01695437781896817
614.0	-0.01640433703640834
615.0	-0.015639248644751004
616.0	-0.015644769426891587
617.0	-0.01850072260712335
618.0	-0.015626563990547033
619.0	-0.017366004706430727
620.0	-0.017744572624646165
621.0	-0.01815140168953393
622.0	-0.017326701995476926
623.0	-0.017309942478264267
624.0	-0.017618580489364967
625.0	-0.018227903956339907
626.0	-0.017705861426064513
627.0	-0.014361187579192374
628.0	-0.01748213830217476
629.0	-0.017934448096126033
630.0	-0.01676956306445068
631.0	-0.017435080206785417
632.0	-0.018445317614926012
633.0	-0.018249001230948848
634.0	-0.019479675583133578
635.0	-0.01838334026303774
636.0	-0.018442557223855873
637.0	-0.01737159121216828
638.0	-0.01695319479422387
639.0	-0.018237236707101284
640.0	-0.018480479739274146
641.0	-0.020295239697219514
642.0	-0.01798485809495766
643.0	-0.018636967623522637
644.0	-0.01831676225936529
645.0	-0.01935098878037891
646.0	-0.01865701332058092
647.0	-0.018720699485988975
648.0	-0.01853995959447987
649.0	-0.01881087226095291
650.0	-0.018357970954629488
651.0	-0.018035399540983543
652.0	-0.020338682994778673
653.0	-0.020069084800243876
654.0	-0.019451282989267297
655.0	-0.01785321373034224
656.0	-0.0195670222434301
657.0	-0.019909573630537355
658.0	-0.019014221069799823
659.0	-0.018109470034703635
660.0	-0.01924228195108586
661.0	-0.01942611085164997
662.0	-0.019558018110652976
663.0	-0.020343480817353154
664.0	-0.021034301544499475
665.0	-0.021509811768160702
666.0	-0.019525944995359847
667.0	-0.02110679467189373
668.0	-0.02020933895605488
669.0	-0.021041399692965892
670.0	-0.01999692029083418
671.0	-0.019983512677063806
672.0	-0.020481303200078585
673.0	-0.020519620057078393
674.0	-0.01916183626846514
675.0	-0.02146485682787268
676.0	-0.022107830776466587
677.0	-0.020496156732980542
678.0	-0.021253292569411414
679.0	-0.021738661332609502
680.0	-0.020931969904106743
681.0	-0.021419178928018562
682.0	-0.021890088499895922
683.0	-0.022387287510538242
684.0	-0.021634357984309703
685.0	-0.021984599032255834
686.0	-0.022205430317881504
687.0	-0.022114074518173266
688.0	-0.022628887452787988
689.0	-0.021844673494429392
690.0	-0.023667123113213326
691.0	-0.02105276987523192
692.0	-0.022455179986148634
693.0	-0.02135871321885915
694.0	-0.022486990207054174
695.0	-0.02285274202387169
696.0	-0.023855355494770386
697.0	-0.023543957092599547
698.0	-0.02422629947574392
699.0	-0.02344129683422225
700.0	-0.023939744593205848
701.0	-0.02416662244974758
702.0	-0.023528051982146622
703.0	-0.025514021910048798
704.0	-0.025767912164921285
705.0	-0.02531934861599414
706.0	-0.025471433019249378
707.0	-0.025163583691311747
708.0	-0.024426624999133107
709.0	-0.024982515181818078
710.0	-0.02357524152472991
711.0	-0.024342433071488256
712.0	-0.0246576434422802
713.0	-0.024487682220664667
714.0	-0.024804667128573057
715.0	-0.024267902512589656
716.0	-0.02554970982317211
717.0	-0.025180606102912
718.0	-0.023846285638396594
719.0	-0.02494327819446156
720.0	-0.02463076249114309
721.0	-0.025074528217495444
722.0	-0.023476393234973414
723.0	-0.026217527291399086
724.0	-0.026297907250422834
725.0	-0.025615630590875432
726.0	-0.025293519242407688
727.0	-0.024349728390745597
728.0	-0.023887297162869872
729.0	-0.02346725765500265
730.0	-0.025628578139466993
731.0	-0.024466190604474188
732.0	-0.02507886597489172
733.0	-0.024894248391164844
734.0	-0.025506660867194487
735.0	-0.02442011836303884
736.0	-0.02491784316245634
737.0	-0.02507945748726387
738.0	-0.027097960595637686
739.0	-0.02583008668760048
740.0	-0.02746331807087367
741.0	-0.0256328501732663
742.0	-0.02461176837163516
743.0	-0.02722263825898033
744.0	-0.026460704599974974
745.0	-0.027507878669580155
746.0	-0.026517884129288766
747.0	-0.02626491400477299
748.0	-0.027017580636613636
749.0	-0.026035012862773224
750.0	-0.02705800064871476
751.0	-0.027991801513646355
752.0	-0.02620260803489985
753.0	-0.02756085188869161
754.0	-0.027128719238992568
755.0	-0.026359490260729875
756.0	-0.02748080054765243
757.0	-0.026890865541766645
758.0	-0.02686109275236545
759.0	-0.02768309777894868
760.0	-0.026540953111805078
761.0	-0.02623724437047281
762.0	-0.028185357506553377
763.0	-0.028476907382456854
764.0	-0.026446245408654246
765.0	-0.027883883367516068
766.0	-0.02907223172328927
767.0	-0.02949503162222663
768.0	-0.028794155184752836
769.0	-0.02732746739605561
770.0	-0.02827493876914486
771.0	-0.02734343823010551
772.0	-0.027918914044670562
773.0	-0.02856142792808596
774.0	-0.029847507272468026
775.0	-0.027765778063864665
776.0	-0.028408620565264626
777.0	-0.029195923532678532
778.0	-0.029031351646009635
779.0	-0.02751832872148947
780.0	-0.02936411021717731
781.0	-0.02934143557624253
782.0	-0.031088828847352378
783.0	-0.02992762433710418
784.0	-0.03045715935742753
785.0	-0.029575345857653708
786.0	-0.029869130335852145
787.0	-0.029033783419095516
788.0	-0.02927321448264727
789.0	-0.027200357959627088
790.0	-0.028224463046716258
791.0	-0.029790459190347878
792.0	-0.028078162319989188
793.0	-0.029915071130093854
794.0	-0.02969463418604972
795.0	-0.029186393611126234
796.0	-0.028718638771900548
797.0	-0.02788066291126742
798.0	-0.02959808622218546
799.0	-0.02817418449507827
800.0	-0.030479965445555948
801.0	-0.030673389991269333
802.0	-0.03022679815024956
803.0	-0.03052925814324025
804.0	-0.03054614910764686
805.0	-0.02900276188135274
806.0	-0.03242722417487678
807.0	-0.02961997217995717
808.0	-0.029904621078184843
809.0	-0.03231168209150459
810.0	-0.02917042277707634
811.0	-0.029801960819807547
812.0	-0.029107065229652843
813.0	-0.028727051392305213
814.0	-0.029340186827901255
815.0	-0.030057165546618587
816.0	-0.030969080453778167
817.0	-0.02968286966220246
818.0	-0.029557008974115208
819.0	-0.030953241066922217
820.0	-0.03125826428019274
821.0	-0.03194888783654813
822.0	-0.03169131706024849
823.0	-0.03282978120596524
824.0	-0.03226074630389748
825.0	-0.033351232223868175
826.0	-0.0321654470883745
827.0	-0.03206909629530086
828.0	-0.03146273039018728
829.0	-0.031580178457869555
830.0	-0.03263247896803409
831.0	-0.0306956045670256
832.0	-0.0326322160736465
833.0	-0.031525956490416826
834.0	-0.031846030407380224
835.0	-0.032044910011637215
836.0	-0.03131373499598674
837.0	-0.03231391669379955
838.0	-0.032151053620650745
839.0	-0.031160533291583872
840.0	-0.03217556852229895
841.0	-0.03437198540751476
842.0	-0.0330118355694126
843.0	-0.03398119290027355
844.0	-0.03292475180350366
845.0	-0.034744901096395664
846.0	-0.03240205203725915
847.0	-0.03210189237016039
848.0	-0.03306756917959419
849.0	-0.03418454170912046
850.0	-0.032482366272686226
851.0	-0.033893451898395495
852.0	-0.032951829925431386
853.0	-0.03197787194278656
854.0	-0.03250037453824016
855.0	-0.03280625215827042
856.0	-0.033417021544377555
857.0	-0.0333221166704358
858.0	-0.03311127537154094
859.0	-0.03402516198660789
860.0	-0.03290792656269403
861.0	-0.03371264628328942
862.0	-0.033390272040434085
863.0	-0.03474706997509365
864.0	-0.03423620045629367
865.0	-0.03321682746818232
866.0	-0.03457816033102878
867.0	-0.033209400701731034
868.0	-0.03489764273562002
869.0	-0.03476974461602843
870.0	-0.034308167794912754
871.0	-0.033520996274692794
872.0	-0.0363187183480601
873.0	-0.03580535133257727
874.0	-0.03554850351584342
875.0	-0.03609887291638812
876.0	-0.0354340130100222
877.0	-0.03641848676817301
878.0	-0.03467891460509567
879.0	-0.03344797735852305
880.0	-0.03776700352962155
881.0	-0.036179975834977965
882.0	-0.03700428118745312
883.0	-0.03787321286223205
884.0	-0.03837915311126391
885.0	-0.03734880428246806
886.0	-0.03794452296488201
887.0	-0.03599568686923565
888.0	-0.035363820208519574
889.0	-0.0359057769886593
890.0	-0.035004706474990266
891.0	-0.03650320448459304
892.0	-0.03513240742379125
893.0	-0.03689958349757179
894.0	-0.03676603314864567
895.0	-0.03711219933358341
896.0	-0.03686350124286694
897.0	-0.03647067130412139
898.0	-0.03718876732398636
899.0	-0.03685180244261635
900.0	-0.037461914592754365
901.0	-0.03765882248910398
902.0	-0.03860543945543319
903.0	-0.0367747743870352
904.0	-0.03637911833362254
905.0	-0.03863100593463205
906.0	-0.03682038656329235
907.0	-0.03596013040330598
908.0	-0.03691640873838143
909.0	-0.037371873264984375
910.0	-0.036344481998049585
911.0	-0.03617925287541186
912.0	-0.03781885944758568
913.0	-0.0364161207186841
914.0	-0.03629926416337397
915.0	-0.036992253769218275
916.0	-0.03662906517268028
917.0	-0.034801620560530946
918.0	-0.03699711731538974
919.0	-0.03579661009418774
920.0	-0.0378171506340659
921.0	-0.03803502435783051
922.0	-0.038917297922782534
923.0	-0.037985797383743185
924.0	-0.03733243910683693
925.0	-0.03810416558178217
926.0	-0.03677556307019797
927.0	-0.03793650468605888
928.0	-0.03662361011413667
929.0	-0.03668414154689306
930.0	-0.03745902275449028
931.0	-0.037174373856262606
932.0	-0.03794117106143942
933.0	-0.03719409093533633
934.0	-0.03662367583773365
935.0	-0.037652447300203354
936.0	-0.03719067330829676
937.0	-0.03775983965755816
938.0	-0.03786552320139348
939.0	-0.03782497174209841
940.0	-0.03881089141938142
941.0	-0.040829460251351896
942.0	-0.03972885289745675
943.0	-0.03873406053459088
944.0	-0.0398092328564808
945.0	-0.038166274380864396
946.0	-0.037737230740220354
947.0	-0.0384753724571436
948.0	-0.0371441410016829
949.0	-0.03847747561224462
950.0	-0.03839453243294135
951.0	-0.03717660845855757
952.0	-0.03835299511969259
953.0	-0.03789877934143092
954.0	-0.037715870571223824
955.0	-0.039353702606280884
956.0	-0.03933359118562563
957.0	-0.03870790254301956
958.0	-0.038714672073501724
959.0	-0.041511736910899606
960.0	-0.04016814941921949
961.0	-0.040491838134013074
962.0	-0.040213432977492074
963.0	-0.04187558274340673
964.0	-0.04035736765473023
965.0	-0.037796776319023055
966.0	-0.03946786449411785
967.0	-0.03803364416229529
968.0	-0.039068856537262595
969.0	-0.03947364817064602
970.0	-0.039515448378282365
971.0	-0.03992641802977549
972.0	-0.039592936499042025
973.0	-0.03945840029616222
974.0	-0.04089623542581496
975.0	-0.04032950084963944
976.0	-0.03989756537073101
977.0	-0.04009486760866216
978.0	-0.03959359373501115
979.0	-0.042374227673180935
980.0	-0.04105278903366042
981.0	-0.041389688191433155
982.0	-0.04104555943800006
983.0	-0.04119317463666507
984.0	-0.04100303627079761
985.0	-0.04064858891264915
986.0	-0.040305774631154
987.0	-0.04184304956293509
988.0	-0.04080179061705171
989.0	-0.04137292867422049
990.0	-0.04114079292992607
991.0	-0.0407534837733211
992.0	-0.040823873745614345
993.0	-0.04142044683478834
994.0	-0.039054660240329456
995.0	-0.0404643656705035
996.0	-0.039443941104841486
997.0	-0.040716875729841076
998.0	-0.04123458050271988
999.0	-0.04086087613067621
1000.0	-0.04268575752254572
1001.0	-0.042597162113907926
1002.0	-0.0421044980314525
1003.0	-0.04082137624893179
1004.0	-0.04045102378033041
1005.0	-0.039475817049344004
1006.0	-0.04053284965848635
1007.0	-0.0405013023319684
1008.0	-0.0391919568342794
1009.0	-0.03937059357068749
1010.0	-0.04060304245998867
1011.0	-0.03827452114497924
1012.0	-0.04032805493050724
1013.0	-0.040049518326792606
1014.0	-0.03878006705242956
1015.0	-0.03765698222839025
1016.0	-0.0404348557754899
1017.0	-0.038158256102041266
1018.0	-0.04017728499919025
1019.0	-0.03948252085622919
1020.0	-0.040513066855815655
1021.0	-0.0385937406551829
1022.0	-0.03971301351060111
1023.0	-0.037350513095987845
1024.0	-0.037747943686516953
1025.0	-0.03874858544950827
1026.0	-0.037664343271244564
1027.0	-0.03822424259334126
1028.0	-0.037845740398722794
1029.0	-0.037743737376314625
1030.0	-0.03662176985342295
1031.0	-0.037365629523277696
1032.0	-0.036378395374056446
1033.0	-0.037061132098782354
1034.0	-0.03619804982412887
1035.0	-0.03596643986860963
1036.0	-0.03650892243752454
1037.0	-0.03763174436717595
1038.0	-0.0372529792781699
1039.0	-0.03573266103439209
1040.0	-0.03710713861662104
1041.0	-0.03408076414959584
1042.0	-0.03436048377805508
1043.0	-0.034129991123683166
1044.0	-0.034642569456002935
1045.0	-0.03442305264231551
1046.0	-0.03452459559954517
1047.0	-0.03466511264974407
1048.0	-0.035678307619745414
1049.0	-0.032598828486414815
1050.0	-0.033157084718589004
1051.0	-0.034848350037935724
1052.0	-0.03331514996916333
1053.0	-0.03352585982086425
1054.0	-0.03392611652606078
1055.0	-0.03389470064673677
1056.0	-0.03310536024781882
1057.0	-0.03338797171454215
1058.0	-0.03298120837325136
1059.0	-0.03301341293573843
1060.0	-0.033308511885875115
1061.0	-0.032408755844144335
1062.0	-0.03229656566421474
1063.0	-0.03167666069813715
1064.0	-0.030634415898300092
1065.0	-0.03268768678944051
1066.0	-0.033371146473732516
1067.0	-0.03225082204076365
1068.0	-0.02999597687789308
1069.0	-0.03272383476774233
1070.0	-0.031260235988100106
1071.0	-0.030033702222520737
1072.0	-0.03168842522198441
1073.0	-0.031179395963897853
1074.0	-0.031015875654779614
1075.0	-0.030138137018014485
1076.0	-0.031661872888831856
1077.0	-0.030782425438546944
1078.0	-0.03121790999168858
1079.0	-0.03028634372905195
1080.0	-0.03000800429612793
1081.0	-0.029884378210335946
1082.0	-0.03047339308586471
1083.0	-0.02876885159994156
1084.0	-0.028680847703675915
1085.0	-0.02904213031590351
1086.0	-0.030615421778792472
1087.0	-0.03021095876339361
1088.0	-0.028697541497291604
1089.0	-0.030400505616888916
1090.0	-0.028958727071421428
1091.0	-0.0294124827845049
1092.0	-0.030027524204411033
1093.0	-0.028844236565600208
1094.0	-0.028460805101213318
1095.0	-0.029433054270338356
1096.0	-0.02886231055475112
1097.0	-0.027471402073293773
1098.0	-0.02922602494006429
1099.0	-0.02673411476313057
1100.0	-0.027978656794263874
1101.0	-0.028547625972734355
1102.0	-0.02723611159634737
1103.0	-0.02848946058946688
1104.0	-0.02742835311731615
1105.0	-0.02783018718883882
1106.0	-0.02695257999926733
1107.0	-0.028003566037493613
1108.0	-0.02763025600703117
1109.0	-0.026776046417960556
1110.0	-0.029136575124666452
1111.0	-0.02693674061241138
1112.0	-0.02723598014915373
1113.0	-0.02835091524717566
1114.0	-0.027868175427854063
1115.0	-0.027326415818505256
1116.0	-0.02777865988885925
1117.0	-0.02787435344596377
1118.0	-0.027053137102543305
1119.0	-0.028554526950410157
1120.0	-0.02744695289524254
1121.0	-0.027819737136929503
1122.0	-0.029206373584587542
1123.0	-0.027929101202191983
1124.0	-0.028461199442794547
1125.0	-0.028667702984293435
1126.0	-0.02791694233676319
1127.0	-0.028199750974277134
1128.0	-0.028202445641750604
1129.0	-0.027319317670038534
1130.0	-0.026586499564465252
1131.0	-0.026493434951237228
1132.0	-0.027161712484642716
1133.0	-0.028119568186044004
1134.0	-0.026610948742516786
1135.0	-0.027780368702379033
1136.0	-0.02720653597773679
1137.0	-0.027748492757876518
1138.0	-0.0267661878784237
1139.0	-0.026377958591462324
1140.0	-0.02778431211819378
1141.0	-0.027139037843707938
1142.0	-0.027880400016879834
1143.0	-0.027954076169018696
1144.0	-0.02912822822785876
1145.0	-0.026775389181991432
1146.0	-0.027769458585291514
1147.0	-0.027148107700081726
1148.0	-0.02719713750337844
1149.0	-0.02837950501183255
1150.0	-0.028070406935553648
1151.0	-0.028618870351787642
1152.0	-0.028156307676717975
1153.0	-0.028187329214460752
1154.0	-0.029556088843758495
1155.0	-0.0273353542276851
1156.0	-0.02879244637123305
1157.0	-0.029333483021016068
1158.0	-0.029581326704972797
1159.0	-0.029079001253771126
1160.0	-0.03047227578471738
1161.0	-0.02810635774306455
1162.0	-0.0278647578008145
1163.0	-0.0273682160261413
1164.0	-0.02927912960636939
1165.0	-0.026882650092152596
1166.0	-0.027119255041037245
1167.0	-0.027172162536551726
1168.0	-0.028014278983790213
1169.0	-0.028498267551453387
1170.0	-0.028841936239708276
1171.0	-0.028930597371943045
1172.0	-0.029362730021642088
1173.0	-0.028979232833658223
1174.0	-0.029995319641923958
1175.0	-0.0277287756788028
1176.0	-0.02889550097119188
1177.0	-0.029123167510896383
1178.0	-0.028848508599399515
1179.0	-0.02853356112299516
1180.0	-0.0279893040169635
1181.0	-0.029305681939522245
1182.0	-0.029132303090867145
1183.0	-0.027572682136135843
1184.0	-0.029590988073718738
1185.0	-0.03005867718934745
1186.0	-0.028958069835452304
1187.0	-0.02816248569482768
1188.0	-0.02980051490067566
1189.0	-0.029399535235913033
1190.0	-0.02926545909821173
1191.0	-0.03042298308703308
1192.0	-0.02989325089591912
1193.0	-0.030727349064334167
1194.0	-0.029903043711859006
1195.0	-0.029415703240753543
1196.0	-0.02921288022068181
1197.0	-0.02963528577803794
1198.0	-0.02938796788285639
1199.0	-0.029494242939063865
1200.0	-0.029688784785924575
1201.0	-0.02905087155429274
1202.0	-0.0281703068028605
1203.0	-0.02868341092395544
1204.0	-0.028817618508850687
1205.0	-0.02936641054306924
1206.0	-0.02856622575066075
1207.0	-0.028686631380204084
1208.0	-0.02983482261826375
1209.0	-0.02786199740974436
1210.0	-0.03181277426734249
1211.0	-0.029752076609751096
1212.0	-0.03045124423370541
1213.0	-0.029073151853645982
1214.0	-0.029705807197524827
1215.0	-0.02911869830630646
1216.0	-0.02895977864897209
1217.0	-0.029956411272551692
1218.0	-0.02935425167764045
1219.0	-0.028945648075635922
1220.0	-0.03017513940307635
1221.0	-0.02986485830205284
1222.0	-0.029884181039545023
1223.0	-0.02918106999977627
1224.0	-0.02947584033192839
1225.0	-0.03055824224947868
1226.0	-0.03022844124017237
1227.0	-0.029912376462620384
1228.0	-0.030131433211129603
1229.0	-0.03079458430397574
1230.0	-0.030644865950209103
1231.0	-0.03044710364709975
1232.0	-0.029590330837749614
1233.0	-0.030182697616721276
1234.0	-0.03002305499982111
1235.0	-0.030287000965021075
1236.0	-0.030370732827487718
1237.0	-0.02864700005126603
1238.0	-0.029642778268085892
1239.0	-0.029317183568981914
1240.0	-0.02971960915287643
1241.0	-0.029088399728129783
1242.0	-0.030585188924212765
1243.0	-0.0314507686955491
1244.0	-0.030094365102471068
1245.0	-0.030738259181421687
1246.0	-0.030343786152753634
1247.0	-0.02942490454432128
1248.0	-0.03072813774749724
1249.0	-0.031661741441637914
1250.0	-0.03155467770226767
1251.0	-0.030460642708063763
1252.0	-0.03179647481530833
1253.0	-0.030777824786763077
1254.0	-0.029746292933222927
1255.0	-0.03067233841371867
1256.0	-0.030575593279063493
1257.0	-0.031264836639883976
1258.0	-0.030977164456198268
1259.0	-0.03242991884234994
1260.0	-0.032174977009926796
1261.0	-0.03332520567949081
1262.0	-0.030926360115785104
1263.0	-0.030929646295630726
1264.0	-0.031952502634378314
1265.0	-0.03227152497379106
1266.0	-0.031948953560145106
1267.0	-0.031545936463878134
1268.0	-0.03171635775067218
1269.0	-0.03182900799577997
