0.000000	37.630555
1.000000	37.663520
2.000000	37.610796
3.000000	37.660436
4.000000	37.643838
5.000000	37.573901
6.000000	37.611295
7.000000	37.581837
8.000000	37.570814
9.000000	37.565948
10.000000	37.557382
11.000000	37.540271
12.000000	37.570347
13.000000	37.531663
14.000000	37.586626
15.000000	37.587994
16.000000	37.550973
17.000000	37.521581
18.000000	37.496211
19.000000	37.539836
20.000000	37.493185
21.000000	37.496270
22.000000	37.465570
23.000000	37.492034
24.000000	37.567998
25.000000	37.504416
26.000000	37.528391
27.000000	37.509778
28.000000	37.502420
29.000000	37.452595
30.000000	37.498444
31.000000	37.464629
32.000000	37.487944
33.000000	37.465118
34.000000	37.452963
35.000000	37.455732
36.000000	37.437749
37.000000	37.432688
38.000000	37.474063
39.000000	37.526741
40.000000	37.513204
41.000000	37.514189
42.000000	37.512169
43.000000	37.441757
44.000000	37.507454
45.000000	37.459869
46.000000	37.457439
47.000000	37.462761
48.000000	37.449419
49.000000	37.401558
50.000000	37.488078
51.000000	37.441854
52.000000	37.456562
53.000000	37.463268
54.000000	37.426518
55.000000	37.409960
56.000000	37.412339
57.000000	37.424332
58.000000	37.407804
59.000000	37.410044
60.000000	37.446522
61.000000	37.413628
62.000000	37.392276
63.000000	37.354558
64.000000	37.397351
65.000000	37.358844
66.000000	37.362778
67.000000	37.470415
68.000000	37.470991
69.000000	37.391387
70.000000	37.429450
71.000000	37.432767
72.000000	37.335397
73.000000	37.454472
74.000000	37.426195
75.000000	37.372658
76.000000	37.403445
77.000000	37.362264
78.000000	37.402316
79.000000	37.379734
80.000000	37.424836
81.000000	37.416579
82.000000	37.408303
83.000000	37.482538
84.000000	37.347262
85.000000	37.404741
86.000000	37.390787
87.000000	37.340443
88.000000	37.412561
89.000000	37.347611
90.000000	37.379751
91.000000	37.408691
92.000000	37.374690
93.000000	37.367542
94.000000	37.385941
95.000000	37.386677
96.000000	37.318859
97.000000	37.388062
98.000000	37.376348
99.000000	37.398670
100.000000	37.369459
101.000000	37.342239
102.000000	37.338568
103.000000	37.375836
104.000000	37.376152
105.000000	37.340364
106.000000	37.322447
107.000000	37.417012
108.000000	37.392770
109.000000	37.383258
110.000000	37.344079
111.000000	37.327953
112.000000	37.398683
113.000000	37.332900
114.000000	37.353027
115.000000	37.366900
116.000000	37.389038
117.000000	37.338968
118.000000	37.320551
119.000000	37.374112
120.000000	37.336301
121.000000	37.303313
122.000000	37.419810
123.000000	37.272573
124.000000	37.351802
125.000000	37.328620
126.000000	37.322956
127.000000	37.363475
128.000000	37.329074
129.000000	37.340776
130.000000	37.382633
131.000000	37.332013
132.000000	37.287471
133.000000	37.300503
134.000000	37.340537
135.000000	37.312610
136.000000	37.314455
137.000000	37.292572
138.000000	37.243957
139.000000	37.268024
140.000000	37.313776
141.000000	37.228165
142.000000	37.259349
143.000000	37.250510
144.000000	37.263482
145.000000	37.190966
146.000000	37.222047
147.000000	37.238111
148.000000	37.259955
149.000000	37.217495
150.000000	37.197118
151.000000	37.166013
152.000000	37.195105
153.000000	37.179938
154.000000	37.201823
155.000000	37.240887
156.000000	37.206227
157.000000	37.167618
158.000000	37.174991
159.000000	37.171669
160.000000	37.143823
161.000000	37.182020
162.000000	37.156857
163.000000	37.212642
164.000000	37.214872
165.000000	37.170636
166.000000	37.126971
167.000000	37.231445
168.000000	37.130891
169.000000	37.172795
170.000000	37.131153
171.000000	37.173985
172.000000	37.127245
173.000000	37.130565
174.000000	37.119646
175.000000	37.085206
176.000000	37.124309
177.000000	37.124316
178.000000	37.108719
179.000000	37.104481
180.000000	37.087626
181.000000	37.106780
182.000000	37.070782
183.000000	37.127191
184.000000	37.061337
185.000000	37.065731
186.000000	37.126522
187.000000	37.084126
188.000000	37.052994
189.000000	37.122353
190.000000	37.078994
191.000000	37.125951
192.000000	37.085221
193.000000	37.042331
194.000000	37.068151
195.000000	37.126423
196.000000	37.057420
197.000000	37.042306
198.000000	37.055799
199.000000	37.066375
200.000000	37.041210
201.000000	37.051097
202.000000	37.010203
203.000000	37.028273
204.000000	37.020144
205.000000	37.041296
206.000000	36.956451
207.000000	37.031923
208.000000	37.040041
209.000000	37.056508
210.000000	37.000600
211.000000	37.041768
212.000000	37.015022
213.000000	37.023394
214.000000	37.011759
215.000000	37.064162
216.000000	37.036759
217.000000	37.054490
218.000000	37.025916
219.000000	37.027215
220.000000	37.041659
221.000000	37.075618
222.000000	37.013829
223.000000	37.068112
224.000000	37.049906
225.000000	37.025963
226.000000	37.009287
227.000000	36.999069
228.000000	36.947574
229.000000	37.008951
230.000000	37.002321
231.000000	36.998172
232.000000	36.980871
233.000000	37.013629
234.000000	37.049417
235.000000	37.013335
236.000000	37.032410
237.000000	36.963196
238.000000	37.037653
239.000000	37.040958
240.000000	36.957066
241.000000	36.991802
242.000000	37.009158
243.000000	36.949585
244.000000	36.938631
245.000000	36.963292
246.000000	37.009687
247.000000	37.003134
248.000000	37.019378
249.000000	37.014471
250.000000	36.990471
251.000000	37.023096
252.000000	37.048918
253.000000	37.025869
254.000000	37.045791
255.000000	37.019727
256.000000	37.005900
257.000000	37.037680
258.000000	37.013206
259.000000	36.951504
260.000000	37.003996
261.000000	36.972843
262.000000	36.991708
263.000000	37.028166
264.000000	36.970295
265.000000	37.014496
266.000000	37.023392
267.000000	37.036013
268.000000	37.031594
269.000000	37.023214
270.000000	37.010102
271.000000	37.027749
272.000000	36.991363
273.000000	36.924535
274.000000	36.974165
275.000000	36.974115
276.000000	36.933493
277.000000	36.976561
278.000000	37.028917
279.000000	36.952931
280.000000	36.979206
281.000000	36.995920
282.000000	36.988927
283.000000	36.968944
284.000000	36.970206
285.000000	36.983612
286.000000	36.961862
287.000000	36.958642
288.000000	36.989152
289.000000	36.954416
290.000000	36.953490
291.000000	36.941412
292.000000	37.001440
293.000000	36.928736
294.000000	36.958965
295.000000	36.994329
296.000000	36.929789
297.000000	37.031402
298.000000	36.979870
299.000000	36.943185
300.000000	36.966898
301.000000	36.942849
302.000000	36.932918
303.000000	36.940989
304.000000	36.962707
305.000000	36.932016
306.000000	36.954727
307.000000	36.907083
308.000000	36.989342
309.000000	36.958637
310.000000	36.953223
311.000000	36.943583
312.000000	36.919232
313.000000	36.922893
314.000000	36.867348
315.000000	36.938327
316.000000	36.863240
317.000000	36.933219
318.000000	36.921939
319.000000	36.975634
320.000000	36.888314
321.000000	36.876101
322.000000	36.958582
323.000000	36.976877
324.000000	36.937571
325.000000	36.972992
326.000000	36.886452
327.000000	36.977778
328.000000	36.917931
329.000000	36.965831
330.000000	36.930292
331.000000	36.998019
332.000000	36.973597
333.000000	36.955376
334.000000	36.890088
335.000000	36.986465
336.000000	36.958286
337.000000	37.004621
338.000000	36.942118
339.000000	36.969672
340.000000	36.926059
341.000000	36.955028
342.000000	36.957204
343.000000	36.909432
344.000000	36.901427
345.000000	36.907599
346.000000	36.925780
347.000000	36.940192
348.000000	36.909123
349.000000	36.881016
350.000000	36.901889
351.000000	36.870457
352.000000	36.947327
353.000000	36.955288
354.000000	36.902679
355.000000	36.909338
356.000000	36.899589
357.000000	36.859901
358.000000	36.865801
359.000000	36.916212
360.000000	36.877244
361.000000	36.853877
362.000000	36.920890
363.000000	36.905428
364.000000	36.909153
365.000000	36.904798
366.000000	36.841426
367.000000	36.903956
368.000000	36.910926
369.000000	36.906443
370.000000	36.942333
371.000000	36.961151
372.000000	36.921944
373.000000	36.940505
374.000000	36.900560
375.000000	36.882540
376.000000	36.905952
377.000000	36.899804
378.000000	36.917908
379.000000	36.848463
380.000000	36.908775
381.000000	36.876414
382.000000	36.898688
383.000000	36.885867
384.000000	36.839193
385.000000	36.919926
386.000000	36.904173
387.000000	36.875807
388.000000	36.857404
389.000000	36.902961
390.000000	36.911716
391.000000	36.909896
392.000000	36.922606
393.000000	36.944465
394.000000	36.965948
395.000000	36.952660
396.000000	36.912280
397.000000	36.935084
398.000000	37.028678
399.000000	36.955127
400.000000	36.962737
401.000000	36.976909
402.000000	37.026457
403.000000	37.012411
404.000000	37.002077
405.000000	36.994250
406.000000	37.022770
407.000000	36.970492
408.000000	37.021532
409.000000	37.005471
410.000000	37.009585
411.000000	37.026647
412.000000	36.978865
413.000000	36.970253
414.000000	37.039073
415.000000	37.006686
416.000000	36.950333
417.000000	36.998496
418.000000	36.978559
419.000000	36.956068
420.000000	37.019786
421.000000	36.986272
422.000000	36.973777
423.000000	36.993739
424.000000	36.992817
425.000000	37.029829
426.000000	37.021678
427.000000	37.048634
428.000000	37.024009
429.000000	37.078330
430.000000	37.014985
431.000000	37.006693
432.000000	37.039350
433.000000	36.995285
434.000000	37.004744
435.000000	36.974565
436.000000	36.993687
437.000000	36.937991
438.000000	36.952660
439.000000	36.954757
440.000000	36.967032
441.000000	37.017738
442.000000	36.933538
443.000000	37.030332
444.000000	36.966837
445.000000	36.941402
446.000000	37.001709
447.000000	36.980428
448.000000	37.030241
449.000000	36.962104
450.000000	36.946678
451.000000	37.009124
452.000000	36.984482
453.000000	36.919623
454.000000	36.926469
455.000000	36.944707
456.000000	36.966276
457.000000	36.952544
458.000000	36.990160
459.000000	36.936225
460.000000	36.951694
461.000000	36.979018
462.000000	37.026813
463.000000	36.923562
464.000000	36.939285
465.000000	36.910002
466.000000	36.952996
467.000000	36.950140
468.000000	36.948666
469.000000	36.902973
470.000000	36.929554
471.000000	36.905813
472.000000	36.887771
473.000000	36.865762
474.000000	36.917671
475.000000	36.910435
476.000000	36.896391
477.000000	36.865374
478.000000	36.866471
479.000000	36.855761
480.000000	36.889428
481.000000	36.868412
482.000000	36.862558
483.000000	36.872524
484.000000	36.869333
485.000000	36.913082
486.000000	36.852634
487.000000	36.799255
488.000000	36.912173
489.000000	36.841488
490.000000	36.825325
491.000000	36.853973
492.000000	36.843896
493.000000	36.823080
494.000000	36.843610
495.000000	36.808945
496.000000	36.800876
497.000000	36.838141
498.000000	36.865725
499.000000	36.865638
500.000000	36.831957
501.000000	36.874135
502.000000	36.840861
503.000000	36.822539
504.000000	36.847475
505.000000	36.848352
506.000000	36.837062
507.000000	36.819946
508.000000	36.811842
509.000000	36.776263
510.000000	36.811118
511.000000	36.795447
512.000000	36.748603
513.000000	36.824120
514.000000	36.836677
515.000000	36.792332
516.000000	36.776923
517.000000	36.813344
518.000000	36.781139
519.000000	36.782475
520.000000	36.748556
521.000000	36.770425
522.000000	36.770928
523.000000	36.796151
524.000000	36.754234
525.000000	36.804435
526.000000	36.756630
527.000000	36.751281
528.000000	36.717152
529.000000	36.698163
530.000000	36.750880
531.000000	36.754726
532.000000	36.801854
533.000000	36.800132
534.000000	36.760271
535.000000	36.742001
536.000000	36.763205
537.000000	36.790028
538.000000	36.797215
539.000000	36.763664
540.000000	36.797131
541.000000	36.830220
542.000000	36.772193
543.000000	36.844160
544.000000	36.790203
545.000000	36.791134
546.000000	36.863319
547.000000	36.853862
548.000000	36.819736
549.000000	36.818404
550.000000	36.827447
551.000000	36.888507
552.000000	36.820867
553.000000	36.850896
554.000000	36.875925
555.000000	36.832710
556.000000	36.876901
557.000000	36.890421
558.000000	36.906290
559.000000	36.805761
560.000000	36.859022
561.000000	36.867842
562.000000	36.934597
563.000000	36.920430
564.000000	36.883925
565.000000	36.881344
566.000000	36.872398
567.000000	36.907819
568.000000	36.947873
569.000000	36.860755
570.000000	36.861758
571.000000	36.861000
572.000000	36.904475
573.000000	36.942452
574.000000	36.947340
575.000000	36.874342
576.000000	36.886405
577.000000	36.849429
578.000000	36.887455
579.000000	36.937784
580.000000	36.960210
581.000000	36.919529
582.000000	36.891090
583.000000	36.900619
584.000000	36.973713
585.000000	36.879242
586.000000	36.874577
587.000000	36.901615
588.000000	36.943215
589.000000	36.932029
590.000000	36.959523
591.000000	36.899127
592.000000	36.901805
593.000000	36.947478
594.000000	36.926089
595.000000	36.971767
596.000000	36.930107
597.000000	36.958466
598.000000	36.944437
599.000000	36.930070
600.000000	36.937161
601.000000	36.987030
602.000000	36.928531
603.000000	36.996243
604.000000	37.004772
605.000000	36.965212
606.000000	36.896413
607.000000	36.941985
608.000000	36.896240
609.000000	36.994981
610.000000	36.962124
611.000000	36.950699
612.000000	36.978423
613.000000	36.942649
614.000000	36.963320
615.000000	36.992071
616.000000	36.991864
617.000000	36.884538
618.000000	36.992548
619.000000	36.927180
620.000000	36.912954
621.000000	36.897665
622.000000	36.928657
623.000000	36.929287
624.000000	36.917689
625.000000	36.894790
626.000000	36.914409
627.000000	37.040101
628.000000	36.922816
629.000000	36.905818
630.000000	36.949595
631.000000	36.924585
632.000000	36.886620
633.000000	36.893998
634.000000	36.847749
635.000000	36.888949
636.000000	36.886724
637.000000	36.926970
638.000000	36.942694
639.000000	36.894440
640.000000	36.885299
641.000000	36.817100
642.000000	36.903924
643.000000	36.879418
644.000000	36.891451
645.000000	36.852585
646.000000	36.878665
647.000000	36.876271
648.000000	36.883063
649.000000	36.872883
650.000000	36.889902
651.000000	36.902025
652.000000	36.815468
653.000000	36.825599
654.000000	36.848816
655.000000	36.908871
656.000000	36.844467
657.000000	36.831594
658.000000	36.865241
659.000000	36.899241
660.000000	36.856670
661.000000	36.849762
662.000000	36.844805
663.000000	36.815287
664.000000	36.789327
665.000000	36.771457
666.000000	36.846010
667.000000	36.786602
668.000000	36.820328
669.000000	36.789060
670.000000	36.828311
671.000000	36.828815
672.000000	36.810108
673.000000	36.808668
674.000000	36.859693
675.000000	36.773146
676.000000	36.748984
677.000000	36.809550
678.000000	36.781097
679.000000	36.762857
680.000000	36.793172
681.000000	36.774863
682.000000	36.757166
683.000000	36.738482
684.000000	36.766777
685.000000	36.753615
686.000000	36.745316
687.000000	36.748749
688.000000	36.729402
689.000000	36.758873
690.000000	36.690386
691.000000	36.788632
692.000000	36.735930
693.000000	36.777135
694.000000	36.734735
695.000000	36.720990
696.000000	36.683312
697.000000	36.695014
698.000000	36.669372
699.000000	36.698872
700.000000	36.680141
701.000000	36.671615
702.000000	36.695612
703.000000	36.620980
704.000000	36.611438
705.000000	36.628295
706.000000	36.622580
707.000000	36.634149
708.000000	36.661844
709.000000	36.640953
710.000000	36.693839
711.000000	36.665008
712.000000	36.653162
713.000000	36.659549
714.000000	36.647637
715.000000	36.667808
716.000000	36.619638
717.000000	36.633509
718.000000	36.683653
719.000000	36.642428
720.000000	36.654172
721.000000	36.637496
722.000000	36.697553
723.000000	36.594542
724.000000	36.591521
725.000000	36.617161
726.000000	36.629266
727.000000	36.664733
728.000000	36.682112
729.000000	36.697897
730.000000	36.616675
731.000000	36.660357
732.000000	36.637333
733.000000	36.644271
734.000000	36.621256
735.000000	36.662088
736.000000	36.643384
737.000000	36.637310
738.000000	36.561455
739.000000	36.609102
740.000000	36.547725
741.000000	36.616514
742.000000	36.654886
743.000000	36.556770
744.000000	36.585403
745.000000	36.546051
746.000000	36.583255
747.000000	36.592761
748.000000	36.564476
749.000000	36.601401
750.000000	36.562957
751.000000	36.527865
752.000000	36.595103
753.000000	36.544060
754.000000	36.560300
755.000000	36.589207
756.000000	36.547068
757.000000	36.569238
758.000000	36.570357
759.000000	36.539466
760.000000	36.582388
761.000000	36.593801
762.000000	36.520591
763.000000	36.509635
764.000000	36.585947
765.000000	36.531921
766.000000	36.487263
767.000000	36.471374
768.000000	36.497713
769.000000	36.552831
770.000000	36.517225
771.000000	36.552230
772.000000	36.530604
773.000000	36.506459
774.000000	36.458128
775.000000	36.536359
776.000000	36.512201
777.000000	36.482614
778.000000	36.488799
779.000000	36.545658
780.000000	36.476294
781.000000	36.477146
782.000000	36.411479
783.000000	36.455117
784.000000	36.435217
785.000000	36.468356
786.000000	36.457316
787.000000	36.488708
788.000000	36.479710
789.000000	36.557607
790.000000	36.519122
791.000000	36.460272
792.000000	36.524620
793.000000	36.455589
794.000000	36.463873
795.000000	36.482973
796.000000	36.500551
797.000000	36.532042
798.000000	36.467501
799.000000	36.521011
800.000000	36.434360
801.000000	36.427092
802.000000	36.443874
803.000000	36.432508
804.000000	36.431873
805.000000	36.489873
806.000000	36.361183
807.000000	36.466679
808.000000	36.455982
809.000000	36.365525
810.000000	36.483573
811.000000	36.459840
812.000000	36.485954
813.000000	36.500235
814.000000	36.477193
815.000000	36.450249
816.000000	36.415980
817.000000	36.464315
818.000000	36.469045
819.000000	36.416575
820.000000	36.405112
821.000000	36.379159
822.000000	36.388838
823.000000	36.346055
824.000000	36.367439
825.000000	36.326459
826.000000	36.371020
827.000000	36.374641
828.000000	36.397428
829.000000	36.393015
830.000000	36.353469
831.000000	36.426257
832.000000	36.353479
833.000000	36.395052
834.000000	36.383024
835.000000	36.375550
836.000000	36.403028
837.000000	36.365441
838.000000	36.371561
839.000000	36.408785
840.000000	36.370640
841.000000	36.288099
842.000000	36.339213
843.000000	36.302785
844.000000	36.342486
845.000000	36.274085
846.000000	36.362129
847.000000	36.373409
848.000000	36.337119
849.000000	36.295143
850.000000	36.359111
851.000000	36.306082
852.000000	36.341468
853.000000	36.378069
854.000000	36.358434
855.000000	36.346939
856.000000	36.323986
857.000000	36.327553
858.000000	36.335476
859.000000	36.301133
860.000000	36.343118
861.000000	36.312877
862.000000	36.324992
863.000000	36.274004
864.000000	36.293202
865.000000	36.331510
866.000000	36.280351
867.000000	36.331789
868.000000	36.268345
869.000000	36.273151
870.000000	36.290497
871.000000	36.320079
872.000000	36.214941
873.000000	36.234234
874.000000	36.243886
875.000000	36.223203
876.000000	36.248188
877.000000	36.211192
878.000000	36.276565
879.000000	36.322823
880.000000	36.160515
881.000000	36.220155
882.000000	36.189178
883.000000	36.156524
884.000000	36.137511
885.000000	36.176231
886.000000	36.153844
887.000000	36.227081
888.000000	36.250826
889.000000	36.230460
890.000000	36.264322
891.000000	36.208008
892.000000	36.259523
893.000000	36.193113
894.000000	36.198131
895.000000	36.185122
896.000000	36.194469
897.000000	36.209231
898.000000	36.182245
899.000000	36.194908
900.000000	36.171980
901.000000	36.164580
902.000000	36.129007
903.000000	36.197803
904.000000	36.212672
905.000000	36.128046
906.000000	36.196089
907.000000	36.228417
908.000000	36.192480
909.000000	36.175364
910.000000	36.213973
911.000000	36.220182
912.000000	36.158566
913.000000	36.211281
914.000000	36.215672
915.000000	36.189630
916.000000	36.203279
917.000000	36.271954
918.000000	36.189447
919.000000	36.234562
920.000000	36.158631
921.000000	36.150443
922.000000	36.117287
923.000000	36.152293
924.000000	36.176846
925.000000	36.147845
926.000000	36.197773
927.000000	36.154145
928.000000	36.203484
929.000000	36.201209
930.000000	36.172089
931.000000	36.182786
932.000000	36.153970
933.000000	36.182045
934.000000	36.203481
935.000000	36.164820
936.000000	36.182173
937.000000	36.160784
938.000000	36.156813
939.000000	36.158337
940.000000	36.121286
941.000000	36.045429
942.000000	36.086789
943.000000	36.124173
944.000000	36.083769
945.000000	36.145511
946.000000	36.161634
947.000000	36.133895
948.000000	36.183922
949.000000	36.133816
950.000000	36.136933
951.000000	36.182702
952.000000	36.138494
953.000000	36.155563
954.000000	36.162437
955.000000	36.100887
956.000000	36.101643
957.000000	36.125156
958.000000	36.124902
959.000000	36.019789
960.000000	36.070281
961.000000	36.058116
962.000000	36.068579
963.000000	36.006116
964.000000	36.063170
965.000000	36.159396
966.000000	36.096597
967.000000	36.150495
968.000000	36.111592
969.000000	36.096380
970.000000	36.094809
971.000000	36.079365
972.000000	36.091897
973.000000	36.096953
974.000000	36.042919
975.000000	36.064217
976.000000	36.080449
977.000000	36.073034
978.000000	36.091872
979.000000	35.987377
980.000000	36.037036
981.000000	36.024375
982.000000	36.037308
983.000000	36.031760
984.000000	36.038906
985.000000	36.052226
986.000000	36.065109
987.000000	36.007338
988.000000	36.046468
989.000000	36.025005
990.000000	36.033729
991.000000	36.048284
992.000000	36.045639
993.000000	36.023219
994.000000	36.112125
995.000000	36.059149
996.000000	36.097496
997.000000	36.049659
998.000000	36.030204
999.000000	36.044248
1000.000000	35.975669
1001.000000	35.978999
1002.000000	35.997513
1003.000000	36.045732
1004.000000	36.059650
1005.000000	36.096298
1006.000000	36.056575
1007.000000	36.057761
1008.000000	36.106966
1009.000000	36.100252
1010.000000	36.053937
1011.000000	36.141443
1012.000000	36.064271
1013.000000	36.074739
1014.000000	36.122444
1015.000000	36.164650
1016.000000	36.060258
1017.000000	36.145812
1018.000000	36.069937
1019.000000	36.096046
1020.000000	36.057319
1021.000000	36.129446
1022.000000	36.087384
1023.000000	36.176167
1024.000000	36.161231
1025.000000	36.123627
1026.000000	36.164373
1027.000000	36.143332
1028.000000	36.157556
1029.000000	36.161389
1030.000000	36.203553
1031.000000	36.175599
1032.000000	36.212699
1033.000000	36.187042
1034.000000	36.219476
1035.000000	36.228180
1036.000000	36.207793
1037.000000	36.165598
1038.000000	36.179832
1039.000000	36.236965
1040.000000	36.185313
1041.000000	36.299043
1042.000000	36.288531
1043.000000	36.297193
1044.000000	36.277931
1045.000000	36.286180
1046.000000	36.282364
1047.000000	36.277083
1048.000000	36.239008
1049.000000	36.354734
1050.000000	36.333755
1051.000000	36.270197
1052.000000	36.327815
1053.000000	36.319896
1054.000000	36.304855
1055.000000	36.306035
1056.000000	36.335699
1057.000000	36.325078
1058.000000	36.340364
1059.000000	36.339154
1060.000000	36.328064
1061.000000	36.361877
1062.000000	36.366093
1063.000000	36.389389
1064.000000	36.428556
1065.000000	36.351395
1066.000000	36.325710
1067.000000	36.367812
1068.000000	36.452549
1069.000000	36.350036
1070.000000	36.405038
1071.000000	36.451131
1072.000000	36.388947
1073.000000	36.408076
1074.000000	36.414221
1075.000000	36.447206
1076.000000	36.389945
1077.000000	36.422994
1078.000000	36.406629
1079.000000	36.441637
1080.000000	36.452097
1081.000000	36.456742
1082.000000	36.434607
1083.000000	36.498664
1084.000000	36.501971
1085.000000	36.488394
1086.000000	36.429270
1087.000000	36.444470
1088.000000	36.501344
1089.000000	36.437347
1090.000000	36.491528
1091.000000	36.474476
1092.000000	36.451363
1093.000000	36.495831
1094.000000	36.510240
1095.000000	36.473703
1096.000000	36.495152
1097.000000	36.547422
1098.000000	36.481483
1099.000000	36.575129
1100.000000	36.528359
1101.000000	36.506977
1102.000000	36.556264
1103.000000	36.509163
1104.000000	36.549039
1105.000000	36.533939
1106.000000	36.566919
1107.000000	36.527423
1108.000000	36.541452
1109.000000	36.573553
1110.000000	36.484845
1111.000000	36.567514
1112.000000	36.556269
1113.000000	36.514370
1114.000000	36.532511
1115.000000	36.552870
1116.000000	36.535875
1117.000000	36.532279
1118.000000	36.563140
1119.000000	36.506718
1120.000000	36.548340
1121.000000	36.534331
1122.000000	36.482222
1123.000000	36.530221
1124.000000	36.510225
1125.000000	36.502465
1126.000000	36.530678
1127.000000	36.520050
1128.000000	36.519949
1129.000000	36.553137
1130.000000	36.580676
1131.000000	36.584173
1132.000000	36.559060
1133.000000	36.523064
1134.000000	36.579757
1135.000000	36.535811
1136.000000	36.557375
1137.000000	36.537009
1138.000000	36.573923
1139.000000	36.588513
1140.000000	36.535663
1141.000000	36.559912
1142.000000	36.532052
1143.000000	36.529283
1144.000000	36.485158
1145.000000	36.573578
1146.000000	36.536221
1147.000000	36.559571
1148.000000	36.557728
1149.000000	36.513295
1150.000000	36.524911
1151.000000	36.504300
1152.000000	36.521683
1153.000000	36.520517
1154.000000	36.469080
1155.000000	36.552534
1156.000000	36.497777
1157.000000	36.477445
1158.000000	36.468131
1159.000000	36.487008
1160.000000	36.434649
1161.000000	36.523560
1162.000000	36.532639
1163.000000	36.551299
1164.000000	36.479488
1165.000000	36.569547
1166.000000	36.560655
1167.000000	36.558667
1168.000000	36.527020
1169.000000	36.508832
1170.000000	36.495917
1171.000000	36.492585
1172.000000	36.476346
1173.000000	36.490758
1174.000000	36.452573
1175.000000	36.537750
1176.000000	36.493904
1177.000000	36.485349
1178.000000	36.495670
1179.000000	36.507506
1180.000000	36.527959
1181.000000	36.478490
1182.000000	36.485005
1183.000000	36.543616
1184.000000	36.467768
1185.000000	36.450192
1186.000000	36.491553
1187.000000	36.521451
1188.000000	36.459894
1189.000000	36.474963
1190.000000	36.480001
1191.000000	36.436502
1192.000000	36.456409
1193.000000	36.425064
1194.000000	36.456041
1195.000000	36.474355
1196.000000	36.481977
1197.000000	36.466103
1198.000000	36.475397
1199.000000	36.471404
1200.000000	36.464093
1201.000000	36.488065
1202.000000	36.521157
1203.000000	36.501875
1204.000000	36.496831
1205.000000	36.476208
1206.000000	36.506278
1207.000000	36.501754
1208.000000	36.458605
1209.000000	36.532743
1210.000000	36.384274
1211.000000	36.461714
1212.000000	36.435440
1213.000000	36.487228
1214.000000	36.463453
1215.000000	36.485517
1216.000000	36.491489
1217.000000	36.454036
1218.000000	36.476665
1219.000000	36.492020
1220.000000	36.445816
1221.000000	36.457476
1222.000000	36.456750
1223.000000	36.483173
1224.000000	36.472095
1225.000000	36.431419
1226.000000	36.443813
1227.000000	36.455690
1228.000000	36.447458
1229.000000	36.422537
1230.000000	36.428164
1231.000000	36.435595
1232.000000	36.467793
1233.000000	36.445532
1234.000000	36.451531
1235.000000	36.441612
1236.000000	36.438465
1237.000000	36.503243
1238.000000	36.465822
1239.000000	36.478058
1240.000000	36.462934
1241.000000	36.486655
1242.000000	36.430406
1243.000000	36.397878
1244.000000	36.448851
1245.000000	36.424654
1246.000000	36.439478
1247.000000	36.474009
1248.000000	36.425034
1249.000000	36.389950
1250.000000	36.393973
1251.000000	36.435087
1252.000000	36.384886
1253.000000	36.423167
1254.000000	36.461932
1255.000000	36.427131
1256.000000	36.430767
1257.000000	36.404865
1258.000000	36.415676
1259.000000	36.361082
1260.000000	36.370662
1261.000000	36.327437
1262.000000	36.417585
1263.000000	36.417462
1264.000000	36.379023
1265.000000	36.367034
1266.000000	36.379156
1267.000000	36.394301
1268.000000	36.387897
1269.000000	36.383664



