0.0	-0.0015794827966560722
1.0	-0.0022037046362523892
2.0	-0.0012273992855149453
3.0	-0.0006344165299093447
4.0	-0.000988459481802307
5.0	-0.001852180965326147
6.0	-0.0006988541386426131
7.0	-0.0012808080420151438
8.0	-0.00047855701408552713
9.0	-0.0003223615941327267
10.0	-0.00040913682743983805
11.0	0.00046527760418861065
12.0	-0.000280485546059203
13.0	0.0009356553527344862
14.0	0.0003409930764842318
15.0	0.001999687665144189
16.0	0.0014078245899680967
17.0	0.002251503793799173
18.0	0.001512962582323579
19.0	0.0030419421931949333
20.0	0.002968267220916069
21.0	0.002067988171360109
22.0	0.003133923940500367
23.0	0.00447003859734398
24.0	0.004172483523132821
25.0	0.003385404165026629
26.0	0.00339654498530278
27.0	0.004219230181075684
28.0	0.00335259752843434
29.0	0.003536617007066748
30.0	0.0034970922878961043
31.0	0.004703827871079837
32.0	0.0028908973032189147
33.0	0.005058990503402568
34.0	0.003629326546651688
35.0	0.0032788105881123943
36.0	0.0033294761275594496
37.0	0.003969037589043814
38.0	0.004025805386833058
39.0	0.0042958163224717915
40.0	0.002593734117158279
41.0	0.0034650694276046018
42.0	0.0034519691665763543
43.0	0.003612923228355674
44.0	0.0033939137362927183
45.0	0.0030266585553284276
46.0	0.003802149220986665
47.0	0.0031100187633246908
48.0	0.003187780569172369
49.0	0.0033957052249804533
50.0	0.003894410888399541
51.0	0.003239789725135095
52.0	0.0044174696011663695
53.0	0.0026010120399517786
54.0	0.003261847429601496
55.0	0.0023986298022709994
56.0	0.0029552789279306425
57.0	0.0025822014087316042
58.0	0.0032573127238608784
59.0	0.0026545887485160775
60.0	0.004283555821765871
61.0	0.004949709693456992
62.0	0.0033294761275594496
63.0	0.0040799979196337825
64.0	0.003133755988436006
65.0	0.0031484238020658257
66.0	0.0020951404217820113
67.0	0.002475215943667107
68.0	0.0030001221291429503
69.0	0.0028369287065040925
70.0	0.0019504777102558857
71.0	0.002028239516103303
72.0	0.003270189048803224
73.0	0.0020983874950282378
74.0	0.0003544852256627419
75.0	0.0008273822551758588
76.0	-0.0001637028772342255
77.0	0.00041869889831010855
78.0	-8.661287964477396e-05
79.0	0.0002271775607980384
80.0	0.00019806586962403973
81.0	0.0015064684358308657
82.0	-0.0006860337977215474
83.0	-0.00012484996632128713
84.0	-0.0018945048855714742
85.0	-0.0019921410190472943
86.0	-0.00114862976728084
87.0	-0.002310802069359707
88.0	-0.0026081332074849644
89.0	-0.0031181476432448254
90.0	-0.00410928875967645
91.0	-0.0040574475557780855
92.0	-0.003764259235243182
93.0	-0.004231949750757716
94.0	-0.003939825126630781
95.0	-0.004866584618350938
96.0	-0.004868600043124315
97.0	-0.00598301797487363
98.0	-0.005695819944637836
99.0	-0.005814841974322352
100.0	-0.005816465510945465
101.0	-0.008075252825940422
102.0	-0.006493200362698113
103.0	-0.008409309482161901
104.0	-0.009491088729383548
105.0	-0.007151404503337768
106.0	-0.009509283536367298
107.0	-0.009766306179020865
108.0	-0.010971810113731746
109.0	-0.010937435924537886
110.0	-0.008834340173302384
111.0	-0.00986209483978741
112.0	-0.010643519811723475
113.0	-0.010714171646841755
114.0	-0.011219595392839718
115.0	-0.010207460268349922
116.0	-0.011526275862553392
117.0	-0.010197495112524818
118.0	-0.012162366314705367
119.0	-0.010425070159875404
120.0	-0.012088747326448043
121.0	-0.011112833863861122
122.0	-0.011875056316426491
123.0	-0.012421852254304373
124.0	-0.012054653057361624
125.0	-0.012364804536407686
126.0	-0.012768897203511279
127.0	-0.012992609353379213
128.0	-0.01380958417896019
129.0	-0.013341781695402575
130.0	-0.013403867975233484
131.0	-0.01418042233729969
132.0	-0.014961119516956249
133.0	-0.014656790376145196
134.0	-0.01522469229012407
135.0	-0.015125264667960516
136.0	-0.0151624380582288
137.0	-0.01572692494689709
138.0	-0.014653263382791265
139.0	-0.014833475947962563
140.0	-0.01692873393618968
141.0	-0.01605437548858303
142.0	-0.01621992024012425
143.0	-0.01629577858924111
144.0	-0.017641970369952645
145.0	-0.016591318238678893
146.0	-0.01567374012648305
147.0	-0.015807373985775846
148.0	-0.016327633497468252
149.0	-0.01640276405430561
150.0	-0.01693220494552207
151.0	-0.017095566320225287
152.0	-0.019666632507082765
153.0	-0.018517952354182667
154.0	-0.018338355613247533
155.0	-0.01986392019880804
156.0	-0.018321000566586112
157.0	-0.017990694839804203
158.0	-0.01771939627167134
159.0	-0.018661663337343384
160.0	-0.018851057282038997
161.0	-0.01877055225913844
162.0	-0.01891599874696561
163.0	-0.019912234409352737
164.0	-0.01852343878828843
165.0	-0.01942713286315524
166.0	-0.01965392413420504
167.0	-0.02032114170230439
168.0	-0.019765836193160417
169.0	-0.019461898940499624
170.0	-0.02073699101392056
171.0	-0.01920498826588888
172.0	-0.020098941121016747
173.0	-0.019478078322709737
174.0	-0.02038462758267225
175.0	-0.020004384108722795
176.0	-0.019879371788738907
177.0	-0.019887265535768833
178.0	-0.02001782027388002
179.0	-0.018703875289545892
180.0	-0.02094206048463294
181.0	-0.02095952749933718
182.0	-0.021069536101562005
183.0	-0.02139861017987132
184.0	-0.020387706703854116
185.0	-0.0213324930504934
186.0	-0.021364739846870803
187.0	-0.02156331517109021
188.0	-0.020025602052866867
189.0	-0.021520767314758982
190.0	-0.020705863897973183
191.0	-0.022265466768598568
192.0	-0.021463719596862295
193.0	-0.02219363926902898
194.0	-0.022791548618525722
195.0	-0.0227744175079502
196.0	-0.022068962853174078
197.0	-0.022884594062239385
198.0	-0.02209471550305877
199.0	-0.022868414680029273
200.0	-0.022567500564528803
201.0	-0.02208267893843875
202.0	-0.022975008256943246
203.0	-0.023827700888234014
204.0	-0.02208010367345023
205.0	-0.023129916044401917
206.0	-0.022182218528645124
207.0	-0.022595324623208672
208.0	-0.021769840226361345
209.0	-0.023036198792430285
210.0	-0.02313282721351916
211.0	-0.022523497123638825
212.0	-0.023346014367347366
213.0	-0.02260221065785165
214.0	-0.023583834490630236
215.0	-0.0225180666735546
216.0	-0.023038158233182383
217.0	-0.02386381058209407
218.0	-0.02277195421100476
219.0	-0.02278796564115025
220.0	-0.02450393188379306
221.0	-0.02333218631403961
222.0	-0.023190770675759715
223.0	-0.02269620782993072
224.0	-0.022246544169335573
225.0	-0.023144303937924292
226.0	-0.023057808624724622
227.0	-0.023266964929005558
228.0	-0.02410745304361195
229.0	-0.023179853791569463
230.0	-0.023047395596727978
231.0	-0.022361927237623078
232.0	-0.02400640188482528
233.0	-0.024410102663778348
234.0	-0.025524800515635108
235.0	-0.02430658820804624
236.0	-0.023440515395619782
237.0	-0.023852109921603037
238.0	-0.02340754080696313
239.0	-0.023547108972533756
240.0	-0.025273152339044484
241.0	-0.025717049645426423
242.0	-0.023767742001219824
243.0	-0.024539145833309246
244.0	-0.024776070212248508
245.0	-0.025720520654758813
246.0	-0.0243210880696117
247.0	-0.02451288932723121
248.0	-0.024960761499138884
249.0	-0.0247261324650807
250.0	-0.02510788750761071
251.0	-0.02447504412870496
252.0	-0.024874266185939214
253.0	-0.025927101694051224
254.0	-0.02604472412319853
255.0	-0.026085592458885105
256.0	-0.025275503667947105
257.0	-0.026457830217761817
258.0	-0.025394973569803424
259.0	-0.025972616703521238
260.0	-0.025650036771704895
261.0	-0.024734530068303968
262.0	-0.02620562220095631
263.0	-0.026956871785309887
264.0	-0.025603010193654588
265.0	-0.026316302611439097
266.0	-0.02662656605852798
267.0	-0.027567545491706154
268.0	-0.026256287740403363
269.0	-0.025844301326269848
270.0	-0.025688217874359865
271.0	-0.026381300060386987
272.0	-0.026068965204502928
273.0	-0.028358095859144474
274.0	-0.02688538018986928
275.0	-0.0270463342516486
276.0	-0.027412469752183123
277.0	-0.02593600315346784
278.0	-0.02685817195542584
279.0	-0.02627683387628973
280.0	-0.02683034789674597
281.0	-0.02770280288762206
282.0	-0.02631344742634313
283.0	-0.026557649728075634
284.0	-0.02675253010687701
285.0	-0.027443260964001775
286.0	-0.02701459131146454
287.0	-0.027395002737478618
288.0	-0.02791257501613942
289.0	-0.027531323829803014
290.0	-0.026668050218450978
291.0	-0.02667437641287907
292.0	-0.028580296440432376
293.0	-0.027871482744366946
294.0	-0.029946866404965657
295.0	-0.02861254323680952
296.0	-0.028938818114044414
297.0	-0.028206771049061274
298.0	-0.02930444975838559
299.0	-0.029131907004158058
300.0	-0.029211012426521146
301.0	-0.028689073394184347
302.0	-0.029476152752290537
303.0	-0.028923422508135087
304.0	-0.028451533191008918
305.0	-0.02944821672556785
306.0	-0.029174734780596727
307.0	-0.028940665586753428
308.0	-0.028969217437712542
309.0	-0.029030519941242405
310.0	-0.0301397313589934
311.0	-0.029341287244524894
312.0	-0.029681390175067282
313.0	-0.03140586598897618
314.0	-0.02990700578166577
315.0	-0.03059756868672591
316.0	-0.03019118067474124
317.0	-0.030128086682523644
318.0	-0.030818705571605324
319.0	-0.029967244588787405
320.0	-0.03132832811921466
321.0	-0.029775947187361238
322.0	-0.030479330433342184
323.0	-0.02993880470587111
324.0	-0.031398308146075235
325.0	-0.030276164419360617
326.0	-0.030865284277483827
327.0	-0.03184298922875822
328.0	-0.030436110768753247
329.0	-0.031497119944002366
330.0	-0.030221076142216027
331.0	-0.03176248420585766
332.0	-0.033541096568546
333.0	-0.0319008207229557
334.0	-0.03344194886649015
335.0	-0.03281515176190531
336.0	-0.03268286151912793
337.0	-0.033604694416956946
338.0	-0.03324454920672179
339.0	-0.0329774494402003
340.0	-0.03287169562360866
341.0	-0.033084714825372244
342.0	-0.03251586118302796
343.0	-0.032196192420328854
344.0	-0.03310783622624687
345.0	-0.03292572020434502
346.0	-0.032338783723060066
347.0	-0.03218477167994526
348.0	-0.03217099961065905
349.0	-0.032591215675951475
350.0	-0.033022012721305165
351.0	-0.033267782575639504
352.0	-0.033654576180103216
353.0	-0.0343434595645187
354.0	-0.03397598044746851
355.0	-0.03461800520589805
356.0	-0.034319442419300204
357.0	-0.033892508271429166
358.0	-0.034419597833743
359.0	-0.03371683041199848
360.0	-0.03338826018988251
361.0	-0.0337926327770938
362.0	-0.033433103391094815
363.0	-0.0333677140539964
364.0	-0.03473657936341076
365.0	-0.032115631413407016
366.0	-0.03380063849216655
367.0	-0.03384559366142194
368.0	-0.03404226552891079
369.0	-0.034607592177901145
370.0	-0.033923299483247814
371.0	-0.03453828395929854
372.0	-0.03477168134488387
373.0	-0.035830059271123184
374.0	-0.034571202563933645
375.0	-0.03480196870050918
376.0	-0.03493890561707
377.0	-0.0347848935739552
378.0	-0.034636144028860255
379.0	-0.034461697817902426
380.0	-0.03422499737504907
381.0	-0.034844516556840406
382.0	-0.03508793508227212
383.0	-0.033618074598092636
384.0	-0.03472823774420877
385.0	-0.03422522131113497
386.0	-0.0348023605886597
387.0	-0.034845188365098374
388.0	-0.033924643099763487
389.0	-0.03412405818430548
390.0	-0.03475387842605064
391.0	-0.034951390053861824
392.0	-0.03570062421344203
393.0	-0.03508160888784403
394.0	-0.03547556844705842
395.0	-0.03574401183009558
396.0	-0.03486047200296462
397.0	-0.03509952377472034
398.0	-0.034060180415787095
399.0	-0.034982965041981263
400.0	-0.03463261703550659
401.0	-0.03517650180426697
402.0	-0.03516340154323872
403.0	-0.03473243654582041
404.0	-0.03577715437081659
405.0	-0.03567593525996556
406.0	-0.03565650880450896
407.0	-0.034948086996594054
408.0	-0.035973938206348526
409.0	-0.03607784455023116
410.0	-0.035457933480289555
411.0	-0.03676084961239036
412.0	-0.03575739201123127
413.0	-0.03646598177121054
414.0	-0.0362775395548806
415.0	-0.03643832566459529
416.0	-0.0358564277452443
417.0	-0.0355444847775105
418.0	-0.03527173062481889
419.0	-0.03623051297683029
420.0	-0.03641979495348256
421.0	-0.0363338034964765
422.0	-0.03709233100362357
423.0	-0.03468977672144636
424.0	-0.03640932594146438
425.0	-0.03670273819808544
426.0	-0.03578062538014898
427.0	-0.03640630280430405
428.0	-0.03737969698592373
429.0	-0.036586963241647154
430.0	-0.038650030417518404
431.0	-0.03893448523070132
432.0	-0.038607538545208715
433.0	-0.038899383249227946
434.0	-0.03888734668460793
435.0	-0.037716776779305794
436.0	-0.03825511912993887
437.0	-0.03817136703379208
438.0	-0.03789452604753165
439.0	-0.038247897191166905
440.0	-0.039382301418587444
441.0	-0.038188386176324515
442.0	-0.03774471280602848
443.0	-0.03758778959379643
444.0	-0.038464443386284165
445.0	-0.03727976550756683
446.0	-0.03838517001185645
447.0	-0.038512477676721155
448.0	-0.03731055671938548
449.0	-0.039787065893949
450.0	-0.03945899952802664
451.0	-0.03937306405504185
452.0	-0.03800929329158299
453.0	-0.039265350797698106
454.0	-0.039556803613567074
455.0	-0.039644306639153436
456.0	-0.038302369644075074
457.0	-0.037352152847351563
458.0	-0.03903536843742336
459.0	-0.038035605781682566
460.0	-0.03855972819085762
461.0	-0.03784990678240524
462.0	-0.03871833092373432
463.0	-0.03904432588086151
464.0	-0.037260115116024325
465.0	-0.03731738677000718
466.0	-0.03859958881415725
467.0	-0.03745465959069672
468.0	-0.039265070877590666
469.0	-0.04041106379745942
470.0	-0.03947747425511783
471.0	-0.03961038032213138
472.0	-0.03965259227433362
473.0	-0.03856230345584588
474.0	-0.037418046040643325
475.0	-0.03780304815641956
476.0	-0.03894523416282694
477.0	-0.038201486437352765
478.0	-0.03802396110521307
479.0	-0.03692258745047046
480.0	-0.03747722115135673
481.0	-0.037474589902346665
482.0	-0.03763095327436409
483.0	-0.03728973066339193
484.0	-0.03847815947154883
485.0	-0.03673274563360305
486.0	-0.03684219439561298
487.0	-0.0367176859318227
488.0	-0.03670682503165399
489.0	-0.038053408700515795
490.0	-0.038401461362109646
491.0	-0.037770633407977795
492.0	-0.03807843355812124
493.0	-0.03849646624657566
494.0	-0.036934064174875596
495.0	-0.037643605663220274
496.0	-0.03634679178946166
497.0	-0.03683542032901309
498.0	-0.03734817798182583
499.0	-0.03632714139791916
500.0	-0.036607117489382994
501.0	-0.03737801746527908
502.0	-0.03626914195165733
503.0	-0.036401040306283924
504.0	-0.03704978314729235
505.0	-0.03717815450856528
506.0	-0.03634096945122692
507.0	-0.035772507697033155
508.0	-0.0369444772028725
509.0	-0.036879759674031794
510.0	-0.03715290571487393
511.0	-0.03632137504370595
512.0	-0.03786026382638061
513.0	-0.038812552031899296
514.0	-0.0372076580878898
515.0	-0.0362707095042589
516.0	-0.035352795487934074
517.0	-0.036381557866806045
518.0	-0.03708063034313254
519.0	-0.035763158365444477
520.0	-0.03558115431158545
521.0	-0.03588957028596557
522.0	-0.0373245527247576
523.0	-0.03685070396687933
524.0	-0.03510327470416017
525.0	-0.036729050688185015
526.0	-0.03681744945811524
527.0	-0.036600063502675396
528.0	-0.036680176637425434
529.0	-0.03672916265622784
530.0	-0.03690125753828331
531.0	-0.03626225591701409
532.0	-0.03648904718806389
533.0	-0.036572743300189135
534.0	-0.03505831953490478
535.0	-0.035343110252216675
536.0	-0.03570124003767819
537.0	-0.03600909617184343
538.0	-0.03523282172988441
539.0	-0.03526456467006821
540.0	-0.03539915025772667
541.0	-0.035129475226216664
542.0	-0.034787076950793194
543.0	-0.035078865670791146
544.0	-0.036546990650304444
545.0	-0.036066591761911924
546.0	-0.03473596353917434
547.0	-0.035677278876481235
548.0	-0.03650399492180141
549.0	-0.03560769073777118
550.0	-0.03515142096264024
551.0	-0.037185936287552124
552.0	-0.035884755660117514
553.0	-0.035073659156792565
554.0	-0.035645144048146914
555.0	-0.03622558638293915
556.0	-0.036005625162511046
557.0	-0.03589847174538219
558.0	-0.03678117181219056
559.0	-0.0357072863119991
560.0	-0.036625312296366744
561.0	-0.0366735705228899
562.0	-0.037225293054658666
563.0	-0.038264580429570365
564.0	-0.03695041150915033
565.0	-0.03580665795014112
566.0	-0.03643681409601526
567.0	-0.038479615056107586
568.0	-0.038568685634295774
569.0	-0.03786569427646509
570.0	-0.036816049857578026
571.0	-0.037423420506706266
572.0	-0.03763084130632101
573.0	-0.03769281561810884
574.0	-0.03686873082179872
575.0	-0.03651552763022783
576.0	-0.036145977104382714
577.0	-0.0380492658829257
578.0	-0.0381882742082817
579.0	-0.03720715423169645
580.0	-0.03643978124915404
581.0	-0.0370002932722966
582.0	-0.03661501123641292
583.0	-0.036938486912573135
584.0	-0.037396436208348725
585.0	-0.037104759456393854
586.0	-0.03658198066373473
587.0	-0.03934160103496523
588.0	-0.039179359340691784
589.0	-0.03766756682441749
590.0	-0.03671208752967386
591.0	-0.037709554840533836
592.0	-0.03780461570902113
593.0	-0.03693109702173681
594.0	-0.03842407890679093
595.0	-0.03768469793499301
596.0	-0.03898358321754654
597.0	-0.03866744144820137
598.0	-0.03761320633955215
599.0	-0.03885090108661889
600.0	-0.03831507801695306
601.0	-0.03844798408396661
602.0	-0.03847379271787284
603.0	-0.038055368141267885
604.0	-0.03852065134385852
605.0	-0.03861957510982873
606.0	-0.039390251149638913
607.0	-0.03842391095472657
608.0	-0.0379491104684829
609.0	-0.038906549203978624
610.0	-0.03808095283908822
611.0	-0.03759467562843941
612.0	-0.03845951679239328
613.0	-0.03879116613569086
614.0	-0.03793449863887436
615.0	-0.037382776107105595
616.0	-0.03808123275919566
617.0	-0.03721863095610159
618.0	-0.03831356644837276
619.0	-0.037246287062716835
620.0	-0.03852434628927681
621.0	-0.038799283818806686
622.0	-0.03938605234802728
623.0	-0.03871737919536891
624.0	-0.03906184887958756
625.0	-0.038185139103078296
626.0	-0.03845369445415827
627.0	-0.03917516053908015
628.0	-0.0388057779652994
629.0	-0.03842267930625372
630.0	-0.038613640803550904
631.0	-0.039199401620384544
632.0	-0.039659478308976856
633.0	-0.03909079261869693
634.0	-0.03945183357327622
635.0	-0.039035704341552346
636.0	-0.039165979159556094
637.0	-0.039289367942916605
638.0	-0.03881624697731759
639.0	-0.03963025464975978
640.0	-0.03947887385565504
641.0	-0.03953620149365917
642.0	-0.04008562868054685
643.0	-0.03883785680961218
644.0	-0.04072076740433342
645.0	-0.04043222575758195
646.0	-0.040377977240759685
647.0	-0.038958614343962895
648.0	-0.0402942251446129
649.0	-0.03831423825663073
650.0	-0.04038256793052185
651.0	-0.03998166635264294
652.0	-0.0407045880221233
653.0	-0.03945950338421998
654.0	-0.040782517780035346
655.0	-0.04020017198851229
656.0	-0.04103170265968053
657.0	-0.03915086347375421
658.0	-0.04075642922602167
659.0	-0.038383154587082816
660.0	-0.03908642586502094
661.0	-0.03963098244203928
662.0	-0.03920332050188874
663.0	-0.03935654876870275
664.0	-0.03865551685162417
665.0	-0.03939584955178776
666.0	-0.03958278019953767
667.0	-0.04095925933587425
668.0	-0.039638596268961504
669.0	-0.03981645750523045
670.0	-0.038700360052836474
671.0	-0.03993374403024877
672.0	-0.03971232722526191
673.0	-0.04026164244410677
674.0	-0.040870636629858126
675.0	-0.03955137316348259
676.0	-0.04042875474824983
677.0	-0.040421252889370166
678.0	-0.040038826038582706
679.0	-0.03932805290176518
680.0	-0.0393320837513122
681.0	-0.04039953108903274
682.0	-0.03976640779001982
683.0	-0.041076153972742314
684.0	-0.039547958138171746
685.0	-0.03990675973189123
686.0	-0.04010007255809103
687.0	-0.03985245523104742
688.0	-0.03896466061828354
689.0	-0.03921815626758318
690.0	-0.03891942552892097
691.0	-0.039815561760886575
692.0	-0.039461238888886176
693.0	-0.04012907228122195
694.0	-0.040841301002598224
695.0	-0.040616581140343604
696.0	-0.03920018539668559
697.0	-0.0402306832802235
698.0	-0.039225994030591564
699.0	-0.03935867616151921
700.0	-0.03968517497484001
701.0	-0.03994947554028708
702.0	-0.039783314964509174
703.0	-0.03892345637846798
704.0	-0.039987992547071034
705.0	-0.04028398006868062
706.0	-0.03855676103771858
707.0	-0.040601129550412736
708.0	-0.040441127216998565
709.0	-0.04041940541666115
710.0	-0.04093305881381776
711.0	-0.04056535576068167
712.0	-0.04002594971364036
713.0	-0.03889837553684126
714.0	-0.038855547760402585
715.0	-0.03910445271994033
716.0	-0.04086946096540682
717.0	-0.03944170046538675
718.0	-0.0405064605700757
719.0	-0.040924101370379606
720.0	-0.0406648393668665
721.0	-0.04003781832619576
722.0	-0.041270698447414704
723.0	-0.04151299729241665
724.0	-0.039672690538048186
725.0	-0.040614397763505346
726.0	-0.039353189727413446
727.0	-0.03985172743876817
728.0	-0.040787612325990846
729.0	-0.040550855899115945
730.0	-0.039107811761229634
731.0	-0.03939820088069012
732.0	-0.04035631142444355
733.0	-0.04090607451546022
734.0	-0.03928959187900251
735.0	-0.040656441763643233
736.0	-0.0400504707150522
737.0	-0.03933135595903295
738.0	-0.0397815234758217
739.0	-0.040261306539977795
740.0	-0.03987328128704123
741.0	-0.038309927486976016
742.0	-0.039531722771940093
743.0	-0.03931456075258641
744.0	-0.04023432224162025
745.0	-0.03939976843329195
746.0	-0.040520120671318834
747.0	-0.03926641449410634
748.0	-0.03999174347651086
749.0	-0.03999795770289613
750.0	-0.0406840418862372
751.0	-0.04024048048398398
752.0	-0.039642403182422875
753.0	-0.04063813498861666
754.0	-0.04051519407742795
755.0	-0.04081006191860751
756.0	-0.040812189311424225
757.0	-0.03933617058488101
758.0	-0.03893252578994922
759.0	-0.04020716999119835
760.0	-0.04027815773044587
761.0	-0.04046687986688326
762.0	-0.04012935220132939
763.0	-0.04095651611882137
764.0	-0.04059228407501741
765.0	-0.04127030655926418
766.0	-0.040973255341246365
767.0	-0.040571346050980776
768.0	-0.04060297702312175
769.0	-0.040565467728724484
770.0	-0.041183979198129134
771.0	-0.03962947087345899
772.0	-0.04087735471243674
773.0	-0.041953703509573906
774.0	-0.04125143994402273
775.0	-0.03998250611296526
776.0	-0.04078867602239908
777.0	-0.039801733707579084
778.0	-0.040889839149228564
779.0	-0.041076713812957195
780.0	-0.04185545155186166
781.0	-0.04098641158629616
782.0	-0.040478636511395834
783.0	-0.040431609933345526
784.0	-0.04193517279846117
785.0	-0.04197615310219083
786.0	-0.04166952861649843
787.0	-0.04045271590944678
788.0	-0.04293308798149295
789.0	-0.04181676659301308
790.0	-0.04002762923428502
791.0	-0.041807473245445946
792.0	-0.04157922638983766
793.0	-0.041823484675591695
794.0	-0.04096866465148447
795.0	-0.04088250524241378
796.0	-0.041974417597524634
797.0	-0.04274022302746521
798.0	-0.04189576004733335
799.0	-0.04145880475961593
800.0	-0.042024747232842705
801.0	-0.040842252730963376
802.0	-0.0425210455833379
803.0	-0.04270691253467958
804.0	-0.04217243308152916
805.0	-0.0427330570727148
806.0	-0.042296381705104816
807.0	-0.04134414948360741
808.0	-0.04186060208183844
809.0	-0.041713196153259434
810.0	-0.042358747905042904
811.0	-0.0425928170988862
812.0	-0.040942296177363356
813.0	-0.043013928908522236
814.0	-0.04165430096265347
815.0	-0.041015467293448876
816.0	-0.04277952381055022
817.0	-0.04113952788506709
818.0	-0.04011882720528966
819.0	-0.041424374586400525
820.0	-0.04181928587398007
821.0	-0.04075558946569934
822.0	-0.04094285601757824
823.0	-0.04292911311596722
824.0	-0.04084493996399498
825.0	-0.04196540417006494
826.0	-0.04202105228742442
827.0	-0.042192363393179104
828.0	-0.043197388546940024
829.0	-0.040886256171853354
830.0	-0.04195319965338056
831.0	-0.040477516830966065
832.0	-0.04196674778658061
833.0	-0.04371552066581571
834.0	-0.04250178707994592
835.0	-0.04167305560985211
836.0	-0.041337711321136235
837.0	-0.04291472522244484
838.0	-0.04158577652035165
839.0	-0.04175361661677421
840.0	-0.04225321802453716
841.0	-0.042448490291488804
842.0	-0.04118722627137536
843.0	-0.042090192553962666
844.0	-0.04190309395414839
845.0	-0.04285431846325859
846.0	-0.04169119443281458
847.0	-0.04178278429196949
848.0	-0.04103192659576643
849.0	-0.04287542443935984
850.0	-0.040436704479301026
851.0	-0.04284250583472473
852.0	-0.041874486119167734
853.0	-0.04260619728002189
854.0	-0.04208806516114621
855.0	-0.04146832204326897
856.0	-0.04233954538567221
857.0	-0.04091799911203742
858.0	-0.04245817552720646
859.0	-0.0416485905924618
860.0	-0.04225624116169749
861.0	-0.04316122286905842
862.0	-0.04440843489977821
863.0	-0.042509009018717875
864.0	-0.044487148433991035
865.0	-0.043420876760721795
866.0	-0.042598415501035054
867.0	-0.04394903001944412
868.0	-0.04387681063172401
869.0	-0.045119320004638815
870.0	-0.04505393066754014
871.0	-0.04317628257083877
872.0	-0.04400042335117042
873.0	-0.043805207068240065
874.0	-0.04436056856140558
875.0	-0.04357539266002994
876.0	-0.044213778457062994
877.0	-0.04507324515495366
878.0	-0.045090936105744064
879.0	-0.04560414163072887
880.0	-0.04379512994437214
881.0	-0.044760182506790355
882.0	-0.044642336141557146
883.0	-0.04424899240657918
884.0	-0.044785991140696584
885.0	-0.04537707043957163
886.0	-0.04539375367797509
887.0	-0.045845488747365666
888.0	-0.04474400312458024
889.0	-0.04537180794155177
890.0	-0.04393912084764056
891.0	-0.04479735589705864
892.0	-0.04662209909345341
893.0	-0.04478688688504019
894.0	-0.044598556636753064
895.0	-0.044262876443908215
896.0	-0.045021963791270436
897.0	-0.04445988421552631
898.0	-0.04504043851836163
899.0	-0.045560977950161216
900.0	-0.04532394160317913
901.0	-0.045962103464126026
902.0	-0.04572355554856365
903.0	-0.04586749046781053
904.0	-0.046674724073652564
905.0	-0.046147522543295905
906.0	-0.04572859411049761
907.0	-0.04605279757893733
908.0	-0.04510985870500732
909.0	-0.045881038601010844
910.0	-0.04495114400408754
911.0	-0.04463533813887109
912.0	-0.04686344621009021
913.0	-0.04653722731687686
914.0	-0.04623205841574348
915.0	-0.04534493561123731
916.0	-0.04554944524173454
917.0	-0.04537667855142111
918.0	-0.04518930003149939
919.0	-0.04504766045713359
920.0	-0.04422128031594239
921.0	-0.044890905196965904
922.0	-0.04472043385153355
923.0	-0.045682855164941694
924.0	-0.04464670289523314
925.0	-0.04332570392419141
926.0	-0.04506809462497688
927.0	-0.043395795919095065
928.0	-0.04484292689055019
929.0	-0.04412034112519881
930.0	-0.04384193258633654
931.0	-0.04548948635472035
932.0	-0.04537617469522776
933.0	-0.04376232330778011
934.0	-0.04488614655513939
935.0	-0.044431444332610016
936.0	-0.04407342651519132
937.0	-0.044506854809555074
938.0	-0.04441996760820488
939.0	-0.04370158064446514
940.0	-0.044975105165284496
941.0	-0.04453423099606288
942.0	-0.04451575626897169
943.0	-0.04417923631580451
944.0	-0.044269090670293484
945.0	-0.04408647079219829
946.0	-0.044919792952054
947.0	-0.043238928690884304
948.0	-0.044251679639610526
949.0	-0.043294632792265315
950.0	-0.04362605819947699
951.0	-0.04428095928284914
952.0	-0.04431231033488268
953.0	-0.04484287090652865
954.0	-0.045117808436058525
955.0	-0.04488222767363519
956.0	-0.04412554763919713
957.0	-0.044299489993961876
958.0	-0.04439762998363104
959.0	-0.045218691642780834
960.0	-0.045244892164837326
961.0	-0.04444230523277873
962.0	-0.045294661959940516
963.0	-0.04476443729242353
964.0	-0.04426483588466031
965.0	-0.04583966640913066
966.0	-0.04511736056388672
967.0	-0.046367259827638105
968.0	-0.04387501914303628
969.0	-0.0446828125890932
970.0	-0.04468538785408172
971.0	-0.04531649572832101
972.0	-0.045392522029502495
973.0	-0.04499274013205336
974.0	-0.04572433932486444
975.0	-0.044463803097030505
976.0	-0.045642434701426926
977.0	-0.04442237492112904
978.0	-0.0448591062727603
979.0	-0.04512906122437776
980.0	-0.0462205257073168
981.0	-0.044344837051367526
982.0	-0.04478884632579229
983.0	-0.045244444292665525
984.0	-0.04530132405849785
985.0	-0.04445277424479717
986.0	-0.04429489930419972
987.0	-0.04494201860858476
988.0	-0.04519137144029431
989.0	-0.04395860328711844
990.0	-0.044256606233501666
991.0	-0.044556064764443376
992.0	-0.04406620457641936
993.0	-0.04387703456780991
994.0	-0.045012054619466876
995.0	-0.04378656438908451
996.0	-0.04394421539359606
997.0	-0.04502717030526876
998.0	-0.043860295345384916
999.0	-0.04445982823150477
1000.0	-0.043972599292490554
1001.0	-0.04385525678345095
1002.0	-0.043695702322208846
1003.0	-0.04317488297030156
1004.0	-0.043186639614814136
1005.0	-0.04360338467077417
1006.0	-0.04312724056801483
1007.0	-0.04219157961687831
1008.0	-0.044337167240423504
1009.0	-0.04331557081630221
1010.0	-0.042650312688954695
1011.0	-0.043207913542979745
1012.0	-0.04466808879144184
1013.0	-0.04328897840609519
1014.0	-0.041987965730724684
1015.0	-0.04261045206565507
1016.0	-0.0420898006658124
1017.0	-0.042136491339733725
1018.0	-0.04184190341866135
1019.0	-0.04232135057868846
1020.0	-0.04294484462600553
1021.0	-0.04295374608542214
1022.0	-0.0412384516510373
1023.0	-0.04109014997811443
1024.0	-0.03931047391901786
1025.0	-0.041564110704035775
1026.0	-0.04120872413562688
1027.0	-0.040912288741845486
1028.0	-0.04186883173299735
1029.0	-0.04121997692394611
1030.0	-0.04125132797597965
1031.0	-0.04087713077635084
1032.0	-0.041009365035106424
1033.0	-0.04076818587053425
1034.0	-0.04143282817364534
1035.0	-0.03901638985413883
1036.0	-0.03982530298062552
1037.0	-0.04019675696320144
1038.0	-0.04034259533917888
1039.0	-0.04202989776281975
1040.0	-0.04096620135453903
1041.0	-0.040839789434017934
1042.0	-0.04042332429816534
1043.0	-0.04109227737093089
1044.0	-0.04141519320687647
1045.0	-0.040204538742188545
1046.0	-0.04070710730309029
1047.0	-0.04068225039754946
1048.0	-0.040641270093819806
1049.0	-0.03954387130460319
1050.0	-0.04024736651862722
1051.0	-0.04184475860375731
1052.0	-0.04136575931590201
1053.0	-0.040560653102876425
1054.0	-0.04020929738401507
1055.0	-0.04227146881554245
1056.0	-0.042074237107838454
1057.0	-0.040081317910892394
1058.0	-0.04114842934448396
1059.0	-0.04237761452028436
1060.0	-0.04180299452372687
1061.0	-0.04231933515391508
1062.0	-0.04058467024809518
1063.0	-0.04164478367900043
1064.0	-0.04103489374890521
1065.0	-0.042536609141311583
1066.0	-0.0419190494002726
1067.0	-0.041538637974258524
1068.0	-0.04308788380090854
1069.0	-0.0413531629110671
1070.0	-0.04143456367831127
1071.0	-0.042535209540774374
1072.0	-0.04200795202639617
1073.0	-0.04103321422826056
1074.0	-0.043054965196273436
1075.0	-0.04198382291313459
1076.0	-0.04264241894192477
1077.0	-0.04154630778520228
1078.0	-0.04164125668564676
1079.0	-0.04242822407571013
1080.0	-0.043367691940307755
1081.0	-0.04296315140103236
1082.0	-0.04247581049397533
1083.0	-0.0429636552572257
1084.0	-0.04291259782962813
1085.0	-0.04299332678861459
1086.0	-0.04286926619699611
1087.0	-0.04240667022743708
1088.0	-0.04306918513773145
1089.0	-0.04312673671182148
1090.0	-0.04373058036759605
1091.0	-0.04302288635196039
1092.0	-0.04344299044920973
1093.0	-0.043272575087798915
1094.0	-0.04484824537259159
1095.0	-0.04294965925185359
1096.0	-0.043775311600765275
1097.0	-0.04332346456333187
1098.0	-0.04434797215657067
1099.0	-0.044725080525316985
1100.0	-0.04526084761096154
1101.0	-0.04452644921707603
1102.0	-0.04474361123642972
1103.0	-0.045081138901983585
1104.0	-0.044637633483752166
1105.0	-0.04421097925598857
1106.0	-0.045528731153783815
1107.0	-0.043842436442529886
1108.0	-0.045714430153061134
1109.0	-0.04584240962618381
1110.0	-0.045480248991174754
1111.0	-0.045053706731454236
1112.0	-0.04573312881623823
1113.0	-0.0464444058092491
1114.0	-0.0446192707247038
1115.0	-0.04542275340110626
1116.0	-0.04435144316590306
1117.0	-0.04536755315591859
1118.0	-0.0463912769728566
1119.0	-0.04618234460466157
1120.0	-0.045387875355718796
1121.0	-0.04515761307533687
1122.0	-0.04635040863717003
1123.0	-0.04504682069681126
1124.0	-0.045743653812277955
1125.0	-0.0458082033890543
1126.0	-0.045301156106433225
1127.0	-0.04626800015753891
1128.0	-0.04595835253468619
1129.0	-0.044436258958458076
1130.0	-0.04589732995126378
1131.0	-0.04511954394072472
1132.0	-0.04534230436222724
1133.0	-0.0455001793028247
1134.0	-0.045929184859490914
1135.0	-0.04600543509675804
1136.0	-0.04557995653344575
1137.0	-0.046814012319116007
1138.0	-0.04548567944125924
1139.0	-0.04425694213763065
1140.0	-0.04616650112658044
1141.0	-0.04574555726900877
1142.0	-0.04525418551240446
1143.0	-0.04545466429335469
1144.0	-0.04570670435809557
1145.0	-0.04550062717499676
1146.0	-0.04596630226573766
1147.0	-0.045312184958666554
1148.0	-0.04609086671354948
1149.0	-0.04633109414975651
1150.0	-0.0453859159149667
1151.0	-0.04644216644838956
1152.0	-0.04513925031628876
1153.0	-0.04522132289179063
1154.0	-0.04571387031284625
1155.0	-0.046046359416466155
1156.0	-0.04676592204465722
1157.0	-0.04374642384567718
1158.0	-0.04529622951254235
1159.0	-0.045597199612064356
1160.0	-0.04558835413666902
1161.0	-0.045144512814308625
1162.0	-0.044263548252166184
1163.0	-0.043979877215284055
1164.0	-0.04411339910653403
1165.0	-0.04355266314730583
1166.0	-0.04435502614327827
1167.0	-0.046475924813346996
1168.0	-0.04495909373513874
1169.0	-0.04484063154566911
1170.0	-0.043838685513090316
1171.0	-0.04446229152845021
1172.0	-0.045063335983150356
1173.0	-0.04517468820189085
1174.0	-0.04585920483263034
1175.0	-0.04432832176502843
1176.0	-0.044298930153746995
1177.0	-0.045793535575424225
1178.0	-0.04324715834204321
1179.0	-0.04573710368176396
1180.0	-0.04483072237386581
1181.0	-0.04441240976530394
1182.0	-0.04520671106218235
1183.0	-0.044085183159703896
1184.0	-0.04535042204534307
1185.0	-0.045439996479724604
1186.0	-0.044081320262221245
1187.0	-0.04373030044748861
1188.0	-0.04429092443867399
1189.0	-0.04202508313697169
1190.0	-0.04370656322237756
1191.0	-0.042509624842954306
1192.0	-0.044282582819472255
1193.0	-0.04295699315866863
1194.0	-0.043305213772326843
1195.0	-0.04239821664019227
1196.0	-0.04219353905763041
1197.0	-0.042736752018132824
1198.0	-0.04189923105666548
1199.0	-0.0413485722213052
1200.0	-0.04169959203603784
1201.0	-0.04120116629272594
1202.0	-0.04149642602205602
1203.0	-0.041420287752831714
1204.0	-0.04181156007901476
1205.0	-0.042246387973915465
1206.0	-0.041391399997743876
1207.0	-0.041174070026325574
1208.0	-0.04190673291554514
1209.0	-0.04129281213590265
1210.0	-0.040632872490596536
1211.0	-0.04233948940165093
1212.0	-0.04056625150502527
1213.0	-0.04095119763677997
1214.0	-0.04017665869948714
1215.0	-0.04074036181185438
1216.0	-0.04146412324165733
1217.0	-0.041650997905385706
1218.0	-0.04189122534159273

