0.000000	53.823151
1.000000	53.789500
2.000000	53.842131
3.000000	53.874098
4.000000	53.855012
5.000000	53.808450
6.000000	53.870624
7.000000	53.839252
8.000000	53.882500
9.000000	53.890920
10.000000	53.886242
11.000000	53.933380
12.000000	53.893177
13.000000	53.958737
14.000000	53.926680
15.000000	54.016098
16.000000	53.984191
17.000000	54.029673
18.000000	53.989859
19.000000	54.072284
20.000000	54.068312
21.000000	54.019780
22.000000	54.077242
23.000000	54.149270
24.000000	54.133229
25.000000	54.090799
26.000000	54.091400
27.000000	54.135749
28.000000	54.089031
29.000000	54.098951
30.000000	54.096820
31.000000	54.161873
32.000000	54.064141
33.000000	54.181019
34.000000	54.103949
35.000000	54.085053
36.000000	54.087784
37.000000	54.122262
38.000000	54.125322
39.000000	54.139878
40.000000	54.048122
41.000000	54.095094
42.000000	54.094388
43.000000	54.103064
44.000000	54.091258
45.000000	54.071460
46.000000	54.113265
47.000000	54.075954
48.000000	54.080146
49.000000	54.091355
50.000000	54.118239
51.000000	54.082949
52.000000	54.146436
53.000000	54.048514
54.000000	54.084139
55.000000	54.037604
56.000000	54.067612
57.000000	54.047500
58.000000	54.083894
59.000000	54.051402
60.000000	54.139217
61.000000	54.175128
62.000000	54.087784
63.000000	54.128244
64.000000	54.077233
65.000000	54.078024
66.000000	54.021243
67.000000	54.041733
68.000000	54.070029
69.000000	54.061232
70.000000	54.013445
71.000000	54.017637
72.000000	54.084588
73.000000	54.021418
74.000000	53.927408
75.000000	53.952901
76.000000	53.899473
77.000000	53.930869
78.000000	53.903629
79.000000	53.920545
80.000000	53.918975
81.000000	53.989509
82.000000	53.871315
83.000000	53.901567
84.000000	53.806168
85.000000	53.800905
86.000000	53.846377
87.000000	53.783726
88.000000	53.767698
89.000000	53.740204
90.000000	53.686773
91.000000	53.689568
92.000000	53.705373
93.000000	53.680161
94.000000	53.695909
95.000000	53.645949
96.000000	53.645840
97.000000	53.585764
98.000000	53.601246
99.000000	53.594830
100.000000	53.594742
101.000000	53.472975
102.000000	53.558261
103.000000	53.454966
104.000000	53.396649
105.000000	53.522778
106.000000	53.395669
107.000000	53.381813
108.000000	53.316826
109.000000	53.318679
110.000000	53.432054
111.000000	53.376649
112.000000	53.334524
113.000000	53.330715
114.000000	53.303469
115.000000	53.358031
116.000000	53.286936
117.000000	53.358568
118.000000	53.252645
119.000000	53.346300
120.000000	53.256614
121.000000	53.309224
122.000000	53.268134
123.000000	53.238657
124.000000	53.258452
125.000000	53.241732
126.000000	53.219948
127.000000	53.207888
128.000000	53.163847
129.000000	53.189065
130.000000	53.185718
131.000000	53.143855
132.000000	53.101769
133.000000	53.118175
134.000000	53.087561
135.000000	53.092921
136.000000	53.090917
137.000000	53.060486
138.000000	53.118365
139.000000	53.108650
140.000000	52.995699
141.000000	53.042834
142.000000	53.033910
143.000000	53.029820
144.000000	52.957249
145.000000	53.013888
146.000000	53.063353
147.000000	53.056149
148.000000	53.028103
149.000000	53.024053
150.000000	52.995512
151.000000	52.986705
152.000000	52.848103
153.000000	52.910027
154.000000	52.919708
155.000000	52.837468
156.000000	52.920644
157.000000	52.938450
158.000000	52.953075
159.000000	52.902279
160.000000	52.892069
161.000000	52.896409
162.000000	52.888569
163.000000	52.834863
164.000000	52.909731
165.000000	52.861014
166.000000	52.848788
167.000000	52.812820
168.000000	52.842755
169.000000	52.859140
170.000000	52.790402
171.000000	52.872990
172.000000	52.824798
173.000000	52.858268
174.000000	52.809397
175.000000	52.829896
176.000000	52.836635
177.000000	52.836209
178.000000	52.829171
179.000000	52.900004
180.000000	52.779347
181.000000	52.778405
182.000000	52.772475
183.000000	52.754735
184.000000	52.809231
185.000000	52.758299
186.000000	52.756561
187.000000	52.745856
188.000000	52.828752
189.000000	52.748150
190.000000	52.792080
191.000000	52.708004
192.000000	52.751225
193.000000	52.711877
194.000000	52.679644
195.000000	52.680568
196.000000	52.718598
197.000000	52.674628
198.000000	52.717209
199.000000	52.675501
200.000000	52.691722
201.000000	52.717858
202.000000	52.669754
203.000000	52.623787
204.000000	52.717997
205.000000	52.661403
206.000000	52.712492
207.000000	52.690222
208.000000	52.734723
209.000000	52.666456
210.000000	52.661247
211.000000	52.694094
212.000000	52.649754
213.000000	52.689851
214.000000	52.636934
215.000000	52.694387
216.000000	52.666350
217.000000	52.621840
218.000000	52.680701
219.000000	52.679837
220.000000	52.587333
221.000000	52.650499
222.000000	52.658123
223.000000	52.684784
224.000000	52.709025
225.000000	52.660628
226.000000	52.665291
227.000000	52.654015
228.000000	52.608706
229.000000	52.658711
230.000000	52.665852
231.000000	52.702804
232.000000	52.614154
233.000000	52.592391
234.000000	52.532299
235.000000	52.597971
236.000000	52.644660
237.000000	52.622471
238.000000	52.646437
239.000000	52.638913
240.000000	52.545865
241.000000	52.521936
242.000000	52.627019
243.000000	52.585434
244.000000	52.572662
245.000000	52.521748
246.000000	52.597189
247.000000	52.586850
248.000000	52.562706
249.000000	52.575354
250.000000	52.554774
251.000000	52.588890
252.000000	52.567369
253.000000	52.510612
254.000000	52.504271
255.000000	52.502068
256.000000	52.545739
257.000000	52.482001
258.000000	52.539298
259.000000	52.508158
260.000000	52.525548
261.000000	52.574901
262.000000	52.495597
263.000000	52.455099
264.000000	52.528083
265.000000	52.489631
266.000000	52.472905
267.000000	52.422178
268.000000	52.492866
269.000000	52.515076
270.000000	52.523490
271.000000	52.486127
272.000000	52.502964
273.000000	52.379561
274.000000	52.458953
275.000000	52.450276
276.000000	52.430538
277.000000	52.510132
278.000000	52.460420
279.000000	52.491758
280.000000	52.461919
281.000000	52.414887
282.000000	52.489785
283.000000	52.476620
284.000000	52.466115
285.000000	52.428878
286.000000	52.451987
287.000000	52.431480
288.000000	52.403578
289.000000	52.424131
290.000000	52.470669
291.000000	52.470328
292.000000	52.367583
293.000000	52.405794
294.000000	52.293913
295.000000	52.365844
296.000000	52.348255
297.000000	52.387719
298.000000	52.328545
299.000000	52.337846
300.000000	52.333582
301.000000	52.361719
302.000000	52.319289
303.000000	52.349085
304.000000	52.374524
305.000000	52.320795
306.000000	52.335538
307.000000	52.348156
308.000000	52.346617
309.000000	52.343312
310.000000	52.283516
311.000000	52.326559
312.000000	52.308225
313.000000	52.215261
314.000000	52.296062
315.000000	52.258835
316.000000	52.280743
317.000000	52.284144
318.000000	52.246914
319.000000	52.292815
320.000000	52.219441
321.000000	52.303127
322.000000	52.265209
323.000000	52.294348
324.000000	52.215669
325.000000	52.276161
326.000000	52.244403
327.000000	52.191697
328.000000	52.267539
329.000000	52.210342
330.000000	52.279131
331.000000	52.196036
332.000000	52.100154
333.000000	52.188579
334.000000	52.105499
335.000000	52.139289
336.000000	52.146420
337.000000	52.096726
338.000000	52.116141
339.000000	52.130540
340.000000	52.136241
341.000000	52.124757
342.000000	52.155423
343.000000	52.172656
344.000000	52.123511
345.000000	52.133328
346.000000	52.164969
347.000000	52.173272
348.000000	52.174014
349.000000	52.151361
350.000000	52.128137
351.000000	52.114888
352.000000	52.094037
353.000000	52.056900
354.000000	52.076711
355.000000	52.042100
356.000000	52.058195
357.000000	52.081210
358.000000	52.052796
359.000000	52.090681
360.000000	52.108394
361.000000	52.086595
362.000000	52.105976
363.000000	52.109501
364.000000	52.035708
365.000000	52.176999
366.000000	52.086163
367.000000	52.083740
368.000000	52.073137
369.000000	52.042661
370.000000	52.079551
371.000000	52.046398
372.000000	52.033816
373.000000	51.976760
374.000000	52.044623
375.000000	52.032183
376.000000	52.024801
377.000000	52.033103
378.000000	52.041122
379.000000	52.050526
380.000000	52.063287
381.000000	52.029889
382.000000	52.016767
383.000000	52.096005
384.000000	52.036158
385.000000	52.063274
386.000000	52.032162
387.000000	52.029853
388.000000	52.079478
389.000000	52.068728
390.000000	52.034775
391.000000	52.024128
392.000000	51.983738
393.000000	52.017108
394.000000	51.995870
395.000000	51.981399
396.000000	52.029029
397.000000	52.016142
398.000000	52.072172
399.000000	52.022426
400.000000	52.041312
401.000000	52.011993
402.000000	52.012699
403.000000	52.035931
404.000000	51.979612
405.000000	51.985069
406.000000	51.986116
407.000000	52.024306
408.000000	51.969004
409.000000	51.963403
410.000000	51.996821
411.000000	51.926583
412.000000	51.980678
413.000000	51.942479
414.000000	51.952637
415.000000	51.943970
416.000000	51.975339
417.000000	51.992155
418.000000	52.006859
419.000000	51.955173
420.000000	51.944969
421.000000	51.949604
422.000000	51.908713
423.000000	52.038231
424.000000	51.945533
425.000000	51.929716
426.000000	51.979425
427.000000	51.945696
428.000000	51.893222
429.000000	51.935957
430.000000	51.824741
431.000000	51.809406
432.000000	51.827031
433.000000	51.811298
434.000000	51.811947
435.000000	51.875051
436.000000	51.846030
437.000000	51.850544
438.000000	51.865468
439.000000	51.846419
440.000000	51.785265
441.000000	51.849627
442.000000	51.873545
443.000000	51.882004
444.000000	51.834745
445.000000	51.898609
446.000000	51.839019
447.000000	51.832156
448.000000	51.896949
449.000000	51.763445
450.000000	51.781130
451.000000	51.785763
452.000000	51.859282
453.000000	51.791570
454.000000	51.775858
455.000000	51.771141
456.000000	51.843482
457.000000	51.894707
458.000000	51.803968
459.000000	51.857863
460.000000	51.829609
461.000000	51.867874
462.000000	51.821059
463.000000	51.803485
464.000000	51.899668
465.000000	51.896581
466.000000	51.827460
467.000000	51.889181
468.000000	51.791585
469.000000	51.729806
470.000000	51.780134
471.000000	51.772970
472.000000	51.770694
473.000000	51.829470
474.000000	51.891155
475.000000	51.870400
476.000000	51.808827
477.000000	51.848921
478.000000	51.858491
479.000000	51.917864
480.000000	51.887965
481.000000	51.888107
482.000000	51.879677
483.000000	51.898072
484.000000	51.834006
485.000000	51.928098
486.000000	51.922198
487.000000	51.928910
488.000000	51.929495
489.000000	51.856903
490.000000	51.838140
491.000000	51.872147
492.000000	51.855554
493.000000	51.833019
494.000000	51.917245
495.000000	51.878995
496.000000	51.948904
497.000000	51.922563
498.000000	51.894921
499.000000	51.949964
500.000000	51.934870
501.000000	51.893313
502.000000	51.953090
503.000000	51.945980
504.000000	51.911007
505.000000	51.904087
506.000000	51.949218
507.000000	51.979863
508.000000	51.916684
509.000000	51.920173
510.000000	51.905448
511.000000	51.950274
512.000000	51.867316
513.000000	51.815979
514.000000	51.902496
515.000000	51.953006
516.000000	52.002489
517.000000	51.947030
518.000000	51.909344
519.000000	51.980367
520.000000	51.990178
521.000000	51.973552
522.000000	51.896195
523.000000	51.921739
524.000000	52.015940
525.000000	51.928297
526.000000	51.923532
527.000000	51.935251
528.000000	51.930932
529.000000	51.928291
530.000000	51.919014
531.000000	51.953461
532.000000	51.941235
533.000000	51.936724
534.000000	52.018364
535.000000	52.003011
536.000000	51.983705
537.000000	51.967109
538.000000	52.008956
539.000000	52.007245
540.000000	51.999990
541.000000	52.014528
542.000000	52.032986
543.000000	52.017256
544.000000	51.938112
545.000000	51.964009
546.000000	52.035741
547.000000	51.984997
548.000000	51.940430
549.000000	51.988748
550.000000	52.013345
551.000000	51.903667
552.000000	51.973812
553.000000	52.017537
554.000000	51.986729
555.000000	51.955438
556.000000	51.967296
557.000000	51.973072
558.000000	51.925488
559.000000	51.983379
560.000000	51.933890
561.000000	51.931288
562.000000	51.901546
563.000000	51.845519
564.000000	51.916364
565.000000	51.978022
566.000000	51.944051
567.000000	51.833927
568.000000	51.829126
569.000000	51.867023
570.000000	51.923607
571.000000	51.890865
572.000000	51.879683
573.000000	51.876342
574.000000	51.920767
575.000000	51.939808
576.000000	51.959730
577.000000	51.857127
578.000000	51.849633
579.000000	51.902524
580.000000	51.943891
581.000000	51.913675
582.000000	51.934445
583.000000	51.917007
584.000000	51.892320
585.000000	51.908043
586.000000	51.936226
587.000000	51.787459
588.000000	51.796205
589.000000	51.877703
590.000000	51.929212
591.000000	51.875440
592.000000	51.870315
593.000000	51.917405
594.000000	51.836921
595.000000	51.876780
596.000000	51.806759
597.000000	51.823802
598.000000	51.880634
599.000000	51.813912
600.000000	51.842797
601.000000	51.835633
602.000000	51.834241
603.000000	51.856798
604.000000	51.831715
605.000000	51.826382
606.000000	51.784836
607.000000	51.836930
608.000000	51.862526
609.000000	51.810912
610.000000	51.855419
611.000000	51.881633
612.000000	51.835011
613.000000	51.817132
614.000000	51.863314
615.000000	51.893056
616.000000	51.855403
617.000000	51.901905
618.000000	51.842879
619.000000	51.900414
620.000000	51.831516
621.000000	51.816695
622.000000	51.785063
623.000000	51.821110
624.000000	51.802540
625.000000	51.849802
626.000000	51.835325
627.000000	51.796432
628.000000	51.816344
629.000000	51.836997
630.000000	51.826702
631.000000	51.795125
632.000000	51.770323
633.000000	51.800980
634.000000	51.781517
635.000000	51.803950
636.000000	51.796927
637.000000	51.790275
638.000000	51.815780
639.000000	51.771898
640.000000	51.780059
641.000000	51.776969
642.000000	51.747350
643.000000	51.814615
644.000000	51.713111
645.000000	51.728665
646.000000	51.731590
647.000000	51.808105
648.000000	51.736105
649.000000	51.842843
650.000000	51.731342
651.000000	51.752954
652.000000	51.713983
653.000000	51.781103
654.000000	51.709782
655.000000	51.741175
656.000000	51.696349
657.000000	51.797741
658.000000	51.711188
659.000000	51.839127
660.000000	51.801215
661.000000	51.771859
662.000000	51.794914
663.000000	51.786653
664.000000	51.824445
665.000000	51.784535
666.000000	51.774458
667.000000	51.700254
668.000000	51.771449
669.000000	51.761860
670.000000	51.822027
671.000000	51.755538
672.000000	51.767474
673.000000	51.737861
674.000000	51.705031
675.000000	51.776151
676.000000	51.728853
677.000000	51.729257
678.000000	51.749873
679.000000	51.788189
680.000000	51.787972
681.000000	51.730428
682.000000	51.764559
683.000000	51.693952
684.000000	51.776335
685.000000	51.756992
686.000000	51.746571
687.000000	51.759920
688.000000	51.807779
689.000000	51.794114
690.000000	51.810218
691.000000	51.761909
692.000000	51.781010
693.000000	51.745008
694.000000	51.706613
695.000000	51.718727
696.000000	51.795083
697.000000	51.739530
698.000000	51.793691
699.000000	51.786539
700.000000	51.768938
701.000000	51.754690
702.000000	51.763647
703.000000	51.810001
704.000000	51.752613
705.000000	51.736657
706.000000	51.829769
707.000000	51.719560
708.000000	51.728186
709.000000	51.729357
710.000000	51.701666
711.000000	51.721489
712.000000	51.750567
713.000000	51.811353
714.000000	51.813661
715.000000	51.800243
716.000000	51.705095
717.000000	51.782063
718.000000	51.724664
719.000000	51.702149
720.000000	51.716126
721.000000	51.749927
722.000000	51.683465
723.000000	51.670403
724.000000	51.769611
725.000000	51.718845
726.000000	51.786834
727.000000	51.759959
728.000000	51.709507
729.000000	51.722270
730.000000	51.800062
731.000000	51.784408
732.000000	51.732758
733.000000	51.703121
734.000000	51.790263
735.000000	51.716578
736.000000	51.749245
737.000000	51.788011
738.000000	51.763744
739.000000	51.737879
740.000000	51.758797
741.000000	51.843075
742.000000	51.777210
743.000000	51.788917
744.000000	51.739334
745.000000	51.784323
746.000000	51.723927
747.000000	51.791512
748.000000	51.752411
749.000000	51.752076
750.000000	51.715090
751.000000	51.739002
752.000000	51.771243
753.000000	51.717565
754.000000	51.724193
755.000000	51.708297
756.000000	51.708182
757.000000	51.787752
758.000000	51.809512
759.000000	51.740798
760.000000	51.736971
761.000000	51.726797
762.000000	51.744993
763.000000	51.700402
764.000000	51.720037
765.000000	51.683486
766.000000	51.699499
767.000000	51.721166
768.000000	51.719461
769.000000	51.721483
770.000000	51.688140
771.000000	51.771941
772.000000	51.704669
773.000000	51.646645
774.000000	51.684503
775.000000	51.752909
776.000000	51.709450
777.000000	51.762654
778.000000	51.703996
779.000000	51.693922
780.000000	51.651942
781.000000	51.698790
782.000000	51.726163
783.000000	51.728699
784.000000	51.647644
785.000000	51.645435
786.000000	51.661965
787.000000	51.727561
788.000000	51.593848
789.000000	51.654027
790.000000	51.750477
791.000000	51.654528
792.000000	51.666833
793.000000	51.653665
794.000000	51.699747
795.000000	51.704392
796.000000	51.645528
797.000000	51.604245
798.000000	51.649769
799.000000	51.673324
800.000000	51.642815
801.000000	51.706562
802.000000	51.616061
803.000000	51.606041
804.000000	51.634854
805.000000	51.604632
806.000000	51.628172
807.000000	51.679505
808.000000	51.651664
809.000000	51.659610
810.000000	51.624810
811.000000	51.612192
812.000000	51.701168
813.000000	51.589490
814.000000	51.662785
815.000000	51.697224
816.000000	51.602127
817.000000	51.690536
818.000000	51.745560
819.000000	51.675180
820.000000	51.653891
821.000000	51.711233
822.000000	51.701138
823.000000	51.594062
824.000000	51.706417
825.000000	51.646014
826.000000	51.643014
827.000000	51.633779
828.000000	51.579600
829.000000	51.704189
830.000000	51.646672
831.000000	51.726224
832.000000	51.645942
833.000000	51.551669
834.000000	51.617099
835.000000	51.661774
836.000000	51.679852
837.000000	51.594838
838.000000	51.666479
839.000000	51.657431
840.000000	51.630499
841.000000	51.619972
842.000000	51.687965
843.000000	51.639287
844.000000	51.649373
845.000000	51.598095
846.000000	51.660797
847.000000	51.655859
848.000000	51.696337
849.000000	51.596957
850.000000	51.728424
851.000000	51.598731
852.000000	51.650916
853.000000	51.611470
854.000000	51.639402
855.000000	51.672811
856.000000	51.625845
857.000000	51.702478
858.000000	51.619450
859.000000	51.663093
860.000000	51.630336
861.000000	51.581550
862.000000	51.514315
863.000000	51.616710
864.000000	51.510071
865.000000	51.567552
866.000000	51.611890
867.000000	51.539080
868.000000	51.542974
869.000000	51.475992
870.000000	51.479517
871.000000	51.580738
872.000000	51.536310
873.000000	51.546834
874.000000	51.516895
875.000000	51.559223
876.000000	51.524808
877.000000	51.478476
878.000000	51.477522
879.000000	51.449856
880.000000	51.547377
881.000000	51.495353
882.000000	51.501706
883.000000	51.522910
884.000000	51.493961
885.000000	51.462097
886.000000	51.461198
887.000000	51.436846
888.000000	51.496225
889.000000	51.462381
890.000000	51.539615
891.000000	51.493349
892.000000	51.394980
893.000000	51.493913
894.000000	51.504066
895.000000	51.522162
896.000000	51.481240
897.000000	51.511541
898.000000	51.480245
899.000000	51.452183
900.000000	51.464961
901.000000	51.430559
902.000000	51.443419
903.000000	51.435660
904.000000	51.392143
905.000000	51.420563
906.000000	51.443147
907.000000	51.425670
908.000000	51.476502
909.000000	51.434929
910.000000	51.485058
911.000000	51.502083
912.000000	51.381969
913.000000	51.399555
914.000000	51.416006
915.000000	51.463830
916.000000	51.452805
917.000000	51.462118
918.000000	51.472220
919.000000	51.479855
920.000000	51.524404
921.000000	51.488306
922.000000	51.497495
923.000000	51.445613
924.000000	51.501470
925.000000	51.572683
926.000000	51.478754
927.000000	51.568904
928.000000	51.490892
929.000000	51.529845
930.000000	51.544854
931.000000	51.456037
932.000000	51.462146
933.000000	51.549146
934.000000	51.488562
935.000000	51.513074
936.000000	51.532374
937.000000	51.509009
938.000000	51.513693
939.000000	51.552420
940.000000	51.483767
941.000000	51.507533
942.000000	51.508529
943.000000	51.526670
944.000000	51.521827
945.000000	51.531671
946.000000	51.486748
947.000000	51.577361
948.000000	51.522765
949.000000	51.574358
950.000000	51.556491
951.000000	51.521187
952.000000	51.519497
953.000000	51.490895
954.000000	51.476074
955.000000	51.488773
956.000000	51.529565
957.000000	51.520188
958.000000	51.514897
959.000000	51.470635
960.000000	51.469223
961.000000	51.512489
962.000000	51.466540
963.000000	51.495123
964.000000	51.522056
965.000000	51.437159
966.000000	51.476098
967.000000	51.408718
968.000000	51.543070
969.000000	51.499524
970.000000	51.499385
971.000000	51.465363
972.000000	51.461264
973.000000	51.482816
974.000000	51.443377
975.000000	51.511330
976.000000	51.447792
977.000000	51.513563
978.000000	51.490020
979.000000	51.475467
980.000000	51.416628
981.000000	51.517743
982.000000	51.493807
983.000000	51.469247
984.000000	51.466181
985.000000	51.511924
986.000000	51.520435
987.000000	51.485550
988.000000	51.472108
989.000000	51.538564
990.000000	51.522500
991.000000	51.506356
992.000000	51.532764
993.000000	51.542962
994.000000	51.481775
995.000000	51.547839
996.000000	51.539340
997.000000	51.480960
998.000000	51.543864
999.000000	51.511544
1000.000000	51.537810
1001.000000	51.544136
1002.000000	51.552737
1003.000000	51.580813
1004.000000	51.580180
1005.000000	51.557714
1006.000000	51.583382
1007.000000	51.633822
1008.000000	51.518157
1009.000000	51.573229
1010.000000	51.609092
1011.000000	51.579033
1012.000000	51.500317
1013.000000	51.574663
1014.000000	51.644798
1015.000000	51.611241
1016.000000	51.639308
1017.000000	51.636791
1018.000000	51.652672
1019.000000	51.626826
1020.000000	51.593214
1021.000000	51.592735
1022.000000	51.685203
1023.000000	51.693198
1024.000000	51.789137
1025.000000	51.667647
1026.000000	51.686806
1027.000000	51.702786
1028.000000	51.651220
1029.000000	51.686199
1030.000000	51.684509
1031.000000	51.704681
1032.000000	51.697553
1033.000000	51.710554
1034.000000	51.674725
1035.000000	51.804991
1036.000000	51.761384
1037.000000	51.741359
1038.000000	51.733497
1039.000000	51.642538
1040.000000	51.699880
1041.000000	51.706694
1042.000000	51.729145
1043.000000	51.693083
1044.000000	51.675675
1045.000000	51.740940
1046.000000	51.713847
1047.000000	51.715187
1048.000000	51.717396
1049.000000	51.776555
1050.000000	51.738631
1051.000000	51.652518
1052.000000	51.678340
1053.000000	51.721742
1054.000000	51.740683
1055.000000	51.629515
1056.000000	51.640147
1057.000000	51.747582
1058.000000	51.690056
1059.000000	51.623793
1060.000000	51.654770
1061.000000	51.626935
1062.000000	51.720447
1063.000000	51.663298
1064.000000	51.696177
1065.000000	51.615222
1066.000000	51.648513
1067.000000	51.669021
1068.000000	51.585503
1069.000000	51.679019
1070.000000	51.674631
1071.000000	51.615297
1072.000000	51.643721
1073.000000	51.696267
1074.000000	51.587278
1075.000000	51.645021
1076.000000	51.609518
1077.000000	51.668607
1078.000000	51.663489
1079.000000	51.621065
1080.000000	51.570419
1081.000000	51.592228
1082.000000	51.618499
1083.000000	51.592200
1084.000000	51.594953
1085.000000	51.590601
1086.000000	51.597289
1087.000000	51.622226
1088.000000	51.586511
1089.000000	51.583409
1090.000000	51.550857
1091.000000	51.589007
1092.000000	51.566360
1093.000000	51.575547
1094.000000	51.490605
1095.000000	51.592955
1096.000000	51.548445
1097.000000	51.572804
1098.000000	51.517574
1099.000000	51.497245
1100.000000	51.468363
1101.000000	51.507953
1102.000000	51.496246
1103.000000	51.478050
1104.000000	51.501959
1105.000000	51.524959
1106.000000	51.453921
1107.000000	51.544827
1108.000000	51.443911
1109.000000	51.437012
1110.000000	51.456535
1111.000000	51.479529
1112.000000	51.442903
1113.000000	51.404559
1114.000000	51.502949
1115.000000	51.459635
1116.000000	51.517387
1117.000000	51.462610
1118.000000	51.407423
1119.000000	51.418686
1120.000000	51.461515
1121.000000	51.473928
1122.000000	51.409626
1123.000000	51.479900
1124.000000	51.442335
1125.000000	51.438856
1126.000000	51.466190
1127.000000	51.414069
1128.000000	51.430761
1129.000000	51.512815
1130.000000	51.434051
1131.000000	51.475980
1132.000000	51.463971
1133.000000	51.455461
1134.000000	51.432334
1135.000000	51.428223
1136.000000	51.451160
1137.000000	51.384634
1138.000000	51.456242
1139.000000	51.522481
1140.000000	51.419540
1141.000000	51.442233
1142.000000	51.468722
1143.000000	51.457914
1144.000000	51.444327
1145.000000	51.455437
1146.000000	51.430333
1147.000000	51.465595
1148.000000	51.423618
1149.000000	51.410667
1150.000000	51.461620
1151.000000	51.404680
1152.000000	51.474918
1153.000000	51.470493
1154.000000	51.443941
1155.000000	51.426017
1156.000000	51.387227
1157.000000	51.550003
1158.000000	51.466455
1159.000000	51.450230
1160.000000	51.450707
1161.000000	51.474634
1162.000000	51.522125
1163.000000	51.537418
1164.000000	51.530220
1165.000000	51.560448
1166.000000	51.517194
1167.000000	51.402860
1168.000000	51.484630
1169.000000	51.491016
1170.000000	51.545029
1171.000000	51.511411
1172.000000	51.479010
1173.000000	51.473007
1174.000000	51.436106
1175.000000	51.518634
1176.000000	51.520218
1177.000000	51.439646
1178.000000	51.576917
1179.000000	51.442688
1180.000000	51.491550
1181.000000	51.514100
1182.000000	51.471281
1183.000000	51.531741
1184.000000	51.463534
1185.000000	51.458705
1186.000000	51.531949
1187.000000	51.550872
1188.000000	51.520650
1189.000000	51.642797
1190.000000	51.552151
1191.000000	51.616676
1192.000000	51.521099
1193.000000	51.592559
1194.000000	51.573788
1195.000000	51.622682
1196.000000	51.633716
1197.000000	51.604432
1198.000000	51.649582
1199.000000	51.679267
1200.000000	51.660344
1201.000000	51.687213
1202.000000	51.671296
1203.000000	51.675401
1204.000000	51.654308
1205.000000	51.630867
1206.000000	51.676958
1207.000000	51.688674
1208.000000	51.649177
1209.000000	51.682273
1210.000000	51.717849
1211.000000	51.625848
1212.000000	51.721440
1213.000000	51.700689
1214.000000	51.742443
1215.000000	51.712054
1216.000000	51.673038
1217.000000	51.662963
1218.000000	51.650013


