0.0	0.0015857273344150817
1.0	0.0006678533128022583
2.0	0.0015338359086043065
3.0	0.0009631190798707678
4.0	0.00016306702850571388
5.0	0.0007953604977988122
6.0	0.0008130426788540007
7.0	-0.0019287616468873932
8.0	0.0002380608014234649
9.0	-0.0005031691199991761
10.0	-0.0011909970775307779
11.0	0.0014089055238623693
12.0	-0.0015025233427558905
13.0	0.00169128728965945
14.0	0.00010157924312741926
15.0	-0.0015902234065829541
16.0	-0.002899237935759871
17.0	-0.0011039189999721558
18.0	0.001878327446048123
19.0	-0.001121334615483963
20.0	-0.0005842050452371559
21.0	-0.001992648522157361
22.0	-0.0014023835535637234
23.0	-0.0010271481234307594
24.0	-0.0027300576707889163
25.0	-0.0030129725676731733
26.0	-0.0010155080946957996
27.0	-0.004061197140080549
28.0	-0.003835504979877589
29.0	-0.0009610398686312351
30.0	-0.0027731524336623158
31.0	-0.0026076152311199172
32.0	-0.003102272024761352
33.0	-0.0038030728387460615
34.0	-0.003936000189794816
35.0	-0.002132506577338167
36.0	-0.003382787831753936
37.0	-0.0028307305910686737
38.0	-0.003252792701684444
39.0	-0.004064129361059398
40.0	-0.004394315214332787
41.0	-0.005436853055144579
42.0	-0.004522977516684958
43.0	-0.005158469772500287
44.0	-0.006208027172625396
45.0	-0.005782943985849512
46.0	-0.0061117970114047526
47.0	-0.004375477915922394
48.0	-0.005301348903841621
49.0	-0.005434987096339669
50.0	-0.004890304835692369
51.0	-0.007957852255647624
52.0	-0.0068320571100682955
53.0	-0.005957011285785491
54.0	-0.009022692746935837
55.0	-0.009248118341595415
56.0	-0.010943386343371813
57.0	-0.010903490367021058
58.0	-0.009798842754562942
59.0	-0.013508191148197965
60.0	-0.011057920671915673
61.0	-0.01124149547623832
62.0	-0.011910574990540795
63.0	-0.014537400711832418
64.0	-0.015467714458810759
65.0	-0.014516519744254585
66.0	-0.014870963061990566
67.0	-0.016488393925051217
68.0	-0.014640650432365964
69.0	-0.01639349659154872
70.0	-0.01650527640947585
71.0	-0.01745122866834235
72.0	-0.01937929724481629
73.0	-0.02065143687380298
74.0	-0.020458532275456194
75.0	-0.020565780479143356
76.0	-0.02238331321022664
77.0	-0.02027246952606061
78.0	-0.021606008085243916
79.0	-0.023424162802595638
80.0	-0.02400412057017205
81.0	-0.023942543929612904
82.0	-0.02455226818288579
83.0	-0.025709606917784823
84.0	-0.025152929207677917
85.0	-0.026638943257770074
86.0	-0.028122735928332677
87.0	-0.0248305626103484
88.0	-0.02807048908179767
89.0	-0.02703736989019128
90.0	-0.02789828774066619
91.0	-0.0286045087207031
92.0	-0.027761895037551408
93.0	-0.02606982582229765
94.0	-0.02775105470544742
95.0	-0.02800615793062138
96.0	-0.027104633262346422
97.0	-0.0287019828544598
98.0	-0.029102897431954353
99.0	-0.027678371167240076
100.0	-0.02853457969311249
101.0	-0.027365245508753848
102.0	-0.02791419281809773
103.0	-0.028529692658147462
104.0	-0.02774918874664251
105.0	-0.029665972715106136
106.0	-0.028572787421020863
107.0	-0.028955308976010525
108.0	-0.029717153299467204
109.0	-0.027475959064507036
110.0	-0.028037790375122346
111.0	-0.02800962328268782
112.0	-0.028050852086756308
113.0	-0.028369220200932205
114.0	-0.02881020846514005
115.0	-0.027679615139776546
116.0	-0.027034348814031165
117.0	-0.028742767382622374
118.0	-0.027015333805258245
119.0	-0.0280892375250268
120.0	-0.028307910125916443
121.0	-0.028921632862342526
122.0	-0.02780863286285336
123.0	-0.029074552629157292
124.0	-0.028541688107607068
125.0	-0.02903678917715483
126.0	-0.028828690342825793
127.0	-0.029171404776645964
128.0	-0.031209653777785916
129.0	-0.03075835831256126
130.0	-0.03128775748204505
131.0	-0.03065608599902039
132.0	-0.02897876674384256
133.0	-0.03016640509552483
134.0	-0.030310972475308545
135.0	-0.030677322387322868
136.0	-0.029563789256746527
137.0	-0.031182375237162795
138.0	-0.033444183874157415
139.0	-0.03294170782457169
140.0	-0.03277172786297018
141.0	-0.032683050392150026
142.0	-0.03245033867263375
143.0	-0.03226534218541252
144.0	-0.032517335479245096
145.0	-0.030802163916883955
146.0	-0.032656660403339144
147.0	-0.03184052556418002
148.0	-0.03425018922266185
149.0	-0.032236286541165754
150.0	-0.03343058903143669
151.0	-0.030911455789738144
152.0	-0.03155334561859876
153.0	-0.03128535839215296
154.0	-0.030279695451532224
155.0	-0.030403204153375572
156.0	-0.031046871085859837
157.0	-0.030509830370794296
158.0	-0.031066508080901202
159.0	-0.03139127376812239
160.0	-0.02894206955401445
161.0	-0.029648023968507565
162.0	-0.031498699682171664
163.0	-0.028130199763551907
164.0	-0.03142272850226083
165.0	-0.029832931600547945
166.0	-0.030939534026991823
167.0	-0.03171381807581402
168.0	-0.03094948580728399
169.0	-0.03136692744847853
170.0	-0.031104982374352958
171.0	-0.03054972634714505
172.0	-0.03286289327886327
173.0	-0.02943015106424848
174.0	-0.03123435551815442
175.0	-0.030088834522352878
176.0	-0.031848255964942625
177.0	-0.03236752564377213
178.0	-0.03185083276519724
179.0	-0.030860986046826782
180.0	-0.030463003690311075
181.0	-0.029394253571050927
182.0	-0.030665948924131704
183.0	-0.02876755797817256
184.0	-0.028958685472895287
185.0	-0.028839175254205134
186.0	-0.02779512687531349
187.0	-0.0302700990919647
188.0	-0.028882625437803594
189.0	-0.02912973169667115
190.0	-0.02835029404734055
191.0	-0.03025677081478736
192.0	-0.02798740948739225
193.0	-0.029477066599912966
194.0	-0.02796244118147995
195.0	-0.028740812568636614
196.0	-0.028527915554523817
197.0	-0.02886760891218346
198.0	-0.02799051941873363
199.0	-0.027581252454208022
200.0	-0.030134683795842596
201.0	-0.02826126115579575
202.0	-0.029250485887898182
203.0	-0.0289713917638046
204.0	-0.028879870927186864
205.0	-0.029631408049626315
206.0	-0.02827041323945777
207.0	-0.027331480539904585
208.0	-0.030681942856744512
209.0	-0.02869931719902433
210.0	-0.029252085281159298
211.0	-0.029992959781856877
212.0	-0.027594403021022833
213.0	-0.029094367334560774
214.0	-0.029954130067680478
215.0	-0.027747411643018863
216.0	-0.030615568036401194
217.0	-0.02813171030163217
218.0	-0.028673016065394297
219.0	-0.027077798997629212
220.0	-0.026966463455607995
221.0	-0.028736902940664676
222.0	-0.02949679245013518
223.0	-0.029184999619366686
224.0	-0.030111492593554355
225.0	-0.03002459222635785
226.0	-0.02913115337957015
227.0	-0.030453229620381026
228.0	-0.03020878901694894
229.0	-0.030034277441106632
230.0	-0.031339115776768234
231.0	-0.031003065481537143
232.0	-0.03229377584339085
233.0	-0.030958726746127277
234.0	-0.030834418347652954
235.0	-0.03159937260245142
236.0	-0.029764424255856334
237.0	-0.03123844285648889
238.0	-0.029697249738882457
239.0	-0.02899040677257752
240.0	-0.03146315760969876
241.0	-0.030506898149815446
242.0	-0.029985407091456386
243.0	-0.030984050472764223
244.0	-0.030062089112816933
245.0	-0.029288960181349938
246.0	-0.02803770151994108
247.0	-0.029860032430808536
248.0	-0.030127308815804634
249.0	-0.03148554911535686
250.0	-0.02982946624848151
251.0	-0.02843266280029626
252.0	-0.030177689703535144
253.0	-0.029394431281413457
254.0	-0.029015730499214465
255.0	-0.02973430234943563
256.0	-0.02861063972820459
257.0	-0.027685213016191274
258.0	-0.0291908640613248
259.0	-0.02868572235630361
260.0	-0.02830328965649521
261.0	-0.02809838960868882
262.0	-0.028347717247086346
263.0	-0.025667400706723246
264.0	-0.028306577298198708
265.0	-0.029046118971178966
266.0	-0.028071199923246963
267.0	-0.027673839552999697
268.0	-0.027635009838823294
269.0	-0.028298224911167656
270.0	-0.026265484931260758
271.0	-0.02654413477944843
272.0	-0.028293426731383898
273.0	-0.02775149898135333
274.0	-0.027695786782751884
275.0	-0.028123891045687882
276.0	-0.02753833540169674
277.0	-0.028161387932146963
278.0	-0.02921876458821595
279.0	-0.025766563088922324
280.0	-0.024930524689178453
281.0	-0.028700383461198683
282.0	-0.026495708705704096
283.0	-0.027350584403858774
284.0	-0.027359825342701646
285.0	-0.02842217788891692
286.0	-0.02571547135974252
287.0	-0.02583160508154791
288.0	-0.027639097177157762
289.0	-0.028855524607543002
290.0	-0.026964153220897173
291.0	-0.02715377017754005
292.0	-0.029897707027629738
293.0	-0.02562359510240014
294.0	-0.028567811530874572
295.0	-0.02437784546222475
296.0	-0.029114626315870164
297.0	-0.028034769298962234
298.0	-0.02688009621949867
299.0	-0.027812275925281918
300.0	-0.02979596784517604
301.0	-0.02827272347416818
302.0	-0.02813508679851693
303.0	-0.0297717992358943
304.0	-0.03078012783195092
305.0	-0.029136573545622352
306.0	-0.028484643081287887
307.0	-0.03109103211090759
308.0	-0.029512697527566724
309.0	-0.02936910755477651
310.0	-0.027889046801823313
311.0	-0.02785830290913417
312.0	-0.030064488202708604
313.0	-0.03065590828865786
314.0	-0.029980697766853893
315.0	-0.029243466328584454
316.0	-0.030360820231951465
317.0	-0.029045496984910525
318.0	-0.029453431121718398
319.0	-0.030942110827246027
320.0	-0.02974434298490906
321.0	-0.03142699355095783
322.0	-0.028900574184402165
323.0	-0.030244864220508608
324.0	-0.030307507123242105
325.0	-0.028870985409068635
326.0	-0.02749897255643316
327.0	-0.028248021733799675
328.0	-0.030071685472384452
329.0	-0.029299622803091813
330.0	-0.030972055023304617
331.0	-0.029604751495271635
332.0	-0.031419529715738186
333.0	-0.030573894956426793
334.0	-0.031063931280646998
335.0	-0.031745006244409076
336.0	-0.031525800512432256
337.0	-0.02920721341466225
338.0	-0.031732477663862294
339.0	-0.03108961042800859
340.0	-0.030875380586178062
341.0	-0.030400716208302637
342.0	-0.03264590892641601
343.0	-0.03168547327301696
344.0	-0.031222537779057345
345.0	-0.02934271756596521
346.0	-0.027978968245179935
347.0	-0.027805434076330716
348.0	-0.03006519904415831
349.0	-0.029753495068570668
350.0	-0.03131690198147267
351.0	-0.029357645236403666
352.0	-0.02955134953138101
353.0	-0.02765038178516766
354.0	-0.028220121206908526
355.0	-0.028031303946896208
356.0	-0.026780489561393263
357.0	-0.028128955791015438
358.0	-0.02827627768141547
359.0	-0.027956932160246483
360.0	-0.02726306205039424
361.0	-0.02836557713850365
362.0	-0.027590493393050895
363.0	-0.027190822788093223
364.0	-0.030142325341424355
365.0	-0.027730262593050437
366.0	-0.029544329972067695
367.0	-0.026908974153382902
368.0	-0.027826581609452346
369.0	-0.026639742954400632
370.0	-0.027721910206019388
371.0	-0.025535184197123785
372.0	-0.026240161204623812
373.0	-0.02748377832045091
374.0	-0.027303846578556817
375.0	-0.025989056462603053
376.0	-0.026993297720324792
377.0	-0.026615218924394245
378.0	-0.02739874391205973
379.0	-0.02827627768141547
380.0	-0.026598158729607496
381.0	-0.026272149069849426
382.0	-0.026235807300745963
383.0	-0.028482865977664244
384.0	-0.026414050794197674
385.0	-0.027995761874423302
386.0	-0.02696424207607844
387.0	-0.026639920664763162
388.0	-0.029008355519176503
389.0	-0.027325616097946474
390.0	-0.026913328057260752
391.0	-0.02933747511027554
392.0	-0.02739252404937697
393.0	-0.026732330053192723
394.0	-0.029299711658273078
395.0	-0.028897819673785432
396.0	-0.028134375957067637
397.0	-0.028482510556939598
398.0	-0.02593174487074049
399.0	-0.028489796681796707
400.0	-0.030246907889676048
401.0	-0.02863854025509574
402.0	-0.02884237404072778
403.0	-0.028740457147911968
404.0	-0.028823714452679505
405.0	-0.027062249340922315
406.0	-0.029537132702391847
407.0	-0.029620301151978532
408.0	-0.029991626954139147
409.0	-0.029776419705315943
410.0	-0.029434416112945477
411.0	-0.02838867948561104
412.0	-0.031205477584270183
413.0	-0.03047144493252339
414.0	-0.027931697288790802
415.0	-0.028837664716125287
416.0	-0.029814627433224317
417.0	-0.028923232255603643
418.0	-0.02998238601529627
419.0	-0.027812809056369094
420.0	-0.03167027903703471
421.0	-0.02900098053913813
422.0	-0.030522536661703195
423.0	-0.030971966168123352
424.0	-0.03156898413048692
425.0	-0.031413665273780485
426.0	-0.029972434235004106
427.0	-0.02964464747162239
428.0	-0.03085112312171547
429.0	-0.029020706389360756
430.0	-0.028548085680652358
431.0	-0.030801097654709602
432.0	-0.029374527720828297
433.0	-0.030093454991774106
434.0	-0.03140566830747408
435.0	-0.03048095243691006
436.0	-0.030070352644666717
437.0	-0.027721199364570095
438.0	-0.027891979022802164
439.0	-0.029700892801311014
440.0	-0.02949839184339671
441.0	-0.029362621126549956
442.0	-0.029267901503409577
443.0	-0.029739455949944035
444.0	-0.03034216064390319
445.0	-0.03058633468179231
446.0	-0.029726571948672606
447.0	-0.03063653785916029
448.0	-0.02989077632349727
449.0	-0.029640027002201162
450.0	-0.02898640828942432
451.0	-0.029437526044286857
452.0	-0.029370262672131713
453.0	-0.03069713709272635
454.0	-0.03082393343627361
455.0	-0.03104340573379381
456.0	-0.029842083684209555
457.0	-0.030338873002199694
458.0	-0.02976602364911745
459.0	-0.029835863821526795
460.0	-0.02918713214371498
461.0	-0.030821712056744055
462.0	-0.02786461162699819
463.0	-0.031041006643901723
464.0	-0.031168513828898278
465.0	-0.032094118251274124
466.0	-0.030093899267680017
467.0	-0.03064320199774896
468.0	-0.03061094756697955
469.0	-0.030251350648735163
470.0	-0.03072521532998003
471.0	-0.028988007682685432
472.0	-0.03164539958630368
473.0	-0.02999793567200317
474.0	-0.0310262566838258
475.0	-0.03065750768191939
476.0	-0.029502390326549912
477.0	-0.032588686189734706
478.0	-0.031155363262083468
479.0	-0.030502988521843095
480.0	-0.03226134370225932
481.0	-0.03202383380295887
482.0	-0.03165863900829975
483.0	-0.030882933276578553
484.0	-0.031333429045172646
485.0	-0.03172252588356972
486.0	-0.0332412386403372
487.0	-0.0319585252447899
488.0	-0.03192964731090567
489.0	-0.03247193048166129
490.0	-0.031300463772953944
491.0	-0.03263400233213767
492.0	-0.030778350728327273
493.0	-0.03072663701287903
494.0	-0.03208158967072734
495.0	-0.03314722985864652
496.0	-0.03339513581414505
497.0	-0.03211988625381698
498.0	-0.03042515138312776
499.0	-0.031700845219361326
500.0	-0.031816356954898276
501.0	-0.031154918986177556
502.0	-0.030162762033096275
503.0	-0.03201237148458644
504.0	-0.032112244708235226
505.0	-0.031262700320951485
506.0	-0.0317404746301687
507.0	-0.031360707585795775
508.0	-0.029671392881158335
509.0	-0.02995146441224501
510.0	-0.02985745563055392
511.0	-0.03140566830747408
512.0	-0.030651198964055364
513.0	-0.03199851007632192
514.0	-0.032124062447332714
515.0	-0.030337007043394783
516.0	-0.03058153650200855
517.0	-0.03165579564250216
518.0	-0.03124848349196232
519.0	-0.03043661370150019
520.0	-0.032073592704420936
521.0	-0.030651820950323393
522.0	-0.029194507123753353
523.0	-0.03034420431307063
524.0	-0.03084392585203962
525.0	-0.028609129190124327
526.0	-0.031493368371300734
527.0	-0.02904807378516473
528.0	-0.029720885217077025
529.0	-0.028596511754396692
530.0	-0.029190775206143535
531.0	-0.028696918109132656
532.0	-0.029170693935196258
533.0	-0.02986634114867215
534.0	-0.03054661641580367
535.0	-0.03007852732133565
536.0	-0.03086685048878448
537.0	-0.030148189783382465
538.0	-0.029114981736595224
539.0	-0.026828649069594215
540.0	-0.028983209502901675
541.0	-0.030310528199402633
542.0	-0.02761866048548584
543.0	-0.028530581209959285
544.0	-0.02856123624746717
545.0	-0.027534603484087334
546.0	-0.02870500393061991
547.0	-0.029189531233607065
548.0	-0.028574297959101127
549.0	-0.028296980938631186
550.0	-0.028418268260944984
551.0	-0.030160718363929247
552.0	-0.028301956828777477
553.0	-0.029615147551470124
554.0	-0.028612772252552883
555.0	-0.029149368691712516
556.0	-0.028746321589869665
557.0	-0.02937106236876227
558.0	-0.02738150600691004
559.0	-0.029791702796479042
560.0	-0.028089770656113976
561.0	-0.02776962543831443
562.0	-0.02669127895948635
563.0	-0.02808612759368542
564.0	-0.02971848612718494
565.0	-0.029296335161387903
566.0	-0.029310285424833684
567.0	-0.031050514148288393
568.0	-0.028661998022927775
569.0	-0.02868767717028937
570.0	-0.02846962655566817
571.0	-0.02901324255414153
572.0	-0.028140595819750397
573.0	-0.030031078654584403
574.0	-0.032437365816181056
575.0	-0.0293893665360859
576.0	-0.0299133455395179
577.0	-0.02989406396520118
578.0	-0.028818471996989833
579.0	-0.028058315921975534
580.0	-0.02785936917130852
581.0	-0.029271011434750957
582.0	-0.029431306181604097
583.0	-0.027746611946388305
584.0	-0.030298888170667674
585.0	-0.029555525724896742
586.0	-0.028282053268192317
587.0	-0.028062669825853384
588.0	-0.029404649627249417
589.0	-0.029310996266282977
590.0	-0.02799096369463954
591.0	-0.02785732550214108
592.0	-0.02897014779126813
593.0	-0.030891641084334665
594.0	-0.030965657450259327
595.0	-0.028818649707352362
596.0	-0.03128500297142831
597.0	-0.028662086878109044
598.0	-0.028792082008178534
599.0	-0.029406249020510533
600.0	-0.029318637811864733
601.0	-0.029727016224578517
602.0	-0.027195265547152337
603.0	-0.028048364141682956
604.0	-0.02869594070213957
605.0	-0.026694566601190257
606.0	-0.028819982535070097
607.0	-0.027982078176521315
608.0	-0.0270997462273814
609.0	-0.026824917151984397
610.0	-0.028161832208052875
611.0	-0.02843577273163764
612.0	-0.02941246888319329
613.0	-0.028235048877346982
614.0	-0.029703469601565217
615.0	-0.029629275525278023
616.0	-0.031157940062337672
617.0	-0.027914370528460263
618.0	-0.026102791094516357
619.0	-0.029214943815425276
620.0	-0.029868917948926765
621.0	-0.027383016544990302
622.0	-0.028949711099596206
623.0	-0.028431596538122324
624.0	-0.028190798997118377
625.0	-0.027642651384405054
626.0	-0.02684473185738829
627.0	-0.028012111227760754
628.0	-0.025273861109266653
629.0	-0.028704204233989353
630.0	-0.02607711194715435
631.0	-0.025169367416196638
632.0	-0.023987771216834593
633.0	-0.026283433677859742
634.0	-0.026200887214541498
635.0	-0.025556864861332174
636.0	-0.02786727728243366
637.0	-0.02626841715224002
638.0	-0.02407093966642128
639.0	-0.02263264084862375
640.0	-0.023770431443662685
641.0	-0.024725713496553326
642.0	-0.02472660204836515
643.0	-0.023634394161272967
644.0	-0.025125917232598178
645.0	-0.024039129511558194
646.0	-0.02645225852210605
647.0	-0.02486192848930599
648.0	-0.02307842729261535
649.0	-0.024244651545632614
650.0	-0.024256735850273485
651.0	-0.024265976789116357
652.0	-0.02608333180983711
653.0	-0.023736488764451308
654.0	-0.025427225151987327
655.0	-0.02550612855287743
656.0	-0.02449175780450058
657.0	-0.02515150752477892
658.0	-0.02213602924099614
659.0	-0.021999903103425155
660.0	-0.021767902225358172
661.0	-0.021794647634894117
662.0	-0.02352101495008431
663.0	-0.020744023972594654
664.0	-0.022295879711942957
665.0	-0.02073638242701331
666.0	-0.021342374762676374
667.0	-0.02249233851753703
668.0	-0.022883390169920276
669.0	-0.02214269337958481
670.0	-0.02249047255873212
671.0	-0.021535634781747807
672.0	-0.024048370450401067
673.0	-0.026001407332787305
674.0	-0.02709334865433611
675.0	-0.024191693857647897
676.0	-0.024193115540546897
677.0	-0.02261282614322027
678.0	-0.021305766428029116
679.0	-0.02101067837132272
680.0	-0.022671026286894654
681.0	-0.021323537464265567
682.0	-0.021267914120845385
683.0	-0.020436407335341893
684.0	-0.023756303469854786
685.0	-0.02032933684201726
686.0	-0.020252565965475863
687.0	-0.020835278243669007
688.0	-0.021857823668714377
689.0	-0.022759703757714394
690.0	-0.02104497647125916
691.0	-0.02312711993190307
692.0	-0.022849269780346366
693.0	-0.023833962898208008
694.0	-0.023150577699735518
695.0	-0.025062563488415384
696.0	-0.021857379392808466
697.0	-0.02037074335644828
698.0	-0.020950789979205957
699.0	-0.02182867916928676
700.0	-0.021602453877996624
701.0	-0.019801448210613325
702.0	-0.018990822392687665
703.0	-0.02106541316293108
704.0	-0.01946113286668524
705.0	-0.019491165917924682
706.0	-0.020616783353141894
707.0	-0.01904857826045614
708.0	-0.017723658653847264
709.0	-0.016443966334460082
710.0	-0.019960498984929586
711.0	-0.019189680288173413
712.0	-0.018252880112968932
713.0	-0.018837991481054164
714.0	-0.019549277206418216
715.0	-0.01915982494729609
716.0	-0.018848565247614774
717.0	-0.018392027326700033
718.0	-0.017794653943611814
719.0	-0.016044384584683675
720.0	-0.015576650910939887
721.0	-0.016201835965738404
722.0	-0.01719577002244333
723.0	-0.015271344508397948
724.0	-0.01516605111869696
725.0	-0.016370127678897537
726.0	-0.014248088241902872
727.0	-0.0135982903019167
728.0	-0.014877271779854592
729.0	-0.013871608839233439
730.0	-0.017257790938908387
731.0	-0.01532830067953545
732.0	-0.016383544811256142
733.0	-0.01661359087533695
734.0	-0.016961014633759614
735.0	-0.015804031319585642
736.0	-0.01531390614018417
737.0	-0.012440862711836816
738.0	-0.015004245833763969
739.0	-0.0126714419070048
740.0	-0.014650246791933897
741.0	-0.014241246392951672
742.0	-0.013084529644321078
743.0	-0.014137641251693065
744.0	-0.013879516950358578
745.0	-0.014831422506364458
746.0	-0.011934388179097892
747.0	-0.01423680363389256
748.0	-0.013902797007828498
749.0	-0.01443548381901619
750.0	-0.015523337802230527
751.0	-0.01484350681100533
752.0	-0.012933120415586578
753.0	-0.014775799162944275
754.0	-0.012020222284119631
755.0	-0.013366289423850132
756.0	-0.010736798047123042
757.0	-0.010906689153543703
758.0	-0.01025973457935553
759.0	-0.013115628957734873
760.0	-0.012144264117050158
761.0	-0.012635011282720071
762.0	-0.01047423098672944
763.0	-0.012526430251315173
764.0	-0.013371976155445714
765.0	-0.013515832693779723
766.0	-0.013547998269367869
767.0	-0.015060402308270913
768.0	-0.014546908216218672
769.0	-0.016969455875971932
770.0	-0.016451252459317195
771.0	-0.015523515512593056
772.0	-0.015859832373367938
773.0	-0.015169516470762985
774.0	-0.015941312574512246
775.0	-0.015524492919586144
776.0	-0.015965658894156104
777.0	-0.015521294133063501
778.0	-0.016795477431217218
779.0	-0.014016265074198418
780.0	-0.015431461544888146
781.0	-0.01666521573560393
782.0	-0.014297935998546207
783.0	-0.015767867260844292
784.0	-0.015850413724162536
785.0	-0.013066758608084626
786.0	-0.014977766989771404
787.0	-0.011837713741971337
788.0	-0.010041861675096445
789.0	-0.015036855685257613
790.0	-0.014495905342220132
791.0	-0.016704934001592567
792.0	-0.013284187236437386
793.0	-0.012896156660214672
794.0	-0.01250030682804767
795.0	-0.012219524455511705
796.0	-0.013776711505730942
797.0	-0.012104279285518138
798.0	-0.009787291581009248
799.0	-0.010891139496836805
800.0	-0.011745926339810218
801.0	-0.013870720287421616
802.0	-0.011968597423853065
803.0	-0.012469651790539788
804.0	-0.014247910531540342
805.0	-0.012338590398295943
806.0	-0.013566924422959526
807.0	-0.012797349698739824
808.0	-0.012276924902555532
809.0	-0.013151348740569896
810.0	-0.014980965776294049
811.0	-0.015541197693648246
812.0	-0.01539965139002506
813.0	-0.014215656100771345
814.0	-0.01222592202855658
815.0	-0.01416296497833001
816.0	-0.0153616213724788
817.0	-0.0169985115202187
818.0	-0.015787237690341863
819.0	-0.016894995234141355
820.0	-0.01547091324533299
821.0	-0.01826416472097883
822.0	-0.016053980944251194
823.0	-0.018167223718308898
824.0	-0.018540148913731038
825.0	-0.018688537066305425
826.0	-0.01956500457348723
827.0	-0.020720210784037973
828.0	-0.021954764671384314
829.0	-0.024159794847603548
830.0	-0.02398057394715875
831.0	-0.021962583927328604
832.0	-0.02143807179280943
833.0	-0.021205982059561593
834.0	-0.021013610592301984
835.0	-0.01972574359624587
836.0	-0.02121700010202811
837.0	-0.020258252697071447
838.0	-0.02092235632122763
839.0	-0.022109461541822726
840.0	-0.02152132909757738
841.0	-0.02174977576839707
842.0	-0.02193717134551039
843.0	-0.021237081372975388
844.0	-0.024288457149955305
845.0	-0.024202534189752302
846.0	-0.02373613334372666
847.0	-0.02263308512452966
848.0	-0.02481216958784392
849.0	-0.025871412202717402
850.0	-0.025466232576526263
851.0	-0.024594918669853277
852.0	-0.0228828570388331
853.0	-0.0220850263669976
854.0	-0.024869303469343955
855.0	-0.02529029931778537
856.0	-0.024598561732281417
857.0	-0.023348102767503532
858.0	-0.024075382425480393
859.0	-0.025653628153639994
860.0	-0.024182186353261644
861.0	-0.02630111585891493
862.0	-0.02275046281887152
863.0	-0.023688240401069087
864.0	-0.025083089035268572
865.0	-0.02671544756876809
866.0	-0.025373467767372055
867.0	-0.026129269938508507
868.0	-0.029723284306968696
869.0	-0.029111516384528784
870.0	-0.029442768499976527
871.0	-0.028964727625215927
872.0	-0.027513811371690764
873.0	-0.026181961060949426
874.0	-0.027884070911677026
875.0	-0.02747684761631886
876.0	-0.029913967525785925
877.0	-0.027297360150330678
878.0	-0.027787574184913
879.0	-0.027906106996610475
880.0	-0.02961648037918786
881.0	-0.030189596297813485
882.0	-0.031063842425465733
883.0	-0.028637473992921388
884.0	-0.030127753091710546
885.0	-0.030545816719173113
886.0	-0.02828125357156176
887.0	-0.029121734730364748
888.0	-0.03333524742202787
889.0	-0.032656926968882526
890.0	-0.03037148285369334
891.0	-0.030364552149561286
892.0	-0.030985205590119427
893.0	-0.03097614236163867
894.0	-0.03196758847327066
895.0	-0.03052422491014599
896.0	-0.031658727863481013
897.0	-0.030274364140661286
898.0	-0.0327059750288953
899.0	-0.029978742952867718
900.0	-0.031750781831185924
901.0	-0.03340535415998101
902.0	-0.03348328015387761
903.0	-0.03301030402444457
904.0	-0.03295894572972097
905.0	-0.03284281200791599
906.0	-0.03459148197358302
907.0	-0.033568047996725414
908.0	-0.03575201949500469
909.0	-0.034844808095133746
910.0	-0.03298720167733718
911.0	-0.03350540509399191
912.0	-0.034794160641859855
913.0	-0.03438142832526822
914.0	-0.03714198109423874
915.0	-0.03471436868915793
916.0	-0.03639044397179929
917.0	-0.035494961455844146
918.0	-0.036697705188327406
919.0	-0.0352610057637914
920.0	-0.033503716845549536
921.0	-0.035285529793797794
922.0	-0.03507734210428749
923.0	-0.036555092622529865
924.0	-0.036292081286230356
925.0	-0.03692686270059639
926.0	-0.03725118411191167
927.0	-0.038416608668298366
928.0	-0.036830099408288984
929.0	-0.037809638925642215
930.0	-0.03800289894471365
931.0	-0.03735887659150474
932.0	-0.03800876338667176
933.0	-0.036542652897164345
934.0	-0.03824956092767571
935.0	-0.038478985005488485
936.0	-0.03864265624922598
937.0	-0.03885359844935259
938.0	-0.038600183472621015
939.0	-0.03811219081756784
940.0	-0.039651340266007244
941.0	-0.04010210260014472
942.0	-0.03898252731724815
943.0	-0.03885262104235992
944.0	-0.03758252508254026
945.0	-0.039165302424940235
946.0	-0.03636618650733628
947.0	-0.03887145834077031
948.0	-0.04024444860039888
949.0	-0.03780306364223481
950.0	-0.038801529313180115
951.0	-0.03689967301515453
952.0	-0.03733461912704173
953.0	-0.037276418983367345
954.0	-0.03831540261693185
955.0	-0.039334571545092456
956.0	-0.040405009912794984
957.0	-0.04015017325316441
958.0	-0.03754413964426977
959.0	-0.038333351363530416
960.0	-0.03676017038069837
961.0	-0.0402290766540541
962.0	-0.03826990876416636
963.0	-0.03706521021769735
964.0	-0.038292211414643194
965.0	-0.038371559091438794
966.0	-0.036353213650883585
967.0	-0.03816283827084173
968.0	-0.036371251252663835
969.0	-0.03793243678603628
970.0	-0.0377609462863545
971.0	-0.038991235125004256
972.0	-0.03694481144719537
973.0	-0.03920857489817575
974.0	-0.040038660000780664
975.0	-0.037487450038675235
976.0	-0.03859591842392402
977.0	-0.0355739537119151
978.0	-0.03818407465914421
979.0	-0.036723473190870264
980.0	-0.03718934090580873
981.0	-0.03831380322367032
982.0	-0.036990660720685506
983.0	-0.037095687544842694
984.0	-0.036853912596845666
985.0	-0.03888611944566539
986.0	-0.03497462551484071
987.0	-0.036525503847196335
988.0	-0.03703020127631161
989.0	-0.03580391092081506
990.0	-0.036554559491442686
991.0	-0.036459839868302306
992.0	-0.03740694724452443
993.0	-0.03714811210174024
994.0	-0.03665407729436683
995.0	-0.03585224813937813
996.0	-0.03570039463473772
997.0	-0.03664039359646484
998.0	-0.035965449640204254
999.0	-0.03721324294954709
1000.0	-0.03560647470822789
1001.0	-0.03635303594052147
1002.0	-0.037588034103773725
1003.0	-0.03754858240332888
1004.0	-0.03801213988355652
1005.0	-0.03742933875018211
1006.0	-0.03447756963130719
1007.0	-0.03620047159443135
1008.0	-0.03601822961782644
1009.0	-0.03555591611013527
1010.0	-0.03573567014166683
1011.0	-0.03586379931293182
1012.0	-0.035761615854572215
1013.0	-0.03586957489970867
1014.0	-0.03649991355501559
1015.0	-0.03624454376429784
1016.0	-0.03509129236773327
1017.0	-0.034050531630545125
1018.0	-0.034882304981592414
1019.0	-0.035595456665761374
1020.0	-0.03401650009615248
1021.0	-0.03540415146067612
1022.0	-0.036190875234863834
1023.0	-0.03509209206436383
1024.0	-0.036327356793159876
1025.0	-0.0362225076793648
1026.0	-0.03502829404427513
1027.0	-0.03809006587745353
1028.0	-0.034737204470721934
1029.0	-0.03532889112221457
1030.0	-0.03615604400384022
1031.0	-0.03512425763995198
1032.0	-0.036486407567476134
1033.0	-0.03437414220041111
1034.0	-0.03515064762876286
1035.0	-0.036176569550693406
1036.0	-0.03641123608419586
1037.0	-0.036496003927043656
1038.0	-0.038203711654185575
1039.0	-0.03604986206232741
1040.0	-0.038153775042361386
1041.0	-0.03703366662837764
1042.0	-0.03425880817523669
1043.0	-0.03579920159621215
1044.0	-0.03615417804503531
1045.0	-0.036614181318016074
1046.0	-0.0359754902756781
1047.0	-0.036072075857622975
1048.0	-0.03553494628737617
1049.0	-0.03629065960333135
1050.0	-0.03627502109144319
1051.0	-0.036489606353998366
1052.0	-0.03577192305558944
1053.0	-0.0371912957197949
1054.0	-0.0366984160297767
1055.0	-0.03603289072272151
1056.0	-0.03487173121503181
1057.0	-0.03546714978413426
1058.0	-0.03513980729665887
1059.0	-0.036783183872624914
1060.0	-0.03570057234509983
1061.0	-0.035652146271355496
1062.0	-0.03605963613225746
1063.0	-0.03568360100549435
1064.0	-0.03565161314026873
1065.0	-0.036418966484958466
1066.0	-0.03428510930886631
1067.0	-0.03623921245342691
1068.0	-0.03752485806995305
1069.0	-0.03511786006690669
1070.0	-0.03616484066677718
1071.0	-0.03571221237383479
1072.0	-0.03675803785635008
1073.0	-0.03709542097929932
1074.0	-0.03597140293734363
1075.0	-0.03588192576989292
1076.0	-0.035684844978030816
1077.0	-0.038916241352086094
1078.0	-0.03453656947161213
1079.0	-0.036945699999007195
1080.0	-0.036741688503012626
1081.0	-0.03728823672246483
1082.0	-0.03730627432424467
1083.0	-0.03758128111000379
1084.0	-0.03708600233009391
1085.0	-0.03831789056200479
1086.0	-0.03998659086460777
1087.0	-0.03622535104516239
1088.0	-0.03575726195069437
1089.0	-0.03837049282926486
1090.0	-0.03665807577752003
1091.0	-0.03671112232068601
1092.0	-0.03732751071254715
1093.0	-0.03899923209131066
1094.0	-0.03764250232983829
1095.0	-0.03651786230161458
1096.0	-0.03749757952933034
1097.0	-0.03854029508050425
1098.0	-0.03688394564808552
1099.0	-0.03691522267186143
1100.0	-0.037233057654950566
1101.0	-0.03748345155552203
1102.0	-0.03810925859658899
1103.0	-0.03876456555780821
1104.0	-0.03522350887733232
1105.0	-0.037789379944332825
1106.0	-0.038827919301991004
1107.0	-0.03851514906422942
1108.0	-0.03619780593899589
1109.0	-0.03754831583778508
1110.0	-0.039239851921952076
1111.0	-0.03890646728215604
1112.0	-0.03646801454497124
1113.0	-0.03840185870822203
1114.0	-0.03828803522112746
1115.0	-0.03658921301210377
1116.0	-0.037771875473639756
1117.0	-0.03916423616276588
1118.0	-0.03780270822151017
1119.0	-0.03970678589906489
1120.0	-0.04059516000052504
1121.0	-0.040068604196839254
1122.0	-0.04109692520866147
1123.0	-0.03978648899658555
1124.0	-0.039408499055835856
1125.0	-0.03865234146397476
1126.0	-0.040331882098682145
1127.0	-0.039861038493597394
1128.0	-0.040258754284569306
1129.0	-0.03823729891267272
1130.0	-0.04082662774750485
1131.0	-0.04117636174063833
1132.0	-0.03936033954763531
1133.0	-0.039390372598874755
1134.0	-0.04022632214343778
1135.0	-0.04018002859404173
1136.0	-0.03800663086232347
1137.0	-0.04058734074458117
1138.0	-0.039378999135683594
1139.0	-0.040541580326272295
1140.0	-0.04033872394763335
1141.0	-0.0403720446405767
1142.0	-0.03906614004274075
1143.0	-0.040923035619087604
1144.0	-0.038804461534158965
1145.0	-0.040373110902750635
1146.0	-0.040693522686093976
1147.0	-0.03930293910059149
1148.0	-0.04188791403154618
1149.0	-0.04184019879925113
1150.0	-0.039970419221632844
1151.0	-0.041000606192259974
1152.0	-0.04216176569994968
1153.0	-0.04259244676314029
1154.0	-0.03920404328393579
1155.0	-0.04069752116924718
1156.0	-0.042297802982339816
1157.0	-0.04188702547973436
1158.0	-0.04045752332487379
1159.0	-0.03973877376429051
1160.0	-0.04200253721527131
1161.0	-0.042567211891684616
1162.0	-0.04070845035653243
1163.0	-0.0415737221108856
1164.0	-0.0412127035097418
1165.0	-0.04114437387541272
1166.0	-0.042282608746357565
1167.0	-0.04149712894470632
1168.0	-0.04059871420777233
1169.0	-0.04336939646739796
1170.0	-0.04199498452487081
1171.0	-0.042279676525378715
1172.0	-0.04231672913593147
1173.0	-0.04300322426574575
1174.0	-0.04258871484553047
1175.0	-0.04222120981616053
1176.0	-0.04240913852436103
1177.0	-0.04226377144794717
1178.0	-0.04091566063904964
1179.0	-0.0420178203064344
1180.0	-0.04252038521120139
1181.0	-0.04174539032092949
1182.0	-0.03994305182582846
1183.0	-0.0440519819692403
1184.0	-0.04358531455767087
1185.0	-0.042089881858373306
1186.0	-0.04322154144591075
1187.0	-0.041799680836631936
1188.0	-0.04075030114686936
1189.0	-0.04412670917661426
1190.0	-0.04046685311889792
1191.0	-0.043019662474264475
1192.0	-0.043750585194669886
1193.0	-0.04225764044044526
1194.0	-0.04078237786727624
1195.0	-0.04291143686358464
1196.0	-0.0428130741780157
1197.0	-0.042486264821627484
1198.0	-0.043176669579413705
1199.0	-0.044981318309225554
1200.0	-0.04186578909143146
1201.0	-0.042797791086852596
1202.0	-0.04290832693224326
1203.0	-0.04327894189295458
1204.0	-0.04245614291520678
1205.0	-0.04524726186650392
1206.0	-0.045111846570382225
1207.0	-0.042930007596451644
1208.0	-0.043075641238409304
1209.0	-0.04499482429676501
1210.0	-0.041912082640827505
1211.0	-0.04221010291851275
1212.0	-0.04484750240636498
1213.0	-0.043765068589202434
1214.0	-0.04439371899606698
1215.0	-0.0427753995811945
1216.0	-0.045025657044635424
1217.0	-0.04218486804705707
1218.0	-0.04300384625201419
1219.0	-0.04375733818843982
1220.0	-0.04470435670948027
1221.0	-0.04187627400281122
1222.0	-0.0439813421002004
1223.0	-0.043539642994543264
1224.0	-0.046346133892185185
1225.0	-0.042108274880878205
1226.0	-0.042332189937457514
1227.0	-0.04498433938538567
1228.0	-0.04540053705404333
1229.0	-0.04518417468786451
1230.0	-0.04522051645696797
1231.0	-0.042626300587170825
1232.0	-0.044700624791870855
1233.0	-0.04547899617902752
1234.0	-0.04585272107107981
1235.0	-0.04485496624158421
1236.0	-0.04581868953668716
1237.0	-0.0427782429469925
1238.0	-0.0450308995003251
1239.0	-0.043412402375090094
1240.0	-0.04574591714329897
1241.0	-0.04542150687680243
1242.0	-0.043963393353601415
1243.0	-0.04423280226294622
1244.0	-0.04579523176885513
1245.0	-0.043501968397722066
1246.0	-0.04527871660064236
1247.0	-0.0445333104857044


