0.000000	43.679060
1.000000	43.639031
2.000000	43.676797
3.000000	43.651908
4.000000	43.617018
5.000000	43.644592
6.000000	43.645363
7.000000	43.525793
8.000000	43.620288
9.000000	43.587963
10.000000	43.557967
11.000000	43.671348
12.000000	43.544381
13.000000	43.683663
14.000000	43.614336
15.000000	43.540557
16.000000	43.483471
17.000000	43.561764
18.000000	43.691820
19.000000	43.561005
20.000000	43.584429
21.000000	43.523007
22.000000	43.548748
23.000000	43.565112
24.000000	43.490849
25.000000	43.478511
26.000000	43.565620
27.000000	43.432798
28.000000	43.442640
29.000000	43.567995
30.000000	43.488969
31.000000	43.496188
32.000000	43.474616
33.000000	43.444055
34.000000	43.438258
35.000000	43.516908
36.000000	43.462383
37.000000	43.486458
38.000000	43.468052
39.000000	43.432670
40.000000	43.418271
41.000000	43.372806
42.000000	43.412660
43.000000	43.384946
44.000000	43.339175
45.000000	43.357713
46.000000	43.343371
47.000000	43.419092
48.000000	43.378715
49.000000	43.372887
50.000000	43.396640
51.000000	43.262865
52.000000	43.311961
53.000000	43.350122
54.000000	43.216427
55.000000	43.206597
56.000000	43.132666
57.000000	43.134406
58.000000	43.182580
59.000000	43.020815
60.000000	43.127671
61.000000	43.119666
62.000000	43.090487
63.000000	42.975932
64.000000	42.935361
65.000000	42.976842
66.000000	42.961385
67.000000	42.890849
68.000000	42.971429
69.000000	42.894987
70.000000	42.890113
71.000000	42.848860
72.000000	42.764777
73.000000	42.709299
74.000000	42.717712
75.000000	42.713034
76.000000	42.633772
77.000000	42.725826
78.000000	42.667670
79.000000	42.588381
80.000000	42.563089
81.000000	42.565774
82.000000	42.539184
83.000000	42.488713
84.000000	42.512989
85.000000	42.448184
86.000000	42.383476
87.000000	42.527048
88.000000	42.385755
89.000000	42.430809
90.000000	42.393265
91.000000	42.362466
92.000000	42.399213
93.000000	42.473004
94.000000	42.399685
95.000000	42.388560
96.000000	42.427876
97.000000	42.358215
98.000000	42.340732
99.000000	42.402855
100.000000	42.365516
101.000000	42.416510
102.000000	42.392571
103.000000	42.365729
104.000000	42.399767
105.000000	42.316176
106.000000	42.363850
107.000000	42.347168
108.000000	42.313944
109.000000	42.411682
110.000000	42.387181
111.000000	42.388409
112.000000	42.386611
113.000000	42.372727
114.000000	42.353496
115.000000	42.402801
116.000000	42.430941
117.000000	42.356437
118.000000	42.431770
119.000000	42.384937
120.000000	42.375401
121.000000	42.348637
122.000000	42.397174
123.000000	42.341968
124.000000	42.365206
125.000000	42.343615
126.000000	42.352690
127.000000	42.337744
128.000000	42.248856
129.000000	42.268537
130.000000	42.245450
131.000000	42.272997
132.000000	42.346145
133.000000	42.294352
134.000000	42.288048
135.000000	42.272071
136.000000	42.320632
137.000000	42.250046
138.000000	42.151408
139.000000	42.173321
140.000000	42.180734
141.000000	42.184601
142.000000	42.194750
143.000000	42.202818
144.000000	42.191828
145.000000	42.266627
146.000000	42.185752
147.000000	42.221344
148.000000	42.116259
149.000000	42.204085
150.000000	42.152001
151.000000	42.261861
152.000000	42.233868
153.000000	42.245555
154.000000	42.289412
155.000000	42.284025
156.000000	42.255955
157.000000	42.279375
158.000000	42.255099
159.000000	42.240936
160.000000	42.347745
161.000000	42.316959
162.000000	42.236251
163.000000	42.383151
164.000000	42.239564
165.000000	42.308895
166.000000	42.260636
167.000000	42.226870
168.000000	42.260202
169.000000	42.241997
170.000000	42.253421
171.000000	42.277636
172.000000	42.176759
173.000000	42.326460
174.000000	42.247779
175.000000	42.297735
176.000000	42.221007
177.000000	42.198361
178.000000	42.220894
179.000000	42.264062
180.000000	42.281417
181.000000	42.328026
182.000000	42.272567
183.000000	42.355356
184.000000	42.347021
185.000000	42.352232
186.000000	42.397763
187.000000	42.289830
188.000000	42.350338
189.000000	42.339561
190.000000	42.373553
191.000000	42.290411
192.000000	42.389378
193.000000	42.324414
194.000000	42.390467
195.000000	42.356522
196.000000	42.365806
197.000000	42.350992
198.000000	42.389242
199.000000	42.407090
200.000000	42.295735
201.000000	42.377435
202.000000	42.334295
203.000000	42.346467
204.000000	42.350458
205.000000	42.317683
206.000000	42.377036
207.000000	42.417983
208.000000	42.271870
209.000000	42.358332
210.000000	42.334226
211.000000	42.301916
212.000000	42.406517
213.000000	42.341104
214.000000	42.303609
215.000000	42.399844
216.000000	42.274764
217.000000	42.383085
218.000000	42.359479
219.000000	42.429046
220.000000	42.433901
221.000000	42.356693
222.000000	42.323554
223.000000	42.337151
224.000000	42.296747
225.000000	42.300537
226.000000	42.339499
227.000000	42.281844
228.000000	42.292504
229.000000	42.300114
230.000000	42.243210
231.000000	42.257865
232.000000	42.201578
233.000000	42.259799
234.000000	42.265220
235.000000	42.231861
236.000000	42.311882
237.000000	42.247601
238.000000	42.314812
239.000000	42.345637
240.000000	42.237801
241.000000	42.279503
242.000000	42.302245
243.000000	42.258695
244.000000	42.298901
245.000000	42.332617
246.000000	42.387185
247.000000	42.307713
248.000000	42.296057
249.000000	42.236824
250.000000	42.309046
251.000000	42.369960
252.000000	42.293860
253.000000	42.328018
254.000000	42.344533
255.000000	42.313196
256.000000	42.362199
257.000000	42.402557
258.000000	42.336895
259.000000	42.358925
260.000000	42.375602
261.000000	42.384538
262.000000	42.373665
263.000000	42.490553
264.000000	42.375459
265.000000	42.343208
266.000000	42.385724
267.000000	42.403053
268.000000	42.404746
269.000000	42.375823
270.000000	42.464471
271.000000	42.452319
272.000000	42.376033
273.000000	42.399666
274.000000	42.402096
275.000000	42.383426
276.000000	42.408962
277.000000	42.381791
278.000000	42.335679
279.000000	42.486229
280.000000	42.522688
281.000000	42.358285
282.000000	42.454431
283.000000	42.417150
284.000000	42.416747
285.000000	42.370418
286.000000	42.488457
287.000000	42.483392
288.000000	42.404568
289.000000	42.351519
290.000000	42.434002
291.000000	42.425733
292.000000	42.306070
293.000000	42.492464
294.000000	42.364067
295.000000	42.546791
296.000000	42.340220
297.000000	42.387313
298.000000	42.437668
299.000000	42.397015
300.000000	42.310507
301.000000	42.376935
302.000000	42.382938
303.000000	42.311561
304.000000	42.267588
305.000000	42.339263
306.000000	42.367694
307.000000	42.254029
308.000000	42.322860
309.000000	42.329122
310.000000	42.393667
311.000000	42.395008
312.000000	42.298797
313.000000	42.273005
314.000000	42.302451
315.000000	42.334601
316.000000	42.285874
317.000000	42.343235
318.000000	42.325445
319.000000	42.260524
320.000000	42.312758
321.000000	42.239378
322.000000	42.349555
323.000000	42.290931
324.000000	42.288199
325.000000	42.350845
326.000000	42.410679
327.000000	42.378013
328.000000	42.298483
329.000000	42.332152
330.000000	42.259218
331.000000	42.318846
332.000000	42.239703
333.000000	42.276582
334.000000	42.255211
335.000000	42.225509
336.000000	42.235069
337.000000	42.336182
338.000000	42.226056
339.000000	42.254091
340.000000	42.263434
341.000000	42.284134
342.000000	42.186221
343.000000	42.228106
344.000000	42.248294
345.000000	42.330273
346.000000	42.389746
347.000000	42.397314
348.000000	42.298766
349.000000	42.312359
350.000000	42.244179
351.000000	42.329622
352.000000	42.321175
353.000000	42.404076
354.000000	42.379229
355.000000	42.387464
356.000000	42.442012
357.000000	42.383205
358.000000	42.376780
359.000000	42.390707
360.000000	42.420967
361.000000	42.372886
362.000000	42.406687
363.000000	42.424117
364.000000	42.295402
365.000000	42.400592
366.000000	42.321481
367.000000	42.436408
368.000000	42.396392
369.000000	42.448150
370.000000	42.400956
371.000000	42.496319
372.000000	42.465575
373.000000	42.411341
374.000000	42.419188
375.000000	42.476526
376.000000	42.432731
377.000000	42.449219
378.000000	42.415050
379.000000	42.376780
380.000000	42.449963
381.000000	42.464180
382.000000	42.465765
383.000000	42.367771
384.000000	42.457992
385.000000	42.389014
386.000000	42.433998
387.000000	42.448142
388.000000	42.344855
389.000000	42.418239
390.000000	42.436219
391.000000	42.330502
392.000000	42.415321
393.000000	42.444112
394.000000	42.332149
395.000000	42.349675
396.000000	42.382969
397.000000	42.367787
398.000000	42.479025
399.000000	42.367469
400.000000	42.290841
401.000000	42.360982
402.000000	42.352093
403.000000	42.356538
404.000000	42.352907
405.000000	42.429724
406.000000	42.321795
407.000000	42.318168
408.000000	42.301974
409.000000	42.311359
410.000000	42.326274
411.000000	42.371879
412.000000	42.249038
413.000000	42.281049
414.000000	42.391808
415.000000	42.352298
416.000000	42.309693
417.000000	42.348567
418.000000	42.302377
419.000000	42.396992
420.000000	42.228768
421.000000	42.345176
422.000000	42.278821
423.000000	42.259222
424.000000	42.233186
425.000000	42.239959
426.000000	42.302811
427.000000	42.317106
428.000000	42.264492
429.000000	42.344316
430.000000	42.364927
431.000000	42.266673
432.000000	42.328886
433.000000	42.297533
434.000000	42.240308
435.000000	42.280635
436.000000	42.298541
437.000000	42.400987
438.000000	42.393540
439.000000	42.314653
440.000000	42.323484
441.000000	42.329405
442.000000	42.333536
443.000000	42.312971
444.000000	42.286687
445.000000	42.276039
446.000000	42.313533
447.000000	42.273850
448.000000	42.306372
449.000000	42.317307
450.000000	42.345812
451.000000	42.326138
452.000000	42.329072
453.000000	42.271207
454.000000	42.265677
455.000000	42.256106
456.000000	42.308496
457.000000	42.286831
458.000000	42.311813
459.000000	42.308767
460.000000	42.337058
461.000000	42.265774
462.000000	42.394733
463.000000	42.256211
464.000000	42.250650
465.000000	42.210285
466.000000	42.297514
467.000000	42.273559
468.000000	42.274966
469.000000	42.290648
470.000000	42.269982
471.000000	42.345742
472.000000	42.229853
473.000000	42.301699
474.000000	42.256854
475.000000	42.272935
476.000000	42.323310
477.000000	42.188717
478.000000	42.251224
479.000000	42.279674
480.000000	42.202992
481.000000	42.213350
482.000000	42.229276
483.000000	42.263104
484.000000	42.243458
485.000000	42.226490
486.000000	42.160259
487.000000	42.216198
488.000000	42.217457
489.000000	42.193808
490.000000	42.244896
491.000000	42.186740
492.000000	42.267665
493.000000	42.269920
494.000000	42.210831
495.000000	42.164359
496.000000	42.153547
497.000000	42.209161
498.000000	42.283068
499.000000	42.227435
500.000000	42.222398
501.000000	42.251243
502.000000	42.294511
503.000000	42.213850
504.000000	42.209494
505.000000	42.246543
506.000000	42.225707
507.000000	42.242269
508.000000	42.315940
509.000000	42.303726
510.000000	42.307825
511.000000	42.240308
512.000000	42.273210
513.000000	42.214454
514.000000	42.208979
515.000000	42.286912
516.000000	42.276248
517.000000	42.229400
518.000000	42.247163
519.000000	42.282568
520.000000	42.211180
521.000000	42.273183
522.000000	42.336736
523.000000	42.286598
524.000000	42.264805
525.000000	42.362265
526.000000	42.236483
527.000000	42.343122
528.000000	42.313781
529.000000	42.362815
530.000000	42.336899
531.000000	42.358436
532.000000	42.337775
533.000000	42.307438
534.000000	42.277771
535.000000	42.298184
536.000000	42.263806
537.000000	42.295146
538.000000	42.340205
539.000000	42.439911
540.000000	42.345951
541.000000	42.288067
542.000000	42.405459
543.000000	42.365690
544.000000	42.364353
545.000000	42.409125
546.000000	42.358084
547.000000	42.336953
548.000000	42.363784
549.000000	42.375878
550.000000	42.370588
551.000000	42.294600
552.000000	42.375661
553.000000	42.318392
554.000000	42.362106
555.000000	42.338705
556.000000	42.356282
557.000000	42.329037
558.000000	42.415801
559.000000	42.310693
560.000000	42.384914
561.000000	42.398875
562.000000	42.445902
563.000000	42.385073
564.000000	42.313886
565.000000	42.332296
566.000000	42.331687
567.000000	42.255796
568.000000	42.359959
569.000000	42.358839
570.000000	42.368348
571.000000	42.344641
572.000000	42.382697
573.000000	42.300254
574.000000	42.195316
575.000000	42.328239
576.000000	42.305388
577.000000	42.306229
578.000000	42.353135
579.000000	42.386286
580.000000	42.394962
581.000000	42.333400
582.000000	42.326410
583.000000	42.399879
584.000000	42.288575
585.000000	42.320993
586.000000	42.376529
587.000000	42.386096
588.000000	42.327572
589.000000	42.331656
590.000000	42.389223
591.000000	42.395051
592.000000	42.346521
593.000000	42.262725
594.000000	42.259497
595.000000	42.353128
596.000000	42.245570
597.000000	42.359955
598.000000	42.354286
599.000000	42.327502
600.000000	42.331323
601.000000	42.313514
602.000000	42.423923
603.000000	42.386720
604.000000	42.358479
605.000000	42.445759
606.000000	42.353069
607.000000	42.389610
608.000000	42.428089
609.000000	42.440074
610.000000	42.381771
611.000000	42.369825
612.000000	42.327231
613.000000	42.378578
614.000000	42.314541
615.000000	42.317776
616.000000	42.251111
617.000000	42.392563
618.000000	42.471566
619.000000	42.335845
620.000000	42.307326
621.000000	42.415735
622.000000	42.347412
623.000000	42.370007
624.000000	42.380508
625.000000	42.404413
626.000000	42.439210
627.000000	42.388301
628.000000	42.507716
629.000000	42.358119
630.000000	42.472686
631.000000	42.512272
632.000000	42.563802
633.000000	42.463688
634.000000	42.467288
635.000000	42.495374
636.000000	42.394617
637.000000	42.464343
638.000000	42.560175
639.000000	42.622899
640.000000	42.573280
641.000000	42.531620
642.000000	42.531581
643.000000	42.579213
644.000000	42.514167
645.000000	42.561562
646.000000	42.456326
647.000000	42.525680
648.000000	42.603458
649.000000	42.552599
650.000000	42.552072
651.000000	42.551669
652.000000	42.472415
653.000000	42.574760
654.000000	42.501027
655.000000	42.497586
656.000000	42.541823
657.000000	42.513051
658.000000	42.644556
659.000000	42.650493
660.000000	42.660610
661.000000	42.659444
662.000000	42.584157
663.000000	42.705261
664.000000	42.637585
665.000000	42.705595
666.000000	42.679167
667.000000	42.629017
668.000000	42.611964
669.000000	42.644265
670.000000	42.629099
671.000000	42.670739
672.000000	42.561159
673.000000	42.475987
674.000000	42.428368
675.000000	42.554909
676.000000	42.554847
677.000000	42.623763
678.000000	42.680764
679.000000	42.693632
680.000000	42.621225
681.000000	42.679989
682.000000	42.682414
683.000000	42.718676
684.000000	42.573896
685.000000	42.723346
686.000000	42.726694
687.000000	42.701282
688.000000	42.656689
689.000000	42.617358
690.000000	42.692137
691.000000	42.601335
692.000000	42.613452
693.000000	42.570509
694.000000	42.600312
695.000000	42.516930
696.000000	42.656708
697.000000	42.721540
698.000000	42.696244
699.000000	42.657960
700.000000	42.667825
701.000000	42.746367
702.000000	42.781718
703.000000	42.691246
704.000000	42.761208
705.000000	42.759898
706.000000	42.710810
707.000000	42.779200
708.000000	42.836979
709.000000	42.892786
710.000000	42.739431
711.000000	42.773046
712.000000	42.813900
713.000000	42.788383
714.000000	42.757364
715.000000	42.774348
716.000000	42.787922
717.000000	42.807832
718.000000	42.833883
719.000000	42.910212
720.000000	42.930610
721.000000	42.903346
722.000000	42.860000
723.000000	42.943924
724.000000	42.948516
725.000000	42.896006
726.000000	42.988548
727.000000	43.016886
728.000000	42.961110
729.000000	43.004967
730.000000	42.857296
731.000000	42.941440
732.000000	42.895421
733.000000	42.885389
734.000000	42.870238
735.000000	42.920694
736.000000	42.942068
737.000000	43.067361
738.000000	42.955572
739.000000	43.057306
740.000000	42.971010
741.000000	42.988847
742.000000	43.039291
743.000000	42.993365
744.000000	43.004622
745.000000	42.963109
746.000000	43.089449
747.000000	42.989041
748.000000	43.003607
749.000000	42.980376
750.000000	42.932935
751.000000	42.962582
752.000000	43.045894
753.000000	42.965535
754.000000	43.085705
755.000000	43.027004
756.000000	43.141675
757.000000	43.134267
758.000000	43.162480
759.000000	43.037935
760.000000	43.080296
761.000000	43.058895
762.000000	43.153126
763.000000	43.063630
764.000000	43.026756
765.000000	43.020482
766.000000	43.019079
767.000000	42.953123
768.000000	42.975517
769.000000	42.869870
770.000000	42.892469
771.000000	42.932927
772.000000	42.918260
773.000000	42.948365
774.000000	42.914707
775.000000	42.932885
776.000000	42.913645
777.000000	42.933024
778.000000	42.877457
779.000000	42.998658
780.000000	42.936942
781.000000	42.883138
782.000000	42.986375
783.000000	42.922271
784.000000	42.918671
785.000000	43.040066
786.000000	42.956727
787.000000	43.093665
788.000000	43.171982
789.000000	42.954150
790.000000	42.977741
791.000000	42.881406
792.000000	43.030584
793.000000	43.047506
794.000000	43.064769
795.000000	43.077014
796.000000	43.009105
797.000000	43.082040
798.000000	43.183083
799.000000	43.134945
800.000000	43.097667
801.000000	43.005005
802.000000	43.087957
803.000000	43.066106
804.000000	42.988556
805.000000	43.071821
806.000000	43.018254
807.000000	43.051815
808.000000	43.074511
809.000000	43.036377
810.000000	42.956588
811.000000	42.932156
812.000000	42.938329
813.000000	42.989963
814.000000	43.076735
815.000000	42.992261
816.000000	42.939987
817.000000	42.868603
818.000000	42.921426
819.000000	42.873117
820.000000	42.935221
821.000000	42.813408
822.000000	42.909794
823.000000	42.817635
824.000000	42.801372
825.000000	42.794901
826.000000	42.756678
827.000000	42.706300
828.000000	42.652461
829.000000	42.556300
830.000000	42.564116
831.000000	42.652120
832.000000	42.674994
833.000000	42.685115
834.000000	42.693505
835.000000	42.749668
836.000000	42.684635
837.000000	42.726446
838.000000	42.697484
839.000000	42.645715
840.000000	42.671363
841.000000	42.661401
842.000000	42.653228
843.000000	42.683759
844.000000	42.550689
845.000000	42.554436
846.000000	42.574776
847.000000	42.622879
848.000000	42.527850
849.000000	42.481656
850.000000	42.499326
851.000000	42.537324
852.000000	42.611987
853.000000	42.646780
854.000000	42.525358
855.000000	42.506999
856.000000	42.537165
857.000000	42.591698
858.000000	42.559981
859.000000	42.491154
860.000000	42.555323
861.000000	42.462917
862.000000	42.617761
863.000000	42.576864
864.000000	42.516035
865.000000	42.444848
866.000000	42.503372
867.000000	42.470411
868.000000	42.313677
869.000000	42.340356
870.000000	42.325910
871.000000	42.346757
872.000000	42.410031
873.000000	42.468113
874.000000	42.393884
875.000000	42.411643
876.000000	42.305361
877.000000	42.419471
878.000000	42.398093
879.000000	42.392924
880.000000	42.318334
881.000000	42.293341
882.000000	42.255215
883.000000	42.361029
884.000000	42.296038
885.000000	42.277806
886.000000	42.376563
887.000000	42.339910
888.000000	42.156159
889.000000	42.185741
890.000000	42.285409
891.000000	42.285711
892.000000	42.258644
893.000000	42.259040
894.000000	42.215803
895.000000	42.278748
896.000000	42.229272
897.000000	42.289644
898.000000	42.183602
899.000000	42.302536
900.000000	42.225258
901.000000	42.153102
902.000000	42.149704
903.000000	42.170330
904.000000	42.172570
905.000000	42.177634
906.000000	42.101375
907.000000	42.146007
908.000000	42.050764
909.000000	42.090327
910.000000	42.171337
911.000000	42.148739
912.000000	42.092536
913.000000	42.110535
914.000000	41.990148
915.000000	42.096016
916.000000	42.022922
917.000000	42.061974
918.000000	42.009523
919.000000	42.072177
920.000000	42.148812
921.000000	42.071108
922.000000	42.080187
923.000000	42.015742
924.000000	42.027212
925.000000	41.999529
926.000000	41.985386
927.000000	41.934562
928.000000	42.003749
929.000000	41.961031
930.000000	41.952603
931.000000	41.980689
932.000000	41.952348
933.000000	42.016285
934.000000	41.941846
935.000000	41.931841
936.000000	41.924704
937.000000	41.915504
938.000000	41.926556
939.000000	41.947837
940.000000	41.880715
941.000000	41.861057
942.000000	41.909882
943.000000	41.915547
944.000000	41.970936
945.000000	41.901911
946.000000	42.023980
947.000000	41.914726
948.000000	41.854850
949.000000	41.961318
950.000000	41.917775
951.000000	42.000715
952.000000	41.981747
953.000000	41.984285
954.000000	41.938975
955.000000	41.894529
956.000000	41.847848
957.000000	41.858961
958.000000	41.972610
959.000000	41.938192
960.000000	42.006799
961.000000	41.855520
962.000000	41.940959
963.000000	41.993496
964.000000	41.939986
965.000000	41.936526
966.000000	42.024546
967.000000	41.945628
968.000000	42.023759
969.000000	41.955676
970.000000	41.963155
971.000000	41.909502
972.000000	41.998746
973.000000	41.900024
974.000000	41.863824
975.000000	41.975082
976.000000	41.926742
977.000000	42.058529
978.000000	41.944702
979.000000	42.008399
980.000000	41.988083
981.000000	41.939045
982.000000	41.996747
983.000000	41.992167
984.000000	42.002711
985.000000	41.914086
986.000000	42.084666
987.000000	42.017032
988.000000	41.995023
989.000000	42.048501
990.000000	42.015765
991.000000	42.019896
992.000000	41.978593
993.000000	41.989881
994.000000	42.011425
995.000000	42.046393
996.000000	42.053015
997.000000	42.012022
998.000000	42.041456
999.000000	41.987040
1000.000000	42.057111
1001.000000	42.024554
1002.000000	41.970696
1003.000000	41.972416
1004.000000	41.952200
1005.000000	41.977616
1006.000000	42.106343
1007.000000	42.031207
1008.000000	42.039155
1009.000000	42.059316
1010.000000	42.051477
1011.000000	42.045889
1012.000000	42.050345
1013.000000	42.045637
1014.000000	42.018148
1015.000000	42.029285
1016.000000	42.079578
1017.000000	42.124966
1018.000000	42.088692
1019.000000	42.057592
1020.000000	42.126450
1021.000000	42.065934
1022.000000	42.031626
1023.000000	42.079543
1024.000000	42.025674
1025.000000	42.030246
1026.000000	42.082326
1027.000000	41.948802
1028.000000	42.095020
1029.000000	42.069217
1030.000000	42.033145
1031.000000	42.078141
1032.000000	42.018737
1033.000000	42.110853
1034.000000	42.076990
1035.000000	42.032249
1036.000000	42.022016
1037.000000	42.018319
1038.000000	41.943846
1039.000000	42.037775
1040.000000	41.946024
1041.000000	41.994871
1042.000000	42.115883
1043.000000	42.048706
1044.000000	42.033226
1045.000000	42.013165
1046.000000	42.041018
1047.000000	42.036806
1048.000000	42.060231
1049.000000	42.027274
1050.000000	42.027956
1051.000000	42.018598
1052.000000	42.049896
1053.000000	41.987997
1054.000000	42.009492
1055.000000	42.038515
1056.000000	42.089153
1057.000000	42.063187
1058.000000	42.077463
1059.000000	42.005795
1060.000000	42.053008
1061.000000	42.055119
1062.000000	42.037349
1063.000000	42.053748
1064.000000	42.055143
1065.000000	42.021679
1066.000000	42.114736
1067.000000	42.029518
1068.000000	41.973451
1069.000000	42.078420
1070.000000	42.032761
1071.000000	42.052500
1072.000000	42.006892
1073.000000	41.992178
1074.000000	42.041197
1075.000000	42.045099
1076.000000	42.053693
1077.000000	41.912773
1078.000000	42.103770
1079.000000	41.998708
1080.000000	42.007605
1081.000000	41.983770
1082.000000	41.982983
1083.000000	41.970990
1084.000000	41.992589
1085.000000	41.938867
1086.000000	41.866095
1087.000000	42.030122
1088.000000	42.050535
1089.000000	41.936573
1090.000000	42.011251
1091.000000	42.008938
1092.000000	41.982057
1093.000000	41.909153
1094.000000	41.968320
1095.000000	42.017366
1096.000000	41.974640
1097.000000	41.929168
1098.000000	42.001401
1099.000000	42.000037
1100.000000	41.986176
1101.000000	41.975256
1102.000000	41.947965
1103.000000	41.919387
1104.000000	42.073812
1105.000000	41.961915
1106.000000	41.916624
1107.000000	41.930264
1108.000000	42.031323
1109.000000	41.972428
1110.000000	41.898660
1111.000000	41.913199
1112.000000	42.019540
1113.000000	41.935205
1114.000000	41.940169
1115.000000	42.014254
1116.000000	41.962678
1117.000000	41.901958
1118.000000	41.961334
1119.000000	41.878297
1120.000000	41.839555
1121.000000	41.862518
1122.000000	41.817673
1123.000000	41.874821
1124.000000	41.891305
1125.000000	41.924281
1126.000000	41.851037
1127.000000	41.871570
1128.000000	41.854226
1129.000000	41.942381
1130.000000	41.829461
1131.000000	41.814209
1132.000000	41.893405
1133.000000	41.892096
1134.000000	41.855640
1135.000000	41.857659
1136.000000	41.952441
1137.000000	41.839896
1138.000000	41.892592
1139.000000	41.841892
1140.000000	41.850738
1141.000000	41.849285
1142.000000	41.906236
1143.000000	41.825256
1144.000000	41.917647
1145.000000	41.849239
1146.000000	41.835266
1147.000000	41.895909
1148.000000	41.783178
1149.000000	41.785259
1150.000000	41.866800
1151.000000	41.821874
1152.000000	41.771236
1153.000000	41.752454
1154.000000	41.900222
1155.000000	41.835091
1156.000000	41.765303
1157.000000	41.783217
1158.000000	41.845557
1159.000000	41.876902
1160.000000	41.778180
1161.000000	41.753554
1162.000000	41.834615
1163.000000	41.796880
1164.000000	41.812624
1165.000000	41.815604
1166.000000	41.765966
1167.000000	41.800220
1168.000000	41.839400
1169.000000	41.718571
1170.000000	41.778509
1171.000000	41.766093
1172.000000	41.764478
1173.000000	41.734540
1174.000000	41.752616
1175.000000	41.768643
1176.000000	41.760448
1177.000000	41.766787
1178.000000	41.825578
1179.000000	41.777513
1180.000000	41.755596
1181.000000	41.789394
1182.000000	41.867993
1183.000000	41.688803
1184.000000	41.709155
1185.000000	41.774370
1186.000000	41.725019
1187.000000	41.787026
1188.000000	41.832789
1189.000000	41.685545
1190.000000	41.845151
1191.000000	41.733823
1192.000000	41.701947
1193.000000	41.767054
1194.000000	41.831391
1195.000000	41.738542
1196.000000	41.742832
1197.000000	41.757084
1198.000000	41.726976
1199.000000	41.648275
1200.000000	41.784143
1201.000000	41.743499
1202.000000	41.738678
1203.000000	41.722516
1204.000000	41.758398
1205.000000	41.636677
1206.000000	41.642583
1207.000000	41.737733
1208.000000	41.731382
1209.000000	41.647686
1210.000000	41.782124
1211.000000	41.769128
1212.000000	41.654111
1213.000000	41.701316
1214.000000	41.673900
1215.000000	41.744475
1216.000000	41.646342
1217.000000	41.770228
1218.000000	41.734513
1219.000000	41.701653
1220.000000	41.660353
1221.000000	41.783686
1222.000000	41.691884
1223.000000	41.711146
1224.000000	41.588756
1225.000000	41.773568
1226.000000	41.763803
1227.000000	41.648143
1228.000000	41.629993
1229.000000	41.639429
1230.000000	41.637844
1231.000000	41.750977
1232.000000	41.660516
1233.000000	41.626571
1234.000000	41.610273
1235.000000	41.653785
1236.000000	41.611757
1237.000000	41.744351
1238.000000	41.646113
1239.000000	41.716695
1240.000000	41.614931
1241.000000	41.629079
1242.000000	41.692667
1243.000000	41.680918
1244.000000	41.612780
1245.000000	41.712789
1246.000000	41.635306
1247.000000	41.667813
