0.0	-0.012652205098675135
1.0	-0.008468174953150328
2.0	
3.0	
4.0	
5.0	
6.0	-0.0062984346350261995
7.0	-0.0010660292060030504
8.0	0.005181539906956973
9.0	0.0030585231319422575
10.0	0.005741591025038731
11.0	0.005344314628762354
12.0	0.014932743353891538
13.0	0.015381289367741852
14.0	0.01182423865880703
15.0	0.009249645153632025
16.0	0.010442989700615704
17.0	0.011009354811009545
18.0	0.006898566976304754
19.0	0.011416354755446471
20.0	0.009430730453142445
21.0	0.0038958847923705234
22.0	-0.003987134609265052
23.0	0.005449505740681715
24.0	
25.0	
26.0	
27.0	
28.0	-0.001150636702984962
29.0	0.005917877690391911
30.0	0.008083198213897877
31.0	0.008326413197759137
32.0	0.011514726755668607
33.0	0.01308590060260727
34.0	0.009049112757800211
35.0	0.011905941719325325
36.0	0.0007445712294099181
37.0	0.006777717163451546
38.0	0.010818924802877064
39.0	0.012002545801700194
40.0	0.013677142842710661
41.0	0.00226308638046587
42.0	0.005292034772418425
43.0	0.009862860086981345
44.0	0.006831764937643034
45.0	0.0040792431291133534
46.0	0.00507331807872793
47.0	0.004599010976244141
48.0	0.0032689053557806856
49.0	0.0017979977067577803
50.0	0.006712809322483157
51.0	0.009143948922327814
52.0	0.005439782192521166
53.0	0.0027709839220497645
54.0	0.0035524036105932105
55.0	0.0105128224555874
56.0	0.004815707192394945
57.0	0.0076842801796202995
58.0	0.007316805827057071
59.0	0.003970263621807037
60.0	0.004243406929227511
61.0	0.005917120011314638
62.0	0.0018496461638707953
63.0	0.0035393967864302605
64.0	0.0051257242149182185
65.0	0.004879352234900624
66.0	0.002778686992670623
67.0	0.003943366014557505
68.0	0.007626191450349136
69.0	0.005934925469634536
70.0	0.0030682466801028067
71.0	0.0032015981977338223
72.0	0.006352532921155938
73.0	0.007587423537553006
74.0	0.009375167320796116
75.0	0.0050843044253508956
76.0	0.002169639294247042
77.0	0.01065728659968774
78.0	0.006919403150934629
79.0	0.007428689770827298
80.0	0.0057244169659497485
81.0	0.00788216069868092
82.0	0.005678577381763967
83.0	0.005090239578124195
84.0	0.002678168235062145
85.0	0.00576646815474828
86.0	0.005905375985614105
87.0	0.0037555878831962166
88.0	0.005846529577265374
89.0	0.005151864143090184
90.0	0.0103801023371873
91.0	0.009550696307072021
92.0	0.005409096189884385
93.0	0.005140498956928434
94.0	0.0022774822829375956
95.0	0.00612207220176491
96.0	-0.0009734660787078553
97.0	0.00015661226530892927
98.0	0.006544604567289325
99.0	0.007287508902729065
100.0	0.0005388613598823729
101.0	0.007978007101978516
102.0	0.002659352537972255
103.0	0.007435382602678165
104.0	-0.0018110802988288396
105.0	0.0056143009400270805
106.0	0.0037249018805594345
107.0	0.0019598884696398226
108.0	0.005838068827567241
109.0	0.002637758684264814
110.0	-0.0009072954392770494
111.0	0.006072696781884304
112.0	0.0020739191707958055
113.0	0.004550519515287461
114.0	-4.290989175289227e-05
115.0	0.0008423118304011387
116.0	0.003090471933041162
117.0	0.0018932127108241678
118.0	-0.0017118243396827778
119.0	0.0022808918387860616
120.0	0.0012062503472695418
121.0	0.0006105883125476941
122.0	0.00017214468639641813
123.0	-0.0001323160228920458
124.0	-0.0062105438620418865
125.0	-0.0035901107726810993
126.0	0.0008493835017904952
127.0	-0.0041091209407343185
128.0	0.002595328655927793
129.0	-0.006013168462366114
130.0	-0.002839377086774435
131.0	-0.0032629196910691364
132.0	-0.005024902385679066
133.0	5.0764498189382214e-06
134.0	0.0018526768801804775
135.0	-0.0020814454496320555
136.0	0.0019225096351521739
137.0	-0.0003065822107055355
138.0	-0.004401332504937694
139.0	-0.0026125784829245918
140.0	-0.007136301414839608
141.0	-0.004266339349305184
142.0	0.0010609022442452745
143.0	-0.00468685123728991
144.0	-0.008898157829603178
145.0	-0.005652260661807394
146.0	-0.004885741995120522
147.0	-0.0008536265046243443
148.0	-0.005488728260924445
149.0	-0.00284468084031682
150.0	-0.004712864885615809
151.0	0.0005267384946430559
152.0	-0.007028079586610271
153.0	-0.00492741434438027
154.0	0.0003539876649844074
155.0	-0.00223171846665963
156.0	-0.002854909507862218
157.0	-0.0062205199698948605
158.0	-0.0048822061594259916
159.0	-0.0027839402342744644
160.0	-0.006264212796694592
161.0	-0.006612997732013996
162.0	-0.0008601930566291458
163.0	0.0007527794194156259
164.0	-0.003964656796633978
165.0	-0.00655023664843195
166.0	-0.007406919125335249
167.0	-0.007359311623302202
168.0	-0.0056342026437950716
169.0	-0.0048654109398757915
170.0	-0.003427209771029359
171.0	-0.0032946159324756166
172.0	-0.0027922747041265314
173.0	-0.007854454900415865
174.0	-0.011134321346850391
175.0	-0.002346759406585899
176.0	-0.009166628782712917
177.0	-0.0074982194541680265
178.0	-0.005850393740560733
179.0	-0.004682305162825386
180.0	-0.011279795729720871
181.0	-0.010403413596803756
182.0	-0.008709622019164323
183.0	-0.008558465043213115
184.0	-0.008744980376111986
185.0	-0.008606325104938587
186.0	-0.002077657054244806
187.0	-0.007431164855813882
188.0	-0.008041475352699733
189.0	-0.003638854793330497
190.0	-0.009409970046420534
191.0	-0.003767281396958206
192.0	-0.008053345658246478
193.0	-0.012615710223111266
194.0	-0.01218307546988737
195.0	-0.007455663145984647
196.0	-0.006758219555191904
197.0	-0.008432942876048876
198.0	-0.007103847494355267
199.0	-0.006787895319058694
200.0	-0.009441161168442312
201.0	-0.007589393503154446
202.0	-0.01222575805791711
203.0	-0.006272926106085149
204.0	-0.005881458582736005
205.0	-0.005333404050047204
206.0	-0.011321089239441834
207.0	-0.009521980270036975
208.0	-0.006121264010749092
209.0	-0.010726942562874828
210.0	-0.006885509640203555
211.0	-0.006499093310704078
212.0	-0.010295696887959562
213.0	-0.009748526314194393
214.0	-0.003748970819253165
215.0	-0.007925297894157406
216.0	-0.005447308471357416
217.0	-0.005539619038959893
218.0	-0.0053627009743755045
219.0	-0.007431038575967523
220.0	-0.014787597298621592
221.0	-0.012024973102392872
222.0	-0.009986311264667497
223.0	-0.0062832810534772
224.0	-0.00577765654912542
225.0	-0.006323438044581813
226.0	-0.008732731231026605
227.0	-0.0069614038277949096
228.0	-0.004730922903628425
229.0	-0.006477878296535421
230.0	-0.005753031979108297
231.0	-0.004521045799174846
232.0	-0.0066811888489844914
233.0	-0.007452001030443756
234.0	-0.010732625155955702
235.0	-0.005471554201835756
236.0	-0.0044382062200402
237.0	-0.006111919302127033
238.0	-0.009483591196779481
239.0	-0.01226591504902187
240.0	-0.01353313330605692
241.0	-0.012386764861875225
242.0	-0.00854495309966517
243.0	-0.006378622337389653
244.0	-0.0028838275926517344
245.0	-0.007121274113136674
246.0	-0.00643368035035084
247.0	-0.0068896768751295885
248.0	-0.008671738065291824
249.0	-0.004712233486384601
250.0	-0.006799260505220443
251.0	-0.005949397140014077
252.0	-0.009323468351744997
253.0	-0.007686755264606882
254.0	-0.008432816596202665
255.0	-0.004679148166669344
256.0	-0.006726018194400281
257.0	-0.005641905714415637
258.0	-0.012293065215963827
259.0	-0.008621099846948949
260.0	-0.015800361665479698
261.0	-0.016365211417718697
262.0	-0.014327559818763316
263.0	-0.008910280694842348
264.0	-0.009334075858829328
265.0	-0.01234206179630565
266.0	-0.008852065685724973
267.0	-0.010799048355078786
268.0	-0.015112894182540077
269.0	-0.013402054825658165
270.0	-0.00768587130568325
271.0	-0.007664656291514593
272.0	-0.007174564208250595
273.0	-0.011840099407495053
274.0	-0.007848772307334991
275.0	-0.01012130442029986
276.0	-0.010139362438312328
277.0	-0.010271829997019859
278.0	-0.015629378753668464
279.0	-0.01145860799199903
280.0	-0.014880286705763
281.0	-0.015548054532688952
282.0	-0.01176609941759747
283.0	-0.0033994282048561936
284.0	-0.00810360503705057
285.0	-0.014516095629202025
286.0	-0.010229905088067686
287.0	-0.011995297338526082
288.0	-0.013269208427411852
289.0	-0.016399938375435155
290.0	-0.015035484636794027
291.0	-0.012034317811014784
292.0	-0.018087415960762358
293.0	-0.016503866688891953
294.0	-0.01494064847226657
295.0	-0.007531809893268426
296.0	-0.011555843473605108
297.0	-0.013440822738454296
298.0	-0.018211170210079185
299.0	-0.015664863390462486
300.0	-0.013148863733943639
301.0	-0.020895627181484435
302.0	-0.013410263015663873
303.0	-0.013512928530658254
304.0	-0.010505826552105713
305.0	-0.014539583680602944
306.0	-0.01396627317866581
307.0	-0.010038338561319
308.0	-0.011872300768286676
309.0	-0.011675177928303476
310.0	-0.014723825976269554
311.0	-0.013900607658620149
312.0	-0.015855672238133604
313.0	-0.011366171144550049
314.0	-0.015140044349482034
315.0	-0.01732354917084668
316.0	-0.015519641567284578
317.0	-0.016161143186192207
318.0	-0.020447333727326544
319.0	-0.016219484475155796
320.0	-0.019012036994943877
321.0	-0.019499098361897896
322.0	-0.014612573431730681
323.0	-0.009454673111990112
324.0	-0.01752357644729335
325.0	-0.016049132962575766
326.0	-0.012105539644294963
327.0	-0.015111252544539024
328.0	-0.011769508973445936
329.0	-0.012793385966773369
330.0	-0.012605860395104505
331.0	-0.017029948528334823
332.0	-0.015044576785723369
333.0	-0.014560041015694181
334.0	-0.011686669394311438
335.0	-0.012176508917882863
336.0	-0.01685366186298135
337.0	-0.012114126673839454
338.0	-0.017325948487925152
339.0	-0.016034863339950547
340.0	-0.014458764579008281
341.0	-0.016543897400150647
342.0	-0.014696423249635172
343.0	-0.01743682219292539
344.0	-0.01194705843726168
345.0	-0.014447525672692892
346.0	-0.014607017118496018
347.0	-0.019343016471943236
348.0	-0.013822945553181528
349.0	-0.01523816379001189
350.0	-0.01684861066913168
351.0	-0.015245235461401394
352.0	-0.014931808883029654
353.0	-0.017218105499234894
354.0	-0.014128795340778915
355.0	-0.013299136750971214
356.0	-0.010423113252817426
357.0	-0.018555535350780278
358.0	-0.018580159920797402
359.0	-0.017150166941956823
360.0	-0.01763975390583568
361.0	-0.01809120435614961
362.0	-0.017988412561309015
363.0	-0.01446722532870656
364.0	-0.017017951942941863
365.0	-0.015385153531037211
366.0	-0.012347239270001528
367.0	-0.016298914498441827
368.0	-0.014769034161224126
369.0	-0.013690604274320357
370.0	-0.016844443434205797
371.0	-0.01787892793461741
372.0	-0.014879907866224215
373.0	-0.01951160006667585
374.0	-0.01274628358412517
375.0	-0.013265672591717174
376.0	-0.01561927636596913
377.0	-0.016479242118874828
378.0	-0.011091891318513222
379.0	-0.02081708111712218
380.0	-0.02025437812226923
381.0	-0.01577068590161291
382.0	-0.014724457375500762
383.0	-0.01926346016881099
384.0	-0.015449808812312883
385.0	-0.018238699216559927
386.0	-0.009553297671904819
387.0	-0.02018593444560631
388.0	-0.0182519586004153
389.0	-0.01725359013602877
390.0	-0.014546402792300022
391.0	-0.011978375839129671
392.0	-0.014874604112682124
393.0	-0.012516959383350347
394.0	-0.017408409227521016
395.0	-0.012964747718123242
396.0	-0.021234436008950867
397.0	-0.0167052830436474
398.0	-0.016970091881216245
399.0	-0.02078500603617677
400.0	-0.020825163027281532
401.0	-0.019234036964636624
402.0	-0.02243119011178301
403.0	-0.01602198279563381
404.0	-0.0184658766599487
405.0	-0.015023740611093494
406.0	-0.021805347193809377
407.0	-0.016875760836073637
408.0	-0.02121397867385963
409.0	-0.016130330903709213
410.0	-0.01835714971233466
411.0	-0.024720391164451867
412.0	-0.01761651841412733
413.0	-0.024675814378728504
414.0	-0.018622589949134568
415.0	-0.020247053891187302
416.0	-0.02509948326286927
417.0	-0.023705732599900137
418.0	-0.0213100776368495
419.0	-0.02263197506730725
420.0	-0.019251589863264244
421.0	-0.018871866365615633
422.0	-0.012953635091654063
423.0	-0.015389952165194306
424.0	-0.014229692937926029
425.0	-0.01596086335005282
426.0	-0.01343716062291326
427.0	-0.01708273350406375
428.0	-0.01732253893207669
429.0	-0.011184201886115847
430.0	-0.01585365176059377
431.0	-0.018327726508160294
432.0	-0.014762720168912044
433.0	-0.014331853333535415
434.0	-0.01722984952493528
435.0	-0.017013910987862042
436.0	-0.019555292893475434
437.0	-0.016492375222883993
438.0	-0.025859182817859063
439.0	-0.017599344355038345
440.0	-0.023963469766079333
441.0	-0.0190908356189987
442.0	-0.011018143888308065
443.0	-0.01971491061912492
444.0	-0.014540593919372936
445.0	-0.01957638162779788
446.0	-0.01856159678339979
447.0	-0.01853671965369024
448.0	-0.018033999585802225
449.0	-0.019542033509620062
450.0	-0.012423638576977732
451.0	-0.01879003702525098
452.0	-0.016566122653089148
453.0	-0.02271064741151586
454.0	-0.020945634000596104
455.0	-0.020868982133927474
456.0	-0.01894068888181734
457.0	-0.015517747369590953
458.0	-0.02376003293378405
459.0	-0.01942408813323032
460.0	-0.020662893424861
461.0	-0.016302324054290294
462.0	-0.015930177347416183
463.0	-0.014612825991423106
464.0	-0.01764606789814776
465.0	-0.018654159910694985
466.0	-0.0181376753395666
467.0	-0.019460709288640403
468.0	-0.01739211912735581
469.0	-0.013285372247730843
470.0	-0.0158095800942554
471.0	-0.01554186682022308
472.0	-0.017474706146797886
473.0	-0.018200183863456218
474.0	-0.020097285993544725
475.0	-0.016128815545554225
476.0	-0.019839422547519168
477.0	-0.018866436332227184
478.0	-0.01284528698357866
479.0	-0.017770579826542152
480.0	-0.017828415996120745
481.0	-0.016494774539962613
482.0	-0.010914468134543692
483.0	-0.014487935223490223
484.0	-0.015174771307198489
485.0	-0.013726215190960445
486.0	-0.015484535770029338
487.0	-0.014445252635460483
488.0	-0.012216792188833982
489.0	-0.016836866643431297
490.0	-0.015678880453395282
491.0	-0.01330178862774226
492.0	-0.01416276461941795
493.0	-0.019094118895000955
494.0	-0.01581450500825885
495.0	-0.020390128956979014
496.0	-0.017360928005334182
497.0	-0.018149798204805768
498.0	-0.01876642269400385
499.0	-0.0163647062983337
500.0	-0.014205068367908906
501.0	-0.015542750779146713
502.0	-0.013275396139877722
503.0	-0.01641319775929053
504.0	-0.016367105615412325
505.0	-0.014080808999207084
506.0	-0.016185388916670547
507.0	-0.015652487965530745
508.0	-0.0168228495804985
509.0	-0.015343228622084893
510.0	-0.01301955317139215
511.0	-0.01761803377228217
512.0	-0.017033105524490864
513.0	-0.014023225389320916
514.0	-0.019359180292262225
515.0	-0.015915023765867183
516.0	-0.01930172296222227
517.0	-0.02103301965419542
518.0	-0.025729619695615148
519.0	-0.015895197830007157
520.0	-0.02014691397311761
521.0	-0.019303995999454534
522.0	-0.012917897895167615
523.0	-0.016871719880993966
524.0	-0.014885843018997662
525.0	-0.018801907330797726
526.0	-0.014716122905648842
527.0	-0.017472306829719265
528.0	-0.019974163143459105
529.0	-0.017913781172180076
530.0	-0.017246897304177906
531.0	-0.016163921342809466
532.0	-0.015600081829340456
533.0	-0.020001818429785913
534.0	-0.022980886282473013
535.0	-0.020043238219353235
536.0	-0.0242030226343997
537.0	-0.02359549029413111
538.0	-0.020051825248897728
539.0	-0.01838594151727767
540.0	-0.01920196188369136
541.0	-0.019523091532683813
542.0	-0.02291976683689202
543.0	-0.018722603587357906
544.0	-0.01968030994125468
545.0	-0.019370166638885192
546.0	-0.02263437438438587
547.0	-0.02057033029756595
548.0	-0.02082364766912669
549.0	-0.02108037459653604
550.0	-0.019678920862946047
551.0	-0.021305026442999836
552.0	-0.019089572820536284
553.0	-0.02611553090572963
554.0	-0.022963333383845392
555.0	-0.025196971304167773
556.0	-0.018511842523980693
557.0	-0.025644001959863244
558.0	-0.028881564657806964
559.0	-0.02189147004894613
560.0	-0.0271246331570467
561.0	-0.02458577684835814
562.0	-0.026524551327706394
563.0	-0.02312231971026367
564.0	-0.02973673177655542
565.0	-0.020470064099650045
566.0	-0.02297065761492732
567.0	-0.019387214418127817
568.0	-0.023654084142787267
569.0	-0.02481636384759553
570.0	-0.019408555712142686
571.0	-0.0251566880332168
572.0	-0.023910432230657835
573.0	-0.023501411808681073
574.0	-0.024580220535123626
575.0	-0.02799558525657551
576.0	-0.022046920539669584
577.0	-0.024539432144787512
578.0	-0.019974541982997744
579.0	-0.02307749036484788
580.0	-0.027192066594939775
581.0	-0.025842640158001435
582.0	-0.020880599879781647
583.0	-0.02378061654872135
584.0	-0.024375394624519566
585.0	-0.023456456183419072
586.0	-0.023668858884797483
587.0	-0.022179640658069686
588.0	-0.022131275476959072
589.0	-0.02274726856692594
590.0	-0.023499391331141234
591.0	-0.0241824390194624
592.0	-0.028032458971678016
593.0	-0.025057305794224525
594.0	-0.02921393321311495
595.0	-0.023282568835144218
596.0	-0.023817616543670216
597.0	-0.02466419663287433
598.0	-0.02762394366908625
599.0	-0.02329936405469442
600.0	-0.024860309234087538
601.0	-0.025118172680113095
602.0	-0.02409012845185963
603.0	-0.025340551489344627
604.0	-0.02815823369853468
605.0	-0.026866643431175077
606.0	-0.022505947780758016
607.0	-0.029036636308991778
608.0	-0.02787170472741247
609.0	-0.02511236380718586
610.0	-0.024694503795972326
611.0	-0.025113752885494636
612.0	-0.026477954064443192
613.0	-0.023256681466664677
614.0	-0.02628449334000103
615.0	-0.023649411788476238
616.0	-0.031900789501598824
617.0	-0.027698953897753825
618.0	-0.02536656513767038
619.0	-0.024367186434513858
620.0	-0.025191920110318105
621.0	-0.025657640183257405
622.0	-0.025355705070893627
623.0	-0.027586817394291172
624.0	-0.020536487298773127
625.0	-0.03045993645598149
626.0	-0.024414920216393264
627.0	-0.023517449349153705
628.0	-0.025520879109777628
629.0	-0.029528748869795465
630.0	-0.022128749880034236
631.0	-0.030776014911124274
632.0	-0.023583872548276933
633.0	-0.024280937299530892
634.0	-0.03083511387916543
635.0	-0.023981780343784374
636.0	-0.01962575704767834
637.0	-0.023540432281169775
638.0	-0.022980507442934228
639.0	-0.02422815232380182
640.0	-0.026904906224586213
641.0	-0.02428207381814695
642.0	-0.02416804311699082
643.0	-0.0261839745823927
644.0	-0.025215534441565383
645.0	-0.02318078727907347
646.0	-0.027901380491279264
647.0	-0.028759073206952552
648.0	-0.028352704661746834
649.0	-0.030621574659170814
650.0	-0.025348507119657762
651.0	-0.025673930283422606
652.0	-0.03343382683497256
653.0	-0.02947040758083188
654.0	-0.02590085516711881
655.0	-0.030397554211938082
656.0	-0.028609431589156187
657.0	-0.027969950447788397
658.0	-0.022900446020416985
659.0	-0.029288817161936313
660.0	-0.03302013405868492
661.0	-0.025895172574037936
662.0	-0.02357654831719486
663.0	-0.022378278856207728
664.0	-0.03000318225212532
665.0	-0.02751761603855083
666.0	-0.02815823369853468
667.0	-0.029145868375990813
668.0	-0.025839609441691606
669.0	-0.028182100589474384
670.0	-0.029693922908679615
671.0	-0.02672521000338442
672.0	-0.026090148656635087
673.0	-0.030741414233254178
674.0	-0.023158562026134966
675.0	-0.03154076565996388
676.0	-0.027596288382759297
677.0	-0.027450056320811544
678.0	-0.028006824162891047
679.0	-0.02475095088724229
680.0	-0.026009076995348
681.0	-0.02450041167229881
682.0	-0.03078914801513344
683.0	-0.024234845155652687
684.0	-0.02322485894541184
685.0	-0.02549764361806928
686.0	-0.03250806928217499
687.0	-0.024236991913038738
688.0	-0.02627451723214791
689.0	-0.03182704207139366
690.0	-0.021634238002151928
691.0	-0.02812249650204838
692.0	-0.025026746071434104
693.0	-0.030888277694433138
694.0	-0.026639213428093878
695.0	-0.026017158905507348
696.0	-0.02579654801412323
697.0	-0.02632326125279716
698.0	-0.026122855136811705
699.0	-0.026420875573942022
700.0	-0.024675814378728504
701.0	-0.024298616478004725
702.0	-0.02858531213852406
703.0	-0.029645052608184005
704.0	-0.028686083455824817
705.0	-0.025204295535249846
706.0	-0.021838685073217203
707.0	-0.026799462552974426
708.0	-0.025064882584999025
709.0	-0.031049410778237467
710.0	-0.022860920428543437
711.0	-0.02693306663029816
712.0	-0.03129515135902385
713.0	-0.0214265076550844
714.0	-0.030851403979330633
715.0	-0.029179458815091066
716.0	-0.02734309729104477
717.0	-0.023672899839877304
718.0	-0.02680539770574787
719.0	-0.02586827496678855
720.0	-0.025523909826087456
721.0	-0.026117551383269468
722.0	-0.02439863011622806
723.0	-0.02644651038272899
724.0	-0.018726265702898943
725.0	-0.028337677360044194
726.0	-0.018455395432710582
727.0	-0.023243043243270665
728.0	-0.026836715107615716
729.0	-0.02908676940794966
730.0	-0.02462290312315322
731.0	-0.02517638768923047
732.0	-0.026329575245109243
733.0	-0.025587176029054498
734.0	-0.025401292095386836
735.0	-0.025852742545700767
736.0	-0.02859819268284065
737.0	-0.027385148479843302
738.0	-0.026695534239517628
739.0	-0.02359637425305474
740.0	-0.01973991402868083
741.0	-0.025859435377551632
742.0	-0.025901234006657593
743.0	-0.030512973991402986
744.0	-0.028897728478125953
745.0	-0.02590338076404364
746.0	-0.020966343895379765
747.0	-0.021747005904845643
748.0	-0.024356452647583317
749.0	-0.02254446313386172
750.0	-0.02366721724679643
751.0	-0.02274789996615715
752.0	-0.02130679436084725
753.0	-0.021818101458279754
754.0	-0.023962206967616917
755.0	-0.024025094331045174
756.0	-0.02407825814631303
757.0	-0.023397357215377917
758.0	-0.023117394796260217
759.0	-0.026236128158890416
760.0	-0.030142974041914926
761.0	-0.024223227409798365
762.0	-0.021986432493319944
763.0	-0.024417950932703093
764.0	-0.024306066988932867
765.0	-0.022422981921777302
766.0	-0.024293691564001272
767.0	-0.023501538088527285
768.0	-0.027053663883458947
769.0	-0.019784238254711622
770.0	-0.02039543271052125
771.0	-0.027056063200537567
772.0	-0.02356379405272448
773.0	-0.02330176337177304
774.0	-0.01759303036272626
775.0	-0.020922019669348972
776.0	-0.02150707419698649
777.0	-0.02381951074136384
778.0	-0.025163759704606305
779.0	-0.019646593222308214
780.0	-0.01919817348830411
781.0	-0.025954018982386518
782.0	-0.0255211316694702
783.0	-0.023078121764079088
784.0	-0.026576073504973048
785.0	-0.02305513883206302
786.0	-0.02067451117071532
787.0	-0.02406436736322645
788.0	-0.023034302657433146
789.0	-0.026502831194152886
790.0	-0.02395639809468983
791.0	-0.021415268748768864
792.0	-0.02633184828234165
793.0	-0.021280654432675284
794.0	-0.021779459825329837
795.0	-0.02185194445707258
796.0	-0.02313759957165888
797.0	-0.021722255054982306
798.0	-0.016039661974107642
799.0	-0.02114502987781171
800.0	-0.024026735969046375
801.0	-0.019917589772342783
802.0	-0.02157021412010732
803.0	-0.022293039959994605
804.0	-0.020595838826506705
805.0	-0.02230857238108239
806.0	-0.02123304693064209
807.0	-0.019391634212746273
808.0	-0.023404934006152414
809.0	-0.020401746702833335
810.0	-0.020224449798710017
811.0	-0.02239696827345155
812.0	-0.02412523424911487
813.0	-0.023051981835906978
814.0	-0.016569784768630188
815.0	-0.026332732241265283
816.0	-0.021010920681103128
817.0	-0.023197835058316095
818.0	-0.018142600253570052
819.0	-0.01921875710324141
820.0	-0.023916493663277347
821.0	-0.02770501533037348
822.0	-0.02069913574073244
823.0	-0.01603726265702902
824.0	-0.020938309769514173
825.0	-0.021793224328570206
826.0	-0.01876730665292748
827.0	-0.017556661767008753
828.0	-0.02125451450450317
829.0	-0.01954809494223972
830.0	-0.022036691872124037
831.0	-0.014682027347163593
832.0	-0.02121574659170704
833.0	-0.017233259080783894
834.0	-0.024159077247907692
835.0	-0.021682098063877546
836.0	-0.028926899122607746
837.0	-0.022533603067084965
838.0	-0.022875316331014868
839.0	-0.022363125274658727
840.0	-0.02049797194566942
841.0	-0.01967285943032639
842.0	-0.020348961727104264
843.0	-0.021623251655528815
844.0	-0.02109224490208264
845.0	-0.02002303344395457
846.0	-0.02557303268627549
847.0	-0.01970632358958043
848.0	-0.022488647441822964
849.0	-0.022587398281583883
850.0	-0.015326559682381053
851.0	-0.02463060619377393
852.0	-0.023086708793623435
853.0	-0.02013895834280447
854.0	-0.018561975622938574
855.0	-0.017934617346809952
856.0	-0.026489445530451152
857.0	-0.01926598576573582
858.0	-0.019122279300712756
859.0	-0.019398453324443354
860.0	-0.023156288988902558
861.0	-0.022940350451829322
862.0	-0.020349466846489257
863.0	-0.022613285650063424
864.0	-0.022949821440297447
865.0	-0.018700378334419402
866.0	-0.024392189844069767
867.0	-0.022175220863451226
868.0	-0.022207548504089063
869.0	-0.024118667697110362
870.0	-0.01995900956191011
871.0	-0.018950917549362883
872.0	-0.022646749809317464
873.0	-0.019194637652609287
874.0	-0.017054699378198156
875.0	-0.020215357649780677
876.0	-0.029962520141635564
877.0	-0.02168765437711206
878.0	-0.026518616174933094
879.0	-0.021464139049264325
880.0	-0.01664214312052657
881.0	-0.02540318629308046
882.0	-0.021975698706389404
883.0	-0.018785112111247525
884.0	-0.022446091133639587
885.0	-0.01875745682492072
886.0	-0.026097725447409584
887.0	-0.01933493456178374
888.0	-0.022498623549676085
889.0	-0.021943623625443994
890.0	-0.024032797401666032
891.0	-0.022776186651715165
892.0	-0.018154975678501648
893.0	-0.021144398478580503
894.0	-0.022168401751754146
895.0	-0.021791203851030224
896.0	-0.021154248306587412
897.0	-0.022002091194253795
898.0	-0.018344521727710495
899.0	-0.022022169689806248
900.0	-0.02700971849696679
901.0	-0.020345299611563224
902.0	-0.020318907123698837
903.0	-0.02100107085309622
904.0	-0.02055113576093713
905.0	-0.02336427189566266
906.0	-0.021059412142059808
907.0	-0.02163133356568831
908.0	-0.023881387866022254
909.0	-0.024470609628585806
910.0	-0.022143019502659605
911.0	-0.025545124840256114
912.0	-0.02106597869406446
913.0	-0.023026852146504857
914.0	-0.017441115707697637
915.0	-0.018277340849509844
916.0	-0.020911538442110855
917.0	-0.020529415627383623
918.0	-0.017941941577892025
919.0	-0.019315740025155067
920.0	-0.024458486763346637
921.0	-0.022518196925843545
922.0	-0.023642340117086734
923.0	-0.016721194304273965
924.0	-0.019081238350684218
925.0	-0.022143019502659605
926.0	-0.02136968172427565
927.0	-0.019892712642633235
928.0	-0.01978802665009887
929.0	-0.020416016325458555
930.0	-0.024119677935880206
931.0	-0.018625115546059404
932.0	-0.022286473407990098
933.0	-0.020780712521404524
934.0	-0.024485131810903598
935.0	-0.017211917786769025
936.0	-0.022152743050820153
937.0	-0.02021788324670551
938.0	-0.024605855343910594
939.0	-0.021127855818722875
940.0	-0.0252167972400278
941.0	-0.02850083092138836
942.0	-0.020314739888772804
943.0	-0.0207490162799979
944.0	-0.0221776201805297
945.0	-0.019963429356528565
946.0	-0.018206119016229518
947.0	-0.0227652003050922
948.0	-0.021887176534173883
949.0	-0.019759234845155713
950.0	-0.021123941143489415
951.0	-0.019322432857005786
952.0	-0.01910510524162392
953.0	-0.024853111282851822
954.0	-0.022057401766907698
955.0	-0.01893399604996647
956.0	-0.021823657771514418
957.0	-0.021540917195779313
958.0	-0.019716678536972333
959.0	-0.021903719194031657
960.0	-0.02378049026887514
961.0	-0.02226121743874177
962.0	-0.025266804059139468
963.0	-0.02041563748591992
964.0	-0.02177655538886622
965.0	-0.023962712087001913
966.0	-0.023109818005485717
967.0	-0.020263975390583715
968.0	-0.025615083875074024
969.0	-0.02271822420229036
970.0	-0.02157412879534093
971.0	-0.01788031701292604
972.0	-0.02043306410470118
973.0	-0.01878801654771114
974.0	-0.01994234062220612
975.0	-0.020599500942047745
976.0	-0.019515767301601882
977.0	-0.021322958181166238
978.0	-0.019531426002535733
979.0	-0.019542033509620062
980.0	-0.020276855934900306
981.0	-0.018755436347380736
982.0	-0.019148671788577293
983.0	-0.019351856061180152
984.0	-0.022284579210296473
985.0	-0.01398609911452584
986.0	-0.016513463957206435
987.0	-0.018489238431503408
988.0	-0.02095927222399026
989.0	-0.01525546412894694
990.0	-0.014785955660620539
991.0	-0.017135013360407823
992.0	-0.01655324210877256
993.0	-0.018817439751885507
994.0	-0.015220863451076695
995.0	-0.016203573214529376
996.0	-0.0207187091168999
997.0	-0.020384193804205714
998.0	-0.019892207523248242
999.0	-0.02095523126891044
1000.0	-0.019707460108196635
1001.0	-0.014851116061281205
1002.0	-0.01954190722977385
1003.0	-0.015518505048668373
1004.0	-0.018941699120587182
1005.0	-0.02151477726760735
1006.0	-0.02380498855904605
1007.0	-0.02343713536694404
1008.0	-0.019494678567279437
1009.0	-0.013231324473539354
1010.0	-0.015914013527097193
1011.0	-0.010510372626570383
1012.0	-0.019006354401863
1013.0	-0.017329358043773765
1014.0	-0.019730443040212705
1015.0	-0.017714764134503253
1016.0	-0.019511978906214634
1017.0	-0.018769200850621105
1018.0	-0.016397539058356534
1019.0	-0.019865183636152497
1020.0	-0.012910699943931899
1021.0	-0.01831585620261355
1022.0	-0.016424436665606067
1023.0	-0.019942972021437327
1024.0	-0.017334661797315857
1025.0	-0.021497603208518366
1026.0	-0.01623287013885738
1027.0	-0.01870820768488647
1028.0	-0.015480494814949664
1029.0	-0.022812807807125246
1030.0	-0.01461863486435034
1031.0	-0.02387494759386396
1032.0	-0.025355705070893627
1033.0	-0.02152172265915064
1034.0	-0.01758696893010675
1035.0	-0.01814702004818851
1036.0	-0.01814247397372384
1037.0	-0.019934637551585407
1038.0	-0.01647633768241136
1039.0	-0.02018075697191043
1040.0	-0.02033431326494026
1041.0	-0.014135361892783423
1042.0	-0.015417860011213683
1043.0	-0.02253006723139029
1044.0	-0.022924060351664267
1045.0	-0.015902016941704233
1046.0	-0.012345345072307903
1047.0	-0.013611931930111745
1048.0	-0.019353623979027564
1049.0	-0.019668187076015507
1050.0	-0.01912644653563879
1051.0	-0.019234794643714193
1052.0	-0.01843620089608191
1053.0	-0.011370717219014866
1054.0	-0.0188693407686908
1055.0	-0.01575969955498994
1056.0	-0.020919115232885355
1057.0	-0.01843178110146345
1058.0	-0.01903060013234134
1059.0	-0.015812989650103866
1060.0	-0.021813555383815086
1061.0	-0.018661862981315697
1062.0	-0.015469003348941555
1063.0	-0.015842286574432016
1064.0	-0.02300033337879411
1065.0	-0.018738767407676896
1066.0	-0.020226722835942425
1067.0	-0.014896576805928203
1068.0	-0.01611025240815676
1069.0	-0.01814563096987988
1070.0	-0.02273173614583816
1071.0	-0.014508645118273737
1072.0	-0.023447742874028368
1073.0	-0.015903784859551646
1074.0	-0.016673081682855775
1075.0	-0.01723767887540235
1076.0	-0.02202633692473228
1077.0	-0.019301596682375913
1078.0	-0.013818273198870645
1079.0	-0.015449177413081674
1080.0	-0.014615982987579148
1081.0	-0.013128532678698762
1082.0	-0.01661208851712114
1083.0	-0.020307289377844515
1084.0	-0.0208632995408466
1085.0	-0.016946856389507752
1086.0	-0.018891944861168086
1087.0	-0.01689268233547005
1088.0	-0.019648487420001838
1089.0	-0.017335545756239638
1090.0	-0.016629767695594974
1091.0	-0.015010986346623116
1092.0	-0.01898501310784813
1093.0	-0.017844958655978373
1094.0	-0.01888765134639584
1095.0	-0.018342374970324298
1096.0	-0.018158511514196472
1097.0	-0.021767210680244307
1098.0	-0.017021487778636542
1099.0	-0.017869078106610647
1100.0	-0.02066529274193962
1101.0	-0.01900319740570696
1102.0	-0.0180321053881086
1103.0	-0.016382006637268753
1104.0	-0.017549211256080464
1105.0	-0.018925030180883342
1106.0	-0.01659819773403456
1107.0	-0.01807491425598455
1108.0	-0.014881549504225416
1109.0	-0.017141958751951115
1110.0	-0.023510503957610413
1111.0	-0.017014668666939466
1112.0	-0.018991200820314
1113.0	-0.01928391750390208
1114.0	-0.018662746940239477
1115.0	-0.01853053194122437
1116.0	-0.020004596586403318
1117.0	-0.023306435726083922
1118.0	-0.021022664706803515
1119.0	-0.018796098457870638
1120.0	-0.022697009188121703
1121.0	-0.022299732791845474
1122.0	-0.018283528561975713
1123.0	-0.021579937668268014
1124.0	-0.01642847762068574
1125.0	-0.018237688977789934
1126.0	-0.014035348254560086
1127.0	-0.01492612628994878
1128.0	-0.01938304718320178
1129.0	-0.016261283104261753
1130.0	-0.018468528536719746
1131.0	-0.01563064155213088
1132.0	-0.023575159238886232
1133.0	-0.015753511842524073
1134.0	-0.01767586994186091
1135.0	-0.017389214690892343
1136.0	-0.020775535047708647
1137.0	-0.022110439302329195
1138.0	-0.019699883317422135
1139.0	-0.015439201305228554
1140.0	-0.016586327428487816
1141.0	-0.0178782965353862
1142.0	-0.020045637536431855
1143.0	-0.019612371383976753
1144.0	-0.014453081985927407
1145.0	-0.01765743308430951
1146.0	-0.011896041379380167
1147.0	-0.020683224480106024
1148.0	-0.016333515176312072
1149.0	-0.014560798694771601
1150.0	-0.01958560005657343
1151.0	-0.018223166795472142
1152.0	-0.01831509852353613
1153.0	-0.0181447470109561
1154.0	-0.01729324200774868
1155.0	-0.012442327994221555
1156.0	-0.0209006783753341
1157.0	-0.016728771095048466
1158.0	-0.011341672854379283
1159.0	-0.01644678819839078
1160.0	-0.018282897162744505
1161.0	-0.017420532092760187
1162.0	-0.01787097230430427
1163.0	-0.01701959358094292
1164.0	-0.019263839008349774
1165.0	-0.011927485061094223
1166.0	-0.016302576613982864
1167.0	-0.016703388845953775
1168.0	-0.015782429927313442
1169.0	-0.017323170331307897
1170.0	-0.016385163633424793
1171.0	-0.014879023907300582
1172.0	-0.014371505205255325
1173.0	-0.017827026917812117
1174.0	-0.016784460507241007
1175.0	-0.01365878175306737
1176.0	-0.018555914190318913
1177.0	-0.014724836215039545
1178.0	-0.015844180772125644
1179.0	-0.017721835805892757
1180.0	-0.01490781571224374
1181.0	-0.014033454056866462
1182.0	-0.01624966535840758
1183.0	-0.018778419279396805
1184.0	-0.014532638289059652
1185.0	-0.018283654841821928
1186.0	-0.017171760795664116
1187.0	-0.017575603743945
1188.0	-0.018129719709253315
1189.0	-0.01596844014082732
1190.0	-0.015128552883474072
1191.0	-0.019091845857768547
1192.0	-0.019027316856339085
1193.0	-0.012818136816636704
1194.0	-0.014386532506958111
1195.0	-0.009431942739666613
1196.0	-0.01732026589484428
1197.0	-0.02082453162805032
1198.0	-0.015351563091936813
1199.0	-0.012999600955685909
1200.0	-0.016050648320730755
1201.0	-0.016810221595874336
1202.0	-0.009284069039717659
1203.0	-0.013643123052133523
1204.0	-0.013081430296050564
1205.0	-0.01868964454748886
1206.0	-0.011915362195855053
1207.0	-0.014741631434589599
1208.0	-0.01588118076707436
1209.0	-0.016277320644734534
1210.0	-0.013601324423027417
1211.0	-0.015196238881059572
1212.0	-0.013127774999621193
1213.0	-0.015556010163002088
1214.0	-0.009783505831603421
1215.0	-0.0166240851025141
1216.0	-0.021915715779424617
1217.0	-0.01470387376056346
1218.0	-0.011468962939390788
1219.0	-0.016644416157758978
1220.0	-0.018237057578558726
1221.0	-0.015063266202967192
1222.0	-0.009748021194809544
1223.0	-0.011286867401110375
1224.0	-0.013619003601501247
1225.0	-0.020262586312274938
1226.0	-0.012910826223778111
1227.0	-0.014543498355836553
1228.0	-0.015474433382330005
1229.0	-0.014001000136382268
1230.0	-0.010596369201860923
1231.0	-0.01174993559727848
1232.0	-0.016247013481636534
1233.0	-0.014740116076434757
1234.0	-0.012187242704813405
1235.0	-0.013416071888590961
1236.0	-0.014835962479732206
1237.0	-0.014451440347926354
1238.0	-0.012298116409813493
1239.0	-0.01669189737994581
1240.0	-0.016896218171164875
1241.0	-0.015349668894243187
1242.0	-0.013888105953842341
1243.0	-0.006974915771342708
1244.0	-0.01624713976148275
1245.0	-0.01275474433382345
1246.0	-0.010982154132129192
1247.0	-0.01372798310880786
1248.0	-0.01210225636829271
1249.0	-0.01618627287559418
1250.0	-0.00748394983154266
1251.0	-0.01147451925262545
1252.0	-0.007332414016052669
1253.0	-0.013093174321751097
1254.0	-0.016650351310532278
1255.0	-0.006517530168255478
1256.0	-0.017842938178438537
1257.0	-0.011145055133780932
1258.0	-0.01584455961166428
1259.0	-0.014461290175933115
1260.0	-0.016737105564900386
1261.0	-0.018089688997994766
1262.0	-0.02086544629823265
1263.0	-0.011120430563763809
1264.0	-0.016483661913493288
1265.0	-0.014246740717168653
1266.0	-0.01249435529087306
1267.0	-0.011968273451430337
1268.0	-0.011534754739282662
1269.0	-0.01030630439504389
1270.0	-0.009694604819849264
1271.0	-0.01130618821758526
1272.0	-0.013731013825117688
1273.0	-0.008263096482853845
1274.0	-0.007197294580574094
1275.0	-0.011850201795194387
1276.0	-0.012839478110651574
1277.0	-0.013689720315396578
1278.0	-0.008606451384784946
1279.0	-0.007633338889646602
1280.0	-0.01206740313073004
1281.0	-0.012430331408828599
1282.0	-0.010535881155511139
1283.0	-0.010501406757487255
1284.0	-0.012216539629141411
1285.0	-0.009230778944603592
1286.0	-0.008047915624858027
1287.0	-0.01306514019588536
1288.0	-0.01031299722689461
1289.0	-0.007401489091947092
1290.0	-0.015450692771236514
1291.0	-0.01182140999025123
1292.0	-0.014748324266440465
1293.0	-0.010948437413182728
1294.0	-0.01561018421703979
1295.0	-0.015353836129169221
1296.0	-0.01429573729751033
1297.0	-0.012320720502290779
1298.0	-0.01078806200845582
1299.0	-0.006741676895334423
1300.0	-0.011713945841099607
1301.0	-0.012834048077263124
1302.0	-0.011100352068211356
1303.0	-0.014139276568016884
1304.0	-0.006882605203739938
1305.0	-0.010027225934849823
1306.0	-0.009974062119582114
1307.0	-0.009190874513191257
1308.0	-0.011304294019891635
1309.0	-0.014032948937481466
1310.0	-0.006993731468432599
1311.0	-0.016462952018709773
1312.0	-0.013647164007213197
1313.0	-0.009717714031711547
1314.0	-0.009841342001182014
1315.0	-0.011170184823183051
1316.0	-0.013207457582599799
1317.0	-0.010734898193188111
1318.0	-0.009200724341198164
1319.0	-0.008435721032666134
1320.0	-0.0073281205012805705
1321.0	-0.009641188444888983
1322.0	-0.012743757987200337
1323.0	-0.009681219156147678
1324.0	-0.014143317523096706
1325.0	-0.01415493526895088
1326.0	-0.00727091573093304
1327.0	-0.013061604360190682
1328.0	-0.011569986816384116
1329.0	-0.011616078960262321
1330.0	-0.009778454637753755
1331.0	-0.008892601516368516
1332.0	-0.010320068898284261
1333.0	-0.011370843498861078
1334.0	-0.013039884226637028
1335.0	-0.003636834315790513
1336.0	-0.013116030973920808
1337.0	-0.005457537138902814
1338.0	-0.008846256812797739
1339.0	-0.010970536386275018
1340.0	-0.010819631970016235
1341.0	-0.00849343092239866
1342.0	-0.008983775565354934
1343.0	-0.009763048496512184
1344.0	-0.010717471574406704
1345.0	-0.0107612906810525
1346.0	-0.01009453309289654
1347.0	-0.008281533340405097
1348.0	-0.011653078955211185
1349.0	-0.009284195319563872
1350.0	-0.011266536345865497
1351.0	-0.008402761992797091
1352.0	-0.009885034827981745
1353.0	-0.010697519358700463
1354.0	-0.008823147600935603
1355.0	-0.01141441004581445
1356.0	-0.011121693362226225
1357.0	-0.010630085920807534
1358.0	-0.009969642324963656
1359.0	-0.007994625529744106
1360.0	-0.010634379435579632
1361.0	-0.011894147181686543
1362.0	-0.006770342420431221
1363.0	-0.007415884994418523
1364.0	-0.012411263152046137
1365.0	-0.004577745450137233
1366.0	-0.009873290802281212
1367.0	-0.007622983942254845
1368.0	-0.009661519500134007
1369.0	-0.012444095912068968
1370.0	-0.0046359604592547555
1371.0	-0.0110748435392706
1372.0	-0.009446591201830615
1373.0	-0.010998317952448183
1374.0	-0.008406045268799345
1375.0	-0.01236037237401069
1376.0	-0.009293034908800788
1377.0	-0.00958259459623297
1378.0	-0.008356038449687677
1379.0	-0.008536744909659461
1380.0	-0.00997204164204213
1381.0	-0.010946164375950319
1382.0	-0.011047945932021066
1383.0	-0.009225601470907712
1384.0	-0.007110540326206133
1385.0	-0.00599826744050954
1386.0	-0.006465629151450038
1387.0	-0.011059058558490391
1388.0	-0.008575260262763168
1389.0	-0.013611300530880536
1390.0	-0.004721325635313941
1391.0	-0.004605779576002823
1392.0	-0.012642860390053223
1393.0	-0.009563778899142934
1394.0	-0.009605830087941318
1395.0	-0.004094598758416528
1396.0	-0.00247821672652329
1397.0	-0.007579164835609048
1398.0	-0.006685229804064166
1399.0	-0.006336192309052338
1400.0	-0.010822788966172277
1401.0	-0.011307703575740248
1402.0	-0.012383734145565397
1403.0	-0.007495188737858345
1404.0	-0.010202123521894521
1405.0	-0.005095240260035611
1406.0	-0.012630990084506624
1407.0	-0.006881089845585097
1408.0	-0.009270430816323501
1409.0	-0.0116998024983206
1410.0	-0.008380789299551012
1411.0	-0.009727437579872095
1412.0	-0.011340031216378083
1413.0	-0.006036025114535972
1414.0	-0.012674177791921213
1415.0	-0.007413233117647331
1416.0	-0.008440140827284592
1417.0	-0.008425744924813013
1418.0	-0.009980123552201627
1419.0	-0.0033417183151238142
1420.0	-0.01180095265516014
1421.0	-0.011517075560808832
1422.0	-0.009122935955913332
1423.0	-0.004559813711970976
1424.0	-0.004932465538229937
1425.0	-0.006879700767276321
1426.0	-0.009049819924939381
1427.0	-0.008722123723942276
1428.0	-0.012918403014552611
1429.0	-0.005777151429740572
1430.0	-0.005112666878817019
1431.0	-0.008537123749198246
1432.0	-0.011572007293923953
1433.0	-0.007242502765528667
1434.0	-0.006094745243038344
1435.0	-0.007074929409566044
1436.0	-0.00762108974456122
1437.0	-0.014422017143751988
1438.0	-0.007971390038035611
1439.0	-0.005006718087820091
1440.0	-0.012841246028498987
1441.0	-0.006219130891586378
1442.0	-0.00989362185752609
1443.0	-0.0036321619614796304
1444.0	-0.008590287564465955
1445.0	-0.002612704762770657
1446.0	-0.01027726003040831
1447.0	-0.0035864486571402085
1448.0	-0.009675662842913015
1449.0	-0.00760656756224343
1450.0	-0.00668194652806206
1451.0	-0.009265505902320047
1452.0	-0.00532393306157908
1453.0	-0.00757474504099059
1454.0	-0.0033773292317639033
1455.0	-0.006103837391967685
1456.0	-0.006010390305748857
1457.0	-0.004847100362170751
1458.0	-0.008475246624539832
1459.0	-0.005774373273123313
1460.0	-0.008689922363150653
1461.0	-0.0010758790340096645
1462.0	-0.007069373096331528
1463.0	-0.005152697590075567
1464.0	-0.01265485697544618
1465.0	-0.004650608921418612
1466.0	-0.01322576816030484
1467.0	-0.006657827077429785
1468.0	-0.005276199279699968
1469.0	-0.008384198855399625
1470.0	-0.006962792906103392
1471.0	-0.005661479090583094
1472.0	-0.0037930424855916805
1473.0	-0.0064604516777540125
1474.0	-0.005735984199865673
1475.0	-0.008867471826966396
1476.0	-0.009084168043117053
1477.0	-0.0037724588706542312
1478.0	-0.004831062821698119
1479.0	-0.001003015562728286
1480.0	-0.005352093467291028
1481.0	-0.00312287534158696
1482.0	-0.009228000787986333
1483.0	-0.0015342748758668874
1484.0	-0.007851929303491031
1485.0	-0.0080162193834514
1486.0	-0.009041485455087461
1487.0	-0.0035200254580169785
1488.0	-0.009112454728675215
1489.0	-0.007821495860546675
1490.0	-0.005101175412808911
1491.0	-0.004165946871543065
1492.0	-0.007034646138615072
1493.0	-0.004283892247932951
1494.0	-0.004395397352164395
1495.0	-0.007812656271309759
1496.0	-0.004679527006208128
1497.0	-0.0042000424300283135
1498.0	-0.002021715082359692
1499.0	-0.004776383648275422
1500.0	-0.011275628494794836
1501.0	-0.0030128855955106515
1502.0	-0.0066849772443717415
1503.0	-0.00337859203022632
1504.0	-0.006149676976153466
1505.0	-0.0021506468053725434
1506.0	-0.00402666020113875
1507.0	-0.006289847605481708
1508.0	-0.00901698716491655
1509.0	-0.006421810044804241
1510.0	-0.010764952796593537
1511.0	-0.006014936380213674
1512.0	-0.009043758492319724
1513.0	-0.005611219711778854
1514.0	-0.0020196946048200016
1515.0	-0.0010503705050689083
1516.0	-0.005496178771852879
1517.0	-0.005932980760002661
1518.0	-0.008670475266829408
1519.0	5.4956989084393605e-05
1520.0	-0.0061530865320019315
1521.0	-0.00392311072722059
1522.0	-0.003635445237482031
1523.0	-0.000607885923838252
1524.0	-0.005523581498487261
1525.0	-0.0033155783869518495
1526.0	-0.003767407676804565
1527.0	-0.005318503028190924
1528.0	-0.003916417895369723
1529.0	-0.009824041662246964
1530.0	-0.0040094861420497665
1531.0	-0.0017075308249106791
1532.0	-0.0033253019351123987
1533.0	-0.006304748627338282
1534.0	-0.0028417764038532033
1535.0	0.0009549534532486399
1536.0	-0.0028220767478393865
1537.0	-0.001247114505513472
1538.0	-0.005128578139443292
1539.0	-0.0031600016163821844
1540.0	-0.0038659059568730593
1541.0	-0.0022967525874740846
1542.0	-0.002557141630424327
1543.0	-0.0023497901228955813
1544.0	0.001090451728265999
1545.0	-0.0028195511509145534
1546.0	-0.001445878983497726
1547.0	-0.004622069676168173
1548.0	-0.00904666292878334
1549.0	-0.007764796209584287
1550.0	-0.005161158339773699
1551.0	-0.003230592050431154
1552.0	-0.004684830759750219
1553.0	-0.0038928035641225913
1554.0	-0.004522434877483328
1555.0	-0.0020483601299167995
1556.0	-0.0029540391871619204
1557.0	-0.003432260964879025
1558.0	-0.0040188308506715325
1559.0	-0.002439322533881094
1560.0	-0.00024824092174194774
1561.0	-0.0037860970940483893
1562.0	0.0008592333297974034
1563.0	-0.00603337323776478
1564.0	-0.005076677122638146
1565.0	-0.004373298379072105
1566.0	-0.0024341450601850683
1567.0	-0.0013687219974442486
1568.0	-0.007081243401878127
1569.0	-0.008686386527455828
1570.0	-0.011466689902158527
1571.0	-0.008155758613548435
1572.0	-0.007333803094361446
1573.0	-0.007415127315340956
1574.0	-0.009122809676066972
1575.0	-0.009297454703419247
1576.0	-0.005061902380627637
1577.0	-0.004379738651230253
1578.0	-0.001936476186146572
1579.0	-0.00280957504306158
1580.0	-0.009607219166250095
1581.0	0.0004355644456566368
1582.0	-0.0012829779818459856
1583.0	-0.005544670232809559
1584.0	-0.002989776383648369
1585.0	-0.004135387148752642
1586.0	-0.005513857950326712
1587.0	-0.005239451844443527
1588.0	-0.0024672303799003243
1589.0	-0.0012366332782753555
1590.0	-0.0034378172781138346
1591.0	-0.0016457799800983313
1592.0	-0.004240325700979579
1593.0	0.0014014789895589704
1594.0	-0.004692028710985935
1595.0	-0.0016000666757589094
1596.0	-0.0009974592494937705
1597.0	-0.003138534042521102
1598.0	-0.0060461275022353055
1599.0	-0.006424714481267859
1600.0	-0.00994463891540775
1601.0	-0.00671313765008369
1602.0	-0.006289847605481708
1603.0	-0.005030837538452365
1604.0	-0.005541765796345942
1605.0	-0.0041870356058656575
1606.0	-0.0008700428846357601
1607.0	-0.003681789941052661
1608.0	-0.005906967111677056
1609.0	-0.007027700747071781
1610.0	-0.0012572168932128047
1611.0	0.0006122299505486004
1612.0	-0.0026233122698551326
1613.0	-0.0032521859041385955
1614.0	0.003953720961949262
1615.0	-0.004971233451026361
1616.0	-0.003748970819253165
1617.0	-0.0064715643042233375
1618.0	-0.0025799982825941846
1619.0	-0.0023337525824229494
1620.0	-0.007481676794310546
1621.0	-0.00451422668747762
1622.0	-0.004424315436953617
1623.0	-0.0033689947619121303
1624.0	-0.001493612765377132
1625.0	-0.007905219398604953
1626.0	-0.003495022048461365
1627.0	0.004970778843579468
1628.0	-0.001535032554944455
1629.0	0.0012749465836248868
1630.0	-0.0007254524606890603
1631.0	-0.0023114010496382343
1632.0	-0.00243351366095386
1633.0	0.0007303016067845518
1634.0	0.0013196496491946104
1635.0	-0.0011548039379107016
1636.0	-0.0013308380435717508
1637.0	-0.001962742394164896
1638.0	-0.0024327559818762925
1639.0	-0.006027185525299056
1640.0	-0.0018595717597855192
1641.0	-0.004148772812454376
1642.0	-0.0008641077318624609
1643.0	-0.0018826809716478016
1644.0	-0.004661721547887937
1645.0	-0.001836588827769596
1646.0	-0.002474933450521183
1647.0	0.0035058063473301557
1648.0	-0.0007411111616232024
1649.0	-0.003035110848449007
1650.0	0.0002970354543295955
1651.0	-0.00015959246968036178
1652.0	-0.001709425022604304
1653.0	-0.0046681618200463786
1654.0	-0.0008132169538270134
1655.0	-0.004920342672990913
1656.0	-0.0066719704202087915
1657.0	-0.000790612861349874
1658.0	-0.0008543841837019119
1659.0	0.00012883069913576423
1660.0	-0.003120476024508486
1661.0	-0.003269486243073644
1662.0	-0.004395144792471676
1663.0	-0.0008613295752452031
1664.0	-0.004053684088234348
1665.0	0.0025645163734446517
1666.0	-0.000234728978194149
1667.0	0.00040727776009862277
1668.0	-0.000998722047956187
1669.0	-0.0016749506245802722
1670.0	0.0014705540654533931
1671.0	-0.0046607113091179445
1672.0	6.821637293976783e-05
1673.0	-0.0016438857824047064
1674.0	-0.004152561207841626
1675.0	-0.0001585822309103697
1676.0	-0.001060094053229457
1677.0	-0.004443383693736225
1678.0	0.0007947043283677979
1679.0	0.0017626393498101156
1680.0	-0.0007467937547040771
1681.0	-0.002500694539154364
1682.0	-0.0046873563566750525
1683.0	-0.007973157955883025
1684.0	-0.006905209296217372
1685.0	0.003609229541401957
1686.0	-0.004612851247392473
1687.0	0.0010178408166770449
1688.0	-0.0025621928242739933
1689.0	0.00021230167750132455
1690.0	-0.007685492466144466
1691.0	-0.0034733019149075645
1692.0	-0.005930834002616611
1693.0	0.0006667828441252324
1694.0	0.0025098372000222483
1695.0	-0.0015405888681789704
1696.0	-0.005551110504968001
1697.0	-0.005647967147035295
1698.0	-0.008092366130735034
1699.0	-0.00935630111176783
1700.0	-0.00672816495178633
1701.0	-0.0018845751693414264
1702.0	-0.0028222030276857457
1703.0	0.0016443151338817398
1704.0	-0.004588100397528991
1705.0	-0.002396008546620146
1706.0	-0.0029238583039102816
1707.0	-0.0010584524152285509
1708.0	-0.0029042849277428244
1709.0	-0.00044965727649739416
1710.0	0.0025698201269870363
1711.0	0.004537133851585728
1712.0	-0.007078717804953294
1713.0	-0.0007191384683769773
1714.0	0.002260687063387396
1715.0	-0.00021780747879759026
1716.0	-0.004262677233764294
1717.0	-0.008403140832335874
1718.0	0.0008106155889943647
1719.0	-0.0051054689275810096
1720.0	-0.009641314724735343
1721.0	-0.0039940800008083435
1722.0	-0.0006237971844645245
1723.0	0.0009193425366085509
1724.0	-0.002238537578356856
1725.0	-0.0048431856869371424
1726.0	-0.002594899304450759
1727.0	-0.003321260980032724
1728.0	-0.002626848105549958
1729.0	0.0012408510251396387
1730.0	0.0012485540957604974
1731.0	0.003423724447273077
1732.0	-0.0006506947917140568
1733.0	0.0008755234299624599
1734.0	0.0028403115576366117
1735.0	0.0023456733999080914
1736.0	-0.0024583907906634084
1737.0	0.0008159193425364555
1738.0	0.003249584539305653
1739.0	0.00045412758305410193
1740.0	-0.003711339425073092
1741.0	-0.001517984775701831
1742.0	-0.001915513731670633
1743.0	0.0021933799053405327
1744.0	-0.0016121895409982262
1745.0	-0.002867411212640319
1746.0	-0.0014866673738338407
1747.0	0.0014234516828051955
1748.0	-0.0003130224828639777
1749.0	-0.00026743545837062114
1750.0	-0.0024455102463468176
1751.0	-0.0021418072161356275
1752.0	0.0015278851156469888
1753.0	0.004266894980628577
1754.0	-0.004099144832881345
1755.0	0.0011037111121213732
1756.0	0.0010808544599515153
1757.0	0.0007130012678495033
1758.0	0.0039611714728774025
1759.0	-0.003698080041217718
1760.0	-0.0008483227510822535
1761.0	-0.0020405307794498753
1762.0	-0.0019801690129463037
1763.0	0.0020524515969347237
1764.0	-0.0031634111722306504
1765.0	0.0018122673293831466
1766.0	0.0011679875538582601
1767.0	-0.0020162850489715356
1768.0	0.0010204926934479434
1769.0	-0.003877397422880874
1770.0	0.0032036186752738066
1771.0	-0.0025200153556293966
1772.0	-0.0028223293075318114
1773.0	-0.00464202189187412
1774.0	-0.0014420905881104762
1775.0	-0.001958322599546438
1776.0	0.0006276360917903181
1777.0	0.003980997408737578
1778.0	-0.00010415561718009698
1779.0	0.0014069090229474205
1780.0	0.0012578988043822628
1781.0	-0.002228814030196013
1782.0	-0.00199986866896012
1783.0	-0.0041196021679724346
1784.0	-0.008046652826395611
1785.0	-0.002400302061392245
1786.0	0.0008812060230433345
1787.0	-0.00490152697590073
1788.0	-0.007008885049981597
1789.0	-0.0058352401590117346
1790.0	-0.0029242371434490652
1791.0	-0.003340708076353822
1792.0	-0.0009734660787078553
1793.0	-0.001958953998777646
1794.0	-0.0008341794083032465
1795.0	0.002849151146873528
1796.0	-0.0027279982623893504
1797.0	-0.0017758482217272403
1798.0	0.0007809398251275747
1799.0	-0.001537558151869288
1800.0	-0.0025022098973092053
1801.0	0.0025055436852498554
1802.0	-0.0015272032044775308
1803.0	-0.005244881877831978
1804.0	-0.0020621246331570227
1805.0	-0.002677107484353903
1806.0	0.002046642724007784
1807.0	0.0021538543134668347
1808.0	-0.001295353406777727
1809.0	0.0009634142029467722
1810.0	0.0029682330418794715
1811.0	-3.975289559685079e-05
1812.0	-0.004567516782591542
1813.0	-0.0013853909371480887
1814.0	0.0025260010203409454
1815.0	0.0018649260252658598
1816.0	-3.57119405171765e-05
1817.0	-0.00013206346319962126
1818.0	-0.0007123193566800453
1819.0	-0.0005591419031888539
1820.0	0.0007167896632367531
1821.0	0.0021517075560807853
1822.0	0.003374980426623679
1823.0	-0.0045481959661168025
1824.0	-0.00019924434140012516
1825.0	0.004164860864865258
1826.0	0.0011390694690690379
1827.0	0.0027988917680692887
1828.0	-0.004362564592141563
1829.0	-0.0025072610911588715
1830.0	0.0027408030387981253
1831.0	-0.002076015416243605
1832.0	0.0018079738146110477
1833.0	0.000943335707394466
1834.0	0.004448864239062925
1835.0	0.0028480146282571766
1836.0	0.001774888494895792
1837.0	0.0012371889095987483
1838.0	-0.0031007763684946696
1839.0	-6.652422300031776e-05
1840.0	-0.0032922166153971427
1841.0	0.0013931445197071972
1842.0	0.001504523344092282
1843.0	0.005700802634702617
1844.0	0.0030288473680754676
1845.0	0.0003633323736064666
1846.0	0.0027363832441796676
1847.0	0.0005185303046373481
1848.0	-0.0013910735302289634
1849.0	0.0010165780182146283
1850.0	0.004676167962297912
1851.0	-0.0010061725588843275
1852.0	0.00409515438973992
1853.0	0.001729175190556076
1854.0	0.0034676698337652336
1855.0	-0.0013472544235831666
1856.0	-0.0027931586630501643
1857.0	0.0007496224232595844
1858.0	0.0011962742394162741
1859.0	0.0018916973526693266
1860.0	0.0031251988907576183
1861.0	0.002755198941269557
1862.0	0.0014118339369510217
1863.0	0.0032483217408432363
1864.0	-0.0016917458441304716
1865.0	-0.0005457562394874144
1866.0	0.0012845438519393704
1867.0	0.003206270552044999
1868.0	0.00012289554636217104
1869.0	6.455425739858329e-05
1870.0	0.0015456905739671804
1871.0	0.0014257247200376042
1872.0	-0.0018959403555031758
1873.0	6.581705586099989e-05
1874.0	0.00034236991913023354
1875.0	0.0006613528107367823
1876.0	-4.0131735135634576e-05
1877.0	-0.0024833942002193154
1878.0	0.0033365913533663326
1879.0	0.0031340384799945346
1880.0	-0.004143342779065926
1881.0	0.0017985028261429234
1882.0	0.0009908169295811534
1883.0	0.00030082384971684526
1884.0	-0.0037295237229320673
1885.0	-0.0002180600384903088
1886.0	-0.0006888313052789791
1887.0	-8.205664408780662e-05
1888.0	0.00019449621918142703
1889.0	0.005631222439423345
1890.0	0.0019430932500896232
1891.0	0.005383335101251203
1892.0	0.004171553696716124
1893.0	0.001851414081718061
1894.0	-0.001371373874215147
1895.0	0.006772287130063095
1896.0	0.0005445439529632475
1897.0	0.005548635419981417
1898.0	0.002594949816389009
1899.0	0.00228518535355816
1900.0	0.0007508852217220011
1901.0	-0.0017351861112374848
1902.0	0.007339409919534505
1903.0	-0.0002616265854436812
1904.0	-0.001376803907603597
1905.0	0.0047880519060678455
1906.0	0.0006848408621375544
1907.0	0.0009607623261755798
1908.0	0.0002839023503202865
1909.0	0.003392912164789936
1910.0	0.003998424027518692
1911.0	0.0013259636415066934
1912.0	0.006400771822420193
1913.0	0.0011687452329358276
1914.0	0.007857788688356515
1915.0	0.007314027670439813
1916.0	0.0038846458860551333
1917.0	0.003636127148651489
1918.0	0.005479939183626072
1919.0	0.001299444873795945
1920.0	8.614811110602462e-05
1921.0	-0.002156329398453418
1922.0	0.0029586357735649875
1923.0	0.00041043475625466425
1924.0	0.002799018047915648
1925.0	0.0027807074702106073
1926.0	0.0011373015512214783
1927.0	0.0021538543134668347
1928.0	0.001083632616568773
1929.0	0.0038730281402009595
1930.0	0.0035665469533722174
1931.0	0.0033455572224493136
1932.0	0.0037124001757813337
1933.0	0.00700565228591774
1934.0	0.0016529021634262315
1935.0	0.003340000909214798
1936.0	0.0027658064483540327
1937.0	0.003986680001818453
1938.0	0.004778328357907297
1939.0	0.0071030140473698836
1940.0	-0.0006237971844645245
1941.0	0.007111474797068309
1942.0	0.0007796770266651581
1943.0	0.006944280280644176
1944.0	0.008082945654205158
1945.0	0.0054608709268434644
1946.0	0.005548635419981417
1947.0	0.000790789653134483
1948.0	0.00178511716244119
1949.0	0.006847676198269307
1950.0	0.00528635217933755
1951.0	0.0016031479040071353
1952.0	0.004627423941648514
1953.0	0.004643840321659929
1954.0	0.0035769019007642687
1955.0	0.0009826087395754456
1956.0	0.007702338197632916
1957.0	0.002208407207043173
1958.0	0.004847024594262642
1959.0	0.00411561172483101
1960.0	0.007694635127012056
1961.0	0.004631338616882123
1962.0	0.006041758219555097
1963.0	0.005132795886307575
1964.0	0.005797659276769911
1965.0	0.0036440827789647723
1966.0	0.006955771746652285
1967.0	0.008607007016108044
1968.0	0.0082231162835334
1969.0	0.000540376718037214
1970.0	0.009688846458860574
1971.0	0.00573136235749304
1972.0	0.005375505750783985
1973.0	0.003901441105605333
1974.0	0.00405095644355534
1975.0	0.001463608673910102
1976.0	0.0071573143812537965
1977.0	0.007570123198617957
1978.0	0.011291337707667229
1979.0	0.006355437357619261
1980.0	0.005743358942885997
1981.0	0.004214488844438288
1982.0	-2.586211251026828e-05
1983.0	0.010631146671515776
1984.0	0.009045576922105385
1985.0	0.012832204391507895
1986.0	0.006665328100296469
1987.0	0.0068302495794878995
1988.0	0.008397256191500824
1989.0	0.008688078677395425
1990.0	0.007287130063190281
1991.0	0.010843170533355404
1992.0	0.007982932015981823
1993.0	0.005418946017891293
1994.0	0.007360498653856803
1995.0	0.012975153177453395
1996.0	0.012623590085516733
1997.0	0.010782935046698191
1998.0	0.010223894167386425
1999.0	0.007249246109317783
2000.0	0.011273405969500678
2001.0	0.01078407156531425
2002.0	0.014280634227899727
2003.0	0.009470129765169784
2004.0	0.010548054532688705
2005.0	0.012024139655407343
2006.0	0.013871234966384326
2007.0	0.015326862754011874
2008.0	0.01182840589373277
2009.0	0.0160046066887908
2010.0	0.01762364059745523
2011.0	0.01619326877907572
2012.0	0.01675660317315988
2013.0	0.010308249104675912
2014.0	0.017987579114323634
2015.0	0.011582665312946678
2016.0	0.015905603289337458
2017.0	0.015701282498118394
2018.0	0.015882494077475173
2019.0	0.016796381324726002
2020.0	0.011283255797507587
2021.0	0.018480575634050953
2022.0	0.01651705030483951
2023.0	0.016299470129765074
2024.0	0.013639637728376947
2025.0	0.015602531658357474
2026.0	0.01732233688432251
2027.0	0.0170351765139691
2028.0	0.015976951402463992
2029.0	0.010673829259545516
2030.0	0.014661873083703179
2031.0	0.015778818323710656
2032.0	0.018555459582872316
2033.0	0.01299005419930997
2034.0	0.015577023129416424
2035.0	0.020401165815540523
2036.0	0.020374394488137056
2037.0	0.01993683482090971
2038.0	0.022749086996711458
2039.0	0.023011496517201684
2040.0	0.021236128158890314
2041.0	0.020267182898678005
2042.0	0.021236885837967588
2043.0	0.026083380056876403
2044.0	0.023192455536866042
2045.0	0.023446404307658136
2046.0	0.025955837412172326
2047.0	0.025614881827319847
2048.0	0.026385441449086392
2049.0	0.02732976213928158
2050.0	0.025153834108691434
2051.0	0.025955458572633545
2052.0	0.026206629186808085
2053.0	0.024083738691639732
2054.0	0.02999199385774818
2055.0	0.028953215842564176
2056.0	0.024948376798856312
2057.0	0.02649025372146697
2058.0	0.02669785778868814
2059.0	0.02837422274754617
2060.0	0.023831684118541262
2061.0	0.025899137761209647
2062.0	0.027712011233855024
2063.0	0.03208230415258642
2064.0	0.023919448611679214
2065.0	0.021510786824465923
2066.0	0.025731564405247022
2067.0	0.032037348527324275
2068.0	0.02289936001373903
2069.0	0.02739113414455485
2070.0	0.032082556712278845
2071.0	0.025472059321220413
2072.0	0.031062089274799882
2073.0	0.030489789011632743
2074.0	0.027296550539719966
2075.0	0.02812065281629315
2076.0	0.030366034762315915
2077.0	0.030697898198239055
2078.0	0.02757992251468613
2079.0	0.03145646123461264
2080.0	0.03213433144923793
2081.0	0.025688250417986076
2082.0	0.027383936193319133
2083.0	0.03370626297525416
2084.0	0.02710915124789746
2085.0	0.02787289175796678
2086.0	0.03002773105423463
2087.0	0.033103529269142666
2088.0	0.029453284033681144
2089.0	0.033873204931985576
2090.0	0.03273668631581064
2091.0	0.03436834820909924
2092.0	0.03487978158637796
2093.0	0.029634243053345503
2094.0	0.03264096619235941
2095.0	0.030504690033489316
2096.0	0.029273208972940716
2097.0	0.027313724598808948
2098.0	0.03116652270764197
2099.0	0.037349562819172094
2100.0	0.0313423042536103
2101.0	0.03608739575598671
2102.0	0.032324382617831625
2103.0	0.034761331090603226
2104.0	0.029998307850060264
2105.0	0.03490352219747116
2106.0	0.03681754582695622
2107.0	0.03357846777085766
2108.0	0.0299586559783405
2109.0	0.038889166704550636
2110.0	0.034926252569794654
2111.0	0.03979459320210334
2112.0	0.03773837846575034
2113.0	0.03668886666363579
2114.0	0.036461057821015955
2115.0	0.03648795542826549
2116.0	0.03469705464886604
2117.0	0.0377200678880453
2118.0	0.037459552565248695
2119.0	0.04133116637117161
2120.0	0.040427634071312536
2121.0	0.03837255585357589
2122.0	0.037394771004126665
2123.0	0.04000093447086209
2124.0	0.03605607835411902
2125.0	0.03713905431548731
2126.0	0.03788019073307978
2127.0	0.04327297156682984
2128.0	0.0382318801048628
2129.0	0.04371899198375532
2130.0	0.03559225247887334
2131.0	0.0474971587034594
2132.0	0.04201307754087657
2133.0	0.04432260964879045
2134.0	0.041018371192031076
2135.0	0.04281205012804778
2136.0	0.04571383471483475
2137.0	0.038621327150671965
2138.0	0.0425788112520392
2139.0	0.04254446313386153
2140.0	0.04594353775514821
2141.0	0.04555257535118421
2142.0	0.04665259909179513
2143.0	0.04118228243245281
2144.0	0.04180484207442419
2145.0	0.03687462431745739
2146.0	0.043832896405065234
2147.0	0.0445803468149695
2148.0	0.046729882357695256
2149.0	0.04499201911371731
2150.0	0.04519899178170757
2151.0	0.0457696504068735
2152.0	0.039678036904022225
2153.0	0.04551734327408261
2154.0	0.04535936718643447
2155.0	0.04988346895788798
2156.0	0.04287190677516621
2157.0	0.04649310764599215
2158.0	0.045402807453541486
2159.0	0.04164535062862092
2160.0	0.04387431619463256
2161.0	0.04448045945659252
2162.0	0.0414691902431138
2163.0	0.046152152061139665
2164.0	0.04579781081258545
2165.0	0.042558732756486896
2166.0	0.04410187247755997
2167.0	0.04614924762467605
2168.0	0.046645779980098195
2169.0	0.045475797204669224
2170.0	0.04664401206225093
2171.0	0.04563920332570581
2172.0	0.048159496496996905
2173.0	0.04548627843190734
2174.0	0.05236890889161655
2175.0	0.04781715183383595
2176.0	0.05074810706510485
2177.0	0.04761699827754291
2178.0	0.04219908775439059
2179.0	0.04954074545518823
2180.0	0.05111899097351655
2181.0	0.05214703520176972
2182.0	0.049722083314391374
2183.0	0.04902400832436742
2184.0	0.04637314179206257
2185.0	0.04747809044667709
2186.0	0.04840637359639935
2187.0	0.051741676895333995
2188.0	0.04869656468306274
2189.0	0.04979229490890156
2190.0	0.0562489834472376
2191.0	0.05563627363327312
2192.0	0.05483881640425704
2193.0	0.05696625297389022
2194.0	0.05515199042293636
2195.0	0.0553392634349128
2196.0	0.05652402095235198
2197.0	0.06323289034363255
2198.0	0.06287728629661622
2199.0	0.05987750854914561
2200.0	0.059513570032276905
2201.0	0.05994178499088249
2202.0	0.05627815409171953
2203.0	0.0565170755608087
2204.0	0.05684628711996064
2205.0	0.05675776494774541
2206.0	0.05906439261919538
2207.0	0.06865610462032697
2208.0	0.05728031095149316
2209.0	0.06205937173250876
2210.0	0.06542056239992323
2211.0	0.061112778005081456
2212.0	0.06574257600783946
2213.0	0.06552461699322625
2214.0	0.06425815641526876
2215.0	0.06778464740141316
2216.0	0.06255337849100637
2217.0	0.05814469649901732
2218.0	0.06716789663236901
2219.0	0.06818697499153921
2220.0	0.06459380824657886
2221.0	0.0604292251973753
2222.0	0.060421774686447154
2223.0	0.06068304768832103
2224.0	0.05838664868441646
2225.0	0.0592389113667013
2226.0	0.061956074818283316
2227.0	0.06461666489874872
2228.0	0.06174556631459823
2229.0	0.06063884974213645
2230.0	0.05829585347496882
2231.0	0.062432402398306795
2232.0	0.0629382794623507
2233.0	0.062144610628721876
2234.0	0.06183787688220101
2235.0	0.05895591823127392
2236.0	0.06256524879655297
2237.0	0.056964611335889016
2238.0	0.05938590110772677
2239.0	0.06156473357478024
2240.0	0.060025382249094414
2241.0	0.06129436842397702
2242.0	0.05642148171720382
2243.0	0.05763035868527528
2244.0	0.058654614518141204
2245.0	0.06320914973253906
2246.0	0.059490208260722204
2247.0	0.060926894071413794
2248.0	0.06375442610861061
2249.0	0.0657174463184372
2250.0	0.06649217317512977
2251.0	0.06298437160622891
2252.0	0.06192235809933656
2253.0	0.06209662428715005
2254.0	0.06418049430983014
2255.0	0.06284420097690067
2256.0	0.06694425502467492
2257.0	0.06621814590878537
2258.0	0.06576530638016297
2259.0	0.06861809438660811
2260.0	0.06571226884474146
2261.0	0.06767970884918652
2262.0	0.06797836068554804
2263.0	0.06731589661216418
2264.0	0.06957655841958231
2265.0	0.06794868492168125
2266.0	0.06371212236011965
2267.0	0.0698348007051465
2268.0	0.07226720310345328
2269.0	0.07359099473160464
2270.0	0.07775040030711249
2271.0	0.07254590272410885
2272.0	0.07288231223449652
2273.0	0.07450134614316095
2274.0	0.07185691988301425
2275.0	0.07503184777722198
2276.0	0.06754383173463037
2277.0	0.07108484490309286
2278.0	0.07485316179479004
2279.0	0.07163757179009254
2280.0	0.07227553757330535
2281.0	0.0722987730650137
2282.0	0.07555704565774123
2283.0	0.06952794067877927
2284.0	0.07236380718582815
2285.0	0.07639049264293617
2286.0	0.07403234279421925
2287.0	0.0816328741798123
2288.0	0.08049559788455979
2289.0	0.07554126067696101
2290.0	0.0778800897092026
2291.0	0.0848833174220726
2292.0	0.08424509907916737
2293.0	0.08014984366555036
2294.0	0.08375248139897855
2295.0	0.08287180575128933
2296.0	0.08381246432594333
2297.0	0.08460297616341611
2298.0	0.08630131381552007
2299.0	0.08639918069635737
2300.0	0.08540156991104825
2301.0	0.0831004985528328
2302.0	0.08462621165512446
2303.0	0.08412955301985625
2304.0	0.08157011309623025
2305.0	0.0827431265879689
2306.0	0.0820218161062366
2307.0	0.08751208498128515
2308.0	0.08227652255610597
2309.0	0.08773863102544287
2310.0	0.0880063442994752
2311.0	0.0911678865299812
2312.0	0.0899706273077642
2313.0	0.0927168351239815
2314.0	0.09328332651422142
2315.0	0.09412813868557811
2316.0	0.0928018214605022
2317.0	0.09953885125749472
2318.0	0.09434508746142134
2319.0	0.09546190642158275
2320.0	0.09401878033873301
2321.0	0.09358816606304896
2322.0	0.09368603294388624
2323.0	0.08957878094487627
2324.0	0.08933771271840077
2325.0	0.09158258954503898
2326.0	0.09623259232319537
2327.0	0.09453160279432021
2328.0	0.09691412465336183
2329.0	0.0901096614184761
2330.0	0.10004826415723346
2331.0	0.09460636046329551
2332.0	0.09719181403524713
2333.0	0.09744652048511648
2334.0	0.09458754476620533
2335.0	0.09677837381865205
2336.0	0.09638248650068444
2337.0	0.09621365034625912
2338.0	0.09948013112899234
2339.0	0.09365345274355583
2340.0	0.0985264657301751
2341.0	0.09355558586271855
2342.0	0.09661787213407878
2343.0	0.09509127507286348
2344.0	0.09808486510786808
2345.0	0.10102011385390938
2346.0	0.10044276239689227
2347.0	0.10144353017835743
2348.0	0.09753958873179654
2349.0	0.10251198395740822
2350.0	0.09813525076651868
2351.0	0.1039994342662886
2352.0	0.10275305218388343
2353.0	0.10404438989155076
2354.0	0.1054018982386486
2355.0	0.10429000419249078
2356.0	0.10984025599450413
2357.0	0.10657781616685087
2358.0	0.10676736221605972
2359.0	0.10986551196375247
2360.0	0.10283374500563203
2361.0	0.10475521914604494
2362.0	0.1016619943123555
2363.0	0.10483515428871597
2364.0	0.104034034944159
2365.0	0.10749902764518376
2366.0	0.10867140973769152
2367.0	0.11173104413228055
2368.0	0.10002098771044514
2369.0	0.10651290832588277
2370.0	0.10389752643037165
2371.0	0.10999292832861048
2372.0	0.1055600006061431
2373.0	0.1039566253984128
2374.0	0.10317470059048452
2375.0	0.09962181711647543
2376.0	0.10090658827213796
2377.0	0.10209046183065351
2378.0	0.102528526617266
2379.0	0.09716630550630637
2380.0	0.09609987220479556
2381.0	0.10009650305849771
2382.0	0.09808650674586927
2383.0	0.09476660958817605
2384.0	0.09347805003712628
2385.0	0.09927139054315483
2386.0	0.09813853404252078
2387.0	0.09849969440277193
2388.0	0.09963078298555841
2389.0	0.09887537694534086
2390.0	0.0966988175155198
2391.0	0.09921696392942456
2392.0	0.09936003899521641
2393.0	0.10163635950356868
2394.0	0.09599973228672586
2395.0	0.10036169073560519
2396.0	0.09901428477620669
2397.0	0.09852798108833023
2398.0	0.09809547261495255
2399.0	0.09584301899753984
2400.0	0.09548754123036957
2401.0	0.0897219822905142
2402.0	0.06222454577139291
2403.0	0.033764351704525325
2404.0	0.03722088365585196
2405.0	0.054700539972622426
2406.0	0.05886777489859718
2407.0	0.07249614846468946
2408.0	0.07033752077303466
2409.0	0.07389015168735132
2410.0	0.07592338349168809
2411.0	0.07778664262298378
2412.0	0.09048382860289018
2413.0	0.10041548595010426
2414.0	0.09887398786703239
2415.0	0.1102010375152165
2416.0	0.10327963914271115
2417.0	0.10529380269026561
2418.0	0.0990663120728582
2419.0	0.0984810049855281
2420.0	0.09522121703464603
2421.0	0.09540849004662247
2422.0	0.09371747662560029
2423.0	0.0909069923676461
2424.0	0.09467076318487876
2425.0	0.09812944189359145
2426.0	0.09723361266435322
2427.0	0.09327044596990482
2428.0	0.09578770842488624
2429.0	0.09136791380642816
2430.0	0.0923664085506609
2431.0	0.09252299556000056
2432.0	0.09139897864860343
2433.0	0.0959600804150061
2434.0	0.09695264000646554
2435.0	0.09405754825152914
2436.0	0.08997744641946114
2437.0	0.0874216686113763
2438.0	0.09328660979022381
2439.0	0.09489503619180377
2440.0	0.08940552499583278
2441.0	0.09154887282609223
2442.0	0.0936845175857314
2443.0	0.09679428507927831
2444.0	0.0948293706717581
2445.0	0.09543324089648565
2446.0	0.09990190581543949
2447.0	0.0940560328933743
2448.0	0.09965161916018829
2449.0	0.09835434629974796
2450.0	0.09868456809766989
2451.0	0.09900809706374096
2452.0	0.092356558722654
2453.0	0.09586789612724969
2454.0	0.09280283169927189
2455.0	0.09906277623716367
2456.0	0.09314656544074193
2457.0	0.09506046279038034
2458.0	0.09805089582922918
2459.0	0.09592611113636691
2460.0	0.09393114212544112
2461.0	0.09841496062594395
2462.0	0.09416917963560666
2463.0	0.09685982431947791
2464.0	0.0939190192602021
2465.0	0.09142196158061935
2466.0	0.09515024776105828
2467.0	0.09427538098629601
2468.0	0.10157713425568116
2469.0	0.10436021578700126
2470.0	0.10041573850979668
2471.0	0.10013514469144777
2472.0	0.09693028847368053
2473.0	0.10084420602809469
2474.0	0.10082248589454118
2475.0	0.0990745202628639
2476.0	0.09773595389270232
2477.0	0.0963559677329737
2478.0	0.09258664060250624
2479.0	0.0884055148934449
2480.0	0.0930834255176211
2481.0	0.09152702641269266
2482.0	0.09587686199633266
2483.0	0.09067855212579476
2484.0	0.09055997535017396
2485.0	0.0876479620958413
2486.0	0.09306700913760968
2487.0	0.09837808691084116
2488.0	0.09625216569936282
2489.0	0.10772696276764997
2490.0	0.11294939208882014
2491.0	0.1052065433165128
2492.0	0.10504326347532228
2493.0	0.09921658508988576
2494.0	0.09884443838301166
2495.0	0.10221787819551152
2496.0	0.10061816510332212
2497.0	0.0985942780076071
2498.0	0.10410020558358951
2499.0	0.0981918241376347
2500.0	0.09718486864370383
2501.0	0.09813310400913233
2502.0	0.10210473145327888
2503.0	0.10458234203654022
2504.0	0.10307392927318361
2505.0	0.10391823632515546
2506.0	0.10404577896985953
2507.0	0.09930927449702733
2508.0	0.08648441959257049
2509.0	0.09214478742050679
2510.0	0.09675324412924978
2511.0	0.11161019431942734
2512.0	0.10973506488258478
2513.0	0.10045400130320796
2514.0	0.10016873513054787
2515.0	0.10028011395493326
2516.0	0.10015964298161854
2517.0	0.10103286811837961
2518.0	0.1032942876048753
2519.0	0.10779730064200652
2520.0	0.10535618493430918
2521.0	0.09915268748768767
2522.0	0.09844072171457713
2523.0	0.09596778348562666
2524.0	0.09227536078152054
2525.0	0.10410172094174436
2526.0	0.10473223621402902
2527.0	0.10158685780384172
2528.0	0.09644297454703409
2529.0	0.09320061321493313
2530.0	0.09942191611987482
2531.0	0.0955506811534904
2532.0	0.09415036393851677
2533.0	0.09574022720269924
2534.0	0.09346580089204061
2535.0	0.09426590999782788
2536.0	0.08968952837003015
2537.0	0.0909405828067462
2538.0	0.0903886135988241
2539.0	0.08944959666217099
2540.0	0.09321374631894243
2541.0	0.09040515625868158
2542.0	0.08715281881872763
2543.0	0.08975847716607821
2544.0	0.09382140493905723
2545.0	0.092144408580968
2546.0	0.09113139165441747
2547.0	0.09209793759755101
2548.0	0.0931602036641358
2549.0	0.09289615250564466
2550.0	0.09826014153445156
2551.0	0.0969468311335383
2552.0	0.09807451016047632
2553.0	0.09509316927055711
2554.0	0.09544271188495378
2555.0	0.09149646668990194
2556.0	0.0984101619917867
2557.0	0.10108956776934229
2558.0	0.1029909634142029
2559.0	0.10625656023801221
2560.0	0.10429732842357287
2561.0	0.10314818182277376
2562.0	0.1060609527561837
2563.0	0.10158319568830082
2564.0	0.10274055047910563
2565.0	0.10881019128871097
2566.0	0.10525137266192859
2567.0	0.10583415415233385
2568.0	0.10777646446737664
2569.0	0.10838273400918295
2570.0	0.10336778247538789
2571.0	0.10747490819455179
2572.0	0.10699554989821833
2573.0	0.10708988094336079
2574.0	0.10403984381708595
2575.0	0.10834245073823198
2576.0	0.10945421850454344
2577.0	0.10923651204962294
2578.0	0.1107177746460376
2579.0	0.1123721669116494
2580.0	0.10807221186727484
2581.0	0.11029082248589443
2582.0	0.10934372363908199
2583.0	0.10569613028039167
2584.0	0.11145007147439286
2585.0	0.10747162491854939
2586.0	0.1095350376061381
2587.0	0.11054502381637894
2588.0	0.11074770296959681
2589.0	0.10562705520449753
2590.0	0.10327016815424303
2591.0	0.10737666247417572
2592.0	0.10858503432286204
2593.0	0.10848060089002025
2594.0	0.10405828067463734
2595.0	0.10825961115909734
2596.0	0.10669184686800715
2597.0	0.10910972708399613
2598.0	0.10858920155778808
2599.0	0.10937706151848967
2600.0	0.1069215499083206
2601.0	0.10694705843726166
2602.0	0.10851583296712156
2603.0	0.10668818475246625
2604.0	0.10781700029802033
2605.0	0.10985174746051224
2606.0	0.10426247518601005
2607.0	0.1099477201436559
2608.0	0.10967129356023274
2609.0	0.10540202451849495
2610.0	0.1073958570108044
2611.0	0.10733966247922685
2612.0	0.11069251867678927
2613.0	0.10517939314957085
2614.0	0.10925646426532888
2615.0	0.11046193167755188
2616.0	0.10867810256954208
2617.0	0.11171323867396037
2618.0	0.10363385411141901
2619.0	0.10654649876498287
2620.0	0.10832590807837421
2621.0	0.10452299050880665
2622.0	0.10486748192935395
2623.0	0.1018401751754026
2624.0	0.1033977107989471
2625.0	0.10241032868118369
2626.0	0.10757037575831031
2627.0	0.10860928005334038
2628.0	0.10401686088507002
2629.0	0.10703987412424927
2630.0	0.1091233653073903
2631.0	0.10684439292226712
2632.0	0.1028918337349032
2633.0	0.10576217463997611
2634.0	0.10711879902815032
2635.0	0.10927868951826754
2636.0	0.10466884373121577
2637.0	0.10585360124865495
2638.0	0.10576874119198061
2639.0	0.1027775504740545
2640.0	0.10355783364398159
2641.0	0.09999952013658406
2642.0	0.10694516423956803
2643.0	0.10117922646017387
2644.0	0.09848403570183809
2645.0	0.10073560536032686
2646.0	0.10606171043526126
2647.0	0.10240691912533523
2648.0	0.10144087830158653
2649.0	0.1017832229647475
2650.0	0.10194965980209406
2651.0	0.10331752309658365
2652.0	0.09931824036611031
2653.0	0.10222482358705481
2654.0	0.10195736287271491
2655.0	0.10143064963404083
2656.0	0.09964985124234102
2657.0	0.09478946624034591
2658.0	0.10264596687427074
2659.0	0.09812173882297058
2660.0	0.09971008672899823
2661.0	0.0984441312704256
2662.0	0.09833161592742445
2663.0	0.10304867330393527
2664.0	0.09749450682668832
2665.0	0.10060957807377763
2666.0	0.0992412096599029
2667.0	0.10055249958327646
2668.0	0.09421325130194516
2669.0	0.09762545902724086
2670.0	0.10071944154000788
2671.0	0.10101531521975214
2672.0	0.09307269173069056
2673.0	0.09713069458966628
2674.0	0.09531479040071121
2675.0	0.09824549307228742
2676.0	0.09852520293171269
2677.0	0.09627931586630478
2678.0	0.0963121486263276
2679.0	0.09639069469069016
2680.0	0.0987550322518725
2681.0	0.09797992655564143
2682.0	0.09712892667181872
2683.0	0.09320995792355519
2684.0	0.09366860632510483
2685.0	0.103959277275184
2686.0	0.09437072227020846
2687.0	0.10039098765993319
2688.0	0.09766637369742334
2689.0	0.09324013880680682
2690.0	0.09302748354573599
2691.0	0.09203100927904294
2692.0	0.09824347259474772
2693.0	0.09860816879069369
2694.0	0.09637996090375961
2695.0	0.09647972198229052
2696.0	0.09567860263773326
2697.0	0.09526251054436699
2698.0	0.1017025301429992
2699.0	0.09788496411126747
2700.0	0.09396788956069756
2701.0	0.09630255135801341
2702.0	0.09418104994115355
2703.0	0.1021965369014965
2704.0	0.09224353826026771
2705.0	0.09790731564405249
2706.0	0.09566786885080272
2707.0	0.09888308001596172
2708.0	0.09695908027862368
2709.0	0.10011544503543396
2710.0	0.09941547584771639
2711.0	0.09947937344991478
2712.0	0.10472844781864177
2713.0	0.101993984028125
2714.0	0.10320715451096855
2715.0	0.09441984513039635
2716.0	0.09356088961626063
2717.0	0.09578884494350229
2718.0	0.0935254049794669
2719.0	0.08883309845281928
2720.0	0.09296649038000121
2721.0	0.10002414470660118
2722.0	0.1049671167280385
2723.0	0.10338710329186292
2724.0	0.09987298773064997
2725.0	0.10791208902224035
2726.0	0.10486609285104517
2727.0	0.08567698625570143
2728.0	0.08811229309047183
2729.0	0.1014600728382152
2730.0	0.10218883383087593
2731.0	0.09043975693655197
2732.0	0.09658567077328715
2733.0	0.10128403873255445
2734.0	0.10311598046198214
2735.0	0.0989342233536896
2736.0	0.09961247240785337
2737.0	0.10187363933465664
2738.0	0.09982310719138451
2739.0	0.09824170467690016
2740.0	0.09440671202638733
2741.0	0.09710910073595884
2742.0	0.10674374788481258
2743.0	0.11179266869724654
2744.0	0.11307264121875182
2745.0	0.10235438670929857
2746.0	0.10707801063781419
2747.0	0.10570484358978222
2748.0	0.10392657079500724
2749.0	0.10792080233163091
2750.0	0.1050662464073382
2751.0	0.10642640663120724
2752.0	0.10387075510296848
2753.0	0.09308809787193198
2754.0	0.0989803154975678
2755.0	0.10442891202335661
2756.0	0.10878455647992386
2757.0	0.10572643744348965
2758.0	0.10565130093497588
2759.0	0.11062293848150999
2760.0	0.10569057396715714
2761.0	0.10952329358043757
2762.0	0.10780778186924463
2763.0	0.11500750102286676
2764.0	0.11138099639849873
2765.0	0.10819066236304928
2766.0	0.10553449207720234
2767.0	0.10869742338601712
2768.0	0.11084834800705136
2769.0	0.10745104130361194
2770.0	0.10441438984103882
2771.0	0.10864703772736681
2772.0	0.10588618144898536
2773.0	0.11213488708056144
2774.0	0.11198625570153506
2775.0	0.10980805463371252
2776.0	0.11106049814873735
2777.0	0.10732728705429512
2778.0	0.11183421476665993
2779.0	0.11003093856232904
2780.0	0.11033123203669176
2781.0	0.11283561394735629
2782.0	0.11256827951286276
2783.0	0.1129435832158929
2784.0	0.11053694190621931
2785.0	0.11408439534684023
2786.0	0.11200835467462736
2787.0	0.11356248074232339
2788.0	0.11131937183353274
2789.0	0.11587630636500938
2790.0	0.11412114278209638
2791.0	0.11751036757537645
2792.0	0.11836288281735372
2793.0	0.11782644603051909
2794.0	0.12166219636010948
2795.0	0.11730655190354224
2796.0	0.11591810499411519
2797.0	0.11540629277729769
2798.0	0.12203207002975149
2799.0	0.11870623771928496
2800.0	0.11449935092159015
2801.0	0.11247483242664393
2802.0	0.11507619725922211
2803.0	0.11629530289483897
2804.0	0.11522823819409694
2805.0	0.10761533138357246
2806.0	0.09706629186808303
2807.0	0.09702638743667055
2808.0	0.10300270743990343
2809.0	0.10874237901127927
2810.0	0.11069226611709655
2811.0	0.1077512084981283
2812.0	0.11156296565693279
2813.0	0.1069041232895395
2814.0	0.10257310340298907
2815.0	0.10589615755683833
2816.0	0.11293726922358083
2817.0	0.1085423517348323
2818.0	0.11105418415642526
2819.0	0.10225614098892251
2820.0	0.10270190884615556
2821.0	0.1037995332696883
2822.0	0.10209702838265801
2823.0	0.09855399473665584
2824.0	0.10437738984608995
2825.0	0.10800540982861283
2826.0	0.10708836558520596
2827.0	0.11568461355841447
2828.0	0.11365378107115617
2829.0	0.1167813540230233
2830.0	0.1121718870755103
2831.0	0.11223426931955356
2832.0	0.11403893460219323
2833.0	0.11803177706050814
2834.0	0.11528859996060052
2835.0	0.10436728745839062
2836.0	0.10421587792274699
2837.0	0.1086490582049065
2838.0	0.11049388047865108
2839.0	0.10877900016668934
2840.0	0.10432814070605571
2841.0	0.10933576800876871
2842.0	0.10933021169553418
2843.0	0.11162332742343636
2844.0	0.10356919883014333
2845.0	0.10895162471650163
2846.0	0.10897864860359724
2847.0	0.11026001020341158
2848.0	0.10742818465144238
2849.0	0.10902764518393905
2850.0	0.10898167931990721
2851.0	0.10783581599511022
2852.0	0.11841945618847004
2853.0	0.11359291418526746
2854.0	0.11486265803922734
2855.0	0.11057937193455662
2856.0	0.10899354962545381
2857.0	0.11082081900057061
2858.0	0.11158544346956387
2859.0	0.10953150177044328
2860.0	0.10920165881206012
2861.0	0.11052949139529117
2862.0	0.11117288721189242
2863.0	0.11103738893687506
2864.0	0.10849903774757165
2865.0	0.10758628701893687
2866.0	0.10878695579700264
2867.0	0.10541881973804486
2868.0	0.11121594863946094
2869.0	0.10862152919842606
2870.0	0.11231950821576668
2871.0	0.10964717410960076
2872.0	0.10952556661766998
2873.0	0.11128249811843025
2874.0	0.10946924580624608
2875.0	0.10925520146686647
2876.0	0.10727589115687482
2877.0	0.11238757305289082
2878.0	0.11076197259222217
2879.0	0.11243189727892176
2880.0	0.11053088047359995
2881.0	0.1086836588827769
2882.0	0.10609643739297772
2883.0	0.10909911957691196
2884.0	0.1049720416420421
2885.0	0.10803003439862995
2886.0	0.10358952988538836
2887.0	0.10410866633328765
2888.0	0.10065238694165343
2889.0	0.10632992882867844
2890.0	0.10717789799619118
2891.0	0.10427788132725146
2892.0	0.10367135922575302
2893.0	0.10193589529885383
2894.0	0.10387302814020088
2895.0	0.10390308274360646
2896.0	0.11132783258323088
2897.0	0.10632020528051789
2898.0	0.10599200396013593
2899.0	0.10800540982861283
2900.0	0.10629393907249955
2901.0	0.10816477499456974
2902.0	0.11228705429528264
2903.0	0.10401572436645395
2904.0	0.10494362867663773
2905.0	0.10880400357624526
2906.0	0.11038490097134447
2907.0	0.10879655306531683
2908.0	0.11587769544331786
2909.0	0.10694137584418079
2910.0	0.10531388118581822
2911.0	0.10584652957726559
2912.0	0.1092620205785637
2913.0	0.11053176443252358
2914.0	0.11350641249059193
2915.0	0.10343344799543355
2916.0	0.10290761871568341
2917.0	0.10681673763594003
2918.0	0.1070802836750466
2919.0	0.10522952624852873
2920.0	0.1056060927500213
2921.0	0.10641289468765944
2922.0	0.1021049840129713
2923.0	0.10116988175155181
2924.0	0.09265647335747793
2925.0	0.10007288872725058
2926.0	0.09873735307339868
2927.0	0.09846458860551668
2928.0	0.09567216236557512
2929.0	0.09348903638374925
2930.0	0.09111308107671243
2931.0	0.09296295454430638
2932.0	0.09600364696195947
2933.0	0.09596715208639545
2934.0	0.09522765730680448
2935.0	0.08937319735519479
2936.0	0.09172566461083055
2937.0	0.09345898178034368
2938.0	0.09814939410929768
2939.0	0.098596929884378
2940.0	0.09802273542351723
2941.0	0.09733034302657416
2942.0	0.09918059533370689
2943.0	0.09775262283240645
2944.0	0.09928225060993143
2945.0	0.09622880392780811
2946.0	0.09464121370085803
2947.0	0.0998728614508039
2948.0	0.09313520025458018
2949.0	0.0990544417673116
2950.0	0.0982129128719573
2951.0	0.09826140433291397
2952.0	0.08982073313027511
2953.0	0.1000329842958381
2954.0	0.09227384542336571
2955.0	0.09822301525965663
2956.0	0.10110270087335131
2957.0	0.09938251680784749
2958.0	0.0960743636758548
2959.0	0.10032784773681237
2960.0	0.09426692023659787
2961.0	0.09863999131194653
2962.0	0.09644120662918682
2963.0	0.09937014138291575
2964.0	0.10224225020583592
2965.0	0.09562682790077418
2966.0	0.09508458224101261
2967.0	0.09164989670308554
2968.0	0.09968584099851989
2969.0	0.09481181777313064
2970.0	0.09896895031140605
2971.0	0.09361607390906818
2972.0	0.09584996438908314
2973.0	0.09529635354315982
2974.0	0.10009511398018922
2975.0	0.09506412490592152
2976.0	0.09869151348921318
2977.0	0.09582748657645235
2978.0	0.09697334990124905
2979.0	0.10280381668207282
2980.0	0.0938979305258798
2981.0	0.09661496769761517
2982.0	0.09875124385648526
2983.0	0.09391384178650608
2984.0	0.09671018270168155
2985.0	0.09320275997231947
2986.0	0.09153397180423595
2987.0	0.09346213877649971
2988.0	0.10254431159804621
2989.0	0.1029227722972324
2990.0	0.10446111338414824
2991.0	0.09955552019719856
2992.0	0.10473122597525902
2993.0	0.10278335934698143
2994.0	0.103709622019164
2995.0	0.10281821258454425
2996.0	0.10349393604178349
2997.0	0.10236398397761305
2998.0	0.10154910012981558
2999.0	0.10137786465831176
3000.0	0.10391331141115186
3001.0	0.10451642395680213
3002.0	0.10545922928884219
3003.0	0.10342587120465906
3004.0	0.09758378667798112
3005.0	0.10220234577442373
3006.0	0.0998587181080246
3007.0	0.10003222661676082
3008.0	0.09888623701211777
3009.0	0.1000076020467437
3010.0	0.09988662595404413
3011.0	0.10353535583135051
3012.0	0.09742909386633508
3013.0	0.10312671424891268
3014.0	0.10523255696483841
3015.0	0.10570446475024373
3016.0	0.10220348229303979
3017.0	0.101157380046774
3018.0	0.09840801523440065
3019.0	0.10592153980593302
3020.0	0.10223378945613779
3021.0	0.10165631171927463
3022.0	0.09996693993625394
3023.0	0.10516537608663791
3024.0	0.10182123319846635
3025.0	0.10252701125911086
3026.0	0.10064013779656805
3027.0	0.1005134791107876
3028.0	0.09936988882322331
3029.0	0.10835911967793582
3030.0	0.10020876584180671
3031.0	0.10163547554464475
3032.0	0.1025930556186953
3033.0	0.10315537977400947
3034.0	0.1046453556798147
3035.0	0.10986412288544398
3036.0	0.10598505856859264
3037.0	0.10398087112889115
3038.0	0.10143090219373327
3039.0	0.10681471715840034
3040.0	0.10796853611351032
3041.0	0.10939284649926988
3042.0	0.10626072747293824
3043.0	0.10669980249832042
3044.0	0.10660686053148645
3045.0	0.10731364883090096
3046.0	0.10558412005677537
3047.0	0.103604557187091
3048.0	0.10150439706424615
3049.0	0.1105076449818913
3050.0	0.10607749541604147
3051.0	0.09965730175326916
3052.0	0.10322773812590601
3053.0	0.10306761528087152
3054.0	0.10648399024109326
3055.0	0.10000785460643612
3056.0	0.10542778560712814
3057.0	0.09627994726553599
3058.0	0.09574729887408891
3059.0	0.10031648255065062
3060.0	0.09027685593490023
3061.0	0.0996018649007692
3062.0	0.10097705242634086
3063.0	0.10021747915119728
3064.0	0.10054757466927286
3065.0	0.0957706606456436
3066.0	0.09671409737691487
3067.0	0.09141185919292003
3068.0	0.0969083157804346
3069.0	0.09142789673339295
3070.0	0.09956562258489789
3071.0	0.0966856844115105
3072.0	0.1064482530446071
3073.0	0.10043556444565656
3074.0	0.10043670096427292
3075.0	0.101745339010875
3076.0	0.10116546195693335
3077.0	0.10036813100776364
3078.0	0.09749576962515073
3079.0	0.09667659226258116
3080.0	0.10345352649098616
3081.0	0.09900658170558613
3082.0	0.1041276083102239
3083.0	0.10229187818540895
3084.0	0.10593429407040354
3085.0	0.10621059437398006
3086.0	0.10166906598374514
3087.0	0.1047016764912386
3088.0	0.10408719875942657
3089.0	0.09856637016158758
3090.0	0.10749422901102652
3091.0	0.10465924646290128
3092.0	0.10381834896677819
3093.0	0.09789367742065833
3094.0	0.10899317078591503
3095.0	0.10956824920569971
3096.0	0.10788140301960357
3097.0	0.10890831072924069
3098.0	0.10801260777984854
3099.0	0.10905845746642219
3100.0	0.10514289827400683
3101.0	0.10730645087966524
3102.0	0.10719873417082104
3103.0	0.10996173720658856
3104.0	0.10849537563203046
3105.0	0.1091678158132673
3106.0	0.11140486328943829
3107.0	0.10780222555601011
3108.0	0.10443080622105023
3109.0	0.10279548221222075
3110.0	0.10549521904502106
3111.0	0.10910366565137647
3112.0	0.11377993463755147
3113.0	0.10623332474630356
3114.0	0.11265692796492434
3115.0	0.11170591444287858
3116.0	0.11008801705283021
3117.0	0.10733549524430082
3118.0	0.10720176488713103
3119.0	0.10809203780313471
3120.0	0.10834775449177408
3121.0	0.10610073090774982
3122.0	0.10750862491349826
3123.0	0.11238593141488992
3124.0	0.11528077061013359
3125.0	0.11323188010486267
3126.0	0.11511597541078823
3127.0	0.1116844468690175
3128.0	0.11149692129734863
3129.0	0.10940282260712314
3130.0	0.11223767887540204
3131.0	0.10769400372778107
3132.0	0.1133681360589573
3133.0	0.11277575730023785
3134.0	0.11274835457360348
3135.0	0.11330461729629798
3136.0	0.1090074404085404
3137.0	0.11187159360114758
3138.0	0.11310383234077374
3139.0	0.1132153374450049
3140.0	0.11412126906194274
3141.0	0.10480345804730949
3142.0	0.10978873381723747
3143.0	0.11039677127689107
3144.0	0.10993269284195296
3145.0	0.11249289044465655
3146.0	0.1066593929475231
3147.0	0.10522498017406391
3148.0	0.10991198294716946
3149.0	0.11282184944411607
3150.0	0.11713885226773325
3151.0	0.11433531340132234
3152.0	0.11234211230824383
3153.0	0.11801624463942036
3154.0	0.11830176337177287
3155.0	0.11541071257191614
3156.0	0.11574674324276532
3157.0	0.11263823854768051
3158.0	0.11288195865092691
3159.0	0.11152508170306029
3160.0	0.11320586645653677
3161.0	0.11370555580811526
3162.0	0.1096947816116338
3163.0	0.11023235491708448
3164.0	0.11213210892394418
3165.0	0.10612144080253363
3166.0	0.1185869032645866
3167.0	0.11300571290024375
3168.0	0.11257295186717364
3169.0	0.11329943982260196
3170.0	0.11213210892394418
3171.0	0.10966977820207789
3172.0	0.11920529567163193
3173.0	0.11148050491733721
3174.0	0.11591785243442276
3175.0	0.11100278825900496
3176.0	0.11410990387578099
3177.0	0.11349883569981742
3178.0	0.1123066276714501
3179.0	0.1127219620857388
3180.0	0.11088585312138508
3181.0	0.1128303101938142
3182.0	0.12043942860895174
3183.0	0.11105014320134558
3184.0	0.11524351805549231
3185.0	0.11609729609593228
3186.0	0.11453900279331021
3187.0	0.11513037131325966
3188.0	0.11411003015562705
3189.0	0.11185757653821464
3190.0	0.11205204750142679
3191.0	0.11127252201057697
3192.0	0.11416875028412943
3193.0	0.11316621458481702
3194.0	0.10917501376450302
3195.0	0.11200241952185376
3196.0	0.10708735534643596
3197.0	0.11184040247912595
3198.0	0.1075453723487544
3199.0	0.11135283599278678
3200.0	0.1145518833376268
3201.0	0.11030420814959617
3202.0	0.11347825208488027
3203.0	0.11094053229480777
3204.0	0.11103259030271782
3205.0	0.10710440312567858
3206.0	0.11647121072065365
3207.0	0.11358180155879843
3208.0	0.10984720138604742
3209.0	0.11670053492142862
3210.0	0.10984960070312619
3211.0	0.11719820379546683
3212.0	0.11436903012026882
3213.0	0.11163860728483171
3214.0	0.1105741944608606
3215.0	0.11242444676799362
3216.0	0.10923348133331295
3217.0	0.11109762442353227
3218.0	0.11439832704459682
3219.0	0.10881334828486702
3220.0	0.11092411591479635
3221.0	0.10988950513453838
3222.0	0.11016429007996034
3223.0	0.11257825562071573
3224.0	0.11458787309380566
3225.0	0.10988003414607025
3226.0	0.11006490784096822
3227.0	0.1085136862097355
3228.0	0.11103082238487055
3229.0	0.11098397256191478
3230.0	0.10806274087880671
3231.0	0.11362397902744302
3232.0	0.11109724558399378
3233.0	0.11240247407474739
3234.0	0.11517810509513907
3235.0	0.1129788152929945
3236.0	0.1068007000954674
3237.0	0.11028160405711873
3238.0	0.10644800048491439
3239.0	0.10839005824026504
3240.0	0.10675435539189676
3241.0	0.1064851267597096
3242.0	0.10884895920150711
3243.0	0.10504970374748072
3244.0	0.1089919079874526
3245.0	0.10296419208679973
3246.0	0.10973430720350749
3247.0	0.10346047188252945
3248.0	0.10387391209912451
3249.0	0.1036928267996141
3250.0	0.10308579957873021
3251.0	0.1106268531567436
3252.0	0.11934849701726986
3253.0	0.11379407798033048
3254.0	0.12029370166638868
3255.0	0.11609009814469627
3256.0	0.11743750410409477
3257.0	0.11901360286503704
3258.0	0.11641299571153643
3259.0	0.11934824445757744
3260.0	0.12019318290878049
3261.0	0.11525778767811767
3262.0	0.11352964798230057
3263.0	0.113762381738924
3264.0	0.11589348042409807
3265.0	0.11670432331681588
3266.0	0.11778830951695417
3267.0	0.11606357937698553
3268.0	0.11982293039959972
3269.0	0.11830618316639133
3270.0	0.11677440863148
3271.0	0.11906828203845973
3272.0	0.11196036833305552
3273.0	0.11556692074171732
3274.0	0.11654723118809107
3275.0	0.1151091562990913
3276.0	0.11621006399862585
3277.0	0.11310888353462341
3278.0	0.10978519798154295
3279.0	0.1183800568764427
3280.0	0.11908507725800993
3281.0	0.12474026761224992
3282.0	0.11558119036434239
3283.0	0.1155023917402877
3284.0	0.10315803165078068
3285.0	0.10961547786819398
3286.0	0.11226672324003761
3287.0	0.12301743166997521
3288.0	0.12029193374854141
3289.0	0.11119473362529228
3290.0	0.10707725295873663
3291.0	0.11148303051426205
3292.0	0.10834990124916014
3293.0	0.10486255701535036
3294.0	0.10025586822445462
3295.0	0.10624203805569442
3296.0	0.10396445474887973
3297.0	0.10367615785990997
3298.0	0.10547097331454272
3299.0	0.10936127653770945
3300.0	0.10932023558768092
3301.0	0.10193551645931505
3302.0	0.10839498315426835
3303.0	0.11061675076904427
3304.0	0.10826554631187064
3305.0	0.1132647128648855
3306.0	0.11336245346587644
3307.0	0.10815656680456404
3308.0	0.10489475837614197
3309.0	0.10490372424522525
3310.0	0.10393427386562809
3311.0	0.1048604102579643
3312.0	0.09863923363286896
3313.0	0.10274017163956685
3314.0	0.09253398190662353
3315.0	0.10183512398155294
3316.0	0.10162208988094332
3317.0	0.1060431472978638
3318.0	0.10554598354321044
3319.0	0.108341440499462
3320.0	0.10453359801589084
3321.0	0.10805390128956979
3322.0	0.10439292226717774
3323.0	0.10878733463654112
3324.0	0.10768263854161932
3325.0	0.10711336899476186
3326.0	0.10122279300712725
3327.0	0.10223126385921295
3328.0	0.09819308693609712
3329.0	0.09954150313426562
3330.0	0.10505109282578921
3331.0	0.10447689836492845
3332.0	0.09877763634434994
3333.0	0.10335755380784249
3334.0	0.1077956590040056
3335.0	0.10438193592055477
3336.0	0.10739434165264955
3337.0	0.10651518136311518
3338.0	0.11052204088436303
3339.0	0.10503707576285656
3340.0	0.10095899440832824
3341.0	0.10330438999257463
3342.0	0.11008789077298414
3343.0	0.10275532522111584
3344.0	0.10225260515322797
3345.0	0.10580915074277794
3346.0	0.10308668353765413
3347.0	0.10742730069251845
3348.0	0.10402039672076484
3349.0	0.10915203083248709
3350.0	0.10054088183742228
3351.0	0.10452033863203546
3352.0	0.10908661787213385
3353.0	0.10541364226434913
3354.0	0.10670788440847978
3355.0	0.10923373389300538
3356.0	0.10430957756865825
3357.0	0.10221800447535759
3358.0	0.10512168325983848
3359.0	0.10523722931914958
3360.0	0.10686472397751186
3361.0	0.10865234148090891
3362.0	0.10381241381400488
3363.0	0.10470597000601069
3364.0	0.10729243381673259
3365.0	0.1026282876957969
3366.0	0.10346413399807033
3367.0	0.10517358427664361
3368.0	0.10066362584796912
3369.0	0.10673263525834326
3370.0	0.10587405858374604
3371.0	0.10484449899733803
3372.0	0.10529456036934319
3373.0	0.10876346774560157
3374.0	0.11040055967227831
3375.0	0.11128994862935838
3376.0	0.12232693347072575
3377.0	0.12541447571133432
3378.0	0.12196147959570222
3379.0	0.11074997600682922
3380.0	0.10399993938567376
3381.0	0.10662163527349666
3382.0	0.10382251620170423
3383.0	0.10095230157647737
3384.0	0.09874972849833041
3385.0	0.10376682678951153
3386.0	0.0973160734039488
3387.0	0.10674690488096862
3388.0	0.10519694604819832
3389.0	0.10414086769407926
3390.0	0.10661961479595697
3391.0	0.10648424280078597
3392.0	0.10374838993196042
3393.0	0.10392025680269515
3394.0	0.10538750233617716
3395.0	0.10428078576371509
3396.0	0.10078030842589629
3397.0	0.10401837624322485
3398.0	0.10122898071959296
3399.0	0.10599036232213473
3400.0	0.10536414056462245
3401.0	0.10500247508498617
3402.0	0.10043228116965446
3403.0	0.103679314856066
3404.0	0.0992987932697892
3405.0	0.0985762199895945
3406.0	0.09892677284276116
3407.0	0.1017924413935232
3408.0	0.09975592631318402
3409.0	0.10031496719249577
3410.0	0.09854831214357497
3411.0	0.10239138670424744
3412.0	0.10101897733529303
3413.0	0.10608557732620082
3414.0	0.09918009021432204
3415.0	0.1065164441615776
3416.0	0.10893508205664386
3417.0	0.10738221878741024
3418.0	0.10982434473387787
3419.0	0.11383625544897537
3420.0	0.1077522187368983
3421.0	0.10742730069251845
3422.0	0.10756368292645944
3423.0	0.1077120617457934
3424.0	0.10291279618937914
3425.0	0.106699549938628
3426.0	0.10178966323690593
3427.0	0.10051171119294035
3428.0	0.1017703424204309
3429.0	0.1021260727472936
3430.0	0.09780439756936553
3431.0	0.10572719512256723
3432.0	0.09586562309001728
3433.0	0.10197478949149633
3434.0	0.10410412025882312
3435.0	0.10534368322953107
3436.0	0.10390043086683527
3437.0	0.10240085769271556
3438.0	0.09890366363089917
3439.0	0.09714420653321408
3440.0	0.08594621488788859
3441.0	0.08721153894723001
3442.0	0.09368641178342502
3443.0	0.10128504897132415
3444.0	0.12574330843094747
3445.0	0.1322491198294717
3446.0	0.12100983467442525
3447.0	0.11290064806817074
3448.0	0.10564069342789169
3449.0	0.11201858334217275
3450.0	0.11090327974016648
3451.0	0.10947290792178727
3452.0	0.10621690836629215
3453.0	0.10971940618165092
3454.0	0.1049753249180442
3455.0	0.10911288408015217
3456.0	0.10786132452405127
3457.0	0.10946697276901396
3458.0	0.10690197653215315
3459.0	0.11174569259444471
3460.0	0.11007235835189635
3461.0	0.10583188111510144
3462.0	0.10916150182095521
3463.0	0.1114262045834533
3464.0	0.11039184636288776
3465.0	0.10966131745237975
3466.0	0.10642476499320604
3467.0	0.11124360392578775
3468.0	0.109205320927601
3469.0	0.11323099614593904
3470.0	0.1080295292792451
3471.0	0.10858793875932565
3472.0	0.11248910204926929
3473.0	0.11100670293423828
3474.0	0.10985010582251103
3475.0	0.11381125203941947
3476.0	0.11928661989261145
3477.0	0.1089783960439048
3478.0	0.11292931359326754
3479.0	0.1117022523273374
3480.0	0.1079320412379466
3481.0	0.1160610537800607
3482.0	0.11281869244796003
3483.0	0.12104367767321807
3484.0	0.11746515939042187
3485.0	0.12046241154096765
3486.0	0.11438999257474505
3487.0	0.10096189884479186
3488.0	0.09098263399554474
3489.0	0.08876768549246604
3490.0	0.09932379667934511
3491.0	0.10727589115687482
3492.0	0.10689389462199379
3493.0	0.10516461840756064
3494.0	0.10029059518217108
3495.0	0.10580915074277794
3496.0	0.105689058609002
3497.0	0.10812335520500271
3498.0	0.09752797098594236
3499.0	0.0996156294040094
3500.0	0.10831694220929095
3501.0	0.10234049592621199
3502.0	0.1088288807059548
3503.0	0.1058363009097199
3504.0	0.11233529319654689
3505.0	0.10961876114419639
3506.0	0.10935205810893406
3507.0	0.10661342708349096
3508.0	0.10884542336581228
3509.0	0.10916983629080729
3510.0	0.11269746379556803
3511.0	0.11536373646911431
3512.0	0.10603152955200963
3513.0	0.10983848807665687
3514.0	0.11114750496279772
3515.0	0.112361938244104
3516.0	0.1105606825173128
3517.0	0.11231357306299339
3518.0	0.1066550994327507
3519.0	0.11459077753026929
3520.0	0.10727917443287723
3521.0	0.10730531436104919
3522.0	0.11312264803786364
3523.0	0.11647108444080759
3524.0	0.11351904047521609
3525.0	0.11444997550170984
3526.0	0.11338998247235717
3527.0	0.118339521045799
3528.0	0.11028450849358234
3529.0	0.1144836922206563
3530.0	0.115208285978391
3531.0	0.11317884256944118
3532.0	0.11443734751708567
3533.0	0.11053807842483566
3534.0	0.10535126002030558
3535.0	0.10640695953488584
3536.0	0.09705997787577095
3537.0	0.10101291590267338
3538.0	0.09696855126709181
3539.0	0.1029926050522041
3540.0	0.097926005061296
3541.0	0.09792954089699084
3542.0	0.10432814070605571
3543.0	0.10097844150464963
3544.0	0.10172134584008907
3545.0	0.10539545796649015
3546.0	0.10749460785056532
3547.0	0.11049375419880472
3548.0	0.10041068731594702
3549.0	0.10570635894793735
3550.0	0.1081714678264206
3551.0	0.10515830441524855
3552.0	0.1049460279937162
3553.0	0.10424643764553741
3554.0	0.11172914993458694
3555.0	0.10937516732079604
3556.0	0.10718358058927205
3557.0	0.11366880837285881
3558.0	0.11266942966970245
3559.0	0.11154617043738288
3560.0	0.10841240977304975
3561.0	0.11346335106302369
3562.0	0.11346448758163975
3563.0	0.11480406419057133
3564.0	0.11199547413031047
3565.0	0.10829547463542985
3566.0	0.11494461365943835
3567.0	0.11362082203128698
3568.0	0.11456122804624856
3569.0	0.11644620731109775
3570.0	0.11264164810352928
3571.0	0.10994355290872987
3572.0	0.11185025230713257
3573.0	0.1113194981133791
3574.0	0.10772898324518995
3575.0	0.0968552782450131
3576.0	0.10084016507301502
3577.0	0.09469753451228193
3578.0	0.09195334717360432
3579.0	0.09445810792380763
3580.0	0.09650826122754096
3581.0	0.09843175584549385
3582.0	0.10033150985235355
3583.0	0.09583241149045565
3584.0	0.10111419233935942
3585.0	0.0985000732423107
3586.0	0.10235918534345581
3587.0	0.10602546811938997
3588.0	0.10472162870694483
3589.0	0.10495600410156918
3590.0	0.1130052077808589
3591.0	0.10709543725659561
3592.0	0.11824506372081019
3593.0	0.12110302920095165
3594.0	0.12847309986715338
3595.0	0.12183570486884569
3596.0	0.12456019255150949
3597.0	0.10587456370313118
3598.0	0.07179466391881704


