0.000000	36.129935
1.000000	36.082151
2.000000	36.162943
3.000000	36.042946
4.000000	35.429156
5.000000	35.244930
6.000000	35.432601
7.000000	36.138583
8.000000	37.151025
9.000000	37.508607
10.000000	37.422676
11.000000	37.458326
12.000000	37.076824
13.000000	37.031969
14.000000	37.035875
15.000000	37.095882
16.000000	37.138487
17.000000	37.171367
18.000000	37.093603
19.000000	37.039575
20.000000	37.096976
21.000000	37.106703
22.000000	37.160069
23.000000	37.026960
24.000000	37.075193
25.000000	36.967640
26.000000	37.031427
27.000000	36.985719
28.000000	37.115900
29.000000	36.940840
30.000000	37.072874
31.000000	36.894005
32.000000	36.759680
33.000000	36.839584
34.000000	36.961969
35.000000	37.013320
36.000000	36.998770
37.000000	36.954044
38.000000	37.077249
39.000000	36.945359
40.000000	36.935681
41.000000	36.992138
42.000000	37.209469
43.000000	37.320455
44.000000	37.424376
45.000000	36.891068
46.000000	36.419798
51.000000	36.664524
52.000000	37.230719
53.000000	37.225190
54.000000	37.276229
55.000000	37.315123
56.000000	37.233070
57.000000	37.351000
58.000000	37.360431
59.000000	37.395173
60.000000	37.382647
61.000000	37.390944
62.000000	37.335695
63.000000	37.380373
64.000000	37.175745
65.000000	37.313734
66.000000	37.416294
67.000000	37.333437
68.000000	37.391198
69.000000	37.207130
70.000000	37.158898
71.000000	37.333562
72.000000	37.285604
73.000000	37.250960
74.000000	37.280321
75.000000	37.356760
76.000000	37.377780
77.000000	37.295715
78.000000	37.271407
79.000000	37.466918
80.000000	37.348713
81.000000	37.500484
82.000000	37.564457
83.000000	37.448608
84.000000	37.334774
85.000000	37.348576
86.000000	37.460317
87.000000	37.468024
88.000000	37.296664
89.000000	37.411475
90.000000	37.375158
91.000000	37.325977
92.000000	37.415490
93.000000	37.398117
94.000000	37.435157
95.000000	37.479908
96.000000	37.310741
97.000000	37.371038
98.000000	37.268551
99.000000	37.374977
100.000000	37.482537
101.000000	37.465100
102.000000	37.493936
103.000000	37.498173
104.000000	37.472581
105.000000	37.361998
106.000000	37.508029
107.000000	37.343212
108.000000	37.478211
109.000000	37.342057
110.000000	37.336204
111.000000	37.389590
112.000000	37.368586
113.000000	37.314780
114.000000	37.344917
115.000000	37.316303
116.000000	37.393593
117.000000	37.517145
118.000000	37.495140
119.000000	37.284982
120.000000	37.458233
121.000000	37.370792
122.000000	37.315309
123.000000	37.420188
124.000000	37.287866
125.000000	37.344646
126.000000	37.257596
127.000000	37.168099
128.000000	37.135397
129.000000	37.273059
130.000000	37.398659
131.000000	37.214938
132.000000	37.155307
133.000000	37.244816
134.000000	37.303749
135.000000	37.198143
136.000000	37.221385
137.000000	37.218428
138.000000	37.198894
139.000000	37.144655
140.000000	37.106157
141.000000	37.266111
142.000000	37.203442
143.000000	37.246428
144.000000	37.195622
145.000000	37.208487
146.000000	37.145415
147.000000	37.182555
148.000000	37.181041
149.000000	37.155262
150.000000	37.173237
151.000000	37.176533
152.000000	37.211032
153.000000	37.061277
154.000000	37.127666
155.000000	37.028693
156.000000	36.810219
157.000000	36.990336
158.000000	37.096786
159.000000	37.089617
160.000000	36.869289
161.000000	37.050691
162.000000	37.034873
163.000000	37.103358
164.000000	37.039647
165.000000	37.120759
166.000000	37.222322
167.000000	36.897220
168.000000	37.120270
169.000000	37.226664
170.000000	37.098293
171.000000	36.951572
172.000000	37.204250
173.000000	37.061483
174.000000	37.081587
175.000000	37.133208
176.000000	37.093046
177.000000	37.139711
178.000000	37.112026
179.000000	37.087965
180.000000	37.245046
181.000000	37.155929
182.000000	37.060336
183.000000	37.181004
184.000000	37.096350
185.000000	37.129597
186.000000	37.263906
187.000000	37.228671
188.000000	37.116877
189.000000	37.115953
190.000000	37.196156
191.000000	37.100204
192.000000	37.072018
193.000000	37.245204
194.000000	37.228789
195.000000	37.102781
196.000000	37.220250
197.000000	37.281141
198.000000	37.097182
199.000000	37.203204
200.000000	37.135761
201.000000	37.477084
202.000000	37.054172
203.000000	37.087286
204.000000	37.191006
205.000000	37.261527
206.000000	37.180758
207.000000	37.139146
208.000000	37.098507
209.000000	37.106610
210.000000	36.989924
211.000000	37.101876
212.000000	37.034081
213.000000	37.190375
214.000000	36.968375
215.000000	36.980137
216.000000	36.968100
217.000000	37.130974
218.000000	37.125352
219.000000	36.985950
220.000000	36.892126
221.000000	37.053155
222.000000	37.074348
223.000000	37.073500
224.000000	36.959852
225.000000	37.111962
226.000000	37.021923
227.000000	37.152128
228.000000	36.946563
229.000000	37.049192
230.000000	37.181602
231.000000	37.055970
232.000000	37.044022
233.000000	37.200518
234.000000	37.088510
235.000000	37.137457
236.000000	37.151570
237.000000	37.053114
238.000000	37.208899
239.000000	36.981979
240.000000	37.070749
241.000000	37.021960
242.000000	37.047702
243.000000	37.242728
244.000000	37.098838
245.000000	37.057165
246.000000	37.241718
247.000000	37.169993
248.000000	37.302476
249.000000	37.214078
250.000000	37.269246
251.000000	37.328489
252.000000	37.343927
253.000000	37.283847
254.000000	37.337432
255.000000	37.302808
256.000000	37.133814
257.000000	37.069396
258.000000	37.177765
259.000000	37.165098
260.000000	37.117710
261.000000	37.257524
262.000000	37.127577
263.000000	37.222734
264.000000	37.130708
265.000000	37.372925
266.000000	37.216788
267.000000	37.227367
268.000000	37.247692
269.000000	37.074425
270.000000	37.144611
271.000000	37.146319
272.000000	37.283120
273.000000	37.250932
274.000000	37.162371
275.000000	37.173374
276.000000	37.226106
277.000000	37.139441
278.000000	37.204795
279.000000	37.219947
280.000000	37.297682
281.000000	37.075714
282.000000	37.278746
283.000000	37.079139
284.000000	37.003294
285.000000	37.314271
286.000000	37.247349
287.000000	37.177466
288.000000	37.154148
289.000000	37.128543
290.000000	37.262900
291.000000	37.259806
292.000000	37.280366
293.000000	37.120412
294.000000	37.116950
295.000000	37.144405
296.000000	37.195602
297.000000	37.120812
298.000000	37.182378
299.000000	37.293190
300.000000	37.116534
301.000000	37.119802
302.000000	37.127884
303.000000	37.266604
304.000000	37.097566
305.000000	37.144712
306.000000	37.125400
307.000000	37.318670
308.000000	37.146049
309.000000	37.271924
310.000000	37.327617
311.000000	37.178977
312.000000	37.348358
313.000000	37.288258
314.000000	37.305397
315.000000	37.137583
316.000000	37.242239
317.000000	37.235049
318.000000	37.326724
319.000000	37.210883
320.000000	37.373854
321.000000	37.400165
322.000000	37.418835
323.000000	37.297536
324.000000	37.217620
325.000000	37.298029
326.000000	37.334318
327.000000	37.462220
328.000000	37.349715
329.000000	37.441034
330.000000	37.468780
331.000000	37.456056
332.000000	37.416936
333.000000	37.535197
334.000000	37.337282
335.000000	37.389138
336.000000	37.311726
337.000000	37.406693
338.000000	37.411592
339.000000	37.336737
340.000000	37.436672
341.000000	37.329349
342.000000	37.560846
343.000000	37.387862
344.000000	37.201641
345.000000	37.419933
346.000000	37.452994
347.000000	37.242417
348.000000	37.267553
349.000000	37.347797
350.000000	37.249708
351.000000	37.403469
352.000000	37.371454
353.000000	37.353876
354.000000	37.415668
355.000000	37.318447
356.000000	37.384348
357.000000	37.302084
358.000000	37.419873
359.000000	37.273866
360.000000	37.247729
361.000000	37.367197
362.000000	37.401991
363.000000	37.164153
364.000000	37.244263
365.000000	37.319340
366.000000	37.260670
367.000000	37.203426
368.000000	37.243665
369.000000	37.275272
370.000000	37.250524
371.000000	37.219579
372.000000	37.293307
373.000000	37.223643
374.000000	37.247813
375.000000	37.354344
376.000000	37.268939
377.000000	37.219607
378.000000	37.284332
379.000000	37.167126
380.000000	37.186276
381.000000	37.249146
382.000000	37.174138
383.000000	37.282009
384.000000	37.115706
385.000000	37.092117
386.000000	37.264903
387.000000	37.147341
388.000000	37.002801
389.000000	37.296838
390.000000	37.184409
391.000000	37.182095
392.000000	37.053175
393.000000	37.197812
394.000000	37.100389
395.000000	37.162622
396.000000	37.136847
397.000000	37.194499
398.000000	37.079931
399.000000	37.028539
400.000000	37.197509
401.000000	37.416144
402.000000	37.264649
403.000000	37.366401
404.000000	37.163716
405.000000	37.181836
406.000000	37.145447
407.000000	37.291017
408.000000	37.162759
409.000000	37.312776
410.000000	37.316161
411.000000	37.233789
412.000000	37.382065
413.000000	37.198781
414.000000	37.374225
415.000000	37.371927
416.000000	37.316561
417.000000	36.992994
418.000000	37.247930
419.000000	37.379262
420.000000	37.408114
421.000000	37.248532
422.000000	37.306770
423.000000	37.347821
424.000000	37.382324
425.000000	37.451678
426.000000	37.317442
427.000000	37.263797
428.000000	37.246440
429.000000	37.364309
430.000000	37.202400
431.000000	37.407868
432.000000	37.290136
433.000000	37.285697
434.000000	37.344662
435.000000	37.386884
436.000000	37.296995
437.000000	37.354174
438.000000	37.335929
439.000000	37.492813
440.000000	37.377873
441.000000	37.279517
442.000000	37.461711
443.000000	37.516297
444.000000	37.234548
445.000000	37.359438
446.000000	37.494982
447.000000	37.465399
448.000000	37.373983
449.000000	37.437371
450.000000	37.319372
451.000000	37.437940
452.000000	37.448240
453.000000	37.486257
454.000000	37.436098
455.000000	37.464365
456.000000	37.444463
457.000000	37.351335
458.000000	37.301224
459.000000	37.455458
460.000000	37.428662
461.000000	37.273576
462.000000	37.469038
463.000000	37.400488
464.000000	37.535593
465.000000	37.395904
466.000000	37.360072
467.000000	37.429337
468.000000	37.434018
469.000000	37.507718
470.000000	37.531792
471.000000	37.395423
472.000000	37.288129
473.000000	37.436304
474.000000	37.437257
475.000000	37.391020
476.000000	37.462264
477.000000	37.479621
478.000000	37.383536
479.000000	37.329418
480.000000	37.333647
481.000000	37.326667
482.000000	37.524226
483.000000	37.416088
484.000000	37.290027
485.000000	37.334564
486.000000	37.272986
487.000000	37.432265
488.000000	37.366652
489.000000	37.500807
490.000000	37.487077
491.000000	37.464385
492.000000	37.421989
493.000000	37.355540
494.000000	37.438364
495.000000	37.487005
496.000000	37.391562
497.000000	37.427676
498.000000	37.395169
499.000000	37.250596
500.000000	37.304552
501.000000	37.403647
502.000000	37.228865
503.000000	37.305078
504.000000	37.357931
505.000000	37.413430
506.000000	37.486754
507.000000	37.347760
508.000000	37.332787
509.000000	37.400238
510.000000	37.456036
511.000000	37.394345
512.000000	37.429518
513.000000	37.267129
514.000000	37.275543
515.000000	37.232622
516.000000	37.545687
517.000000	37.246214
518.000000	37.370788
519.000000	37.373640
520.000000	37.231261
521.000000	37.320083
522.000000	37.291978
523.000000	37.293125
524.000000	37.265202
525.000000	37.221954
526.000000	37.156519
527.000000	37.173168
528.000000	37.263607
529.000000	37.182701
530.000000	37.320754
531.000000	37.246347
532.000000	37.090748
533.000000	37.269217
534.000000	37.011542
535.000000	37.197468
536.000000	37.166887
537.000000	37.351355
538.000000	37.001973
539.000000	37.160772
540.000000	37.266394
541.000000	37.182644
542.000000	37.185952
543.000000	37.211824
544.000000	37.081453
545.000000	36.991500
546.000000	37.176913
547.000000	37.098362
548.000000	37.243915
549.000000	37.154172
550.000000	37.133729
551.000000	37.212381
552.000000	37.144712
553.000000	37.154523
554.000000	37.047681
555.000000	37.111429
556.000000	37.115621
557.000000	37.174869
558.000000	37.158789
559.000000	37.061528
560.000000	37.244691
561.000000	37.055962
562.000000	37.134933
563.000000	37.044256
564.000000	37.088777
565.000000	36.984992
566.000000	36.984847
567.000000	37.114745
568.000000	37.056903
569.000000	37.065971
570.000000	37.039623
571.000000	37.044830
572.000000	36.904701
573.000000	36.991762
574.000000	36.989367
575.000000	36.858851
576.000000	36.872282
577.000000	36.879576
578.000000	36.957328
579.000000	36.847675
580.000000	36.915413
581.000000	36.988725
582.000000	36.912702
583.000000	36.880913
584.000000	36.835403
585.000000	36.859380
586.000000	36.870145
587.000000	36.717732
588.000000	36.733542
589.000000	36.840246
590.000000	36.743543
591.000000	36.751678
592.000000	36.755168
593.000000	36.622091
594.000000	36.654631
595.000000	36.620645
596.000000	36.662201
597.000000	36.478824
598.000000	36.729414
599.000000	36.559192
600.000000	36.815676
601.000000	36.642611
602.000000	36.655512
603.000000	36.576816
604.000000	36.580790
605.000000	36.608027
606.000000	36.467433
607.000000	36.473904
608.000000	36.584704
609.000000	36.622209
610.000000	36.538855
611.000000	36.589632
612.000000	36.739791
613.000000	36.575741
614.000000	36.461859
615.000000	36.472272
616.000000	36.462578
617.000000	36.739338
618.000000	36.590674
619.000000	36.559184
620.000000	36.395353
621.000000	36.550044
622.000000	36.617180
623.000000	36.560719
624.000000	36.717236
625.000000	36.614704
626.000000	36.615370
627.000000	36.448134
628.000000	36.801991
629.000000	36.598203
630.000000	36.526055
631.000000	36.736777
632.000000	36.661288
633.000000	36.636515
634.000000	36.648783
635.000000	36.665881
636.000000	36.701939
637.000000	36.738627
638.000000	36.640369
639.000000	36.663158
640.000000	36.738959
641.000000	36.820426
642.000000	36.779654
643.000000	36.727786
644.000000	36.762253
645.000000	36.766474
646.000000	36.769257
647.000000	36.837552
648.000000	36.634892
649.000000	36.810602
650.000000	36.841196
651.000000	36.773749
652.000000	36.930996
653.000000	36.853515
654.000000	37.048158
655.000000	36.826703
656.000000	36.814682
657.000000	36.750115
658.000000	36.845328
659.000000	36.836466
660.000000	36.816088
661.000000	36.879883
662.000000	36.879407
663.000000	36.738854
664.000000	36.836316
665.000000	36.925313
666.000000	36.964724
667.000000	36.882153
668.000000	36.792652
669.000000	36.944548
670.000000	36.866998
671.000000	36.904131
672.000000	36.967337
673.000000	36.800860
674.000000	36.991391
675.000000	36.972515
676.000000	36.983668
677.000000	36.815551
678.000000	36.938763
679.000000	36.945610
680.000000	36.868715
681.000000	36.915364
682.000000	36.906845
683.000000	36.835836
684.000000	36.995333
685.000000	37.023523
686.000000	36.801530
687.000000	36.912104
688.000000	36.945707
689.000000	37.019693
690.000000	36.980444
691.000000	36.929384
692.000000	36.913203
693.000000	36.914350
694.000000	36.845178
695.000000	36.742400
696.000000	36.723440
697.000000	36.633038
698.000000	36.696296
699.000000	36.535062
700.000000	36.613621
701.000000	36.303594
702.000000	36.444943
703.000000	36.528712
704.000000	36.684065
705.000000	36.467700
706.000000	36.713826
707.000000	36.727891
708.000000	36.678087
709.000000	36.776540
710.000000	36.620298
711.000000	36.839325
712.000000	36.652264
713.000000	36.672691
714.000000	36.713661
715.000000	36.809625
716.000000	36.689635
717.000000	36.753928
718.000000	36.720091
719.000000	36.694414
720.000000	36.682098
721.000000	36.649288
722.000000	36.737238
723.000000	36.629309
724.000000	36.773716
725.000000	36.728319
726.000000	36.732314
727.000000	36.731850
728.000000	36.668123
729.000000	36.765868
730.000000	36.959889
731.000000	36.803602
732.000000	36.824837
733.000000	36.753140
734.000000	36.605672
735.000000	36.773462
736.000000	36.627666
737.000000	36.876438
738.000000	36.658182
739.000000	36.856561
740.000000	36.708798
741.000000	36.845433
742.000000	36.654995
743.000000	36.819036
744.000000	36.870811
745.000000	36.659333
746.000000	36.517992
747.000000	36.591470
748.000000	36.643665
749.000000	36.685120
750.000000	36.699996
751.000000	36.833933
752.000000	36.947896
753.000000	36.721986
754.000000	36.872338
755.000000	36.856759
756.000000	36.861973
757.000000	36.866279
758.000000	36.927494
759.000000	36.767120
760.000000	37.016482
761.000000	36.847331
762.000000	36.947448
763.000000	36.890216
764.000000	36.932329
765.000000	36.864845
766.000000	36.758658
767.000000	36.731862
768.000000	36.880352
769.000000	36.874402
770.000000	36.874503
771.000000	36.767282
772.000000	36.940617
773.000000	36.950231
774.000000	36.924998
775.000000	36.906664
776.000000	37.055978
777.000000	36.958216
778.000000	37.033201
779.000000	36.947529
780.000000	36.879722
781.000000	37.055853
782.000000	37.069235
783.000000	36.830310
784.000000	37.131160
785.000000	36.791687
786.000000	36.766672
787.000000	36.796251
788.000000	36.834547
789.000000	36.863799
790.000000	36.955041
791.000000	36.792276
792.000000	36.800379
793.000000	36.953955
794.000000	36.887986
795.000000	36.677138
796.000000	36.808235
797.000000	36.856626
798.000000	36.739209
799.000000	36.635267
800.000000	36.894986
801.000000	36.986931
802.000000	36.786803
803.000000	36.774686
804.000000	36.700634
805.000000	36.907863
806.000000	36.725173
807.000000	36.611137
808.000000	36.750014
809.000000	36.840024
810.000000	36.868893
811.000000	36.866013
812.000000	36.750495
813.000000	36.870872
814.000000	36.800755
815.000000	36.657055
816.000000	36.728404
817.000000	36.843086
818.000000	36.791141
819.000000	36.761098
820.000000	36.775970
821.000000	36.735505
822.000000	36.743406
823.000000	36.816504
824.000000	36.787244
825.000000	36.624616
826.000000	36.599326
827.000000	36.534436
828.000000	36.698146
829.000000	36.762645
830.000000	36.815494
831.000000	36.753136
832.000000	36.690128
833.000000	36.626369
834.000000	36.686873
835.000000	36.561919
836.000000	36.632900
837.000000	36.735364
838.000000	36.433685
839.000000	36.359412
840.000000	36.482386
841.000000	36.537797
842.000000	36.418110
843.000000	36.469925
844.000000	36.540301
845.000000	36.311377
846.000000	36.424427
847.000000	36.219368
848.000000	36.379119
849.000000	36.489915
850.000000	36.569476
851.000000	36.675240
852.000000	36.583654
853.000000	36.606447
854.000000	36.497243
855.000000	36.444179
856.000000	36.513274
857.000000	36.647975
858.000000	36.587427
859.000000	36.466088
860.000000	36.583929
861.000000	36.559782
862.000000	36.451014
863.000000	36.572469
864.000000	36.376724
865.000000	36.469081
866.000000	36.557165
867.000000	36.492270
868.000000	36.413134
869.000000	36.606775
870.000000	36.694483
871.000000	36.733510
872.000000	36.700764
873.000000	36.826145
874.000000	36.718047
875.000000	36.946543
876.000000	36.796122
877.000000	36.844686
878.000000	36.736575
879.000000	36.832443
880.000000	36.801494
881.000000	36.882040
882.000000	36.913421
883.000000	36.698292
884.000000	36.791077
885.000000	36.641666
886.000000	36.845651
887.000000	36.675587
888.000000	36.720330
889.000000	36.941106
890.000000	37.052932
891.000000	36.934449
892.000000	36.943227
893.000000	36.951245
894.000000	36.975642
895.000000	36.910796
896.000000	36.995329
897.000000	36.905355
898.000000	36.919597
899.000000	37.158292
900.000000	36.987602
901.000000	37.004518
902.000000	36.986354
903.000000	37.078016
904.000000	37.103948
905.000000	36.985122
906.000000	36.891924
907.000000	37.237307
908.000000	36.805570
909.000000	37.138217
910.000000	37.120485
911.000000	37.084152
912.000000	37.197816
913.000000	37.185508
914.000000	37.241480
915.000000	37.275737
916.000000	37.314703
917.000000	37.310365
918.000000	37.248209
919.000000	37.328319
920.000000	37.435767
921.000000	37.359042
922.000000	37.401353
923.000000	37.367076
924.000000	37.237679
925.000000	37.402528
926.000000	37.349509
927.000000	37.457567
928.000000	37.201645
929.000000	37.445780
930.000000	37.534914
931.000000	37.315668
932.000000	37.390972
933.000000	37.431667
934.000000	37.420907
935.000000	37.749397
936.000000	37.608776
937.000000	37.475529
938.000000	37.393860
939.000000	37.395132
940.000000	37.335436
941.000000	37.458609
942.000000	37.469260
943.000000	37.402274
944.000000	37.398323
945.000000	37.389215
946.000000	37.292338
947.000000	37.284776
948.000000	37.297367
949.000000	37.434034
950.000000	37.336571
951.000000	37.290169
952.000000	37.304254
953.000000	37.421432
954.000000	37.315903
955.000000	37.286590
956.000000	37.320899
957.000000	37.296353
958.000000	37.283318
959.000000	37.356966
960.000000	37.447994
961.000000	37.427466
962.000000	37.246909
963.000000	37.302836
964.000000	37.369019
965.000000	37.402678
966.000000	37.461610
967.000000	37.307808
968.000000	37.419303
969.000000	37.556229
970.000000	37.565168
971.000000	37.353565
972.000000	37.607172
973.000000	37.606586
974.000000	37.417271
975.000000	37.394854
976.000000	37.487005
977.000000	37.450316
978.000000	37.390334
979.000000	37.345878
980.000000	37.446778
981.000000	37.423621
982.000000	37.498416
983.000000	37.473001
984.000000	37.360771
985.000000	37.455535
986.000000	37.459821
987.000000	37.253589
988.000000	37.545053
989.000000	37.513971
990.000000	37.514532
991.000000	37.359385
992.000000	37.385923
993.000000	37.459057
994.000000	37.289135
995.000000	37.356687
996.000000	37.446431
997.000000	37.433335
998.000000	37.341814
999.000000	37.204743
1000.000000	37.444403
1001.000000	37.442832
1002.000000	37.288993
1003.000000	37.245236
1004.000000	37.139033
1005.000000	37.342097
1006.000000	37.169925
1007.000000	37.134311
1008.000000	37.179966
1009.000000	37.306564
1010.000000	37.401611
1011.000000	37.346363
1012.000000	37.419028
1013.000000	37.439297
1014.000000	37.240684
1015.000000	37.298607
1016.000000	37.369927
1017.000000	37.274816
1018.000000	37.247785
1019.000000	37.417934
1020.000000	37.331902
1021.000000	37.128660
1022.000000	37.234044
1023.000000	37.178977
1024.000000	37.264148
1025.000000	37.162424
1026.000000	37.221869
1027.000000	37.183456
1028.000000	37.266769
1029.000000	37.237360
1030.000000	37.190589
1031.000000	37.305885
1032.000000	37.212151
1033.000000	37.291304
1034.000000	37.454251
1035.000000	37.362406
1036.000000	37.428307
1037.000000	37.449153
1038.000000	37.428080
1039.000000	37.337577
1040.000000	37.339064
1041.000000	37.410942
1042.000000	37.199670
1043.000000	37.214667
1044.000000	37.278003
1045.000000	37.186417
1046.000000	37.305627
1047.000000	37.357143
1048.000000	37.466800
1049.000000	37.296737
1050.000000	37.482057
1051.000000	37.323177
1052.000000	37.436975
1053.000000	37.417974
1054.000000	37.358319
1055.000000	37.353100
1056.000000	37.291490
1057.000000	37.406632
1058.000000	37.308963
1059.000000	37.573844
1060.000000	37.533541
1061.000000	37.189475
1062.000000	37.288307
1063.000000	37.482945
1064.000000	37.141024
1065.000000	37.397487
1066.000000	37.382490
1067.000000	37.427204
1068.000000	37.403061
1069.000000	37.552162
1070.000000	37.398792
1071.000000	37.453414
1072.000000	37.279885
1073.000000	37.424586
1074.000000	37.438352
1075.000000	37.342356
1076.000000	37.299164
1077.000000	37.372133
1078.000000	37.480469
1079.000000	37.306548
1080.000000	37.257386
1081.000000	37.337456
1082.000000	37.357378
1083.000000	37.374169
1084.000000	37.166532
1085.000000	37.307513
1086.000000	37.411269
1087.000000	37.360791
1088.000000	37.232880
1089.000000	37.336535
1090.000000	37.088486
1091.000000	37.180544
1092.000000	37.256546
1093.000000	37.113537
1094.000000	37.075294
1095.000000	37.143936
1096.000000	37.069122
1097.000000	37.175604
1098.000000	37.277029
1099.000000	37.127460
1100.000000	36.815789
1101.000000	36.999049
1102.000000	37.134695
1103.000000	37.002777
1104.000000	37.097978
1105.000000	37.022016
1106.000000	37.006000
1107.000000	36.874721
1108.000000	36.954173
1109.000000	37.083041
1110.000000	36.991803
1111.000000	37.052961
1112.000000	36.991920
1113.000000	37.200344
1114.000000	37.143581
1115.000000	36.978930
1116.000000	37.134266
1117.000000	37.094504
1118.000000	37.190408
1119.000000	37.036109
1120.000000	37.149171
1121.000000	36.993790
1122.000000	37.165922
1123.000000	37.137187
1124.000000	37.272323
1125.000000	37.170385
1126.000000	37.335590
1127.000000	37.221740
1128.000000	37.194835
1129.000000	37.289967
1130.000000	37.367326
1131.000000	37.223097
1132.000000	37.323642
1133.000000	37.344391
1134.000000	37.278366
1135.000000	37.227860
1136.000000	37.263558
1137.000000	37.424990
1138.000000	37.254745
1139.000000	37.234965
1140.000000	37.121147
1141.000000	37.345874
1142.000000	37.201617
1143.000000	37.313039
1144.000000	37.343963
1145.000000	37.298009
1146.000000	37.178706
1147.000000	37.249659
1148.000000	37.271156
1149.000000	37.291671
1150.000000	37.263397
1151.000000	37.232242
1152.000000	37.305546
1153.000000	37.339928
1154.000000	37.396893
1155.000000	37.147103
1156.000000	37.402258
1157.000000	37.281339
1158.000000	37.298692
1159.000000	37.233914
1160.000000	37.301866
1161.000000	37.284801
1162.000000	37.258093
1163.000000	37.181093
1164.000000	37.369342
1165.000000	37.210176
1166.000000	37.383536
1167.000000	37.127767
1168.000000	37.408607
1169.000000	37.310240
1170.000000	37.315038
1171.000000	37.187180
1172.000000	37.421715
1173.000000	37.187641
1174.000000	37.271419
1175.000000	37.438025
1176.000000	37.263841
1177.000000	37.259382
1178.000000	37.265550
1179.000000	37.368461
1180.000000	37.285952
1181.000000	37.180455
1182.000000	37.171730
1183.000000	37.264839
1184.000000	37.242881
1185.000000	37.228591
1186.000000	37.238543
1187.000000	37.224988
1188.000000	37.123098
1189.000000	37.246359
1190.000000	37.318363
1191.000000	37.306075
1192.000000	37.223703
1193.000000	37.190113
1194.000000	37.281068
1195.000000	37.309173
1196.000000	37.355447
1197.000000	37.283577
1198.000000	37.347772
1199.000000	37.356998
1200.000000	37.362023
1201.000000	37.460798
1202.000000	37.441733
1203.000000	37.312829
1204.000000	37.608881
1205.000000	37.524873
1206.000000	37.580149
1207.000000	37.397200
1208.000000	37.498973
1209.000000	37.401260
1210.000000	37.443749
1211.000000	37.513765
1212.000000	37.371854
1213.000000	37.310462
1214.000000	37.528019
1215.000000	37.416581
1216.000000	37.438756
1217.000000	37.345058
1218.000000	37.460451
1219.000000	37.290395
1220.000000	37.486605
1221.000000	37.322685
1222.000000	37.380708
1223.000000	37.289930
1224.000000	37.325617
1225.000000	37.520474
1226.000000	37.406382
1227.000000	37.262476
1228.000000	37.472888
1229.000000	37.385672
1230.000000	37.525204
1231.000000	37.360431
1232.000000	37.422890
1233.000000	37.287874
1234.000000	37.362980
1235.000000	37.284445
1236.000000	37.300723
1237.000000	37.407173
1238.000000	37.306940
1239.000000	37.249978
1240.000000	37.402116
1241.000000	37.266232
1242.000000	37.402104
1243.000000	37.329907
1244.000000	37.279509
1245.000000	37.442315
1246.000000	37.302654
1247.000000	37.129751
1248.000000	37.209150
1249.000000	37.268660
1250.000000	37.329891
1251.000000	37.288868
1252.000000	37.412012
1253.000000	37.172768
1254.000000	37.250221
1255.000000	37.201843
1256.000000	37.210535
1257.000000	37.307776
1258.000000	37.437661
1259.000000	37.179078
1260.000000	37.288876
1261.000000	37.212094
1262.000000	37.318544
1263.000000	37.279614
1264.000000	37.238495
1265.000000	37.235243
1266.000000	37.186453
1267.000000	37.214461
1268.000000	37.084863
1269.000000	37.094229
1270.000000	37.376330
1271.000000	37.298033
1272.000000	37.302694
1273.000000	37.246226
1274.000000	37.299859
1275.000000	37.223570
1276.000000	37.219850
1277.000000	37.201261
1278.000000	37.252050
1279.000000	37.138019
1280.000000	37.306289
1281.000000	37.300505
1282.000000	37.353221
1283.000000	37.148565
1284.000000	37.252568
1285.000000	37.390580
1286.000000	37.264750
1287.000000	37.409629
1288.000000	37.316876
1289.000000	37.401272
1290.000000	37.504903
1291.000000	37.162804
1292.000000	37.285911
1293.000000	37.365929
1294.000000	37.453124
1295.000000	37.143851
1296.000000	37.317482
1297.000000	37.209174
1298.000000	37.326881
1299.000000	37.340332
1300.000000	37.411439
1301.000000	37.288707
1302.000000	37.313528
1303.000000	37.323872
1304.000000	37.386896
1305.000000	37.298441
1306.000000	37.344254
1307.000000	37.235982
1308.000000	37.311080
1309.000000	37.302820
1310.000000	37.433485
1311.000000	37.288391
1312.000000	37.284982
1313.000000	37.425027
1314.000000	37.317114
1315.000000	37.267339
1316.000000	37.457854
1317.000000	37.264831
1318.000000	37.241334
1319.000000	37.266527
1320.000000	37.127836
1321.000000	37.283823
1322.000000	37.212571
1323.000000	37.326061
1324.000000	37.324090
1325.000000	37.285960
1326.000000	37.189701
1327.000000	37.365165
1328.000000	37.256037
1329.000000	37.217899
1330.000000	37.286356
1331.000000	37.081716
1332.000000	37.258574
1333.000000	37.279970
1334.000000	37.276977
1335.000000	37.212527
1336.000000	37.277065
1337.000000	37.120686
1338.000000	37.304379
1339.000000	37.321085
1340.000000	37.448830
1341.000000	37.316569
1342.000000	37.567499
1343.000000	37.445683
1344.000000	37.453681
1345.000000	37.544192
1346.000000	37.525717
1347.000000	37.378422
1348.000000	37.396191
1349.000000	37.430112
1350.000000	37.577318
1351.000000	37.262258
1352.000000	37.426699
1353.000000	37.461545
1354.000000	37.338664
1355.000000	37.576034
1356.000000	37.330921
1357.000000	37.453245
1358.000000	37.479435
1359.000000	37.487772
1360.000000	37.426348
1361.000000	37.333885
1362.000000	37.525975
1363.000000	37.606639
1364.000000	37.464845
1365.000000	37.581636
1366.000000	37.679240
1367.000000	37.538020
1368.000000	37.718227
1369.000000	37.480982
1370.000000	37.669760
1371.000000	37.498508
1372.000000	37.683287
1373.000000	37.576692
1374.000000	37.669788
1375.000000	37.517404
1376.000000	37.646958
1377.000000	37.678582
1378.000000	37.538093
1379.000000	37.461089
1380.000000	37.421476
1381.000000	37.554100
1382.000000	37.351803
1383.000000	37.512783
1384.000000	37.463335
1385.000000	37.500443
1386.000000	37.462192
1387.000000	37.470626
1388.000000	37.584270
1389.000000	37.667635
1390.000000	37.516960
1391.000000	37.640278
1392.000000	37.592364
1393.000000	37.651931
1394.000000	37.714511
1395.000000	37.505226
1396.000000	37.503469
1397.000000	37.548773
1398.000000	37.520542
1399.000000	37.439318
1400.000000	37.626096
1401.000000	37.674280
1402.000000	37.592130
1403.000000	37.415898
1404.000000	37.596864
1405.000000	37.491250
1406.000000	37.614830
1407.000000	37.558055
1408.000000	37.725736
1409.000000	37.382300
1410.000000	37.491682
1411.000000	37.538998
1412.000000	37.445974
1413.000000	37.609377
1414.000000	37.502406
1415.000000	37.633605
1416.000000	37.502431
1417.000000	37.341487
1418.000000	37.332758
1419.000000	37.480413
1420.000000	37.479787
1421.000000	37.274040
1422.000000	37.501607
1423.000000	37.336777
1424.000000	37.376511
1425.000000	37.194249
1426.000000	37.362895
1427.000000	37.355524
1428.000000	37.204868
1429.000000	37.368304
1430.000000	37.281783
1431.000000	37.341435
1432.000000	37.238507
1433.000000	37.454549
1434.000000	37.338627
1435.000000	37.319724
1436.000000	37.334188
1437.000000	37.184300
1438.000000	37.387114
1439.000000	37.254591
1440.000000	37.354473
1441.000000	37.186175
1442.000000	37.181566
1443.000000	37.303531
1444.000000	37.096261
1445.000000	37.279247
1446.000000	37.353064
1447.000000	37.257120
1448.000000	37.327754
1449.000000	37.211000
1450.000000	37.304173
1451.000000	36.964994
1452.000000	37.186926
1453.000000	37.384348
1454.000000	37.198369
1455.000000	37.070911
1456.000000	37.058898
1457.000000	37.164262
1458.000000	37.226308
1459.000000	37.121006
1460.000000	37.063301
1461.000000	37.101452
1462.000000	37.026782
1463.000000	37.116126
1464.000000	37.069239
1465.000000	37.106844
1466.000000	37.133733
1467.000000	36.960248
1468.000000	37.177062
1469.000000	37.082706
1470.000000	37.218355
1471.000000	36.988571
1472.000000	37.124520
1473.000000	37.046861
1474.000000	36.948522
1475.000000	36.989718
1476.000000	36.927684
1477.000000	36.862717
1478.000000	36.832406
1479.000000	36.913118
1480.000000	36.821654
1481.000000	36.648488
1482.000000	36.650528
1483.000000	36.751783
1484.000000	36.684235
1485.000000	36.742101
1486.000000	36.838421
1487.000000	36.757818
1488.000000	36.744735
1489.000000	36.754392
1490.000000	36.701281
1491.000000	36.746916
1492.000000	36.654017
1493.000000	36.604751
1494.000000	36.644558
1495.000000	36.779403
1496.000000	36.520977
1497.000000	36.564342
1498.000000	36.551958
1499.000000	36.665679
1500.000000	36.586473
1501.000000	36.825737
1502.000000	36.669742
1503.000000	36.850704
1504.000000	36.759337
1505.000000	36.829025
1506.000000	36.797887
1507.000000	36.783507
1508.000000	36.914475
1509.000000	36.951224
1510.000000	36.967668
1511.000000	37.086171
1512.000000	37.009672
1513.000000	37.034122
1514.000000	37.136306
1515.000000	37.127767
1516.000000	37.429361
1517.000000	37.441915
1518.000000	37.454073
1519.000000	37.474596
1520.000000	37.480720
1521.000000	37.514904
1522.000000	37.446273
1523.000000	37.418701
1524.000000	37.447966
1525.000000	37.525842
1526.000000	37.544317
1527.000000	37.491840
1528.000000	37.447166
1529.000000	37.592493
1530.000000	37.515683
1531.000000	37.705305
1532.000000	37.625397
1533.000000	37.757480
1534.000000	37.677269
1535.000000	38.090353
1536.000000	37.717387
1537.000000	37.909840
1538.000000	37.955956
1539.000000	37.832210
1540.000000	37.777717
1541.000000	37.799621
1542.000000	37.960557
1543.000000	37.791801
1544.000000	37.768293
1545.000000	37.941742
1546.000000	37.689625
1547.000000	37.799355
1548.000000	37.720549
1549.000000	37.803770
1550.000000	37.797998
1551.000000	37.693519
1552.000000	37.824156
1553.000000	37.766815
1554.000000	37.881501
1555.000000	37.698568
1556.000000	37.687795
1557.000000	37.945300
1558.000000	37.856720
1559.000000	37.997362
1560.000000	37.926482
1561.000000	37.824265
1562.000000	37.992462
1563.000000	37.953415
1564.000000	37.873236
1565.000000	37.912663
1566.000000	38.096275
1567.000000	37.887463
1568.000000	37.973724
1569.000000	38.043676
1570.000000	38.178405
1571.000000	38.076281
1572.000000	37.992733
1573.000000	37.942158
1574.000000	38.048713
1575.000000	38.175028
1576.000000	38.031954
1577.000000	37.963974
1578.000000	37.876718
1579.000000	37.936059
1580.000000	37.904128
1581.000000	37.953734
1582.000000	37.871673
1583.000000	37.862262
1584.000000	37.716764
1585.000000	37.756329
1586.000000	37.814958
1587.000000	37.873426
1588.000000	37.803665
1589.000000	37.763078
1590.000000	37.671998
1591.000000	37.675072
1592.000000	37.768321
1593.000000	37.589638
1594.000000	37.669166
1595.000000	37.578336
1596.000000	37.632983
1597.000000	37.519286
1598.000000	37.477920
1599.000000	37.292980
1600.000000	37.182959
1601.000000	37.270126
1602.000000	37.345046
1603.000000	37.231600
1604.000000	37.316908
1605.000000	37.210895
1606.000000	37.164662
1607.000000	37.280091
1608.000000	36.947141
1609.000000	37.059056
1610.000000	37.189826
1611.000000	37.112297
1612.000000	36.993552
1613.000000	37.227136
1614.000000	36.992166
1615.000000	36.907694
1616.000000	36.937293
1617.000000	37.118291
1618.000000	36.821840
1619.000000	36.923018
1620.000000	37.123752
1621.000000	36.798117
1622.000000	36.963601
1623.000000	37.068576
1624.000000	36.806729
1625.000000	37.123566
1626.000000	36.840436
1627.000000	36.806252
1628.000000	36.846414
1629.000000	36.812291
1630.000000	37.018938
1631.000000	37.031448
1632.000000	36.973969
1633.000000	36.960640
1634.000000	36.855434
1635.000000	36.894756
1636.000000	36.991895
1637.000000	36.953171
1638.000000	37.033714
1639.000000	37.121478
1640.000000	36.818035
1641.000000	36.876309
1642.000000	37.079603
1643.000000	37.047661
1644.000000	36.872799
1645.000000	36.867729
1646.000000	36.927942
1647.000000	37.018227
1648.000000	36.808102
1649.000000	36.696680
1650.000000	36.745841
1651.000000	36.746896
1652.000000	36.876725
1653.000000	36.740409
1654.000000	36.595869
1655.000000	36.786092
1656.000000	36.582095
1657.000000	36.617434
1658.000000	36.715519
1659.000000	36.706233
1660.000000	36.846156
1661.000000	36.777889
1662.000000	36.866093
1663.000000	36.672303
1664.000000	36.784036
1665.000000	36.733021
1666.000000	36.817372
1667.000000	36.866889
1668.000000	36.802694
1669.000000	36.925373
1670.000000	36.947480
1671.000000	36.992259
1672.000000	36.897293
1673.000000	36.991685
1674.000000	36.901126
1675.000000	36.782534
1676.000000	36.895762
1677.000000	36.945347
1678.000000	36.997700
1679.000000	36.904543
1680.000000	36.979669
1681.000000	36.963645
1682.000000	37.103415
1683.000000	36.998694
1684.000000	36.945008
1685.000000	37.167275
1686.000000	37.110334
1687.000000	36.899797
1688.000000	36.917295
1689.000000	37.005572
1690.000000	37.080936
1691.000000	36.926222
1692.000000	36.809819
1693.000000	37.010508
1694.000000	36.995640
1695.000000	36.833780
1696.000000	36.962724
1697.000000	36.985433
1698.000000	36.907391
1699.000000	36.788270
1700.000000	36.724381
1701.000000	36.770222
1702.000000	36.751844
1703.000000	36.831429
1704.000000	36.603810
1705.000000	36.902245
1706.000000	36.689951
1707.000000	36.584203
1708.000000	36.514240
1709.000000	36.531633
1710.000000	36.484071
1711.000000	36.512790
1712.000000	36.587629
1713.000000	36.383587
1714.000000	36.630824
1715.000000	36.485735
1716.000000	36.416729
1717.000000	36.511275
1718.000000	36.560457
1719.000000	36.473177
1720.000000	36.584393
1721.000000	36.613577
1722.000000	36.480072
1723.000000	36.385994
1724.000000	36.541739
1725.000000	36.551078
1726.000000	36.604060
1727.000000	36.638979
1728.000000	36.659127
1729.000000	36.650701
1730.000000	36.696539
1731.000000	36.744682
1732.000000	36.778046
1733.000000	36.682171
1734.000000	36.890398
1735.000000	36.655258
1736.000000	36.858726
1737.000000	36.744254
1738.000000	36.778099
1739.000000	36.698271
1740.000000	36.742469
1741.000000	36.838817
1742.000000	36.885841
1743.000000	36.835722
1744.000000	36.755443
1745.000000	36.904652
1746.000000	36.795112
1747.000000	36.900532
1748.000000	36.847028
1749.000000	36.955429
1750.000000	36.794450
1751.000000	36.879851
1752.000000	36.824207
1753.000000	37.088538
1754.000000	37.225307
1755.000000	37.007721
1756.000000	37.183266
1757.000000	37.307271
1758.000000	37.238669
1759.000000	37.403211
1760.000000	37.496634
1761.000000	37.587820
1762.000000	37.686014
1763.000000	37.581701
1764.000000	37.704724
1765.000000	37.754935
1766.000000	37.767324
1767.000000	37.706133
1768.000000	38.031530
1769.000000	37.971576
1770.000000	38.046907
1771.000000	38.080284
1772.000000	38.081015
1773.000000	38.100455
1774.000000	38.148276
1775.000000	38.104781
1776.000000	38.121779
1777.000000	38.205625
1778.000000	38.237826
1779.000000	38.203169
1780.000000	38.245161
1781.000000	38.232858
1782.000000	38.312976
1783.000000	38.278307
1784.000000	38.266860
1785.000000	38.242911
1786.000000	38.256140
1787.000000	38.335434
1788.000000	38.368899
1789.000000	38.373597
1790.000000	38.523242
1791.000000	38.464778
1792.000000	38.401540
1793.000000	38.290077
1794.000000	38.364181
1795.000000	38.245836
1796.000000	38.441472
1797.000000	38.290275
1798.000000	38.305091
1799.000000	38.407292
1800.000000	38.454139
1801.000000	38.474630
1802.000000	38.462238
1803.000000	38.562552
1804.000000	38.437489
1805.000000	38.430784
1806.000000	38.333657
1807.000000	38.161933
1808.000000	38.093128
1809.000000	37.813169
1810.000000	37.420543
1811.000000	36.724078
1812.000000	35.770091
1813.000000	35.424866
1814.000000	35.851430
1815.000000	36.087507
1816.000000	36.351277
1817.000000	36.745490
1818.000000	36.802944
1819.000000	37.420741
1820.000000	37.461735
1821.000000	37.202558
1822.000000	37.065890
1823.000000	37.433622
1824.000000	37.701597
1825.000000	38.895850
1826.000000	39.054721
1827.000000	38.563970
1828.000000	38.362052
1829.000000	38.117113
1830.000000	38.242495
1831.000000	38.055155
1832.000000	38.073356
1833.000000	38.169797
1834.000000	38.041689
1835.000000	37.942671
1836.000000	38.015187
1837.000000	38.071627
1838.000000	37.990746
1839.000000	37.943616
1840.000000	38.147383
1841.000000	38.236408
1842.000000	38.028622
1843.000000	37.969532
1844.000000	38.065149
1845.000000	38.106252
1846.000000	38.132398
1847.000000	38.141260
1848.000000	38.236828
1849.000000	38.073809
1850.000000	38.294088
1851.000000	37.995104
1852.000000	38.003219
1853.000000	38.204296
1854.000000	38.112816
1855.000000	38.145727
1856.000000	37.998610
1857.000000	38.008854
1858.000000	38.222097
1859.000000	37.985753
1860.000000	37.880176
1861.000000	38.048668
1862.000000	37.926308
1863.000000	38.002811
1864.000000	37.982995
1865.000000	37.937270
1866.000000	38.097923
1867.000000	37.984275
1868.000000	37.776307
1869.000000	37.944412
1870.000000	37.932512
1871.000000	37.998004
1872.000000	37.782261
1873.000000	37.925011
1874.000000	37.778213
1875.000000	37.908511
1876.000000	37.739586
1877.000000	37.793837
1878.000000	37.718101
1879.000000	37.612585
1880.000000	37.754083
1881.000000	37.596084
1882.000000	37.710269
1883.000000	37.863566
1884.000000	37.747778
1885.000000	37.734618
1886.000000	37.813193
1887.000000	37.761099
1888.000000	37.785678
1889.000000	37.953767
1890.000000	37.817139
1891.000000	37.902145
1892.000000	37.891974
1893.000000	37.854228
1894.000000	37.822140
1895.000000	37.857847
1896.000000	37.765962
1897.000000	37.933413
1898.000000	37.913952
1899.000000	37.980749
1900.000000	37.915935
1901.000000	38.029543
1902.000000	37.855545
1903.000000	38.073126
1904.000000	37.985604
1905.000000	37.969443
1906.000000	38.054113
1907.000000	37.955903
1908.000000	37.931054
1909.000000	37.938014
1910.000000	38.031986
1911.000000	37.913568
1912.000000	37.951093
1913.000000	37.991307
1914.000000	37.918682
1915.000000	37.862928
1916.000000	37.868842
1917.000000	37.877853
1918.000000	37.839739
1919.000000	37.899916
1920.000000	37.792743
1921.000000	38.087332
1922.000000	37.992212
1923.000000	37.968760
1924.000000	38.000254
1925.000000	37.933675
1926.000000	37.835094
1927.000000	37.919861
1928.000000	37.913806
1929.000000	37.818472
1930.000000	37.879134
1931.000000	37.902783
1932.000000	37.848734
1933.000000	38.045473
1934.000000	37.995718
1935.000000	37.706537
1936.000000	37.798773
1937.000000	37.768333
1938.000000	37.903292
1939.000000	37.738487
1940.000000	37.891276
1941.000000	37.852313
1942.000000	37.677132
1943.000000	37.570677
1944.000000	37.659003
1945.000000	37.893138
1946.000000	37.727258
1947.000000	37.764642
1948.000000	37.657327
1949.000000	37.730021
1950.000000	37.773536
1951.000000	37.767013
1952.000000	37.892774
1953.000000	37.854785
1954.000000	37.767348
1955.000000	37.744958
1956.000000	37.862468
1957.000000	37.732110
1958.000000	37.780504
1959.000000	37.892148
1960.000000	37.772235
1961.000000	37.729605
1962.000000	37.760590
1963.000000	37.630519
1964.000000	37.764322
1965.000000	37.685638
1966.000000	37.873919
1967.000000	37.692464
1968.000000	37.871435
1969.000000	37.697925
1970.000000	37.589044
1971.000000	37.683190
1972.000000	37.631605
1973.000000	37.497070
1974.000000	37.538404
1975.000000	37.666456
1976.000000	37.614128
1977.000000	37.731653
1978.000000	37.632559
1979.000000	37.649216
1980.000000	37.620606
1981.000000	37.573400
1982.000000	37.535928
1983.000000	37.524117
1984.000000	37.581846
1985.000000	37.680997
1986.000000	37.705410
1987.000000	37.571501
1988.000000	37.725299
1989.000000	37.474499
1990.000000	37.652294
1991.000000	37.857847
1992.000000	37.674013
1993.000000	37.783549
1994.000000	37.594638
1995.000000	37.750601
1996.000000	37.869593
1997.000000	37.667377
1998.000000	37.796414
1999.000000	37.828861
2000.000000	37.706384
2001.000000	37.581272
2002.000000	37.798785
2003.000000	37.927895
2004.000000	37.769525
2005.000000	37.874266
2006.000000	37.770777
2007.000000	37.990023
2008.000000	37.846424
2009.000000	37.904343
2010.000000	37.929988
2011.000000	37.770612
2012.000000	37.727961
2013.000000	37.863768
2014.000000	37.948592
2015.000000	37.884078
2016.000000	37.886469
2017.000000	38.019222
2018.000000	37.846371
2019.000000	37.740701
2020.000000	37.776040
2021.000000	37.920867
2022.000000	37.851828
2023.000000	37.686030
2024.000000	37.971592
2025.000000	37.983213
2026.000000	37.966765
2027.000000	37.716914
2028.000000	37.738152
2029.000000	37.832985
2030.000000	37.829302
2031.000000	37.610415
2032.000000	37.794391
2033.000000	37.803426
2034.000000	37.695260
2035.000000	37.700717
2036.000000	37.666783
2037.000000	37.788679
2038.000000	37.726875
2039.000000	37.736500
2040.000000	37.586124
2041.000000	37.613421
2042.000000	37.636222
2043.000000	37.683223
2044.000000	37.671246
2045.000000	37.718950
2046.000000	37.790618
2047.000000	37.790436
2048.000000	37.509540
2049.000000	37.689063
2050.000000	37.585162
2051.000000	37.572176
2052.000000	37.642806
2053.000000	37.633665
2054.000000	37.637575
2055.000000	37.540630
2056.000000	37.606481
2057.000000	37.677608
2058.000000	37.660441
2059.000000	37.597126
2060.000000	37.468061
2061.000000	37.609575
2062.000000	37.662671
2063.000000	37.652512
2064.000000	37.671719
2065.000000	37.530039
2066.000000	37.439895
2067.000000	37.555748
2068.000000	37.522138
2069.000000	37.687670
2070.000000	37.614216
2071.000000	37.448446
2072.000000	37.592142
2073.000000	37.672963
2074.000000	37.664093
2075.000000	37.628346
2076.000000	37.635148
2077.000000	37.562502
2078.000000	37.498311
2079.000000	37.477052
2080.000000	37.648966
2081.000000	37.491460
2082.000000	37.621665
2083.000000	37.428044
2084.000000	37.592913
2085.000000	37.519315
2086.000000	37.539999
2087.000000	37.568100
2088.000000	37.507459
2089.000000	37.412275
2090.000000	37.676913
2091.000000	37.512892
2092.000000	37.375106
2093.000000	37.458363
2094.000000	37.589803
2095.000000	37.472577
2096.000000	37.563532
2097.000000	37.607527
2098.000000	37.753291
2099.000000	37.484731
2100.000000	37.679458
2101.000000	37.610674
2102.000000	37.618260
2103.000000	37.698592
2104.000000	37.465726
2105.000000	37.651959
2106.000000	37.595612
2107.000000	37.666234
2108.000000	37.588523
2109.000000	37.627396
2110.000000	37.595765
2111.000000	37.688175
2112.000000	37.507282
2113.000000	37.648110
2114.000000	37.526084
2115.000000	37.566170
2116.000000	37.643687
2117.000000	37.510889
2118.000000	37.612168
2119.000000	37.333603
2120.000000	37.685755
2121.000000	37.404580
2122.000000	37.562769
2123.000000	37.569110
2124.000000	37.496396
2125.000000	37.679111
2126.000000	37.481810
2127.000000	37.499256
2128.000000	37.430011
2129.000000	37.339912
2130.000000	37.664351
2131.000000	37.537556
2132.000000	37.511341
2133.000000	37.335101
2134.000000	37.486035
2135.000000	37.372218
2136.000000	37.444815
2137.000000	37.683675
2138.000000	37.465573
2139.000000	37.354986
2140.000000	37.402771
2141.000000	37.441616
2142.000000	37.320588
2143.000000	37.427349
2144.000000	37.449331
2145.000000	37.443454
2146.000000	37.600778
2147.000000	37.383734
2148.000000	37.460378
2149.000000	37.517578
2150.000000	37.407642
2151.000000	37.316803
2152.000000	37.697097
2153.000000	37.430124
2154.000000	37.508162
2155.000000	37.351884
2156.000000	37.445950
2157.000000	37.485256
2158.000000	37.475186
2159.000000	37.479286
2160.000000	37.533181
2161.000000	37.475178
2162.000000	37.567050
2163.000000	37.482226
2164.000000	37.582464
2165.000000	37.551010
2166.000000	37.485122
2167.000000	37.486932
2168.000000	37.659112
2169.000000	37.559889
2170.000000	37.574511
2171.000000	37.436490
2172.000000	37.492611
2173.000000	37.344105
2174.000000	37.466631
2175.000000	37.628188
2176.000000	37.555005
2177.000000	37.624771
2178.000000	37.646421
2179.000000	37.593087
2180.000000	37.615376
2181.000000	37.611631
2182.000000	37.454966
2183.000000	37.574858
2184.000000	37.596262
2185.000000	37.561254
2186.000000	37.519076
2187.000000	37.450264
2188.000000	37.608719
2189.000000	37.522130
2190.000000	37.406103
2191.000000	37.618926
2192.000000	37.563629
2193.000000	37.491735
2194.000000	37.543708
2195.000000	37.599877
2196.000000	37.616725
2197.000000	37.537944
2198.000000	37.532705
2199.000000	37.395039
2200.000000	37.633148
2201.000000	37.490422
2202.000000	37.550332
2203.000000	37.481435
2204.000000	37.518026
2205.000000	37.628362
2206.000000	37.503545
2207.000000	37.515304
2208.000000	37.654661
2209.000000	37.616636
2210.000000	37.603383
2211.000000	37.414028
2212.000000	37.460039
2213.000000	37.586354
2214.000000	37.499316
2215.000000	37.473962
2216.000000	37.369003
2217.000000	37.381985
2218.000000	37.508405
2219.000000	37.489525
2220.000000	37.275094
2221.000000	37.330634
2222.000000	37.308967
2223.000000	37.211226
2224.000000	37.249017
2225.000000	37.179999
2226.000000	37.226632
2227.000000	37.206496
2228.000000	36.987315
2229.000000	37.173911
2230.000000	37.316569
2231.000000	37.204182
2232.000000	37.097562
2233.000000	37.251998
2234.000000	37.264156
2235.000000	37.154135
2236.000000	37.275535
2237.000000	37.203410
2238.000000	37.221425
2239.000000	37.233119
2240.000000	37.358500
2241.000000	37.176590
2242.000000	37.300925
2243.000000	37.256558
2244.000000	37.165393
2245.000000	37.065232
2246.000000	37.327007
2247.000000	37.254660
2248.000000	37.166762
2249.000000	37.288258
2250.000000	37.218921
2251.000000	37.244651
2252.000000	37.224103
2253.000000	37.132946
2254.000000	37.152261
2255.000000	37.172320
2256.000000	37.078069
2257.000000	37.388399
2258.000000	37.222911
2259.000000	37.117681
2260.000000	37.226276
2261.000000	37.114006
2262.000000	37.176444
2263.000000	37.253888
2264.000000	37.243669
2265.000000	37.119681
2266.000000	37.171807
2267.000000	37.167562
2268.000000	37.173310
2269.000000	37.110952
2270.000000	37.259511
2271.000000	37.123781
2272.000000	37.336620
2273.000000	37.184979
2274.000000	37.228227
2275.000000	37.101839
2276.000000	37.031096
2277.000000	37.388193
2278.000000	37.396700
2279.000000	37.240135
2280.000000	37.221966
2281.000000	37.409294
2282.000000	37.222956
2283.000000	37.352886
2284.000000	37.296636
2285.000000	37.275422
2286.000000	37.412614
2287.000000	37.324906
2288.000000	37.367387
2289.000000	37.394470
2290.000000	37.512819
2291.000000	37.366369
2292.000000	37.450236
2293.000000	37.409867
2294.000000	37.409476
2295.000000	37.393654
2296.000000	37.204820
2297.000000	37.292766
2298.000000	37.558826
2299.000000	37.473065
2300.000000	37.387405
2301.000000	37.220779
2302.000000	37.348608
2303.000000	37.394801
2304.000000	37.370287
2305.000000	37.443203
2306.000000	37.307663
2307.000000	37.290387
2308.000000	37.182370
2309.000000	37.344561
2310.000000	37.185460
2311.000000	37.268955
2312.000000	37.278200
2313.000000	37.446136
2314.000000	37.202901
2315.000000	37.326938
2316.000000	37.203475
2317.000000	37.330189
2318.000000	37.352215
2319.000000	37.286594
2320.000000	37.368615
2321.000000	37.207873
2322.000000	37.334940
2323.000000	37.277845
2324.000000	37.275595
2325.000000	37.249805
2326.000000	37.368821
2327.000000	37.303139
2328.000000	37.336353
2329.000000	37.283621
2330.000000	37.148472
2331.000000	37.237424
2332.000000	37.190804
2333.000000	37.252337
2334.000000	37.111219
2335.000000	37.180063
2336.000000	37.321000
2337.000000	37.213658
2338.000000	37.412861
2339.000000	37.182757
2340.000000	37.304702
2341.000000	37.277986
2342.000000	37.404031
2343.000000	37.345704
2344.000000	37.288226
2345.000000	37.468505
2346.000000	37.429377
2347.000000	37.313104
2348.000000	37.499676
2349.000000	37.326284
2350.000000	37.498856
2351.000000	37.390835
2352.000000	37.482812
2353.000000	37.392321
2354.000000	37.587828
2355.000000	37.474156
2356.000000	37.397568
2357.000000	37.312663
2358.000000	37.447743
2359.000000	37.222693
2360.000000	37.306499
2361.000000	37.217119
2362.000000	37.238596
2363.000000	37.370751
2364.000000	37.215140
2365.000000	37.354122
2366.000000	37.287923
2367.000000	37.290868
2368.000000	37.424086
2369.000000	37.402492
2370.000000	37.481596
2371.000000	37.567438
2372.000000	37.440299
2373.000000	37.455297
2374.000000	37.346278
2375.000000	37.394159
2376.000000	37.446063
2377.000000	37.573683
2378.000000	37.587561
2379.000000	37.428492
2380.000000	37.427959
2381.000000	37.543223
2382.000000	37.497022
2383.000000	37.611837
2384.000000	37.409492
2385.000000	37.585986
2386.000000	37.580137
2387.000000	37.505096
2388.000000	37.559707
2389.000000	37.473542
2390.000000	37.517420
2391.000000	37.578736
2392.000000	37.616660
2393.000000	37.572099
2394.000000	37.510764
2395.000000	37.470597
2396.000000	37.593923
2397.000000	37.648404
2398.000000	37.538424
2399.000000	37.528512
2400.000000	37.691010
2401.000000	37.626225
2402.000000	37.656556
2403.000000	37.550178
2404.000000	37.649067
2405.000000	37.532115
2406.000000	37.691273
2407.000000	37.812874
2408.000000	37.711594
2409.000000	37.754527
2410.000000	37.923129
2411.000000	37.880677
2412.000000	37.678004
2413.000000	37.648227
2414.000000	37.807615
2415.000000	37.769327
2416.000000	37.880135
2417.000000	37.889280
2418.000000	37.757205
2419.000000	37.712612
2420.000000	37.679410
2421.000000	37.734056
2422.000000	37.884853
2423.000000	37.797670
2424.000000	37.882902
2425.000000	37.711219
2426.000000	37.876229
2427.000000	37.823352
2428.000000	37.830202
2429.000000	37.887519
2430.000000	37.872942
2431.000000	37.846779
2432.000000	37.845321
2433.000000	37.957386
2434.000000	37.826094
2435.000000	37.858534
2436.000000	37.905005
2437.000000	37.929862
2438.000000	37.840304
2439.000000	37.747850
2440.000000	37.862625
2441.000000	37.925872
2442.000000	37.931648
2443.000000	37.771985
2444.000000	38.007961
2445.000000	37.953023
2446.000000	37.804598
2447.000000	37.852204
2448.000000	37.828639
2449.000000	37.935489
2450.000000	37.910624
2451.000000	38.167640
2452.000000	37.812329
2453.000000	37.910999
2454.000000	37.800381
2455.000000	37.965654
2456.000000	37.970752
2457.000000	37.939746
2458.000000	37.967112
2459.000000	37.931712
2460.000000	37.911936
2461.000000	38.037056
2462.000000	38.039580
2463.000000	37.976241
2464.000000	38.023863
2465.000000	38.022894
2466.000000	38.083285
2467.000000	37.990507
2468.000000	38.010368
2469.000000	37.965816
2470.000000	38.215772
2471.000000	38.039588
2472.000000	38.072334
2473.000000	38.098953
2474.000000	38.107799
2475.000000	38.159715
2476.000000	38.123075
2477.000000	38.150118
2478.000000	38.172075
2479.000000	38.185550
2480.000000	38.038784
2481.000000	38.061731
2482.000000	38.002052
2483.000000	38.166642
2484.000000	38.003094
2485.000000	38.124053
2486.000000	38.145186
2487.000000	38.096408
2488.000000	38.108328
2489.000000	38.142435
2490.000000	38.036854
2491.000000	37.889931
2492.000000	38.078922
2493.000000	38.134207
2494.000000	38.144653
2495.000000	38.085478
2496.000000	38.200580
2497.000000	38.134850
2498.000000	38.166323
2499.000000	38.020216
2500.000000	38.108308
2501.000000	38.118729
2502.000000	38.186915
2503.000000	38.013891
2504.000000	38.155676
2505.000000	38.146103
2506.000000	38.266242
2507.000000	38.071256
2508.000000	38.051544
2509.000000	38.135350
2510.000000	38.142484
2511.000000	37.928255
2512.000000	38.155841
2513.000000	37.993771
2514.000000	37.918169
2515.000000	38.006592
2516.000000	38.093536
2517.000000	38.098460
2518.000000	38.151164
2519.000000	38.135504
2520.000000	38.043801
2521.000000	38.160301
2522.000000	38.107803
2523.000000	38.121132
2524.000000	38.141183
2525.000000	38.186196
2526.000000	38.005634
2527.000000	38.054045
2528.000000	38.229978
2529.000000	38.241893
2530.000000	38.249002
2531.000000	38.064619
2532.000000	38.122187
2533.000000	38.249309
2534.000000	38.239078
2535.000000	38.219467
2536.000000	38.314676
2537.000000	38.225870
2538.000000	38.338932
2539.000000	38.319265
2540.000000	38.315234
2541.000000	38.202676
2542.000000	38.315836
2543.000000	38.346263
2544.000000	38.411933
2545.000000	38.431127
2546.000000	38.370987
2547.000000	38.385961
2548.000000	38.480834
2549.000000	38.393094
2550.000000	38.219007
2551.000000	38.291180
2552.000000	38.287860
2553.000000	38.347346
2554.000000	38.355452
2555.000000	38.359564
2556.000000	38.288001
2557.000000	38.451893
2558.000000	38.327501
2559.000000	38.454608
2560.000000	38.403972
2561.000000	38.406852
2562.000000	38.370555
2563.000000	38.265180
2564.000000	38.324306
2565.000000	38.605429
2566.000000	38.492209
2567.000000	38.469605
2568.000000	38.435744
2569.000000	38.486295
2570.000000	38.588189
2571.000000	38.478908
2572.000000	38.481545
2573.000000	38.470668
2574.000000	38.521186
2575.000000	38.539629
2576.000000	38.479921
2577.000000	38.330421
2578.000000	38.477777
2579.000000	38.472776
2580.000000	38.333273
2581.000000	38.575086
2582.000000	38.589199
2583.000000	38.538369
2584.000000	38.508410
2585.000000	38.470142
2586.000000	38.481392
2587.000000	38.508560
2588.000000	38.372894
2589.000000	38.345649
2590.000000	38.450536
2591.000000	38.530642
2592.000000	38.694280
2593.000000	38.628905
2594.000000	38.549812
2595.000000	38.451170
2596.000000	38.530000
2597.000000	38.520738
2598.000000	38.519962
2599.000000	38.518440
2600.000000	38.543786
2601.000000	38.509517
2602.000000	38.472320
2603.000000	38.551363
2604.000000	38.450007
2605.000000	38.460065
2606.000000	38.342600
2607.000000	38.308565
2608.000000	38.440575
2609.000000	38.481933
2610.000000	38.368035
2611.000000	38.516529
2612.000000	38.226177
2613.000000	38.373439
2614.000000	38.106850
2615.000000	38.180735
2616.000000	38.073494
2617.000000	38.209846
2618.000000	38.151103
2619.000000	38.116669
2620.000000	38.269675
2621.000000	38.210573
2622.000000	38.104515
2623.000000	38.096202
2624.000000	37.889842
2625.000000	38.044165
2626.000000	38.217832
2627.000000	38.055636
2628.000000	38.092732
2629.000000	38.051286
2630.000000	37.929087
2631.000000	38.104390
2632.000000	38.072827
2633.000000	38.046043
2634.000000	38.106821
2635.000000	38.027111
2636.000000	38.132717
2637.000000	38.051411
2638.000000	38.020761
2639.000000	37.971111
2640.000000	37.825472
2641.000000	38.032641
2642.000000	38.003784
2643.000000	37.995112
2644.000000	37.824733
2645.000000	37.875361
2646.000000	38.016294
2647.000000	37.812894
2648.000000	37.784765
2649.000000	38.043959
2650.000000	37.690631
2651.000000	37.894301
2652.000000	37.837756
2653.000000	37.825767
2654.000000	37.907695
2655.000000	37.742143
2656.000000	37.807175
2657.000000	37.919348
2658.000000	37.807914
2659.000000	37.729464
2660.000000	37.774344
2661.000000	37.677087
2662.000000	37.570338
2663.000000	37.586604
2664.000000	37.781093
2665.000000	37.877930
2666.000000	37.543817
2667.000000	37.747604
2668.000000	37.586075
2669.000000	37.677354
2670.000000	37.662477
2671.000000	37.622598
2672.000000	37.640859
2673.000000	37.635915
2674.000000	37.645306
2675.000000	37.562821
2676.000000	37.651321
2677.000000	37.774412
2678.000000	37.679749
2679.000000	37.812345
2680.000000	37.784652
2681.000000	37.803741
2682.000000	37.806593
2683.000000	37.850786
2684.000000	37.787641
2685.000000	37.875777
2686.000000	37.656204
2687.000000	37.691693
2688.000000	37.827084
2689.000000	37.769586
2690.000000	37.501029
2691.000000	37.475032
2692.000000	37.570661
2693.000000	37.526347
2694.000000	37.595155
2695.000000	37.536804
2696.000000	37.372000
2697.000000	37.477452
2698.000000	37.195166
2699.000000	37.188469
2700.000000	37.173213
2701.000000	37.207397
2702.000000	37.299039
2703.000000	37.160356
2704.000000	37.273616
2705.000000	37.177991
2706.000000	37.122686
2707.000000	37.276706
2708.000000	37.225905
2709.000000	37.090958
2710.000000	37.212834
2711.000000	37.264370
2712.000000	37.105398
2713.000000	37.170615
2714.000000	37.241892
2715.000000	37.177995
2716.000000	37.184010
2717.000000	37.075774
2718.000000	37.236762
2719.000000	37.091253
2720.000000	37.120949
2721.000000	37.300428
2722.000000	37.204214
2723.000000	37.109276
2724.000000	37.286105
2725.000000	37.123486
2726.000000	37.189507
2727.000000	37.155525
2728.000000	37.076154
2729.000000	37.193340
2730.000000	37.222709
2731.000000	37.277150
2732.000000	37.138116
2733.000000	37.450405
2734.000000	37.222584
2735.000000	37.315745
2736.000000	37.375187
2737.000000	37.243382
2738.000000	37.148594
2739.000000	37.485543
2740.000000	37.414807
2741.000000	37.530806
2742.000000	37.456343
2743.000000	37.613990
2744.000000	37.644450
2745.000000	37.540856
2746.000000	37.579624
2747.000000	37.531618
2748.000000	37.501922
2749.000000	37.600830
2750.000000	37.585372
2751.000000	37.541494
2752.000000	37.656301
2753.000000	37.504325
2754.000000	37.694751
2755.000000	37.463165
2756.000000	37.529881
2757.000000	37.834528
2758.000000	37.583664
2759.000000	37.754709
2760.000000	37.801677
2761.000000	37.721995
2762.000000	37.670228
2763.000000	37.726035
2764.000000	37.746425
2765.000000	37.651066
2766.000000	37.735462
2767.000000	37.612124
2768.000000	37.629327
2769.000000	37.474810
2770.000000	37.621685
2771.000000	37.563015
2772.000000	37.628988
2773.000000	37.542043
2774.000000	37.604215
2775.000000	37.761903
2776.000000	37.555546
2777.000000	37.656051
2778.000000	37.713440
2779.000000	37.672240
2780.000000	37.676360
2781.000000	37.791991
2782.000000	37.482481
2783.000000	37.534967
2784.000000	37.499240
2785.000000	37.758878
2786.000000	37.621398
2787.000000	37.605205
2788.000000	37.409581
2789.000000	37.562684
2790.000000	37.336551
2791.000000	37.418067
2792.000000	37.503226
2793.000000	37.529502
2794.000000	37.574402
2795.000000	37.400468
2796.000000	37.426299
2797.000000	37.425625
2798.000000	37.549754
2799.000000	37.549641
2800.000000	37.452239
2801.000000	37.526763
2802.000000	37.502221
2803.000000	37.542278
2804.000000	37.499450
2805.000000	37.433865
2806.000000	37.648950
2807.000000	37.465423
2808.000000	37.310745
2809.000000	37.422292
2810.000000	37.441612
2811.000000	37.493427
2812.000000	37.463351
2813.000000	37.535229
2814.000000	37.489242
2815.000000	37.684022
2816.000000	37.447687
2817.000000	37.602192
2818.000000	37.423108
2819.000000	37.553083
2820.000000	37.564017
2821.000000	37.423496
2822.000000	37.496089
2823.000000	37.465459
2824.000000	37.483058
2825.000000	37.379472
2826.000000	37.578005
2827.000000	37.330343
2828.000000	37.323387
2829.000000	37.287967
2830.000000	37.296995
2831.000000	37.300780
2832.000000	37.487825
2833.000000	37.544354
2834.000000	37.414706
2835.000000	37.316872
2836.000000	37.423334
2837.000000	37.437629
2838.000000	37.439006
2839.000000	37.359951
2840.000000	37.497034
2841.000000	37.428072
2842.000000	37.542019
2843.000000	37.316824
2844.000000	37.230307
2845.000000	37.501251
2846.000000	37.520704
2847.000000	37.369794
2848.000000	37.355544
2849.000000	37.396247
2850.000000	37.227278
2851.000000	37.362968
2852.000000	37.466881
2853.000000	37.375498
2854.000000	37.529518
2855.000000	37.600091
2856.000000	37.532127
2857.000000	37.496869
2858.000000	37.572099
2859.000000	37.519896
2860.000000	37.468852
2861.000000	37.391642
2862.000000	37.367738
2863.000000	37.507524
2864.000000	37.481027
2865.000000	37.382445
2866.000000	37.279804
2867.000000	37.384574
2868.000000	37.236293
2869.000000	37.382801
2870.000000	37.562946
2871.000000	37.354086
2872.000000	37.405840
2873.000000	37.448523
2874.000000	37.296563
2875.000000	37.321804
2876.000000	37.241363
2877.000000	37.373720
2878.000000	37.335053
2879.000000	37.399236
2880.000000	37.170183
2881.000000	37.444912
2882.000000	37.378806
2883.000000	37.261131
2884.000000	37.356481
2885.000000	37.317316
2886.000000	37.184947
2887.000000	37.210721
2888.000000	37.202756
2889.000000	37.070358
2890.000000	37.220096
2891.000000	37.210038
2892.000000	37.062412
2893.000000	37.206169
2894.000000	37.297726
2895.000000	37.197489
2896.000000	37.242954
2897.000000	37.278451
2898.000000	37.273168
2899.000000	37.100830
2900.000000	37.275001
2901.000000	37.187354
2902.000000	37.118853
2903.000000	37.094056
2904.000000	37.353157
2905.000000	37.178650
2906.000000	37.127335
2907.000000	37.069126
2908.000000	37.022012
2909.000000	36.935879
2910.000000	37.088336
2911.000000	37.173136
2912.000000	37.103855
2913.000000	37.129908
2914.000000	37.175608
2915.000000	37.290940
2916.000000	37.257463
2917.000000	37.156927
2918.000000	37.019786
2919.000000	37.103956
2920.000000	37.163519
2921.000000	37.302836
2922.000000	37.014572
2923.000000	37.181836
2924.000000	37.049556
2925.000000	37.170514
2926.000000	37.113868
2927.000000	37.042039
2928.000000	36.981305
2929.000000	37.113868
2930.000000	37.187617
2931.000000	37.168895
2932.000000	37.015998
2933.000000	37.378580
2934.000000	37.268914
2935.000000	37.285685
2936.000000	37.213601
2937.000000	37.254979
2938.000000	37.343644
2939.000000	37.279041
2940.000000	37.164694
2941.000000	37.328303
2942.000000	37.221154
2943.000000	37.303765
2944.000000	37.198886
2945.000000	37.113977
2946.000000	36.980719
2947.000000	37.219817
2948.000000	37.138831
2949.000000	37.125655
2950.000000	37.166483
2951.000000	37.218331
2952.000000	37.214740
2953.000000	37.222544
2954.000000	37.056665
2955.000000	37.457502
2956.000000	37.365335
2957.000000	37.205967
2958.000000	37.235930
2959.000000	37.327617
2960.000000	37.255427
2961.000000	37.307699
2962.000000	37.234763
2963.000000	37.263603
2964.000000	37.188832
2965.000000	36.986418
2966.000000	37.034380
2967.000000	37.134270
2968.000000	37.112980
2969.000000	37.071747
2970.000000	36.990575
2971.000000	37.139881
2972.000000	37.150617
2973.000000	37.177361
2974.000000	37.130829
2975.000000	37.140111
2976.000000	37.203115
2977.000000	37.406030
2978.000000	37.422389
2979.000000	37.219228
2980.000000	37.183654
2981.000000	36.993184
2982.000000	37.090033
2983.000000	37.280713
2984.000000	37.041534
2985.000000	36.994969
2986.000000	37.196236
2987.000000	37.083473
2988.000000	37.069021
2989.000000	36.929776
2990.000000	37.006166
2991.000000	37.179881
2992.000000	37.159067
2993.000000	37.155917
2994.000000	37.132723
2995.000000	37.095813
2996.000000	37.241237
2997.000000	37.158179
2998.000000	37.114947
2999.000000	37.147051
3000.000000	37.114026
3001.000000	37.170139
3002.000000	37.095886
3003.000000	36.957651
3004.000000	36.797879
3005.000000	37.047645
3006.000000	37.103189
3007.000000	37.121228
3008.000000	37.141763
3009.000000	37.079341
3010.000000	37.093587
3011.000000	37.238612
3012.000000	37.193191
3013.000000	37.197957
3014.000000	37.160622
3015.000000	37.070426
3016.000000	37.058438
3017.000000	37.197561
3018.000000	37.203580
3019.000000	37.169194
3020.000000	37.179364
3021.000000	37.178322
3022.000000	37.133289
3023.000000	37.097962
3024.000000	37.048013
3025.000000	37.183719
3026.000000	37.035830
3027.000000	37.177389
3028.000000	37.097885
3029.000000	37.106614
3030.000000	37.072406
3031.000000	37.231357
3032.000000	37.212761
3033.000000	37.230295
3034.000000	37.255892
3035.000000	37.229188
3036.000000	37.377263
3037.000000	37.206641
3038.000000	37.177010
3039.000000	37.260270
3040.000000	37.128401
3041.000000	37.379731
3042.000000	37.415094
3043.000000	37.167404
3044.000000	37.137276
3045.000000	37.150742
3046.000000	37.110912
3047.000000	37.310228
3048.000000	37.271722
3049.000000	37.275486
3050.000000	37.357123
3051.000000	37.329046
3052.000000	37.352644
3053.000000	37.419436
3054.000000	37.381363
3055.000000	37.501384
3056.000000	37.348055
3057.000000	37.502402
3058.000000	37.413596
3059.000000	37.378168
3060.000000	37.384396
3061.000000	37.408514
3062.000000	37.352203
3063.000000	37.294745
3064.000000	37.083622
3065.000000	36.981240
3066.000000	37.137982
3067.000000	36.816035
3068.000000	36.949908
3069.000000	36.977641
3070.000000	37.226418
3071.000000	37.294725
3072.000000	37.500136
3073.000000	37.659593
3074.000000	37.102324
3075.000000	37.012742
3076.000000	37.083368
3077.000000	37.038266
3078.000000	37.117217
3079.000000	37.458334
3080.000000	37.598423
3081.000000	37.562967
3082.000000	37.141537
3083.000000	37.066532
3084.000000	37.046983
3085.000000	37.018829
3086.000000	37.079704
3087.000000	37.014467
3088.000000	37.212777
3089.000000	37.264176
3090.000000	37.154959
3091.000000	37.189862
3092.000000	37.040584
3093.000000	37.258873
3094.000000	37.330852
3095.000000	37.262019
3096.000000	37.253012
3097.000000	37.366696
3098.000000	37.354631
3099.000000	37.508821
3100.000000	37.475073
3101.000000	37.327503
3102.000000	37.216982
3103.000000	37.285633
3104.000000	37.342069
3105.000000	37.419267
3106.000000	37.365266
3107.000000	37.374363
3108.000000	37.424700
3109.000000	37.475840
3110.000000	37.403251
3111.000000	37.424445
3112.000000	37.522384
3113.000000	37.543865
3114.000000	37.456884
3115.000000	37.410562
3116.000000	37.295900
3117.000000	37.507698
3118.000000	37.284841
3119.000000	37.296934
3120.000000	37.394987
3121.000000	37.385891
3122.000000	37.468121
3123.000000	37.572124
3124.000000	37.452736
3125.000000	37.340352
3126.000000	37.410550
3127.000000	37.483353
3128.000000	37.382623
3129.000000	37.446176
3130.000000	37.525377
3131.000000	37.391953
3132.000000	37.334120
3133.000000	37.421779
3134.000000	37.414997
3135.000000	37.379933
3136.000000	37.320378
3137.000000	37.427632
3138.000000	37.332726
3139.000000	37.322725
3140.000000	37.298195
3141.000000	37.323803
3142.000000	37.311270
3143.000000	37.358246
3144.000000	37.263817
3145.000000	37.131912
3146.000000	37.340986
3147.000000	37.334919
3148.000000	37.119309
3149.000000	37.307356
3150.000000	37.234136
3151.000000	37.022477
3152.000000	37.134820
3153.000000	37.140002
3154.000000	37.251134
3155.000000	37.285932
3156.000000	37.179243
3157.000000	37.277873
3158.000000	37.242978
3159.000000	37.164751
3160.000000	37.196022
3161.000000	37.178961
3162.000000	37.104513
3163.000000	37.177979
3164.000000	37.134230
3165.000000	37.258966
3166.000000	37.037927
3167.000000	37.126717
3168.000000	37.020671
3169.000000	37.137106
3170.000000	37.032425
3171.000000	37.043808
3172.000000	37.153021
3173.000000	36.984750
3174.000000	37.117443
3175.000000	37.155767
3176.000000	37.124689
3177.000000	37.194657
3178.000000	37.238164
3179.000000	37.129274
3180.000000	37.247304
3181.000000	37.240595
3182.000000	37.138794
3183.000000	37.131326
3184.000000	37.304746
3185.000000	37.277413
3186.000000	37.337185
3187.000000	37.278015
3188.000000	37.241831
3189.000000	37.200461
3190.000000	37.220363
3191.000000	37.186805
3192.000000	37.448378
3193.000000	37.312433
3194.000000	37.441959
3195.000000	37.263183
3196.000000	37.378790
3197.000000	37.279844
3198.000000	37.255528
3199.000000	37.259709
3200.000000	37.461339
3201.000000	37.321618
3202.000000	37.274270
3203.000000	37.257758
3204.000000	37.277356
3205.000000	37.305393
3206.000000	37.354554
3207.000000	37.242348
3208.000000	37.298170
3209.000000	37.288872
3210.000000	37.191300
3211.000000	37.093757
3212.000000	37.343911
3213.000000	37.345765
3214.000000	37.247704
3215.000000	37.386351
3216.000000	37.226393
3217.000000	37.365521
3218.000000	37.373357
3219.000000	37.353011
3220.000000	37.250790
3221.000000	37.363610
3222.000000	37.468642
3223.000000	37.359018
3224.000000	37.237138
3225.000000	37.237921
3226.000000	37.344185
3227.000000	37.279905
3228.000000	37.386218
3229.000000	37.206512
3230.000000	37.255395
3231.000000	37.273778
3232.000000	37.278722
3233.000000	37.305659
3234.000000	37.352555
3235.000000	37.313132
3236.000000	37.317773
3237.000000	37.106214
3238.000000	37.339674
3239.000000	37.355794
3240.000000	37.303421
3241.000000	37.350866
3242.000000	37.426206
3243.000000	37.402831
3244.000000	37.193381
3245.000000	37.381294
3246.000000	37.272384
3247.000000	37.228995
3248.000000	37.382538
3249.000000	37.313746
3250.000000	37.389506
3251.000000	37.303151
3252.000000	37.190036
3253.000000	37.284635
3254.000000	37.118340
3255.000000	37.535605
3256.000000	37.409395
3257.000000	37.428969
3258.000000	37.259830
3259.000000	37.252624
3260.000000	37.201039
3261.000000	37.421363
3262.000000	37.297149
3263.000000	37.326582
3264.000000	37.485886
3265.000000	37.443870
3266.000000	37.397491
3267.000000	37.340017
3268.000000	37.233405
3269.000000	37.295626
3270.000000	37.418002
3271.000000	37.173827
3272.000000	37.386492
3273.000000	37.337242
3274.000000	37.338288
3275.000000	37.358698
3276.000000	37.196224
3277.000000	37.306988
3278.000000	37.167885
3279.000000	37.236863
3280.000000	37.269722
3281.000000	37.125065
3282.000000	37.162670
3283.000000	37.161422
3284.000000	37.201819
3285.000000	37.096298
3286.000000	37.057380
3287.000000	37.198987
3288.000000	37.094625
3289.000000	37.060292
3290.000000	37.117540
3291.000000	37.083396
3292.000000	37.084358
3293.000000	37.281190
3294.000000	37.310882
3295.000000	37.047128
3296.000000	37.107769
3297.000000	37.130865
3298.000000	37.284631
3299.000000	37.193328
3300.000000	37.182576
3301.000000	37.172082
3302.000000	37.152924
3303.000000	37.208508
3304.000000	37.263413
3305.000000	37.112871
3306.000000	37.157314
3307.000000	37.016187
3308.000000	37.249768
3309.000000	37.147115
3310.000000	37.124504
3311.000000	37.123098
3312.000000	37.270744
3313.000000	37.167534
3314.000000	37.314069
3315.000000	37.185516
3316.000000	37.230428
3317.000000	37.153146
3318.000000	37.351622
3319.000000	37.251263
3320.000000	37.297140
3321.000000	37.331434
3322.000000	37.381023
3323.000000	37.196418
3324.000000	37.478389
3325.000000	37.360245
3326.000000	37.307344
3327.000000	37.439293
3328.000000	37.492684
3329.000000	37.369394
3330.000000	37.535407
3331.000000	37.481285
3332.000000	37.585570
3333.000000	37.492793
3334.000000	37.592021
3335.000000	37.538004
3336.000000	37.485510
3337.000000	37.542003
3338.000000	37.662962
3339.000000	37.593342
3340.000000	37.691394
3341.000000	37.650327
3342.000000	37.572758
3343.000000	37.711655
3344.000000	37.692533
3345.000000	37.690045
3346.000000	37.679127
3347.000000	37.604664
3348.000000	37.708823
3349.000000	37.686499
3350.000000	37.808794
3351.000000	37.675104
3352.000000	37.864681
3353.000000	37.907319
3354.000000	37.755077
3355.000000	37.802627
3356.000000	37.694767
3357.000000	37.920722
3358.000000	37.907295
3359.000000	37.820722
3360.000000	37.812123
3361.000000	37.713578
3362.000000	37.865606
3363.000000	37.679595
3364.000000	37.653179
3365.000000	37.791834
3366.000000	37.743460
3367.000000	37.573230
3368.000000	37.570148
3369.000000	37.609523
3370.000000	37.663459
3371.000000	37.801794
3372.000000	37.766516
3373.000000	37.740826
3374.000000	37.750258
3375.000000	37.700777
3376.000000	37.662800
3377.000000	37.804315
3378.000000	37.922580
3379.000000	37.841553
3380.000000	37.791272
3381.000000	37.951416
3382.000000	37.877740
3383.000000	37.676614
3384.000000	37.796854
3385.000000	37.853598
3386.000000	37.835453
3387.000000	37.620203
3388.000000	37.743698
3389.000000	37.715016
3390.000000	37.813375
3391.000000	37.751821
3392.000000	37.858138
3393.000000	37.741836
3394.000000	37.953185
3395.000000	38.035856
3396.000000	38.197696
3397.000000	38.322666
3398.000000	38.074673
3399.000000	38.054077
3400.000000	38.127910
3401.000000	38.198241
3402.000000	38.165293
3403.000000	38.177161
3404.000000	38.224412
3405.000000	38.219064
3406.000000	38.248691
3407.000000	38.171178
3408.000000	38.191585
3409.000000	38.302789
3410.000000	38.277019
3411.000000	38.229380
3412.000000	38.124368
3413.000000	38.049917
3414.000000	38.183951
3415.000000	38.234457
3416.000000	38.077727
3417.000000	38.110966
3418.000000	38.249418
3419.000000	38.022393
3420.000000	38.019917
3421.000000	38.173739
3422.000000	38.212948
3423.000000	38.038809
3424.000000	38.044532
3425.000000	38.019578
3426.000000	38.029442
3427.000000	37.927786
3428.000000	37.900913
3429.000000	38.070004
3430.000000	38.076640
3431.000000	37.954215
3432.000000	38.042327
3433.000000	38.092668
3434.000000	37.944678
3435.000000	37.943394
3436.000000	38.022062
3437.000000	38.081289
3438.000000	38.087498
3439.000000	37.736706
3440.000000	37.760792
3441.000000	37.991109
3442.000000	37.942739
3443.000000	37.914081
3444.000000	38.136183
3445.000000	38.002484
3446.000000	37.897985
3447.000000	37.800062
3448.000000	37.994745
3449.000000	37.905146
3450.000000	37.900299
3451.000000	37.913463
3452.000000	38.006975
3453.000000	37.977982
3454.000000	37.889482
3455.000000	37.875179
3456.000000	37.855112
3457.000000	37.893130
3458.000000	37.952583
3459.000000	37.848116
3460.000000	37.975538
3461.000000	37.803204
3462.000000	37.954360
3463.000000	37.866503
3464.000000	37.971127
3465.000000	37.989203
3466.000000	37.862815
3467.000000	37.883169
3468.000000	38.013507
3469.000000	38.049226
3470.000000	37.816833
3471.000000	38.026784
3472.000000	37.807114
3473.000000	37.987599
3474.000000	37.576829
3475.000000	37.738382
3476.000000	37.816227
3477.000000	37.942768
3478.000000	37.924583
3479.000000	38.173953
3480.000000	37.997362
3481.000000	36.921900
3482.000000	36.666834
3483.000000	36.530946
3484.000000	36.725241
3485.000000	37.350204
3486.000000	38.388166
3487.000000	38.360619
3488.000000	38.077573
3489.000000	37.911258
3490.000000	37.761976
3491.000000	37.764734
3492.000000	37.652735
3493.000000	37.684863
3494.000000	37.866103
3495.000000	38.021626
3496.000000	37.877712
3497.000000	38.044278
3498.000000	38.029716
3499.000000	37.899564
3500.000000	37.891227
3501.000000	37.833947
3502.000000	38.095164
3503.000000	38.187832
3504.000000	38.110558
3505.000000	38.138650
3506.000000	38.198023
3507.000000	38.296257
3508.000000	38.283433
3509.000000	38.282104
3510.000000	38.323195
3511.000000	38.236255
3512.000000	38.398373
3513.000000	38.347960
3514.000000	38.269364
3515.000000	38.432420
3516.000000	38.240791
3517.000000	38.359480
3518.000000	38.161012
3519.000000	38.222772
3520.000000	38.343209
3521.000000	38.199437
3522.000000	37.974233
3523.000000	38.075275
3524.000000	38.234227
3525.000000	38.138699
3526.000000	38.153656
3527.000000	38.224367
3528.000000	38.135302
3529.000000	38.172721
3530.000000	38.179144
3531.000000	38.243457
3532.000000	38.233358
3533.000000	37.928816
3534.000000	38.031788
3535.000000	38.016758
3536.000000	38.183175
3537.000000	38.290994
3538.000000	38.064325
3539.000000	38.372494
3540.000000	38.338698
3541.000000	38.322189
3542.000000	38.576015
3543.000000	38.646205
3544.000000	38.341105
3545.000000	37.211024
3546.000000	36.836227
3547.000000	37.250120
3548.000000	38.234663
3549.000000	39.093344
3550.000000	38.711192
3551.000000	38.221879
3552.000000	38.272959
3553.000000	38.225785
3554.000000	38.350157
3555.000000	38.048927
3556.000000	38.164053
3557.000000	38.297982
3558.000000	38.311174
3559.000000	38.113914
3560.000000	38.383149
3561.000000	38.065762
3562.000000	38.261839
3563.000000	38.112743
3564.000000	38.062297
3565.000000	38.137358
3566.000000	38.232567
3567.000000	38.106676
3568.000000	38.089372
3569.000000	38.178158
3570.000000	38.199146
3571.000000	38.031659
3572.000000	38.288882
3573.000000	38.189969
3574.000000	38.175452
3575.000000	38.191593
3576.000000	38.307171
3577.000000	38.195046
3578.000000	38.190890
3579.000000	38.282976
3580.000000	38.169260
3581.000000	38.259698
3582.000000	38.302256
3583.000000	38.308387
3584.000000	38.283607
3585.000000	38.249027
3586.000000	38.216721
3587.000000	38.382148
3588.000000	38.215521
3589.000000	38.172580
3590.000000	38.195507
3591.000000	38.280286
3592.000000	38.339687
3593.000000	38.139765
3594.000000	38.215400
3595.000000	38.315856
3596.000000	38.178768
3597.000000	38.239183
3598.000000	38.293959
3599.000000	38.209551
3600.000000	38.200883
3601.000000	38.350787
3602.000000	38.213881

