0.000000	34.728678
1.000000	35.236870
2.000000	35.520019
3.000000	35.243034
4.000000	35.272618
5.000000	35.198329
6.000000	35.088243
7.000000	35.103006
8.000000	35.086059
9.000000	34.970266
10.000000	34.889634
11.000000	34.885439
12.000000	34.936845
13.000000	34.782705
14.000000	34.775960
15.000000	34.668466
16.000000	34.644094
17.000000	34.627283
18.000000	34.699918
19.000000	34.559260
20.000000	34.507989
21.000000	34.312481
22.000000	34.278107
23.000000	34.385975
24.000000	34.201077
25.000000	34.102761
26.000000	34.065251
27.000000	34.170963
28.000000	34.225935
29.000000	34.330645
30.000000	34.351565
31.000000	34.201728
32.000000	34.136347
33.000000	33.906794
34.000000	34.281122
35.000000	34.077637
36.000000	34.201263
37.000000	34.084060
38.000000	34.227396
39.000000	33.990526
40.000000	34.351716
41.000000	34.162601
42.000000	34.273182
43.000000	34.296823
44.000000	34.258827
45.000000	34.298083
46.000000	34.412157
47.000000	34.279697
48.000000	34.301534
49.000000	34.432111
50.000000	34.476222
51.000000	34.419045
52.000000	34.348823
53.000000	34.477554
54.000000	34.539184
55.000000	34.568266
56.000000	34.566734
57.000000	34.623324
58.000000	34.626696
59.000000	34.703777
60.000000	34.674709
61.000000	34.594549
62.000000	34.665659
63.000000	34.684961
64.000000	34.730754
65.000000	34.656430
66.000000	34.773319
67.000000	34.773698
68.000000	34.822777
69.000000	34.643550
70.000000	34.779304
71.000000	34.804012
72.000000	34.618019
73.000000	34.582593
74.000000	34.745246
75.000000	34.807835
76.000000	34.737979
77.000000	34.636634
78.000000	34.710528
79.000000	34.767347
80.000000	34.609778
81.000000	34.686988
82.000000	34.828791
83.000000	34.820708
84.000000	34.786320
85.000000	34.915459
86.000000	34.692078
87.000000	34.797260
88.000000	34.855654
89.000000	34.734349
90.000000	34.847056
91.000000	34.841085
92.000000	34.713070
93.000000	34.853149
94.000000	34.869967
95.000000	35.001869
96.000000	34.819928
97.000000	34.827216
98.000000	34.756959
99.000000	34.908228
100.000000	34.845080
101.000000	34.921437
102.000000	34.933050
103.000000	34.767691
104.000000	34.994645
105.000000	35.011992
106.000000	34.916476
107.000000	34.894896
108.000000	35.043237
109.000000	34.852218
110.000000	34.886656
111.000000	34.817529
112.000000	34.908042
113.000000	35.017799
114.000000	34.911643
115.000000	34.946496
116.000000	34.990965
117.000000	34.745439
118.000000	34.835457
119.000000	34.817014
120.000000	34.853177
121.000000	34.993026
122.000000	34.937554
123.000000	34.735287
124.000000	34.903903
125.000000	34.759751
126.000000	34.918652
127.000000	34.871026
128.000000	34.883083
129.000000	34.765937
130.000000	34.929714
131.000000	34.812346
132.000000	34.743141
133.000000	34.800919
134.000000	34.887744
135.000000	34.870360
136.000000	34.812632
137.000000	34.677079
138.000000	34.851394
139.000000	34.769517
140.000000	34.795750
141.000000	34.766911
142.000000	34.912631
143.000000	34.788547
144.000000	34.762078
145.000000	34.781058
146.000000	34.865356
147.000000	34.641331
148.000000	34.776032
149.000000	34.834383
150.000000	34.707622
151.000000	34.612957
152.000000	34.500923
153.000000	34.797855
154.000000	34.757224
155.000000	34.865306
156.000000	34.820336
157.000000	34.702889
158.000000	34.745568
159.000000	34.763560
160.000000	34.664778
161.000000	34.561407
162.000000	34.755634
163.000000	34.752033
164.000000	34.794611
165.000000	34.754252
166.000000	34.780686
167.000000	34.780593
168.000000	34.733232
169.000000	34.713800
170.000000	34.445529
171.000000	34.617818
172.000000	34.578612
173.000000	34.593533
174.000000	34.662824
175.000000	34.658313
176.000000	34.731084
177.000000	34.763080
178.000000	34.674086
179.000000	34.760324
180.000000	34.732688
181.000000	34.647502
182.000000	34.620732
183.000000	34.604265
184.000000	34.506794
185.000000	34.682033
186.000000	34.617446
187.000000	34.677537
188.000000	34.675181
189.000000	34.682506
190.000000	34.580137
191.000000	34.665158
192.000000	34.578397
193.000000	34.658313
194.000000	34.642898
195.000000	34.710435
196.000000	34.621641
197.000000	34.686565
198.000000	34.741165
199.000000	34.640915
200.000000	34.620582
201.000000	34.633741
202.000000	34.550711
203.000000	34.820236
204.000000	34.522352
205.000000	34.592308
206.000000	34.729222
207.000000	34.624069
208.000000	34.576378
209.000000	34.371204
210.000000	34.348523
211.000000	34.421129
212.000000	34.399907
213.000000	34.546866
214.000000	34.616895
215.000000	34.587318
216.000000	34.647545
217.000000	34.581290
218.000000	34.703999
219.000000	34.517075
220.000000	34.636097
221.000000	34.770469
222.000000	34.536392
223.000000	34.614854
224.000000	34.612083
225.000000	34.508999
226.000000	34.565009
227.000000	34.438004
228.000000	34.685591
229.000000	34.555887
230.000000	34.479966
231.000000	34.498954
232.000000	34.466979
233.000000	34.493190
234.000000	34.613787
235.000000	34.647688
236.000000	34.619952
237.000000	34.640572
238.000000	34.697362
239.000000	34.708352
240.000000	34.659129
241.000000	34.710951
242.000000	34.521979
243.000000	34.596475
244.000000	34.631794
245.000000	34.755527
246.000000	34.685348
247.000000	34.807878
248.000000	34.519960
249.000000	34.517698
250.000000	34.543150
251.000000	34.499799
252.000000	34.525960
253.000000	34.570901
254.000000	34.655120
255.000000	34.742396
256.000000	34.762321
257.000000	34.919748
258.000000	34.780328
259.000000	34.872823
260.000000	34.774493
261.000000	34.767956
262.000000	34.741845
263.000000	34.866007
264.000000	34.731606
265.000000	34.632166
266.000000	34.667793
267.000000	34.704192
268.000000	34.536313
269.000000	34.656502
270.000000	34.634200
271.000000	34.547790
272.000000	34.665430
273.000000	34.587418
274.000000	34.686071
275.000000	34.949124
276.000000	34.837920
277.000000	34.878687
278.000000	34.899829
279.000000	34.845853
280.000000	35.036414
281.000000	35.123010
282.000000	34.979223
283.000000	35.053225
284.000000	35.062239
285.000000	35.092023
286.000000	35.090097
287.000000	35.082551
288.000000	35.069055
289.000000	34.988724
290.000000	35.057599
291.000000	35.018028
292.000000	35.154054
293.000000	35.120604
294.000000	35.066728
295.000000	35.177087
296.000000	35.269561
297.000000	35.167657
298.000000	35.293109
299.000000	35.393594
300.000000	35.309189
301.000000	35.236683
302.000000	35.511091
303.000000	35.380671
304.000000	35.262601
305.000000	35.236540
306.000000	35.266919
307.000000	35.346305
308.000000	35.268028
309.000000	35.209047
310.000000	35.268265
311.000000	35.337083
312.000000	35.314251
313.000000	35.552732
314.000000	35.336346
315.000000	35.354510
316.000000	35.588709
317.000000	35.520248
318.000000	35.461833
319.000000	35.523112
320.000000	35.480577
321.000000	35.444986
322.000000	35.472758
323.000000	35.503795
324.000000	35.426149
325.000000	35.547240
326.000000	35.434383
327.000000	35.203119
328.000000	35.345732
329.000000	35.513898
330.000000	35.312160
331.000000	35.385654
332.000000	35.303254
333.000000	35.342524
334.000000	35.485173
335.000000	35.631631
336.000000	35.569292
337.000000	35.542092
338.000000	35.411930
339.000000	35.466816
340.000000	35.595031
341.000000	35.543768
342.000000	35.728458
343.000000	35.613546
344.000000	35.583697
345.000000	35.632025
346.000000	35.452804
347.000000	35.482274
348.000000	35.476775
349.000000	35.624271
350.000000	35.390881
351.000000	35.519876
352.000000	35.575707
353.000000	35.441958
354.000000	35.474119
355.000000	35.732911
356.000000	35.558932
357.000000	35.592940
358.000000	35.504297
359.000000	35.556347
360.000000	35.678355
361.000000	35.370726
362.000000	35.639141
363.000000	35.606615
364.000000	35.560650
365.000000	35.617362
366.000000	35.459878
367.000000	35.341178
368.000000	35.289472
369.000000	35.592081
370.000000	35.422569
371.000000	35.400231
372.000000	35.421739
373.000000	35.486369
374.000000	35.348152
375.000000	35.470675
376.000000	35.539386
377.000000	35.525317
378.000000	35.530981
379.000000	35.415202
380.000000	35.525912
381.000000	35.354245
382.000000	35.455733
383.000000	35.649251
384.000000	35.428870
385.000000	35.436545
386.000000	35.482016
387.000000	35.392334
388.000000	35.410935
389.000000	35.487693
390.000000	35.190719
391.000000	35.232001
392.000000	35.595417
393.000000	35.381366
394.000000	35.435371
395.000000	35.556147
396.000000	35.499879
397.000000	35.504934
398.000000	35.361949
399.000000	35.391411
400.000000	35.558237
401.000000	35.534768
402.000000	35.690920
403.000000	35.463136
404.000000	35.647898
405.000000	35.506974
406.000000	35.436173
407.000000	35.520549
408.000000	35.465756
409.000000	35.377707
410.000000	35.356056
411.000000	35.463880
412.000000	35.499822
413.000000	35.512323
414.000000	35.661787
415.000000	35.497402
416.000000	35.631881
417.000000	35.533916
418.000000	35.576745
419.000000	35.392470
420.000000	35.605183
421.000000	35.635110
422.000000	35.420020
423.000000	35.460422
424.000000	35.502263
425.000000	35.512573
426.000000	35.408450
427.000000	35.504877
428.000000	35.488481
429.000000	35.500953
430.000000	35.473224
431.000000	35.589052
432.000000	35.511471
433.000000	35.517864
434.000000	35.592926
435.000000	35.539902
436.000000	35.515774
437.000000	35.593513
438.000000	35.623204
439.000000	35.629189
440.000000	35.535255
441.000000	35.580518
442.000000	35.560772
443.000000	35.503681
444.000000	35.551121
445.000000	35.384022
446.000000	35.526943
447.000000	35.500889
448.000000	35.530129
449.000000	35.381695
450.000000	35.354524
451.000000	35.593806
452.000000	35.641912
453.000000	35.687004
454.000000	35.538663
455.000000	35.549560
456.000000	35.674231
457.000000	35.628774
458.000000	35.577053
459.000000	35.715893
460.000000	35.656145
461.000000	35.575492
462.000000	35.487808
463.000000	35.548457
464.000000	35.498734
465.000000	35.481021
466.000000	35.511156
467.000000	35.532706
468.000000	35.544054
469.000000	35.535871
470.000000	35.536894
471.000000	35.710129
472.000000	35.498655
473.000000	35.472064
474.000000	35.680023
475.000000	35.605276
476.000000	35.665918
477.000000	35.605133
478.000000	35.583948
479.000000	35.566571
480.000000	35.665904
481.000000	35.587814
482.000000	35.598840
483.000000	35.518952
484.000000	35.369574
485.000000	35.441779
486.000000	35.581105
487.000000	35.508199
488.000000	35.734587
489.000000	35.474584
490.000000	35.555925
491.000000	35.610610
492.000000	35.553175
493.000000	35.502213
494.000000	35.614319
495.000000	35.558287
496.000000	35.609006
497.000000	35.406861
498.000000	35.567738
499.000000	35.640716
500.000000	35.291670
501.000000	35.519160
502.000000	35.523527
503.000000	35.445595
504.000000	35.588200
505.000000	35.618815
506.000000	35.499399
507.000000	35.488581
508.000000	35.543632
509.000000	35.319442
510.000000	35.685113
511.000000	35.713645
512.000000	35.532699
513.000000	35.654284
514.000000	35.551751
515.000000	35.469014
516.000000	35.661952
517.000000	35.462198
518.000000	35.444020
519.000000	35.495440
520.000000	35.638397
521.000000	35.385031
522.000000	35.545350
523.000000	35.588544
524.000000	35.480462
525.000000	35.405357
526.000000	35.550784
527.000000	35.501447
528.000000	35.575270
529.000000	35.460157
530.000000	35.647776
531.000000	35.461167
532.000000	35.576974
533.000000	35.516833
534.000000	35.612701
535.000000	35.455804
536.000000	35.520112
537.000000	35.299975
538.000000	35.633091
539.000000	35.556297
540.000000	35.471155
541.000000	35.265114
542.000000	35.423894
543.000000	35.330224
544.000000	35.531260
545.000000	35.513225
546.000000	35.523993
547.000000	35.504039
548.000000	35.339195
549.000000	35.461675
550.000000	35.595246
551.000000	35.499356
552.000000	35.339589
553.000000	35.398713
554.000000	35.417457
555.000000	35.416684
556.000000	35.546066
557.000000	35.338973
558.000000	35.453112
559.000000	35.467654
560.000000	35.493077
561.000000	35.302001
562.000000	35.341536
563.000000	35.302824
564.000000	35.459076
565.000000	35.302302
566.000000	35.492125
567.000000	35.391783
568.000000	35.487257
569.000000	35.260876
570.000000	35.305251
571.000000	35.416691
572.000000	35.468269
573.000000	35.407620
574.000000	35.530322
575.000000	35.522561
576.000000	35.405221
577.000000	35.264914
578.000000	35.396651
579.000000	35.313721
580.000000	35.391446
581.000000	35.251712
582.000000	35.408107
583.000000	35.401076
584.000000	35.364963
585.000000	35.463981
586.000000	35.436330
587.000000	35.412546
588.000000	35.357989
589.000000	35.390337
590.000000	35.347078
591.000000	35.277143
592.000000	35.440318
593.000000	35.407727
594.000000	35.465241
595.000000	35.456363
596.000000	35.473660
597.000000	35.444986
598.000000	35.370984
599.000000	35.423378
600.000000	35.223696
601.000000	35.344164
602.000000	35.340749
603.000000	35.246779
604.000000	35.468899
605.000000	35.301550
606.000000	35.177774
607.000000	35.103564
608.000000	35.378745
609.000000	35.379876
610.000000	35.157899
611.000000	35.287846
612.000000	35.249972
613.000000	35.264842
614.000000	35.269296
615.000000	35.252914
616.000000	35.097013
617.000000	35.207472
618.000000	35.335472
619.000000	35.373082
620.000000	35.180072
621.000000	35.262952
622.000000	35.197878
623.000000	35.302158
624.000000	35.410398
625.000000	35.231371
626.000000	35.322177
627.000000	35.186895
628.000000	35.321131
629.000000	35.305838
630.000000	35.179907
631.000000	35.298292
632.000000	35.205052
633.000000	35.336217
634.000000	35.215548
635.000000	35.368135
636.000000	35.219192
637.000000	35.264477
638.000000	35.207995
639.000000	35.371614
640.000000	35.178712
641.000000	35.294018
642.000000	35.256279
643.000000	35.220839
644.000000	35.290925
645.000000	35.364662
646.000000	35.314036
647.000000	35.460744
648.000000	35.426521
649.000000	35.376554
650.000000	35.460730
651.000000	35.385282
652.000000	35.312905
653.000000	35.296696
654.000000	35.444886
655.000000	35.392728
656.000000	35.443619
657.000000	35.377342
658.000000	35.405007
659.000000	35.409045
660.000000	35.250115
661.000000	35.330210
662.000000	35.306017
663.000000	35.340176
664.000000	35.433917
665.000000	35.373404
666.000000	35.501218
667.000000	35.405064
668.000000	35.518759
669.000000	35.330847
670.000000	35.314008
671.000000	35.424782
672.000000	35.337391
673.000000	35.409038
674.000000	35.425992
675.000000	35.416605
676.000000	35.356049
677.000000	35.456076
678.000000	35.453420
679.000000	35.461410
680.000000	35.417715
681.000000	35.503810
682.000000	35.477756
683.000000	35.369108
684.000000	35.379934
685.000000	35.445981
686.000000	35.509065
687.000000	35.557056
688.000000	35.528847
689.000000	35.402787
690.000000	35.565275
691.000000	35.345517
692.000000	35.467453
693.000000	35.380814
694.000000	35.459771
695.000000	35.495705
696.000000	35.455260
697.000000	35.527200
698.000000	35.300555
699.000000	35.425254
700.000000	35.477992
701.000000	35.263367
702.000000	35.517850
703.000000	35.464639
704.000000	35.468856
705.000000	35.445222
706.000000	35.337513
707.000000	35.361140
708.000000	35.465735
709.000000	35.340155
710.000000	35.385790
711.000000	35.425218
712.000000	35.290109
713.000000	35.403682
714.000000	35.342517
715.000000	35.189229
716.000000	35.360567
717.000000	35.351861
718.000000	35.225565
719.000000	35.299653
720.000000	35.298929
721.000000	35.311280
722.000000	35.260754
723.000000	35.218942
724.000000	35.241674
725.000000	35.230913
726.000000	35.300798
727.000000	35.328327
728.000000	35.226059
729.000000	35.190568
730.000000	35.500373
731.000000	35.333425
732.000000	35.242612
733.000000	35.268938
734.000000	35.220717
735.000000	35.356099
736.000000	35.199976
737.000000	35.254890
738.000000	35.308681
739.000000	35.146866
740.000000	35.206677
741.000000	35.220080
742.000000	35.132890
743.000000	35.222457
744.000000	35.373225
745.000000	35.233283
746.000000	35.380442
747.000000	35.202367
748.000000	35.312024
749.000000	35.094085
750.000000	35.265737
751.000000	35.425161
752.000000	35.285627
753.000000	35.430975
754.000000	35.181798
755.000000	35.209849
756.000000	35.244208
757.000000	35.301056
758.000000	35.262859
759.000000	35.232917
760.000000	35.258642
761.000000	35.243127
762.000000	35.206441
763.000000	35.214975
764.000000	35.068196
765.000000	35.129353
766.000000	35.289472
767.000000	35.307578
768.000000	35.330761
769.000000	35.188213
770.000000	35.030343
771.000000	35.226803
772.000000	35.295901
773.000000	35.120611
774.000000	35.243593
775.000000	35.212870
776.000000	35.173235
777.000000	35.159030
778.000000	35.105977
779.000000	35.166340
780.000000	35.225142
781.000000	34.920098
782.000000	35.209491
783.000000	35.182249
784.000000	35.148713
785.000000	35.080073
786.000000	35.220209
787.000000	35.099404
788.000000	35.083660
789.000000	35.229817
790.000000	35.108197
791.000000	35.167793
792.000000	35.102061
793.000000	35.195680
794.000000	34.922189
795.000000	35.088200
796.000000	35.144582
797.000000	34.854845
798.000000	35.054750
799.000000	35.032813
800.000000	35.064208
801.000000	34.938749
802.000000	35.071768
803.000000	35.117955
804.000000	35.118234
805.000000	35.005162
806.000000	34.951586
807.000000	34.989941
808.000000	34.907240
809.000000	34.843304
810.000000	34.860222
811.000000	34.881766
812.000000	34.850464
813.000000	34.860201
814.000000	34.823952
815.000000	34.940188
816.000000	35.101416
817.000000	34.796380
818.000000	34.680601
819.000000	34.938463
820.000000	34.851652
821.000000	34.774715
822.000000	34.719435
823.000000	34.834297
824.000000	34.698615
825.000000	34.737012
826.000000	34.748238
827.000000	34.686844
828.000000	34.784473
829.000000	34.783743
830.000000	34.833868
831.000000	34.702739
832.000000	34.843132
833.000000	34.558107
834.000000	34.707872
835.000000	34.549873
836.000000	34.779884
837.000000	34.478957
838.000000	34.653688
839.000000	34.527979
840.000000	34.885131
841.000000	34.771113
842.000000	34.775237
843.000000	34.692901
844.000000	34.642941
845.000000	34.532232
846.000000	34.697877
847.000000	34.675518
848.000000	34.551126
849.000000	34.659029
850.000000	34.490577
851.000000	34.519438
852.000000	34.662122
853.000000	34.613465
854.000000	34.565453
855.000000	34.614804
856.000000	34.616587
857.000000	34.581569
858.000000	34.352059
859.000000	34.485716
860.000000	34.344370
861.000000	34.423785
862.000000	34.485544
863.000000	34.540394
864.000000	34.611539
865.000000	34.540165
866.000000	34.539592
867.000000	34.609950
868.000000	34.451414
869.000000	34.516824
870.000000	34.406566
871.000000	34.473494
872.000000	34.406730
873.000000	34.442772
874.000000	34.405699
875.000000	34.438376
876.000000	34.481821
877.000000	34.364947
878.000000	34.364532
879.000000	34.324087
880.000000	34.270934
881.000000	34.452524
882.000000	34.263137
883.000000	34.368298
884.000000	34.450734
885.000000	34.211143
886.000000	34.282668
887.000000	34.353391
888.000000	34.157009
889.000000	34.222584
890.000000	34.397537
891.000000	34.314851
892.000000	34.420856
893.000000	34.398733
894.000000	34.292054
895.000000	34.298047
896.000000	34.311565
897.000000	34.379159
898.000000	34.406867
899.000000	34.315044
900.000000	34.460113
901.000000	34.467745
902.000000	34.431431
903.000000	34.484119
904.000000	34.442529
905.000000	34.364997
906.000000	34.382588
907.000000	34.338914
908.000000	34.503407
909.000000	34.330738
910.000000	34.509765
911.000000	34.370660
912.000000	34.301197
913.000000	34.350241
914.000000	34.397251
915.000000	34.447827
916.000000	34.263624
917.000000	34.246226
918.000000	34.197246
919.000000	34.279833
920.000000	34.225606
921.000000	34.462819
922.000000	34.251280
923.000000	34.367474
924.000000	34.434388
925.000000	34.304212
926.000000	34.470344
927.000000	34.272365
928.000000	34.480024
929.000000	34.241944
930.000000	34.471210
931.000000	34.390235
932.000000	34.481019
933.000000	34.429956
934.000000	34.379696
935.000000	34.476702
936.000000	34.447813
937.000000	34.405084
938.000000	34.311686
939.000000	34.303811
940.000000	34.332256
941.000000	34.474561
942.000000	34.339974
943.000000	34.382817
944.000000	34.370975
945.000000	34.317965
946.000000	34.273898
947.000000	34.369916
948.000000	34.486790
949.000000	34.344885
950.000000	34.372071
951.000000	34.492167
952.000000	34.515672
953.000000	34.474547
954.000000	34.451242
955.000000	34.259829
956.000000	34.359305
957.000000	34.227926
958.000000	34.392583
959.000000	34.310741
960.000000	34.368190
961.000000	34.412451
962.000000	34.412415
963.000000	34.406151
964.000000	34.267168
965.000000	34.331576
966.000000	34.207420
967.000000	34.375436
968.000000	34.311765
969.000000	34.295405
970.000000	34.177729
971.000000	34.256679
972.000000	34.365140
973.000000	34.362742
974.000000	34.171887
975.000000	34.211466
976.000000	34.367832
977.000000	34.285503
978.000000	34.136776
979.000000	34.024148
980.000000	34.163274
981.000000	34.071244
982.000000	34.105238
983.000000	34.077917
984.000000	33.994951
985.000000	34.105675
986.000000	34.166360
987.000000	34.104994
988.000000	34.115082
989.000000	34.074172
990.000000	34.147072
991.000000	33.997700
992.000000	34.110722
993.000000	34.118483
994.000000	33.981505
995.000000	34.086329
996.000000	34.253392
997.000000	34.095307
998.000000	34.154525
999.000000	34.255726
1000.000000	34.097477
1001.000000	34.097577
1002.000000	34.136318
1003.000000	34.206375
1004.000000	34.031164
1005.000000	34.075096
1006.000000	34.128270
1007.000000	34.020747
1008.000000	34.233947
1009.000000	34.045405
1010.000000	34.171522
1011.000000	34.257574
1012.000000	34.195521
1013.000000	34.300138
1014.000000	34.127848
1015.000000	34.138602
1016.000000	34.060433
1017.000000	33.909708
1018.000000	34.087482
1019.000000	34.098601
1020.000000	34.171214
1021.000000	34.120409
1022.000000	34.090468
1023.000000	34.118734
1024.000000	34.222491
1025.000000	34.044138
1026.000000	34.278544
1027.000000	34.171128
1028.000000	34.101458
1029.000000	34.054770
1030.000000	34.095200
1031.000000	34.091169
1032.000000	34.079864
1033.000000	33.908935
1034.000000	34.073492
1035.000000	33.869457
1036.000000	34.069733
1037.000000	33.855030
1038.000000	33.892153
1039.000000	33.927335
1040.000000	34.169975
1041.000000	34.089909
1042.000000	33.965424
1043.000000	34.006292
1044.000000	33.868211
1045.000000	33.963341
1046.000000	33.981977
1047.000000	33.904539
1048.000000	34.036126
1049.000000	33.928044
1050.000000	34.129874
1051.000000	33.910474
1052.000000	33.986481
1053.000000	34.060798
1054.000000	33.958687
1055.000000	34.039605
1056.000000	33.897393
1057.000000	33.848737
1058.000000	33.954019
1059.000000	33.868247
1060.000000	33.897501
1061.000000	33.959804
1062.000000	33.824752
1063.000000	34.043207
1064.000000	33.880497
1065.000000	33.865913
1066.000000	33.954492
1067.000000	34.016924
1068.000000	33.895289
1069.000000	33.966663
1070.000000	33.921851
1071.000000	33.892153
1072.000000	33.803244
1073.000000	33.872091
1074.000000	33.834875
1075.000000	33.829291
1076.000000	33.792576
1077.000000	33.909042
1078.000000	33.882415
1079.000000	33.832556
1080.000000	33.654631
1081.000000	33.837696
1082.000000	33.632816
1083.000000	33.664533
1084.000000	33.892246
1085.000000	33.729650
1086.000000	33.634499
1087.000000	33.743934
1088.000000	33.763250
1089.000000	33.694432
1090.000000	33.724860
1091.000000	33.823427
1092.000000	33.862569
1093.000000	33.808206
1094.000000	33.809981
1095.000000	33.750900
1096.000000	33.722032
1097.000000	33.756105
1098.000000	33.890313
1099.000000	33.902957
1100.000000	33.751788
1101.000000	33.737290
1102.000000	33.909744
1103.000000	33.965696
1104.000000	33.656278
1105.000000	33.692628
1106.000000	33.843546
1107.000000	33.769408
1108.000000	33.779474
1109.000000	33.822697
1110.000000	33.843431
1111.000000	33.799206
1112.000000	33.682246
1113.000000	33.612805
1114.000000	33.682969
1115.000000	33.693372
1116.000000	33.854987
1117.000000	33.691411
1118.000000	33.724774
1119.000000	33.672201
1120.000000	33.687824
1121.000000	33.696659
1122.000000	33.793607
1123.000000	33.745423
1124.000000	33.769923
1125.000000	33.692978
1126.000000	33.789949
1127.000000	33.691518
1128.000000	33.778994
1129.000000	33.922395
1130.000000	33.726178
1131.000000	33.708450
1132.000000	33.738378
1133.000000	33.719935
1134.000000	33.888158
1135.000000	33.754179
1136.000000	33.584381
1137.000000	33.774677
1138.000000	33.775429
1139.000000	33.652448
1140.000000	33.703969
1141.000000	33.674270
1142.000000	33.670025
1143.000000	33.575374
1144.000000	33.576627
1145.000000	33.680027
1146.000000	33.686907
1147.000000	33.741213
1148.000000	33.712102
1149.000000	33.828353
1150.000000	33.710140
1151.000000	33.738113
1152.000000	33.789677
1153.000000	33.556666
1154.000000	33.657868
1155.000000	33.740683
1156.000000	33.649369
1157.000000	33.701248
1158.000000	33.807554
1159.000000	33.646749
1160.000000	33.720500
1161.000000	33.596502
1162.000000	33.691647
1163.000000	33.625749
1164.000000	33.656386
1165.000000	33.699164
1166.000000	33.649655
1167.000000	33.660667
1168.000000	33.741256
1169.000000	33.569718
1170.000000	33.629365
1171.000000	33.596867
1172.000000	33.617616
1173.000000	33.561162
1174.000000	33.590345
1175.000000	33.780348
1176.000000	33.627074
1177.000000	33.799127
1178.000000	33.631370
1179.000000	33.715288
1180.000000	33.693157
1181.000000	33.686356
1182.000000	33.630697
1183.000000	33.692076
1184.000000	33.738943
1185.000000	33.783748
1186.000000	33.719491
1187.000000	33.660395
1188.000000	33.598142
1189.000000	33.555048
1190.000000	33.518935
1191.000000	33.453030
1192.000000	33.547480
1193.000000	33.462860
1194.000000	33.445326
1195.000000	33.460297
1196.000000	33.444159
1197.000000	33.351578
1198.000000	33.101434
1199.000000	33.441926
1200.000000	33.228511
1201.000000	33.099745
1202.000000	33.166587
1203.000000	33.086743
1204.000000	33.100540
1205.000000	32.908095
1206.000000	32.864150
1207.000000	33.066725
1208.000000	32.724651
1209.000000	32.888077
1210.000000	32.837630
1211.000000	32.750827
1212.000000	32.714714
1213.000000	32.561418
1214.000000	32.490380
1215.000000	32.678350
1216.000000	32.582740
1217.000000	32.570934
1218.000000	32.609775
1219.000000	32.489063
1220.000000	32.512969
1221.000000	32.559657
1222.000000	32.471837
1223.000000	32.334307
1224.000000	32.340021
1225.000000	32.621610
1226.000000	32.670896
1227.000000	32.587551
1228.000000	32.683476
1229.000000	32.549354
1230.000000	32.690865
1231.000000	32.898616
1232.000000	32.637225
1233.000000	32.613104
1234.000000	32.767852
1235.000000	32.818371
1236.000000	32.827736
1237.000000	32.841933
1238.000000	32.897821
1239.000000	32.997548
1240.000000	33.087409
1241.000000	32.931293
1242.000000	32.981646
1243.000000	33.022027
1244.000000	32.945347
1245.000000	33.067390
1246.000000	33.120973
1247.000000	33.251236
1248.000000	33.177635
1249.000000	33.163902
1250.000000	33.173117
1251.000000	33.234797
1252.000000	33.330507
1253.000000	33.177828
1254.000000	33.322832
1255.000000	33.351607
1256.000000	33.409779
1257.000000	33.403715
1258.000000	33.216891
1259.000000	33.265691
1260.000000	33.388772
1261.000000	33.305721
1262.000000	33.279029
1263.000000	33.181945
1264.000000	33.373615
1265.000000	33.151488
1266.000000	33.177434
1267.000000	33.102523
1268.000000	33.039597
1269.000000	33.309050
1270.000000	33.155153
1271.000000	33.122126
1272.000000	32.992279
1273.000000	33.208915
1274.000000	33.220528
1275.000000	33.142531
1276.000000	33.216762
1277.000000	33.138507
