0.0	-0.010642451090495058
1.0	-0.00434843610680067
2.0	-0.0012649704050036836
3.0	-0.003392646779537952
4.0	-0.00035766199322659857
5.0	-0.0025880225362977967
6.0	0.0005056162100599606
7.0	-0.0005215433829503098
8.0	-0.0022377677911416143
9.0	0.0015314246955897058
10.0	0.0018248534496435067
11.0	0.002535138599963482
12.0	0.0011868128110884826
13.0	0.003916367829840131
14.0	0.001878182456677776
15.0	0.002864490917623178
16.0	0.003262749716801125
17.0	0.0034514279026418558
18.0	0.001930955125337472
19.0	0.00046548037019070773
20.0	0.00033974789757081487
21.0	0.002035944124282661
22.0	-0.0003251559367781094
23.0	-0.000559692300053758
24.0	-0.0009017609234146034
25.0	0.001908860544181873
26.0	-0.000393267649190039
27.0	0.001196588471096093
28.0	0.002600389143592579
29.0	0.004555362191322889
30.0	0.0032387476897900577
31.0	0.003805100154955074
32.0	0.00487358774149408
33.0	0.006182016121231945
34.0	0.007315436343757593
35.0	0.006261810939506583
36.0	0.008559329472061606
37.0	0.009351793747975186
38.0	0.008317560709918726
39.0	0.008902669725992641
40.0	0.009329301782266427
41.0	0.01041384370475328
42.0	0.01147247615437397
43.0	0.011184769737885465
44.0	0.01167720867616218
45.0	0.012983014317848962
46.0	0.01296219136726355
47.0	0.012988498224682878
48.0	0.013300286145092786
49.0	0.012967675274097097
50.0	0.013785572161412976
51.0	0.013005029422094224
52.0	0.014695105926687614
53.0	0.012442491848639775
54.0	0.014532178259891637
55.0	0.013342647338459593
56.0	0.01493425195077978
57.0	0.011891875811779782
58.0	0.014141310813402705
59.0	0.013094917808019298
60.0	0.011962928169884882
61.0	0.011686189567063838
62.0	0.012436610557252696
63.0	0.012136585219616202
64.0	0.011258444834041276
65.0	0.00957226269806879
66.0	0.010294151477341138
67.0	0.010534569132003494
68.0	0.00940377164752856
69.0	0.009746237655442937
70.0	0.007874556410055007
71.0	0.0072234020812453024
72.0	0.006201964825800697
73.0	0.00852555178504293
74.0	0.007616971742696025
75.0	0.006842230817853274
76.0	0.005794009843525475
77.0	0.004916028411771962
78.0	0.002882373222515419
79.0	0.0026363921841088102
80.0	0.0034301280905925783
81.0	0.002292734022535321
82.0	0.0027285854004421434
83.0	0.0017340113407910685
84.0	0.00030748027185407425
85.0	0.0016709861506598947
86.0	0.0022374975696459534
87.0	0.0006110820704690166
88.0	-0.000630585704337814
89.0	-0.00020737115522143494
90.0	-0.001697801660306631
91.0	-0.0001841638973166892
92.0	-0.0017225984564240204
93.0	-0.0016166557345510973
94.0	-0.0024823182451569918
95.0	-0.002051394435709143
96.0	-0.0007223815361179864
97.0	-0.0006576873308630927
98.0	-0.0010297187495324194
99.0	-0.0016154635808916145
100.0	-0.0005648582992448499
101.0	-0.0006921803100777566
102.0	-0.0014594504053207856
103.0	-0.002726073930065678
104.0	-0.002935654543402895
105.0	-0.00178300090850448
106.0	-0.0019104818731584291
107.0	-0.00206562080271223
108.0	-0.0028750931375010227
109.0	-0.0013399171317300552
110.0	-0.002973723983595637
111.0	-0.0027808335214915486
112.0	-0.004832371015639963
113.0	-0.0037788250882996592
114.0	-0.003359743338536302
115.0	-0.004715222049368198
116.0	-0.005257254579879691
117.0	-0.006700237369317696
118.0	-0.006688236355812162
119.0	-0.008676271798365536
120.0	-0.008438158974111439
121.0	-0.006989374370197433
122.0	-0.00795557517275304
123.0	-0.009863815797031775
124.0	-0.010284725515739526
125.0	-0.010048838044983351
126.0	-0.008380776644635225
127.0	-0.009205826453907629
128.0	-0.011121776338517833
129.0	-0.010987142451906988
130.0	-0.009478591211197433
131.0	-0.011193782419550666
132.0	-0.010932780245034648
133.0	-0.0117176942144378
134.0	-0.01309932082886798
135.0	-0.012046013332259426
136.0	-0.01279444739968285
137.0	-0.012783797493658211
138.0	-0.011400104479551889
139.0	-0.013193739398698867
140.0	-0.012564202789581265
141.0	-0.012969455556894697
142.0	-0.01139279260377358
143.0	-0.013874777045905977
144.0	-0.011872912620902678
145.0	-0.012755980574936945
146.0	-0.010986983498085575
147.0	-0.01278546650878119
148.0	-0.011483555235715683
149.0	-0.01172707248989262
150.0	-0.010590075806388523
151.0	-0.010747996427814821
152.0	-0.011520035137695782
153.0	-0.012254004407383999
154.0	-0.011308308647771716
155.0	-0.012591860754481486
156.0	-0.0120009499239312
157.0	-0.010314926741779754
158.0	-0.01129845351085303
159.0	-0.011829597704608136
160.0	-0.010928091107307053
161.0	-0.013430580592382774
162.0	-0.012865340803966535
163.0	-0.011741378333806413
164.0	-0.01088962428256115
165.0	-0.0119049418158873
166.0	-0.010890180620935724
167.0	-0.012558162544373145
168.0	-0.013121097502381125
169.0	-0.011399150756624154
170.0	-0.01253948547037458
171.0	-0.011142122427639746
172.0	-0.013160835957697216
173.0	-0.011463447577325517
174.0	-0.010818889832098506
175.0	-0.013463086648831264
176.0	-0.012866850865268842
177.0	-0.01376120454061266
178.0	-0.01293710845426762
179.0	-0.014190379858026453
180.0	-0.012948632606309286
181.0	-0.013098208152118833
182.0	-0.015081633933855688
183.0	-0.014542462572127027
184.0	-0.01443493031204183
185.0	-0.01410088885665454
186.0	-0.01486291347579614
187.0	-0.013143827898822003
188.0	-0.016935114966708922
189.0	-0.015615718773303963
190.0	-0.01545668547512889
191.0	-0.016262660825849942
192.0	-0.01764412848645871
193.0	-0.016536856167530974
194.0	-0.016673556453818333
195.0	-0.01777987504981833
196.0	-0.017716929336597863
197.0	-0.01547210399579183
198.0	-0.017707392107322
199.0	-0.019370923323763944
200.0	-0.016651382395752028
201.0	-0.01886743709490906
202.0	-0.020378928981312154
203.0	-0.019390077259226375
204.0	-0.02139742559106359
205.0	-0.021224483833527884
206.0	-0.020451888785272352
207.0	-0.02134918310630971
208.0	-0.02179234635999484
209.0	-0.022896519079407623
210.0	-0.021097241299605687
211.0	-0.022911301784785284
212.0	-0.024365729249354248
213.0	-0.024440755452990955
214.0	-0.02274924836400633
215.0	-0.023544096947238878
216.0	-0.023068268683283846
217.0	-0.024123960487211365
218.0	-0.022680898220862656
219.0	-0.021986270021937367
220.0	-0.02374382242365741
221.0	-0.024519199163785067
222.0	-0.024483672984732335
223.0	-0.02183955564491028
224.0	-0.022301634403325724
225.0	-0.023054598654655332
226.0	-0.022550794518157623
227.0	-0.023329668242353024
228.0	-0.02229090502039038
229.0	-0.023926142456647564
230.0	-0.02238127026777932
231.0	-0.021314531173274
232.0	-0.022493332711770703
233.0	-0.0226426698268485
234.0	-0.021022453526700728
235.0	-0.02306445379157365
236.0	-0.020591370763431836
237.0	-0.022877762528498723
238.0	-0.020675695765612657
239.0	-0.019269351831976162
240.0	-0.020043774849176087
241.0	-0.020224266913221853
242.0	-0.018395582676486007
243.0	-0.020768127412677737
244.0	-0.01910944428778406
245.0	-0.017288548788290392
246.0	-0.01914258615951783
247.0	-0.017307384816109998
248.0	-0.01765573211541108
249.0	-0.018585135108343767
250.0	-0.015547607060892404
251.0	-0.017636101318484785
252.0	-0.01584866559836697
253.0	-0.015439280031700515
254.0	-0.014960511122052314
255.0	-0.01611960238671201
256.0	-0.015650529660161082
257.0	-0.012740085192810509
258.0	-0.014304826609336798
259.0	-0.01473090232723601
260.0	-0.012712904089374154
261.0	-0.014783674995895705
262.0	-0.013023261425392832
263.0	-0.013095823844799868
264.0	-0.014754427492783209
265.0	-0.011985213495625804
266.0	-0.013405704319355049
267.0	-0.012460246990474516
268.0	-0.010963617286359787
269.0	-0.012009851337921781
270.0	-0.010573941993530338
271.0	-0.011492456649706264
272.0	-0.011062724993918268
273.0	-0.010011086512433064
274.0	-0.009475253180950731
275.0	-0.009346977447190461
276.0	-0.010743784151551092
277.0	-0.009896798714944132
278.0	-0.009043057740933063
279.0	-0.009375509658107342
280.0	-0.008097759365873944
281.0	-0.007914406133045348
282.0	-0.008043158728269485
283.0	-0.008110475671575093
284.0	-0.007274299094813812
285.0	-0.007600790243690676
286.0	-0.006012762092349306
287.0	-0.006366752252304979
288.0	-0.004520742049051096
289.0	-0.006679414418731916
290.0	-0.006478735219385651
291.0	-0.006082542819884215
292.0	-0.004229379694673436
293.0	-0.005435123905874371
294.0	-0.004357416997701958
295.0	-0.0033962232405164005
296.0	-0.0045270207249909645
297.0	-0.005085187068361014
298.0	-0.002921110268757353
299.0	-0.0037096006991389533
300.0	-0.004741369952966112
301.0	-0.0029018768563842164
302.0	-0.002464594894085793
303.0	-0.002657803263832706
304.0	-0.004020593850442911
305.0	-0.00409204359310117
306.0	-0.0038463009854263095
307.0	-0.0039512899843714986
308.0	-0.001571115464759004
309.0	-0.0026710759079084287
310.0	-0.002535647252191261
311.0	-0.0026299068682007353
312.0	-0.0029709422917235102
313.0	-0.002079926646626023
314.0	-0.0030030509636188385
315.0	-0.003357994846502246
316.0	-0.0022829106763809165
317.0	-0.0017663902341820577
318.0	-0.0017645622652376655
319.0	-0.0028660327696890275
320.0	-0.0039815706873224345
321.0	-0.0036820222111498073
322.0	-0.0026808515679160394
323.0	-0.0035092394074355136
324.0	-0.0014572250518228623
325.0	-0.0017071799357610807
326.0	-0.0021061540271346438
327.0	-0.0035679728443926235
328.0	-0.003245296587225957
329.0	-0.0014283749332635277
330.0	-0.002378600876781992
331.0	-0.0023356038681299064
332.0	0.00023229511439595425
333.0	-0.0019192243333279694
334.0	-0.0005673220834745217
335.0	-0.0018769426168714993
336.0	0.00044131938935859785
337.0	-0.0002248560755605154
338.0	-7.440628373356927e-05
339.0	-0.0013016092608051945
340.0	0.000577542814182087
341.0	0.000857222062696668
342.0	0.0007931636727274238
343.0	0.0012000854551642052
344.0	0.00156091062943432
345.0	0.0023148286036909203
346.0	0.0017568212141426533
347.0	0.00011705359397928765
348.0	0.0023029070670960924
349.0	0.0005649059853916438
350.0	0.000939321711379936
351.0	0.00019351038200759657
352.0	0.0005373274974021279
353.0	0.0022521213212022013
354.0	0.00239335179139574
355.0	0.003248761780529787
356.0	0.00016752143223072442
357.0	0.0018500476303140569
358.0	0.0018351854480256906
359.0	0.002685191007236897
360.0	0.0008677130149002643
361.0	0.0013103199302108223
362.0	0.003594486341779787
363.0	0.002073536703011906
364.0	0.0011678973063581708
365.0	0.0023420891840379814
366.0	0.0011928530562966026
367.0	0.0007845006894682198
368.0	0.002057641320885469
369.0	0.0028318259073532763
370.0	0.0015670303515527761
371.0	0.003325695430021963
372.0	0.0009953529333756256
373.0	0.0015415977401504774
374.0	0.002816645817422825
375.0	0.00025073375766276895
376.0	0.0011772755818126204
377.0	0.0017270173726555843
378.0	0.0007841033049150589
379.0	0.002011624189629139
380.0	0.0023954181910722508
381.0	0.0006883336276032772
382.0	0.0009762784748239015
383.0	0.0007417421115482528
384.0	0.0024043990819735393
385.0	0.002635041076628285
386.0	0.0009632442614802973
387.0	0.0018208796041118975
388.0	0.0011449284791851737
389.0	0.002703391219771963
390.0	0.000837750219591783
391.0	0.0028346075992254026
392.0	0.0019176030043514133
393.0	0.0022634865194228254
394.0	-0.00027357542177789605
395.0	0.0014242898200572999
396.0	0.0010845260271047138
397.0	0.0012798802734388438
398.0	0.0003377609748050103
399.0	0.0023532954284371933
400.0	0.00029945310388014963
401.0	0.002942775674595879
402.0	0.0022595126738912162
403.0	0.0005020397490815123
404.0	0.0012821851038471031
405.0	0.0017780415492812244
406.0	0.00018953653647598738
407.0	0.00046420873962051877
408.0	-0.0009014430157721486
409.0	0.0011490612785381952
410.0	0.0006506615719636961
411.0	-4.2694996391401924e-05
412.0	-0.00020299992513666482
413.0	-0.00021587518465885657
414.0	-0.00040876564676331484
415.0	-0.002821605176645711
416.0	-6.06567781943495e-05
417.0	-0.0018044596743751699
418.0	-0.002831142405921573
419.0	-0.0030380208042969994
420.0	-0.0038095826527144625
421.0	-0.005023115601157204
422.0	-0.003418158867850957
423.0	-0.0043044058983105135
424.0	-0.0032825712583123773
425.0	-0.00445485569013709
426.0	-0.0036026247774283296
427.0	-0.006887564447677532
428.0	-0.004516132388234577
429.0	-0.004555076074444347
430.0	-0.0019697716484901122
431.0	-0.006070303375646933
432.0	-0.005403174187800455
433.0	-0.005454277841336802
434.0	-0.0062337079039067765
435.0	-0.0059658707150763175
436.0	-0.004455412028511662
437.0	-0.005501884510805406
438.0	-0.0032564233547144627
439.0	-0.005383146006320997
440.0	-0.0052930191896641745
441.0	-0.004270548734381129
442.0	-0.005336890444332918
443.0	-0.004748204967280554
444.0	-0.0037091238376754563
445.0	-0.004843974644592335
446.0	-0.004149187491845637
447.0	-0.00527831596119722
448.0	-0.0036743129508183376
449.0	-0.003473633751472073
450.0	-0.004976065270062803
451.0	-0.005417877416267409
452.0	-0.004877037039415398
453.0	-0.0005972848787826329
454.0	-0.0043151352812458585
455.0	-0.0033794536123729355
456.0	-0.002224097762513101
457.0	-0.003911789959787525
458.0	-0.0038325514798870897
459.0	-0.0030458095415391755
460.0	-0.003953276907137303
461.0	-0.001632948501230695
462.0	-0.002870483476684504
463.0	-0.004212053728155768
464.0	-0.002412299086889964
465.0	-0.0019394909455391761
466.0	-0.0033391588186826404
467.0	-0.005456503194834355
468.0	-0.0034343721576198484
469.0	-0.0011719824195640285
470.0	-0.003103907163211376
471.0	-0.004812899172535078
472.0	-0.002067448771656992
473.0	-0.0021094920573813433
474.0	-0.003501132762550883
475.0	-0.0021384216528513842
476.0	-0.002744830480974947
477.0	-0.0037772355500870157
478.0	-0.002050043328228618
479.0	-0.0028944060267848655
480.0	-0.0018783732012631008
481.0	-0.0029683990305835023
482.0	-0.0019185885180426898
483.0	-0.0022312506844699973
484.0	-0.0017076567972249478
485.0	-0.003077600305792049
486.0	-0.0013854574015221483
487.0	-0.0008123493989533965
488.0	-0.0012044089991021815
489.0	-0.00047179083689448864
490.0	-0.0025388263286165486
491.0	-0.0022055796423355797
492.0	-0.0007329519652319188
493.0	-0.0012420810547417627
494.0	-0.0021714045707637406
495.0	-0.0017139354731648163
496.0	-0.002510294117699299
497.0	-0.0018947454448530346
498.0	-0.0026087660099728704
499.0	-0.003216764376309077
500.0	-0.0017478721140049068
501.0	-0.003206193947194775
502.0	-0.0030389745272247338
503.0	-0.0033086396849995856
504.0	-0.004383803332031991
505.0	-0.002614567824448872
506.0	-0.003453526093082279
507.0	-0.004978767485024594
508.0	-0.004926312724007352
509.0	-0.004405500528634429
510.0	-0.0032877372575034693
511.0	-0.00463852683060814
512.0	-0.006699442600211374
513.0	-0.005411519263416834
514.0	-0.004535286323697008
515.0	-0.006039386857411087
516.0	-0.005129614661404331
517.0	-0.006275035897435512
518.0	-0.007763320525933492
519.0	-0.008595602734073868
520.0	-0.005846416918395923
521.0	-0.00877760485942157
522.0	-0.005885599035337812
523.0	-0.007256178359189822
524.0	-0.007126948902501817
525.0	-0.0064920873403717105
526.0	-0.005412472986344199
527.0	-0.008544658034358565
528.0	-0.007865368879185512
529.0	-0.007020370365343985
530.0	-0.007213658212001604
531.0	-0.008489818966022359
532.0	-0.010074668040938812
533.0	-0.008401361164488886
534.0	-0.008388962766430192
535.0	-0.008043158728269485
536.0	-0.009310656499031775
537.0	-0.01143046465941316
538.0	-0.00764776109787437
539.0	-0.008982893719584353
540.0	-0.010274552471178753
541.0	-0.011014800416806839
542.0	-0.009972460733865748
543.0	-0.009820024019273368
544.0	-0.011325237229736223
545.0	-0.010515208556572859
546.0	-0.008169447539263951
547.0	-0.010489219606796355
548.0	-0.01116310433204657
549.0	-0.009636829740266185
550.0	-0.01024943776741891
551.0	-0.010189909561355478
552.0	-0.01125243637959707
553.0	-0.01003469115489097
554.0	-0.011747577532835575
555.0	-0.011328575259982925
556.0	-0.012528199749065033
557.0	-0.01141989423029923
558.0	-0.010905360710866544
559.0	-0.01211738359800735
560.0	-0.01088461723719147
561.0	-0.011496668925969993
562.0	-0.011393905280522356
563.0	-0.013570857339648579
564.0	-0.012049987177791035
565.0	-0.011605790724267833
566.0	-0.012048715547220847
567.0	-0.011941660148599516
568.0	-0.012095527447583498
569.0	-0.011419099461192907
570.0	-0.012072638097321207
571.0	-0.012240413855665822
572.0	-0.011770546360008202
573.0	-0.012553632360467332
574.0	-0.011225493706892834
575.0	-0.012040926809979039
576.0	-0.01236185457511165
577.0	-0.012140352425179976
578.0	-0.011248224103333712
579.0	-0.011632177058597867
580.0	-0.012154260884540607
581.0	-0.011101986587770493
582.0	-0.01152877759786532
583.0	-0.011490628680761873
584.0	-0.01353962291377028
585.0	-0.014066634308171995
586.0	-0.013052508928505327
587.0	-0.013902991349180402
588.0	-0.011393666849790608
589.0	-0.015018847174456264
590.0	-0.014941595617322003
591.0	-0.013481366338276667
592.0	-0.014335266266108775
593.0	-0.013967288169881764
594.0	-0.015366558658472067
595.0	-0.01377829207639858
596.0	-0.015043961878216107
597.0	-0.01491123543746036
598.0	-0.014006788194466107
599.0	-0.014332484574236649
600.0	-0.012644712900051888
601.0	-0.01485210461595009
602.0	-0.01428018876704082
603.0	-0.015006687207129688
604.0	-0.01310933491960734
605.0	-0.015246230615775016
606.0	-0.012698836676192109
607.0	-0.015877515716926305
608.0	-0.014800365147128463
609.0	-0.014144760111323653
610.0	-0.013789180413155336
611.0	-0.015252429814804177
612.0	-0.015223977080798003
613.0	-0.01438096548972228
614.0	-0.01377765626111367
615.0	-0.014922918543323439
616.0	-0.015343669308210147
617.0	-0.012173891681466535
618.0	-0.014120917038133998
619.0	-0.014738532110656772
620.0	-0.013940186543356485
621.0	-0.013988667458842119
622.0	-0.015198941853948865
623.0	-0.01509053534784664
624.0	-0.015335244755683061
625.0	-0.013099877167242183
626.0	-0.014712940545433062
627.0	-0.013497420674224516
628.0	-0.014566067214584933
629.0	-0.014818803790395279
630.0	-0.015071142981652462
631.0	-0.01397611010696201
632.0	-0.016248990797221426
633.0	-0.012614352720190247
634.0	-0.013238723330116758
635.0	-0.014084913997617396
636.0	-0.014653173908637511
637.0	-0.012956977681925665
638.0	-0.011927672212328178
639.0	-0.015107940791275015
640.0	-0.015546971245607125
641.0	-0.01287750077129348
642.0	-0.013615682317245057
643.0	-0.014100014610637512
644.0	-0.015934818569492182
645.0	-0.012773783402918482
646.0	-0.013763509371020919
647.0	-0.014962021183354251
648.0	-0.014626708097397141
649.0	-0.015929493616480047
650.0	-0.016049503751534647
651.0	-0.014927607681050665
652.0	-0.017355706777774586
653.0	-0.01574741201422164
654.0	-0.016314638725403317
655.0	-0.01589428534506977
656.0	-0.017218370676201952
657.0	-0.01598878339181136
658.0	-0.015713554850292258
659.0	-0.014648007909446419
660.0	-0.016071359901958498
661.0	-0.017197627202526877
662.0	-0.014437712003913956
663.0	-0.01577506997912149
664.0	-0.013785047613802314
665.0	-0.014753871154408637
666.0	-0.014490405195662947
667.0	-0.015074481011898792
668.0	-0.01513575770999628
669.0	-0.014409974562103028
670.0	-0.015699805344753036
671.0	-0.01582887584761963
672.0	-0.013993912934943545
673.0	-0.014603898224045557
674.0	-0.015185192348409647
675.0	-0.01622769098517178
676.0	-0.015490860546700728
677.0	-0.013840284066691683
678.0	-0.014188233981439235
679.0	-0.015220877481283422
680.0	-0.015755439182195564
681.0	-0.014242119326848077
682.0	-0.014242755142132987
683.0	-0.015011853206320779
684.0	-0.01141822521517588
685.0	-0.01353191365343881
686.0	-0.01317617500144908
687.0	-0.014030949175298218
688.0	-0.013771457062084137
689.0	-0.013395531274793907
690.0	-0.013105043166433275
691.0	-0.012244149270465682
692.0	-0.012200357492707275
693.0	-0.01334863989752092
694.0	-0.013096141752442694
695.0	-0.013760091863863884
696.0	-0.012245897762499368
697.0	-0.013573082693146133
698.0	-0.011806231492882348
699.0	-0.011709826000285287
700.0	-0.011420132661030978
701.0	-0.011100556003378892
702.0	-0.011856142992759212
703.0	-0.012222690504594992
704.0	-0.011610797769637513
705.0	-0.012070889605287521
706.0	-0.010009020112756553
707.0	-0.013134211192635435
708.0	-0.011721111721595207
709.0	-0.012868917264944983
710.0	-0.011937368395425451
711.0	-0.010988890943940673
712.0	-0.011511610585168695
713.0	-0.011939593748923005
714.0	-0.013013803673027676
715.0	-0.012607358752054763
716.0	-0.011377691990753466
717.0	-0.011516299722895921
718.0	-0.01127453096075304
719.0	-0.013021830841001602
720.0	-0.012946327775901026
721.0	-0.011751153993814023
722.0	-0.011578132759367981
723.0	-0.011562793715615747
724.0	-0.01266156200510569
725.0	-0.012119926859147357
726.0	-0.012093063663353826
727.0	-0.012278085911305402
728.0	-0.013212972811072003
729.0	-0.010135944739036298
730.0	-0.011401614540853826
731.0	-0.010944622304718769
732.0	-0.012687550954882562
733.0	-0.011568595530092119
734.0	-0.01194595190177358
735.0	-0.01307039123339757
736.0	-0.013100671936348505
737.0	-0.013297059382520706
738.0	-0.012300101015550666
739.0	-0.009518568097245272
740.0	-0.010286871392326742
741.0	-0.01081610814022638
742.0	-0.011661504038621068
743.0	-0.011474733298635437
744.0	-0.008843809125978031
745.0	-0.009303583053985215
746.0	-0.010554708581157202
747.0	-0.009952114644743834
748.0	-0.010272962932966109
749.0	-0.010011007035522358
750.0	-0.009151146339392834
751.0	-0.01176061174617918
752.0	-0.010324305017234574
753.0	-0.009037573834099517
754.0	-0.00899107984137969
755.0	-0.009968010026870273
756.0	-0.009113235853021134
757.0	-0.00986683591963565
758.0	-0.009009359530825092
759.0	-0.008657753678188385
760.0	-0.009906494898041036
761.0	-0.008474479922270494
762.0	-0.0073951834758854374
763.0	-0.009415566021066258
764.0	-0.009206303315371495
765.0	-0.009885910378187375
766.0	-0.00804848368128199
767.0	-0.007518293210454617
768.0	-0.007811801441419124
769.0	-0.008819171283682054
770.0	-0.007745676651773369
771.0	-0.006979837140921571
772.0	-0.005813751908126021
773.0	-0.008033303591351168
774.0	-0.007194345322717761
775.0	-0.008056431372345208
776.0	-0.006866820974002458
777.0	-0.007590935106772358
778.0	-0.005381953852661514
779.0	-0.005570711515412951
780.0	-0.00708085229433515
781.0	-0.006843693193008788
782.0	-0.0059945618798142395
783.0	-0.0076624643263413245
784.0	-0.004648540921347869
785.0	-0.00610972392332057
786.0	-0.005999409971362877
787.0	-0.005977235913296571
788.0	-0.007043736577069773
789.0	-0.005772741822240111
790.0	-0.005973341544675668
791.0	-0.007910829672066898
792.0	-0.007835485560787737
793.0	-0.006116161553081481
794.0	-0.006832327994788163
795.0	-0.007413224734598722
796.0	-0.008709493147009641
797.0	-0.006881444725559075
798.0	-0.0066548560533466455
799.0	-0.0071517456986188365
800.0	-0.00733287357794988
801.0	-0.0073312840397372365
802.0	-0.0068295463029160374
803.0	-0.007337721669498147
804.0	-0.0077798517233452075
805.0	-0.00845397487932717
806.0	-0.007766340648537737
807.0	-0.00869637945675533
808.0	-0.009675614472654541
809.0	-0.008341991912246497
810.0	-0.007868786386342547
811.0	-0.008775776890477177
812.0	-0.007804012704177318
813.0	-0.008782929812434075
814.0	-0.009067377675586586
815.0	-0.008464863216083926
816.0	-0.007657457280971645
817.0	-0.007992929320750167
818.0	-0.008847703494599304
819.0	-0.00716438252740965
820.0	-0.01012863286325799
821.0	-0.007703633366049017
822.0	-0.008055954510881341
823.0	-0.0068702384811598636
824.0	-0.008666814046000379
825.0	-0.00715667326707818
826.0	-0.007910352810603032
827.0	-0.010550416827983137
828.0	-0.008877825243728828
829.0	-0.008938148218898581
830.0	-0.008667290907464247
831.0	-0.008131854960535076
832.0	-0.008137497821190035
833.0	-0.007122498195506341
834.0	-0.00718417227815699
835.0	-0.006774866188401243
836.0	-0.008033303591351168
837.0	-0.009135568864908853
838.0	-0.008406924548233139
839.0	-0.007267464080499371
840.0	-0.007555011543166834
841.0	-0.007751240035517621
842.0	-0.007955416218931628
843.0	-0.009228874757990961
844.0	-0.009576904149649592
845.0	-0.00786393829479391
846.0	-0.007598167505639962
847.0	-0.010020623741708926
848.0	-0.007323018441031193
849.0	-0.00942279841993349
850.0	-0.009488605301937162
851.0	-0.006517202044131555
852.0	-0.008637010204513311
853.0	-0.008374736399427105
854.0	-0.008270224261945782
855.0	-0.008676351275276242
856.0	-0.007120829180382991
857.0	-0.007413065780777679
858.0	-0.008348032157454617
859.0	-0.009792604485105265
860.0	-0.008498164041638738
861.0	-0.0068037957838712835
862.0	-0.007298221644914174
863.0	-0.007902643550271931
864.0	-0.008659899554775231
865.0	-0.008730634005237875
866.0	-0.0073559218820332135
867.0	-0.009002365562689237
868.0	-0.009020486298313597
869.0	-0.0071387909621859385
870.0	-0.008128755361020494
871.0	-0.00909749942471611
872.0	-0.006984128894095635
873.0	-0.007547302282835364
874.0	-0.008512231454820782
875.0	-0.007299731706216111
876.0	-0.007947389050957704
877.0	-0.008734528373858779
878.0	-0.006665744390103033
879.0	-0.008480361213657202
880.0	-0.009039163372312161
881.0	-0.006636576363901243
882.0	-0.008825847344175453
883.0	-0.008988616057150019
884.0	-0.008100302627013951
885.0	-0.008087506844402466
886.0	-0.009946948645552744
887.0	-0.007510027611748944
888.0	-0.00845937930925038
889.0	-0.006445911255294708
890.0	-0.008353516064288163
891.0	-0.007999287473600741
892.0	-0.008814323192133787
893.0	-0.008188601474726382
894.0	-0.008704565578550667
895.0	-0.008070260354795133
896.0	-0.007546507513729042
897.0	-0.008196231258147144
898.0	-0.007352663328697219
899.0	-0.010672572839624582
900.0	-0.009216873744485798
901.0	-0.008723163175638524
902.0	-0.009135489387998146
903.0	-0.009215761067736652
904.0	-0.008112144686698443
905.0	-0.009126429020186152
906.0	-0.010830890845604041
907.0	-0.01060430217339161
908.0	-0.010189353222980905
909.0	-0.008242963681598721
910.0	-0.009924615633665396
911.0	-0.008284530105859575
912.0	-0.007898192843276456
913.0	-0.008429098606299444
914.0	-0.010568775994339245
915.0	-0.009158060830617981
916.0	-0.01069927708159707
917.0	-0.009027082881895921
918.0	-0.009281170565187161
919.0	-0.01039853645176496
920.0	-0.009113792191395707
921.0	-0.009339745048322858
922.0	-0.009300960315934501
923.0	-0.01002865090968285
924.0	-0.010118698249428966
925.0	-0.009483200872013951
926.0	-0.009953704182956479
927.0	-0.011332390151693121
928.0	-0.01157439734456812
929.0	-0.00893131320458414
930.0	-0.010646027551473506
931.0	-0.011653238439915396
932.0	-0.009373363781520495
933.0	-0.011576463744244632
934.0	-0.0103948010369651
935.0	-0.010749585966027464
936.0	-0.010327086709106701
937.0	-0.009858967705483139
938.0	-0.010716205663561948
939.0	-0.010843925058947644
940.0	-0.009990899377132562
941.0	-0.011505649816871282
942.0	-0.010914818463231701
943.0	-0.012134550610703605
944.0	-0.01050956569591827
945.0	-0.010820717801043269
946.0	-0.012759874943557849
947.0	-0.01402673689903486
948.0	-0.011603644847680616
949.0	-0.010041049307741546
950.0	-0.01170394470889858
951.0	-0.010169722426054977
952.0	-0.011520194091516823
953.0	-0.011836432718922579
954.0	-0.010705794188269058
955.0	-0.010196744575669919
956.0	-0.010260961919460576
957.0	-0.010661922933599943
958.0	-0.00862516814482919
959.0	-0.009892506961769697
960.0	-0.01063553659927028
961.0	-0.011892304987096857
962.0	-0.012156963099502028
963.0	-0.013910621132601166
964.0	-0.013302066427890386
965.0	-0.012872811633566256
966.0	-0.014113048823981485
967.0	-0.01437826327476086
968.0	-0.013832177421807052
969.0	-0.012802315613835361
970.0	-0.010989924143779113
971.0	-0.01229024587863235
972.0	-0.011718886368097283
973.0	-0.010902261111351593
974.0	-0.012488143386106487
975.0	-0.011376181929451529
976.0	-0.011365373069605477
977.0	-0.011403919371262086
978.0	-0.011166680793025017
979.0	-0.012540677624034064
980.0	-0.011452797671300878
981.0	-0.01293416780857408
982.0	-0.011231772382832702
983.0	-0.013932477283025015
984.0	-0.01368768839827789
985.0	-0.014627502866503463
986.0	-0.013260897388183063
987.0	-0.013731162268393842
988.0	-0.014309674700885434
989.0	-0.012906907228227389
990.0	-0.01255180439152257
991.0	-0.015063990059695566
992.0	-0.014474668767357922
993.0	-0.01330445073520935
994.0	-0.013575387523554762
995.0	-0.015315693435667469
996.0	-0.014400834717380327
997.0	-0.013799273980805401
998.0	-0.013949008480436361
999.0	-0.01515594484529678
1000.0	-0.015284538486699875
1001.0	-0.013880022522007774
1002.0	-0.01705011805639384
1003.0	-0.015340967093248727
1004.0	-0.01701745304612394
1005.0	-0.01804127460888751
1006.0	-0.018536177331394267
1007.0	-0.015478144240999579
1008.0	-0.014990314963539383
1009.0	-0.014329941313096641
1010.0	-0.011232805582671142
1011.0	-0.013874141230621067
1012.0	-0.014525057128698653
1013.0	-0.013955684540929762
1014.0	-0.014522672821379687
1015.0	-0.014207228963080623
1016.0	-0.013185473799993193
1017.0	-0.013254777666064236
1018.0	-0.013537318083361649
1019.0	-0.0131418409760562
1020.0	-0.011584490912218555
1021.0	-0.01411710214642343
1022.0	-0.012239778040380912
1023.0	-0.01448619291939959
1024.0	-0.015998241144176886
1025.0	-0.014369918199144481
1026.0	-0.013897507442346855
1027.0	-0.01345776169581913
1028.0	-0.014579498812481698
1029.0	-0.014482934366063595
1030.0	-0.012437993455497504
1031.0	-0.012401036692053538
1032.0	-0.013045753391101592
1033.0	-0.011900411631981486
1034.0	-0.011354405255938383
1035.0	-0.010721689570395494
1036.0	-0.011193941373371707
1037.0	-0.010296647052334353
1038.0	-0.01006282598125469
1039.0	-0.013018492810754902
1040.0	-0.011445088410969409
1041.0	-0.01152194258355088
1042.0	-0.01143300792055354
1043.0	-0.013183725307959138
1044.0	-0.013423427670425878
1045.0	-0.013638174282954187
1046.0	-0.01255220177607573
1047.0	-0.012541949254604253
1048.0	-0.011707203262234574
1049.0	-0.014099855656816469
1050.0	-0.012459452221368194
1051.0	-0.011575589498227604
1052.0	-0.010793854605249368
1053.0	-0.012381962233501815
1054.0	-0.013340771683368407
1055.0	-0.013382814969092759
1056.0	-0.013625299023431625
1057.0	-0.012415660443609786
1058.0	-0.013704378549510648
1059.0	-0.013942570850675452
1060.0	-0.013708352395042258
1061.0	-0.013532390514902676
1062.0	-0.013406578565371707
1063.0	-0.01774514363987229
1064.0	-0.014965359213600952
1065.0	-0.014593327794931625
1066.0	-0.016422806800773793
1067.0	-0.016184058161234784
1068.0	-0.017350779209315242
1069.0	-0.01484209052521036
1070.0	-0.012044264840225739
1071.0	-0.012827430317595206
1072.0	-0.013460940772244417
1073.0	-0.013284740461372718
1074.0	-0.011065586162700732
1075.0	-0.01295189115964528
1076.0	-0.014337332665785286
1077.0	-0.01219233032473335
1078.0	-0.013096857044638309
1079.0	-0.013210270596110213
1080.0	-0.014256266216940459
1081.0	-0.01173645076534707
1082.0	-0.01055892085742056
1083.0	-0.013540576636697643
1084.0	-0.014140388881238882
1085.0	-0.012951255344359999
1086.0	-0.012146472147298432
1087.0	-0.013382258630718555
1088.0	-0.011311964585660502
1089.0	-0.011877601758629902
1090.0	-0.012178978203747292
1091.0	-0.011149831687970846
1092.0	-0.009943531138395707
1093.0	-0.010517116002428327
1094.0	-0.011037769243979466
1095.0	-0.012464379789827167
1096.0	-0.010743545720819344
1097.0	-0.010821194662506766
1098.0	-0.011210313616962012
1099.0	-0.010764766055957916
1100.0	-0.01192155249020935
1101.0	-0.011428795644289811
1102.0	-0.012329348518663161
1103.0	-0.010614316264131339
1104.0	-0.0116264547210322
1105.0	-0.010172106733373942
1106.0	-0.013027394224745853
1107.0	-0.011880780835055189
1108.0	-0.011648628779098506
1109.0	-0.011724847136394696
1110.0	-0.010023008049027891
1111.0	-0.01070134348127358
1112.0	-0.009114904868144485
1113.0	-0.009710981697885864
1114.0	-0.008962786061194558
1115.0	-0.011209995709319557
1116.0	-0.00990975345137703
1117.0	-0.008874725644214246
1118.0	-0.009902203144866973
1119.0	-0.009622682850173434
1120.0	-0.009885910378187375
1121.0	-0.00959319691632919
1122.0	-0.010467760840925665
1123.0	-0.010164397473042472
1124.0	-0.011010508663632776
1125.0	-0.009372569012414173
1126.0	-0.010136580554321208
1127.0	-0.00977416584183845
1128.0	-0.010584671376465682
1129.0	-0.007561926034391612
1130.0	-0.008578197290645495
1131.0	-0.00836209957063666
1132.0	-0.00909312819463134
1133.0	-0.009185559841696422
1134.0	-0.007989352859771719
1135.0	-0.007940554036643262
1136.0	-0.006856330021799232
1137.0	-0.00827777456845584
1138.0	-0.009168472305910502
1139.0	-0.00813344449874772
1140.0	-0.0071034237369546165
1141.0	-0.010183312977773154
1142.0	-0.00912833646604125
1143.0	-0.011208167740375165
1144.0	-0.01101774106250038
1145.0	-0.010305151081772145
1146.0	-0.008846908725492982
1147.0	-0.01015716507417487
1148.0	-0.00876385535388235
1149.0	-0.009939477815953392
1150.0	-0.0078048869501943455
1151.0	-0.009032646265640175
1152.0	-0.009693576254457489
1153.0	-0.008237797682407628
1154.0	-0.008028852884355692
1155.0	-0.007139029392917687
1156.0	-0.008636930727602604
1157.0	-0.007155719544150446
1158.0	-0.007853765250233138
1159.0	-0.008305114625713237
1160.0	-0.009223231897336374
1161.0	-0.008665462938519485
1162.0	-0.009482882964371496
1163.0	-0.009819070296345633
1164.0	-0.008102845888154329
1165.0	-0.006982857263525446
1166.0	-0.010766911932545132
1167.0	-0.008482745520976168
1168.0	-0.007592524644985003
1169.0	-0.009292933147960576
1170.0	-0.008045781466320569
1171.0	-0.007897795458723295
1172.0	-0.008331342006221858
1173.0	-0.008567785815352605
1174.0	-0.008028217069070783
1175.0	-0.0075677278488679835
1176.0	-0.007578854616356489
1177.0	-0.006703098538100158
1178.0	-0.007507563827519272
1179.0	-0.008931233727673434
1180.0	-0.00674617502366295
1181.0	-0.008497130841800668
1182.0	-0.010172186210284649
1183.0	-0.009592640577954616
1184.0	-0.0099232645261845
1185.0	-0.009306364745857342
1186.0	-0.007526797239892408
1187.0	-0.009649228138324879
1188.0	-0.00813741834427933
1189.0	-0.00987351198012868
1190.0	-0.008094341858716537
1191.0	-0.009647638600112234
1192.0	-0.007577026647411726
1193.0	-0.009483518779656775
1194.0	-0.008784757781378466
1195.0	-0.008470506076738885
1196.0	-0.00811532376312373
1197.0	-0.0076824130309100765
1198.0	-0.008663237585021931
1199.0	-0.008127722161182054
1200.0	-0.010374454947843557
1201.0	-0.0090752458897391
1202.0	-0.010215739557310937
1203.0	-0.010761030641158425
1204.0	-0.009498063054302317
1205.0	-0.010249199336687161
1206.0	-0.009608535960081052
1207.0	-0.009456099245488672
1208.0	-0.009200422023984788
1209.0	-0.009554332707029755
1210.0	-0.009179042735024805
1211.0	-0.010055832013118835
1212.0	-0.008085360967815248
1213.0	-0.011029344691452751
1214.0	-0.008585032304959937
1215.0	-0.007940156652090101
1216.0	-0.008763299015507778
1217.0	-0.009061416907289172
1218.0	-0.008578356244466538
1219.0	-0.009955691105722284
1220.0	-0.010377951931911298
1221.0	-0.010983009652553966
1222.0	-0.0106257609392623
1223.0	-0.01013197089350469
1224.0	-0.010888908990365535
1225.0	-0.0067466518851268175
1226.0	-0.00854124052720153
1227.0	-0.01023608564643285
1228.0	-0.01038478694622574
1229.0	-0.007808622364993837
1230.0	-0.007074891526037737
1231.0	-0.010324384494145281
1232.0	-0.010372547501988088
1233.0	-0.009094479302112235
1234.0	-0.009082398811695995
1235.0	-0.009015717683675668
1236.0	-0.009273302351034648
1237.0	-0.00883776888077028
1238.0	-0.011473223237333498
1239.0	-0.01128160440579923
1240.0	-0.01060573275778321
1241.0	-0.009502275330565675
1242.0	-0.009866120627440035
1243.0	-0.010039300815707489
1244.0	-0.008842616972318548
1245.0	-0.008945539571587226
1246.0	-0.009090187548937801
1247.0	-0.009947981845391184
1248.0	-0.010011642850807637
1249.0	-0.009829084387085362
1250.0	-0.008880050597226382
1251.0	-0.01045933628839858
1252.0	-0.009300403977559928
1253.0	-0.00892733935905253
1254.0	-0.009476604288431627
1255.0	-0.010872775177507349
1256.0	-0.011138148582108136
1257.0	-0.009255737953784862
1258.0	-0.00946031152175203
1259.0	-0.01085544921098931
1260.0	-0.009711935420813597
1261.0	-0.01224335450135936
1262.0	-0.009064119122250592
1263.0	-0.00954026529384808
1264.0	-0.009656142629549657
1265.0	-0.008953725693382564
1266.0	-0.010826281184787522
1267.0	-0.009792763438926306
1268.0	-0.00831338022441891
1269.0	-0.008813369469206052
1270.0	-0.008590118827240322
1271.0	-0.009997337006893843
1272.0	-0.010216613803327966
1273.0	-0.00915957089191992
1274.0	-0.009549723046213236
1275.0	-0.008987821288043697
1276.0	-0.0076127912571962095
1277.0	-0.00855872544754061



