0.000000	31.788786
1.000000	31.991017
2.000000	32.090091
3.000000	32.021727
4.000000	32.119244
5.000000	32.047580
6.000000	32.146981
7.000000	32.113978
8.000000	32.058834
9.000000	32.179941
10.000000	32.189369
11.000000	32.212191
12.000000	32.168869
13.000000	32.256571
14.000000	32.191083
15.000000	32.222774
16.000000	32.235570
17.000000	32.241632
18.000000	32.192779
19.000000	32.145692
20.000000	32.141652
21.000000	32.196152
22.000000	32.120288
23.000000	32.112752
24.000000	32.101761
25.000000	32.192069
26.000000	32.118100
27.000000	32.169183
28.000000	32.214288
29.000000	32.277103
30.000000	32.234799
31.000000	32.252996
32.000000	32.287327
33.000000	32.329368
34.000000	32.365786
35.000000	32.331932
36.000000	32.405753
37.000000	32.431216
38.000000	32.397985
39.000000	32.416785
40.000000	32.430493
41.000000	32.465340
42.000000	32.499355
43.000000	32.490110
44.000000	32.505933
45.000000	32.547889
46.000000	32.547220
47.000000	32.548066
48.000000	32.558084
49.000000	32.547396
50.000000	32.573676
51.000000	32.548597
52.000000	32.602900
53.000000	32.530522
54.000000	32.597665
55.000000	32.559445
56.000000	32.610584
57.000000	32.512830
58.000000	32.585106
59.000000	32.551485
60.000000	32.515113
61.000000	32.506221
62.000000	32.530333
63.000000	32.520693
64.000000	32.492478
65.000000	32.438299
66.000000	32.461494
67.000000	32.469219
68.000000	32.432886
69.000000	32.443889
70.000000	32.383751
71.000000	32.362829
72.000000	32.330009
73.000000	32.404668
74.000000	32.375474
75.000000	32.350581
76.000000	32.316901
77.000000	32.288691
78.000000	32.223348
79.000000	32.215445
80.000000	32.240948
81.000000	32.204403
82.000000	32.218407
83.000000	32.186451
84.000000	32.140615
85.000000	32.184426
86.000000	32.202628
87.000000	32.150370
88.000000	32.110474
89.000000	32.124073
90.000000	32.076184
91.000000	32.124818
92.000000	32.075387
93.000000	32.078791
94.000000	32.050977
95.000000	32.064823
96.000000	32.107525
97.000000	32.109604
98.000000	32.097650
99.000000	32.078829
100.000000	32.112586
101.000000	32.108495
102.000000	32.083842
103.000000	32.043145
104.000000	32.036411
105.000000	32.073446
106.000000	32.069350
107.000000	32.064366
108.000000	32.038357
109.000000	32.087683
110.000000	32.035188
111.000000	32.041385
112.000000	31.975468
113.000000	32.009319
114.000000	32.022784
115.000000	31.979232
116.000000	31.961816
117.000000	31.915452
118.000000	31.915838
119.000000	31.851961
120.000000	31.859611
121.000000	31.906162
122.000000	31.875117
123.000000	31.813804
124.000000	31.800280
125.000000	31.807859
126.000000	31.861455
127.000000	31.834946
128.000000	31.773385
129.000000	31.777711
130.000000	31.826181
131.000000	31.771071
132.000000	31.779457
133.000000	31.754237
134.000000	31.709845
135.000000	31.743688
136.000000	31.719641
137.000000	31.719983
138.000000	31.764442
139.000000	31.706811
140.000000	31.727038
141.000000	31.714017
142.000000	31.764677
143.000000	31.684929
144.000000	31.749250
145.000000	31.720876
146.000000	31.777716
147.000000	31.719929
148.000000	31.761760
149.000000	31.753936
150.000000	31.790469
151.000000	31.785394
152.000000	31.760588
153.000000	31.737005
154.000000	31.767391
155.000000	31.726150
156.000000	31.745136
157.000000	31.799309
158.000000	31.767708
159.000000	31.750642
160.000000	31.779608
161.000000	31.699201
162.000000	31.717363
163.000000	31.753476
164.000000	31.780844
165.000000	31.748221
166.000000	31.780826
167.000000	31.727233
168.000000	31.709145
169.000000	31.764472
170.000000	31.727833
171.000000	31.772731
172.000000	31.707868
173.000000	31.762407
174.000000	31.783117
175.000000	31.698157
176.000000	31.717314
177.000000	31.688578
178.000000	31.715057
179.000000	31.674788
180.000000	31.714686
181.000000	31.709880
182.000000	31.646152
183.000000	31.663476
184.000000	31.666931
185.000000	31.677664
186.000000	31.653179
187.000000	31.708415
188.000000	31.586598
189.000000	31.628991
190.000000	31.634101
191.000000	31.608204
192.000000	31.563817
193.000000	31.599394
194.000000	31.595002
195.000000	31.559455
196.000000	31.561478
197.000000	31.633605
198.000000	31.561784
199.000000	31.508334
200.000000	31.595714
201.000000	31.524511
202.000000	31.475946
203.000000	31.507718
204.000000	31.443221
205.000000	31.448777
206.000000	31.473601
207.000000	31.444771
208.000000	31.430531
209.000000	31.395054
210.000000	31.452866
211.000000	31.394579
212.000000	31.347847
213.000000	31.345436
214.000000	31.399785
215.000000	31.374246
216.000000	31.389535
217.000000	31.355615
218.000000	31.401982
219.000000	31.424300
220.000000	31.367829
221.000000	31.342916
222.000000	31.344057
223.000000	31.429015
224.000000	31.414168
225.000000	31.389974
226.000000	31.406162
227.000000	31.381136
228.000000	31.414512
229.000000	31.361971
230.000000	31.411609
231.000000	31.445884
232.000000	31.408008
233.000000	31.403210
234.000000	31.455269
235.000000	31.389658
236.000000	31.469120
237.000000	31.395656
238.000000	31.466410
239.000000	31.511597
240.000000	31.486714
241.000000	31.480915
242.000000	31.539672
243.000000	31.463440
244.000000	31.516735
245.000000	31.575242
246.000000	31.515670
247.000000	31.574637
248.000000	31.563444
249.000000	31.533581
250.000000	31.631179
251.000000	31.564075
252.000000	31.621506
253.000000	31.634660
254.000000	31.650043
255.000000	31.612801
256.000000	31.627872
257.000000	31.721387
258.000000	31.671111
259.000000	31.657421
260.000000	31.722261
261.000000	31.655725
262.000000	31.712289
263.000000	31.709957
264.000000	31.656665
265.000000	31.745642
266.000000	31.700000
267.000000	31.730379
268.000000	31.778466
269.000000	31.744850
270.000000	31.790987
271.000000	31.761474
272.000000	31.775282
273.000000	31.809072
274.000000	31.826289
275.000000	31.830410
276.000000	31.785530
277.000000	31.812744
278.000000	31.840175
279.000000	31.829494
280.000000	31.870549
281.000000	31.876440
282.000000	31.872303
283.000000	31.870140
284.000000	31.897007
285.000000	31.886517
286.000000	31.937541
287.000000	31.926167
288.000000	31.985481
289.000000	31.916121
290.000000	31.922569
291.000000	31.935299
292.000000	31.994842
293.000000	31.956101
294.000000	31.990729
295.000000	32.021612
296.000000	31.985279
297.000000	31.967345
298.000000	32.036878
299.000000	32.011543
300.000000	31.978392
301.000000	32.037496
302.000000	32.051546
303.000000	32.045338
304.000000	32.001551
305.000000	31.999255
306.000000	32.007151
307.000000	32.003778
308.000000	32.080254
309.000000	32.044912
310.000000	32.049263
311.000000	32.046235
312.000000	32.035277
313.000000	32.063906
314.000000	32.034245
315.000000	32.022841
316.000000	32.057384
317.000000	32.073980
318.000000	32.074039
319.000000	32.038648
320.000000	32.002805
321.000000	32.012429
322.000000	32.044598
323.000000	32.017981
324.000000	32.083914
325.000000	32.075883
326.000000	32.063063
327.000000	32.016094
328.000000	32.026462
329.000000	32.084841
330.000000	32.054309
331.000000	32.055691
332.000000	32.138199
333.000000	32.069069
334.000000	32.112507
335.000000	32.070428
336.000000	32.144915
337.000000	32.123511
338.000000	32.128345
339.000000	32.088914
340.000000	32.149292
341.000000	32.158279
342.000000	32.156220
343.000000	32.169295
344.000000	32.180889
345.000000	32.205113
346.000000	32.187183
347.000000	32.134497
348.000000	32.204730
349.000000	32.148886
350.000000	32.160917
351.000000	32.136953
352.000000	32.148000
353.000000	32.203098
354.000000	32.207636
355.000000	32.235121
356.000000	32.136118
357.000000	32.190179
358.000000	32.189701
359.000000	32.217013
360.000000	32.158616
361.000000	32.172837
362.000000	32.246229
363.000000	32.197360
364.000000	32.168261
365.000000	32.205989
366.000000	32.169063
367.000000	32.155942
368.000000	32.196849
369.000000	32.221724
370.000000	32.181085
371.000000	32.237593
372.000000	32.162717
373.000000	32.180268
374.000000	32.221236
375.000000	32.138792
376.000000	32.168562
377.000000	32.186226
378.000000	32.155929
379.000000	32.195370
380.000000	32.207702
381.000000	32.152852
382.000000	32.162104
383.000000	32.154568
384.000000	32.207991
385.000000	32.215401
386.000000	32.161685
387.000000	32.189242
388.000000	32.167523
389.000000	32.217597
390.000000	32.157653
391.000000	32.221814
392.000000	32.192350
393.000000	32.203463
394.000000	32.121945
395.000000	32.176499
396.000000	32.165582
397.000000	32.171859
398.000000	32.141588
399.000000	32.206349
400.000000	32.140357
401.000000	32.225289
402.000000	32.203335
403.000000	32.146866
404.000000	32.171933
405.000000	32.187865
406.000000	32.136825
407.000000	32.145651
408.000000	32.101771
409.000000	32.167656
410.000000	32.151642
411.000000	32.129364
412.000000	32.124213
413.000000	32.123799
414.000000	32.117602
415.000000	32.040075
416.000000	32.128787
417.000000	32.072757
418.000000	32.039769
419.000000	32.033122
420.000000	32.008331
421.000000	31.969339
422.000000	32.020908
423.000000	31.992432
424.000000	32.025264
425.000000	31.987598
426.000000	32.014981
427.000000	31.909433
428.000000	31.985629
429.000000	31.984378
430.000000	32.067445
431.000000	31.935692
432.000000	31.957128
433.000000	31.955486
434.000000	31.930442
435.000000	31.939048
436.000000	31.987580
437.000000	31.953956
438.000000	32.026104
439.000000	31.957771
440.000000	31.960667
441.000000	31.993520
442.000000	31.959257
443.000000	31.978172
444.000000	32.011559
445.000000	31.975095
446.000000	31.997419
447.000000	31.961139
448.000000	32.012677
449.000000	32.019125
450.000000	31.970851
451.000000	31.956655
452.000000	31.974033
453.000000	32.111544
454.000000	31.992087
455.000000	32.022151
456.000000	32.059274
457.000000	32.005047
458.000000	32.007593
459.000000	32.032871
460.000000	32.003714
461.000000	32.078268
462.000000	32.038505
463.000000	31.995399
464.000000	32.053227
465.000000	32.068418
466.000000	32.023446
467.000000	31.955414
468.000000	32.020387
469.000000	32.093079
470.000000	32.031005
471.000000	31.976094
472.000000	32.064307
473.000000	32.062956
474.000000	32.018242
475.000000	32.062026
476.000000	32.042542
477.000000	32.009370
478.000000	32.064866
479.000000	32.037736
480.000000	32.070382
481.000000	32.035359
482.000000	32.069090
483.000000	32.059044
484.000000	32.075867
485.000000	32.031850
486.000000	32.086220
487.000000	32.104634
488.000000	32.092037
489.000000	32.115577
490.000000	32.049161
491.000000	32.059869
492.000000	32.107185
493.000000	32.090827
494.000000	32.060967
495.000000	32.075666
496.000000	32.050078
497.000000	32.069856
498.000000	32.046914
499.000000	32.027379
500.000000	32.074575
501.000000	32.027718
502.000000	32.033091
503.000000	32.024426
504.000000	31.989881
505.000000	32.046728
506.000000	32.019771
507.000000	31.970764
508.000000	31.972449
509.000000	31.989184
510.000000	32.025098
511.000000	31.981696
512.000000	31.915478
513.000000	31.956859
514.000000	31.985013
515.000000	31.936686
516.000000	31.965917
517.000000	31.929114
518.000000	31.881294
519.000000	31.854552
520.000000	31.942886
521.000000	31.848705
522.000000	31.941627
523.000000	31.897589
524.000000	31.901741
525.000000	31.922140
526.000000	31.956829
527.000000	31.856189
528.000000	31.878015
529.000000	31.905166
530.000000	31.898955
531.000000	31.857951
532.000000	31.807029
533.000000	31.860794
534.000000	31.861192
535.000000	31.872303
536.000000	31.831577
537.000000	31.763466
538.000000	31.885007
539.000000	31.842109
540.000000	31.800607
541.000000	31.776822
542.000000	31.810313
543.000000	31.815211
544.000000	31.766847
545.000000	31.792874
546.000000	31.868245
547.000000	31.793709
548.000000	31.772057
549.000000	31.821097
550.000000	31.801414
551.000000	31.803326
552.000000	31.769186
553.000000	31.808314
554.000000	31.753277
555.000000	31.766740
556.000000	31.728195
557.000000	31.763806
558.000000	31.780338
559.000000	31.741395
560.000000	31.781005
561.000000	31.761339
562.000000	31.764641
563.000000	31.694694
564.000000	31.743561
565.000000	31.757833
566.000000	31.743601
567.000000	31.747041
568.000000	31.742097
569.000000	31.763831
570.000000	31.742833
571.000000	31.737442
572.000000	31.752539
573.000000	31.727378
574.000000	31.770052
575.000000	31.743852
576.000000	31.733540
577.000000	31.740657
578.000000	31.769322
579.000000	31.756985
580.000000	31.740210
581.000000	31.774021
582.000000	31.760307
583.000000	31.761533
584.000000	31.695697
585.000000	31.678764
586.000000	31.711349
587.000000	31.684022
588.000000	31.764649
589.000000	31.648169
590.000000	31.650651
591.000000	31.697569
592.000000	31.670133
593.000000	31.681956
594.000000	31.636997
595.000000	31.688029
596.000000	31.647362
597.000000	31.651627
598.000000	31.680687
599.000000	31.670222
600.000000	31.724452
601.000000	31.653526
602.000000	31.671903
603.000000	31.648560
604.000000	31.709523
605.000000	31.640863
606.000000	31.722713
607.000000	31.620579
608.000000	31.655189
609.000000	31.676254
610.000000	31.687679
611.000000	31.640664
612.000000	31.641578
613.000000	31.668665
614.000000	31.688049
615.000000	31.651251
616.000000	31.637732
617.000000	31.739579
618.000000	31.677020
619.000000	31.657176
620.000000	31.682827
621.000000	31.681269
622.000000	31.642382
623.000000	31.645866
624.000000	31.638003
625.000000	31.709827
626.000000	31.657998
627.000000	31.697053
628.000000	31.662717
629.000000	31.654596
630.000000	31.646489
631.000000	31.681673
632.000000	31.608643
633.000000	31.725427
634.000000	31.705366
635.000000	31.678177
636.000000	31.659918
637.000000	31.714418
638.000000	31.747491
639.000000	31.645306
640.000000	31.631200
641.000000	31.716972
642.000000	31.693254
643.000000	31.677692
644.000000	31.618738
645.000000	31.720304
646.000000	31.688504
647.000000	31.649995
648.000000	31.660769
649.000000	31.618909
650.000000	31.615053
651.000000	31.651101
652.000000	31.573084
653.000000	31.624760
654.000000	31.606534
655.000000	31.620040
656.000000	31.577497
657.000000	31.617004
658.000000	31.625847
659.000000	31.660084
660.000000	31.614351
661.000000	31.578163
662.000000	31.666841
663.000000	31.623871
664.000000	31.687812
665.000000	31.656683
666.000000	31.665148
667.000000	31.646381
668.000000	31.644412
669.000000	31.667732
670.000000	31.626289
671.000000	31.622142
672.000000	31.681101
673.000000	31.661502
674.000000	31.642824
675.000000	31.609328
676.000000	31.633003
677.000000	31.686037
678.000000	31.674857
679.000000	31.641678
680.000000	31.624502
681.000000	31.673126
682.000000	31.673105
683.000000	31.648394
684.000000	31.763860
685.000000	31.695945
686.000000	31.707375
687.000000	31.679911
688.000000	31.688248
689.000000	31.700327
690.000000	31.709661
691.000000	31.737322
692.000000	31.738729
693.000000	31.701834
694.000000	31.709947
695.000000	31.688614
696.000000	31.737266
697.000000	31.694622
698.000000	31.751393
699.000000	31.754490
700.000000	31.763798
701.000000	31.774066
702.000000	31.749789
703.000000	31.738011
704.000000	31.757672
705.000000	31.742889
706.000000	31.809138
707.000000	31.708724
708.000000	31.754128
709.000000	31.717248
710.000000	31.747179
711.000000	31.777654
712.000000	31.760859
713.000000	31.747108
714.000000	31.712592
715.000000	31.725652
716.000000	31.765162
717.000000	31.760708
718.000000	31.768477
719.000000	31.712335
720.000000	31.714760
721.000000	31.753162
722.000000	31.758722
723.000000	31.759214
724.000000	31.723910
725.000000	31.741313
726.000000	31.742176
727.000000	31.736232
728.000000	31.706193
729.000000	31.805060
730.000000	31.764393
731.000000	31.779077
732.000000	31.723075
733.000000	31.759028
734.000000	31.746903
735.000000	31.710774
736.000000	31.709801
737.000000	31.703491
738.000000	31.735524
739.000000	31.824897
740.000000	31.800211
741.000000	31.783206
742.000000	31.756043
743.000000	31.762044
744.000000	31.846577
745.000000	31.831805
746.000000	31.791605
747.000000	31.810967
748.000000	31.800658
749.000000	31.809075
750.000000	31.836702
751.000000	31.752858
752.000000	31.799008
753.000000	31.840352
754.000000	31.841846
755.000000	31.810456
756.000000	31.837921
757.000000	31.813707
758.000000	31.841258
759.000000	31.852556
760.000000	31.812433
761.000000	31.858444
762.000000	31.893123
763.000000	31.828206
764.000000	31.834930
765.000000	31.813094
766.000000	31.872132
767.000000	31.889167
768.000000	31.879737
769.000000	31.847369
770.000000	31.881861
771.000000	31.906468
772.000000	31.943935
773.000000	31.872620
774.000000	31.899576
775.000000	31.871876
776.000000	31.910100
777.000000	31.886833
778.000000	31.957809
779.000000	31.951744
780.000000	31.903223
781.000000	31.910843
782.000000	31.938126
783.000000	31.884535
784.000000	31.981374
785.000000	31.934426
786.000000	31.937970
787.000000	31.938683
788.000000	31.904415
789.000000	31.945253
790.000000	31.938808
791.000000	31.876555
792.000000	31.878976
793.000000	31.934219
794.000000	31.911208
795.000000	31.892543
796.000000	31.850893
797.000000	31.909630
798.000000	31.916910
799.000000	31.900945
800.000000	31.895125
801.000000	31.895176
802.000000	31.911297
803.000000	31.894969
804.000000	31.880763
805.000000	31.859103
806.000000	31.881197
807.000000	31.851314
808.000000	31.819851
809.000000	31.862701
810.000000	31.877906
811.000000	31.848763
812.000000	31.879987
813.000000	31.848534
814.000000	31.839394
815.000000	31.858753
816.000000	31.884696
817.000000	31.873917
818.000000	31.846452
819.000000	31.900539
820.000000	31.805295
821.000000	31.883212
822.000000	31.871892
823.000000	31.909990
824.000000	31.852264
825.000000	31.900786
826.000000	31.876570
827.000000	31.791743
828.000000	31.845484
829.000000	31.843546
830.000000	31.852249
831.000000	31.869453
832.000000	31.869272
833.000000	31.901884
834.000000	31.899903
835.000000	31.913054
836.000000	31.872620
837.000000	31.837203
838.000000	31.860615
839.000000	31.897227
840.000000	31.887987
841.000000	31.881682
842.000000	31.875122
843.000000	31.834205
844.000000	31.823023
845.000000	31.878061
846.000000	31.886601
847.000000	31.808766
848.000000	31.895442
849.000000	31.827974
850.000000	31.825860
851.000000	31.921333
852.000000	31.853222
853.000000	31.861649
854.000000	31.865007
855.000000	31.851958
856.000000	31.901938
857.000000	31.892548
858.000000	31.862507
859.000000	31.816092
860.000000	31.857683
861.000000	31.912125
862.000000	31.896238
863.000000	31.876818
864.000000	31.852487
865.000000	31.850214
866.000000	31.894384
867.000000	31.841483
868.000000	31.840901
869.000000	31.901361
870.000000	31.869553
871.000000	31.838426
872.000000	31.906330
873.000000	31.888235
874.000000	31.857231
875.000000	31.896190
876.000000	31.875380
877.000000	31.850089
878.000000	31.916560
879.000000	31.858255
880.000000	31.840301
881.000000	31.917497
882.000000	31.847155
883.000000	31.841925
884.000000	31.870467
885.000000	31.870878
886.000000	31.811133
887.000000	31.889433
888.000000	31.858929
889.000000	31.923624
890.000000	31.862331
891.000000	31.873713
892.000000	31.847525
893.000000	31.867630
894.000000	31.851051
895.000000	31.871432
896.000000	31.888261
897.000000	31.867385
898.000000	31.894489
899.000000	31.787818
900.000000	31.834591
901.000000	31.850454
902.000000	31.837206
903.000000	31.834626
904.000000	31.870086
905.000000	31.837497
906.000000	31.782731
907.000000	31.790011
908.000000	31.803344
909.000000	31.865883
910.000000	31.811850
911.000000	31.864547
912.000000	31.876961
913.000000	31.859902
914.000000	31.791153
915.000000	31.836480
916.000000	31.786960
917.000000	31.840689
918.000000	31.832525
919.000000	31.796623
920.000000	31.837903
921.000000	31.830643
922.000000	31.831889
923.000000	31.808508
924.000000	31.805614
925.000000	31.826033
926.000000	31.810916
927.000000	31.766617
928.000000	31.758842
929.000000	31.843766
930.000000	31.788671
931.000000	31.756308
932.000000	31.829562
933.000000	31.758775
934.000000	31.796743
935.000000	31.785343
936.000000	31.798919
937.000000	31.813960
938.000000	31.786416
939.000000	31.782312
940.000000	31.809721
941.000000	31.761051
942.000000	31.780034
943.000000	31.740843
944.000000	31.793055
945.000000	31.783058
946.000000	31.720751
947.000000	31.680046
948.000000	31.757902
949.000000	31.808109
950.000000	31.754679
951.000000	31.803975
952.000000	31.760583
953.000000	31.750422
954.000000	31.786750
955.000000	31.803107
956.000000	31.801043
957.000000	31.788160
958.000000	31.853603
959.000000	31.812882
960.000000	31.789008
961.000000	31.748627
962.000000	31.740123
963.000000	31.683777
964.000000	31.703330
965.000000	31.717123
966.000000	31.677273
967.000000	31.668751
968.000000	31.686297
969.000000	31.719388
970.000000	31.777621
971.000000	31.735841
972.000000	31.754199
973.000000	31.780438
974.000000	31.729482
975.000000	31.765210
976.000000	31.765558
977.000000	31.764319
978.000000	31.771942
979.000000	31.727794
980.000000	31.762749
981.000000	31.715151
982.000000	31.769850
983.000000	31.683075
984.000000	31.690940
985.000000	31.660743
986.000000	31.704653
987.000000	31.689543
988.000000	31.670955
989.000000	31.716027
990.000000	31.727437
991.000000	31.646718
992.000000	31.665654
993.000000	31.703254
994.000000	31.694548
995.000000	31.638631
996.000000	31.668026
997.000000	31.687355
998.000000	31.682544
999.000000	31.643764
1000.000000	31.639632
1001.000000	31.684760
1002.000000	31.582903
1003.000000	31.637819
1004.000000	31.583952
1005.000000	31.551056
1006.000000	31.535155
1007.000000	31.633411
1008.000000	31.649086
1009.000000	31.670304
1010.000000	31.769817
1011.000000	31.684949
1012.000000	31.664035
1013.000000	31.682329
1014.000000	31.664111
1015.000000	31.674247
1016.000000	31.707077
1017.000000	31.704850
1018.000000	31.695772
1019.000000	31.708479
1020.000000	31.758517
1021.000000	31.677143
1022.000000	31.737462
1023.000000	31.665283
1024.000000	31.616700
1025.000000	31.669019
1026.000000	31.684198
1027.000000	31.698328
1028.000000	31.662286
1029.000000	31.665388
1030.000000	31.731094
1031.000000	31.732281
1032.000000	31.711566
1033.000000	31.748367
1034.000000	31.765910
1035.000000	31.786240
1036.000000	31.771066
1037.000000	31.799897
1038.000000	31.807410
1039.000000	31.712442
1040.000000	31.762996
1041.000000	31.760527
1042.000000	31.763385
1043.000000	31.707133
1044.000000	31.699431
1045.000000	31.692531
1046.000000	31.727424
1047.000000	31.727753
1048.000000	31.754574
1049.000000	31.677697
1050.000000	31.730404
1051.000000	31.758803
1052.000000	31.783921
1053.000000	31.732894
1054.000000	31.702087
1055.000000	31.700736
1056.000000	31.692945
1057.000000	31.731811
1058.000000	31.690404
1059.000000	31.682750
1060.000000	31.690276
1061.000000	31.695930
1062.000000	31.699972
1063.000000	31.560571
1064.000000	31.649888
1065.000000	31.661841
1066.000000	31.603059
1067.000000	31.610730
1068.000000	31.573242
1069.000000	31.653848
1070.000000	31.743744
1071.000000	31.718581
1072.000000	31.698226
1073.000000	31.703887
1074.000000	31.775190
1075.000000	31.714582
1076.000000	31.670066
1077.000000	31.738987
1078.000000	31.709924
1079.000000	31.706280
1080.000000	31.672671
1081.000000	31.753635
1082.000000	31.791470
1083.000000	31.695667
1084.000000	31.676394
1085.000000	31.714602
1086.000000	31.740460
1087.000000	31.700754
1088.000000	31.767274
1089.000000	31.749099
1090.000000	31.739416
1091.000000	31.772483
1092.000000	31.811243
1093.000000	31.792813
1094.000000	31.776084
1095.000000	31.730246
1096.000000	31.785537
1097.000000	31.783043
1098.000000	31.770540
1099.000000	31.784856
1100.000000	31.747687
1101.000000	31.763520
1102.000000	31.734584
1103.000000	31.789690
1104.000000	31.757169
1105.000000	31.803898
1106.000000	31.712156
1107.000000	31.748997
1108.000000	31.756457
1109.000000	31.754008
1110.000000	31.808689
1111.000000	31.786893
1112.000000	31.837867
1113.000000	31.818715
1114.000000	31.842755
1115.000000	31.770550
1116.000000	31.812328
1117.000000	31.845584
1118.000000	31.812570
1119.000000	31.821552
1120.000000	31.813094
1121.000000	31.822499
1122.000000	31.794399
1123.000000	31.804146
1124.000000	31.776960
1125.000000	31.829588
1126.000000	31.805040
1127.000000	31.816684
1128.000000	31.790642
1129.000000	31.887765
1130.000000	31.855112
1131.000000	31.862055
1132.000000	31.838567
1133.000000	31.835597
1134.000000	31.874032
1135.000000	31.875600
1136.000000	31.910437
1137.000000	31.864765
1138.000000	31.836146
1139.000000	31.869402
1140.000000	31.902497
1141.000000	31.803538
1142.000000	31.837435
1143.000000	31.770609
1144.000000	31.776727
1145.000000	31.799623
1146.000000	31.846478
1147.000000	31.804378
1148.000000	31.849146
1149.000000	31.811373
1150.000000	31.879959
1151.000000	31.840510
1152.000000	31.819274
1153.000000	31.866049
1154.000000	31.872763
1155.000000	31.901353
1156.000000	31.853225
1157.000000	31.900817
1158.000000	31.878388
1159.000000	31.863886
1160.000000	31.834386
1161.000000	31.852308
1162.000000	31.826044
1163.000000	31.815242
1164.000000	31.870385
1165.000000	31.906371
1166.000000	31.784787
1167.000000	31.858179
1168.000000	31.886782
1169.000000	31.832147
1170.000000	31.872219
1171.000000	31.876974
1172.000000	31.863043
1173.000000	31.855446
1174.000000	31.872783
1175.000000	31.887579
1176.000000	31.887221
1177.000000	31.915360
1178.000000	31.889512
1179.000000	31.843768
1180.000000	31.913976
1181.000000	31.857716
1182.000000	31.803896
1183.000000	31.822517
1184.000000	31.811894
1185.000000	31.831715
1186.000000	31.888894
1187.000000	31.820699
1188.000000	31.869274
1189.000000	31.813492
1190.000000	31.870658
1191.000000	31.820750
1192.000000	31.887280
1193.000000	31.826023
1194.000000	31.848475
1195.000000	31.858572
1196.000000	31.869984
1197.000000	31.883894
1198.000000	31.852379
1199.000000	31.869586
1200.000000	31.797397
1201.000000	31.839141
1202.000000	31.802496
1203.000000	31.784976
1204.000000	31.825556
1205.000000	31.801421
1206.000000	31.822006
1207.000000	31.826904
1208.000000	31.835119
1209.000000	31.823748
1210.000000	31.835806
1211.000000	31.807634
1212.000000	31.870947
1213.000000	31.776355
1214.000000	31.854892
1215.000000	31.875612
1216.000000	31.849164
1217.000000	31.839586
1218.000000	31.855107
1219.000000	31.810852
1220.000000	31.797284
1221.000000	31.777843
1222.000000	31.789322
1223.000000	31.805188
1224.000000	31.780867
1225.000000	31.913961
1226.000000	31.856299
1227.000000	31.801843
1228.000000	31.797065
1229.000000	31.879839
1230.000000	31.903414
1231.000000	31.799005
1232.000000	31.797458
1233.000000	31.838523
1234.000000	31.838911
1235.000000	31.841054
1236.000000	31.832777
1237.000000	31.846772
1238.000000	31.762092
1239.000000	31.768249
1240.000000	31.789966
1241.000000	31.825420
1242.000000	31.813730
1243.000000	31.808165
1244.000000	31.846616
1245.000000	31.843309
1246.000000	31.838661
1247.000000	31.811100
1248.000000	31.809054
1249.000000	31.814920
1250.000000	31.845413
1251.000000	31.794669
1252.000000	31.831907
1253.000000	31.843894
1254.000000	31.826245
1255.000000	31.781385
1256.000000	31.772859
1257.000000	31.833342
1258.000000	31.826769
1259.000000	31.781942
1260.000000	31.818684
1261.000000	31.737348
1262.000000	31.839499
1263.000000	31.824200
1264.000000	31.820477
1265.000000	31.843046
1266.000000	31.782879
1267.000000	31.816087
1268.000000	31.863621
1269.000000	31.847555
1270.000000	31.854729
1271.000000	31.809514
1272.000000	31.802468
1273.000000	31.836432
1274.000000	31.823896
1275.000000	31.841950
1276.000000	31.886131
1277.000000	31.855737

