0.000000	42.762611
1.000000	42.705847
2.000000	42.734345
3.000000	42.626132
4.000000	42.593084
5.000000	42.618451
6.000000	42.585578
7.000000	42.533330
8.000000	42.459596
9.000000	42.484865
10.000000	42.505763
11.000000	42.449388
12.000000	42.424502
13.000000	42.420821
14.000000	42.379586
15.000000	42.326278
16.000000	42.394844
17.000000	42.340133
18.000000	42.295378
19.000000	42.274604
20.000000	42.228113
21.000000	42.277595
22.000000	42.157641
23.000000	42.144767
24.000000	42.099967
25.000000	42.079915
26.000000	42.117404
27.000000	42.050592
28.000000	42.073165
29.000000	42.089061
30.000000	42.061107
31.000000	42.085948
32.000000	42.015898
33.000000	42.035438
34.000000	42.021539
35.000000	41.987101
36.000000	41.959511
37.000000	42.010840
38.000000	41.992498
39.000000	42.008560
40.000000	41.996197
41.000000	42.014167
42.000000	41.977589
43.000000	42.032848
44.000000	41.991274
45.000000	41.978819
46.000000	41.998986
47.000000	41.986577
48.000000	42.004063
49.000000	41.988535
50.000000	41.972892
51.000000	41.975201
52.000000	41.988672
53.000000	41.923269
54.000000	41.926035
55.000000	41.864785
56.000000	41.939394
57.000000	41.879889
58.000000	41.854685
59.000000	41.874108
60.000000	41.835204
61.000000	41.845252
62.000000	41.871076
63.000000	41.827313
64.000000	41.799881
65.000000	41.757823
66.000000	41.758070
67.000000	41.733743
68.000000	41.731837
69.000000	41.677181
70.000000	41.658059
71.000000	41.634075
72.000000	41.649497
73.000000	41.661133
74.000000	41.608871
75.000000	41.596684
76.000000	41.553000
77.000000	41.515485
78.000000	41.523498
79.000000	41.544659
80.000000	41.485582
81.000000	41.523131
82.000000	41.538769
83.000000	41.499454
84.000000	41.480376
85.000000	41.465423
86.000000	41.523692
87.000000	41.473416
88.000000	41.469002
89.000000	41.419302
90.000000	41.402267
91.000000	41.438731
92.000000	41.458588
93.000000	41.416912
94.000000	41.433719
95.000000	41.408124
96.000000	41.364498
97.000000	41.454232
98.000000	41.378362
99.000000	41.403277
100.000000	41.398493
101.000000	41.421621
102.000000	41.379118
103.000000	41.348631
104.000000	41.368754
105.000000	41.368463
106.000000	41.341106
107.000000	41.369519
108.000000	41.381298
109.000000	41.382229
110.000000	41.366857
111.000000	41.352806
112.000000	41.350645
113.000000	41.315688
114.000000	41.361736
115.000000	41.305064
116.000000	41.350367
117.000000	41.323421
118.000000	41.305692
119.000000	41.331829
120.000000	41.309736
121.000000	41.304193
122.000000	41.312587
123.000000	41.277221
124.000000	41.243737
125.000000	41.258887
126.000000	41.269700
127.000000	41.188925
128.000000	41.243194
129.000000	41.220203
130.000000	41.234798
131.000000	41.211194
132.000000	41.199384
133.000000	41.211500
134.000000	41.203846
135.000000	41.156083
136.000000	41.142005
137.000000	41.180483
138.000000	41.201799
139.000000	41.193858
140.000000	41.156374
141.000000	41.170707
142.000000	41.188627
143.000000	41.169410
144.000000	41.123432
145.000000	41.184858
146.000000	41.135006
147.000000	41.182183
148.000000	41.170154
149.000000	41.191175
150.000000	41.187104
151.000000	41.175065
152.000000	41.121076
153.000000	41.115055
154.000000	41.131134
155.000000	41.139973
156.000000	41.122441
157.000000	41.127529
158.000000	41.106693
159.000000	41.074094
160.000000	41.098877
161.000000	41.093170
162.000000	41.024885
163.000000	41.016250
164.000000	41.000537
165.000000	41.052188
166.000000	41.021936
167.000000	41.086939
168.000000	40.969561
169.000000	41.032412
170.000000	41.051535
171.000000	41.017896
172.000000	40.998639
173.000000	41.035592
174.000000	41.045862
175.000000	41.002804
176.000000	40.972344
177.000000	41.013153
178.000000	40.972290
179.000000	40.985682
180.000000	40.960039
181.000000	40.930150
182.000000	40.920150
183.000000	40.951890
184.000000	40.930562
185.000000	40.993595
186.000000	40.907737
187.000000	40.993030
188.000000	40.928332
189.000000	40.944995
190.000000	40.950764
191.000000	40.877076
192.000000	40.921075
193.000000	40.888830
194.000000	40.871080
195.000000	40.931692
196.000000	40.859970
197.000000	40.932058
198.000000	40.906652
199.000000	40.878162
200.000000	40.974410
201.000000	40.845138
202.000000	40.890158
203.000000	40.866051
204.000000	40.820135
205.000000	40.909755
206.000000	40.833247
207.000000	40.864141
208.000000	40.846117
209.000000	40.838137
210.000000	40.857694
211.000000	40.834171
212.000000	40.823402
213.000000	40.807259
214.000000	40.847303
215.000000	40.895559
216.000000	40.819636
217.000000	40.802435
218.000000	40.900551
219.000000	40.862661
220.000000	40.844953
221.000000	40.838935
222.000000	40.840888
223.000000	40.847858
224.000000	40.804503
225.000000	40.819163
226.000000	40.813724
227.000000	40.837052
228.000000	40.779320
229.000000	40.805349
230.000000	40.831191
231.000000	40.781338
232.000000	40.786419
233.000000	40.783931
234.000000	40.760657
235.000000	40.791415
236.000000	40.759758
237.000000	40.836939
238.000000	40.755834
239.000000	40.816650
240.000000	40.826062
241.000000	40.809536
242.000000	40.751838
243.000000	40.765315
244.000000	40.800945
245.000000	40.793863
246.000000	40.797354
247.000000	40.823282
248.000000	40.879852
249.000000	40.761108
250.000000	40.753629
251.000000	40.775005
252.000000	40.840522
253.000000	40.866734
254.000000	40.832187
255.000000	40.801855
256.000000	40.828194
257.000000	40.842285
258.000000	40.890794
259.000000	40.820011
260.000000	40.782609
261.000000	40.817043
262.000000	40.800592
263.000000	40.805536
264.000000	40.837866
265.000000	40.831299
266.000000	40.845071
267.000000	40.811263
268.000000	40.812722
269.000000	40.768999
270.000000	40.821546
271.000000	40.880334
272.000000	40.847382
273.000000	40.885380
274.000000	40.861192
275.000000	40.839350
276.000000	40.917251
277.000000	40.861599
278.000000	40.861487
279.000000	40.907143
280.000000	40.867173
281.000000	40.916781
282.000000	40.904109
283.000000	40.896714
284.000000	40.922363
285.000000	40.856287
286.000000	40.891534
287.000000	40.898460
288.000000	40.931133
289.000000	40.936329
290.000000	40.948318
291.000000	40.836193
292.000000	40.946362
293.000000	40.939826
294.000000	40.874108
295.000000	40.895305
296.000000	40.927544
297.000000	40.943881
298.000000	40.927968
299.000000	40.890621
300.000000	40.884434
301.000000	40.908157
302.000000	40.877379
303.000000	40.928550
304.000000	40.940263
305.000000	40.905703
306.000000	40.909211
307.000000	40.949035
308.000000	40.928793
309.000000	40.911102
310.000000	40.860571
311.000000	40.940016
312.000000	40.891906
313.000000	40.898643
314.000000	40.946261
315.000000	40.933548
316.000000	40.957963
317.000000	40.926536
318.000000	40.947798
319.000000	40.925940
320.000000	40.930570
321.000000	40.912478
322.000000	40.930300
323.000000	40.926476
324.000000	40.939062
325.000000	40.947886
326.000000	40.966571
327.000000	40.894169
328.000000	40.915271
329.000000	40.935570
330.000000	40.917835
331.000000	41.024201
332.000000	40.988895
333.000000	40.996916
334.000000	40.954694
335.000000	40.984614
336.000000	41.004622
337.000000	41.002910
338.000000	40.939286
339.000000	41.023727
340.000000	41.000013
341.000000	40.962001
342.000000	40.983822
343.000000	41.011275
344.000000	40.984370
345.000000	41.010125
346.000000	41.026932
347.000000	41.015011
348.000000	41.016150
349.000000	40.957857
350.000000	41.042296
351.000000	41.018467
352.000000	40.990595
353.000000	41.055523
354.000000	41.033829
355.000000	41.093793
356.000000	41.039966
357.000000	41.010867
358.000000	41.029978
359.000000	41.113310
360.000000	41.063159
361.000000	41.094851
362.000000	41.045363
363.000000	41.058770
364.000000	41.020421
365.000000	41.065191
366.000000	41.071316
367.000000	41.008756
368.000000	41.019652
369.000000	41.063680
370.000000	41.042560
371.000000	41.040785
372.000000	41.022048
373.000000	41.045216
374.000000	41.103459
375.000000	41.030494
376.000000	41.089128
377.000000	41.105088
378.000000	41.071596
379.000000	41.022513
380.000000	41.066415
381.000000	41.087407
382.000000	41.068057
383.000000	41.041701
384.000000	41.048746
385.000000	41.118549
386.000000	41.095464
387.000000	41.098615
388.000000	41.096975
389.000000	41.118725
390.000000	41.116067
391.000000	41.119650
392.000000	41.132180
393.000000	41.120974
394.000000	41.116843
395.000000	41.180626
396.000000	41.124918
397.000000	41.119507
398.000000	41.142926
399.000000	41.127641
400.000000	41.111728
401.000000	41.113719
402.000000	41.131872
403.000000	41.073857
404.000000	41.069445
405.000000	41.144391
406.000000	41.133375
407.000000	41.135018
408.000000	41.122803
409.000000	41.136700
410.000000	41.123788
411.000000	41.165007
412.000000	41.111038
413.000000	41.111971
414.000000	41.145869
415.000000	41.154747
416.000000	41.189945
417.000000	41.101007
418.000000	41.132653
419.000000	41.176595
420.000000	41.157868
421.000000	41.131876
422.000000	41.150881
423.000000	41.123985
424.000000	41.147512
425.000000	41.150268
426.000000	41.146662
427.000000	41.148853
428.000000	41.128742
429.000000	41.201107
430.000000	41.175788
431.000000	41.176505
432.000000	41.213125
433.000000	41.152282
434.000000	41.169606
435.000000	41.180793
436.000000	41.155580
437.000000	41.136706
438.000000	41.148705
439.000000	41.129767
440.000000	41.113322
441.000000	41.095888
442.000000	41.129858
443.000000	41.095103
444.000000	41.113339
445.000000	41.135020
446.000000	41.149919
447.000000	41.192917
448.000000	41.128177
449.000000	41.153728
450.000000	41.172376
451.000000	41.166299
452.000000	41.151008
453.000000	41.159198
454.000000	41.173689
455.000000	41.183446
456.000000	41.151405
457.000000	41.162689
458.000000	41.174379
459.000000	41.202212
460.000000	41.175969
461.000000	41.165217
462.000000	41.143202
463.000000	41.188156
464.000000	41.161393
465.000000	41.179059
466.000000	41.206543
467.000000	41.192800
468.000000	41.168350
469.000000	41.190178
470.000000	41.130941
471.000000	41.115714
472.000000	41.150825
473.000000	41.171141
474.000000	41.154306
475.000000	41.162793
476.000000	41.098168
477.000000	41.157286
478.000000	41.124605
479.000000	41.199970
480.000000	41.141140
481.000000	41.194254
482.000000	41.185004
483.000000	41.161832
484.000000	41.158339
485.000000	41.130719
486.000000	41.148168
487.000000	41.120436
488.000000	41.133616
489.000000	41.126498
490.000000	41.148077
491.000000	41.125668
492.000000	41.162855
493.000000	41.142811
494.000000	41.147695
495.000000	41.100490
496.000000	41.146169
497.000000	41.123074
498.000000	41.146990
499.000000	41.222719
500.000000	41.098260
501.000000	41.187235
502.000000	41.121679
503.000000	41.172688
504.000000	41.087418
505.000000	41.142722
506.000000	41.174801
507.000000	41.126767
508.000000	41.108087
509.000000	41.132688
510.000000	41.161179
511.000000	41.096203
512.000000	41.114204
513.000000	41.191920
514.000000	41.138581
515.000000	41.134320
516.000000	41.147082
517.000000	41.147120
518.000000	41.142284
519.000000	41.143115
520.000000	41.133426
521.000000	41.138145
522.000000	41.154854
523.000000	41.166309
524.000000	41.140411
525.000000	41.089047
526.000000	41.097745
527.000000	41.148118
528.000000	41.134767
529.000000	41.085381
530.000000	41.125930
531.000000	41.163552
532.000000	41.130592
533.000000	41.168053
534.000000	41.135795
535.000000	41.107953
536.000000	41.160602
537.000000	41.153921
538.000000	41.102579
539.000000	41.135880
540.000000	41.113979
541.000000	41.165828
542.000000	41.142288
543.000000	41.151534
544.000000	41.090385
545.000000	41.155505
546.000000	41.104843
547.000000	41.144773
548.000000	41.120988
549.000000	41.116593
550.000000	41.061875
551.000000	41.116025
552.000000	41.100162
553.000000	41.132442
554.000000	41.058716
555.000000	41.116080
556.000000	41.072515
557.000000	41.139890
558.000000	41.046332
559.000000	41.094049
560.000000	41.089264
561.000000	41.071452
562.000000	41.103570
563.000000	41.136410
564.000000	41.112503
565.000000	41.100854
566.000000	41.118928
567.000000	41.125837
568.000000	41.116193
569.000000	41.127429
570.000000	41.118727
571.000000	41.123056
572.000000	41.143302
573.000000	41.104602
574.000000	41.090857
575.000000	41.066021
576.000000	41.124865
577.000000	41.087096
578.000000	41.066275
579.000000	41.077570
580.000000	41.031072
581.000000	41.178158
582.000000	41.095695
583.000000	41.069647
584.000000	41.049083
585.000000	41.062851
586.000000	41.115907
587.000000	41.108161
588.000000	41.087359
589.000000	41.119450
590.000000	41.057247
591.000000	41.061740
592.000000	41.106270
593.000000	41.109765
594.000000	41.087842
595.000000	41.143994
596.000000	41.115851
597.000000	41.079703
598.000000	41.113224
599.000000	41.117767
600.000000	41.113168
601.000000	41.038912
602.000000	41.073125
603.000000	41.153085
604.000000	41.119502
605.000000	41.084159
606.000000	41.104910
607.000000	41.109420
608.000000	41.041933
609.000000	41.154465
610.000000	41.148693
611.000000	41.098571
612.000000	41.069721
613.000000	41.077556
614.000000	41.071802
615.000000	41.089239
616.000000	41.121640
617.000000	41.085737
618.000000	41.103113
619.000000	41.110942
620.000000	41.089481
621.000000	41.138770
622.000000	41.095595
623.000000	41.047928
624.000000	41.132481
625.000000	41.110786
626.000000	41.087562
627.000000	41.109550
628.000000	41.078485
629.000000	41.074952
630.000000	41.078299
631.000000	41.139309
632.000000	41.123319
633.000000	41.123724
634.000000	41.097915
635.000000	41.085851
636.000000	41.122869
637.000000	41.093536
638.000000	41.101954
639.000000	41.137205
640.000000	41.061909
641.000000	41.092105
642.000000	41.089919
643.000000	41.085654
644.000000	41.104173
645.000000	41.110966
646.000000	41.097957
647.000000	41.067436
648.000000	41.002990
649.000000	41.103549
650.000000	41.091241
651.000000	41.114159
652.000000	41.046735
653.000000	41.112366
654.000000	41.076910
655.000000	41.002321
656.000000	41.077310
657.000000	41.096550
658.000000	41.102151
659.000000	41.077720
660.000000	41.112888
661.000000	41.046689
662.000000	41.075876
663.000000	41.085207
664.000000	41.074298
665.000000	41.085264
666.000000	41.040770
667.000000	41.070430
668.000000	41.088976
669.000000	41.108837
670.000000	41.067734
671.000000	41.043731
672.000000	41.081693
673.000000	41.101835
674.000000	41.080990
675.000000	41.019708
676.000000	41.099506
677.000000	41.102000
678.000000	41.060357
679.000000	41.073296
680.000000	41.060026
681.000000	41.054885
682.000000	41.090175
683.000000	41.087843
684.000000	41.093552
685.000000	41.131889
686.000000	41.073663
687.000000	41.049175
688.000000	41.076408
689.000000	41.142960
690.000000	41.085618
691.000000	41.011364
692.000000	41.076299
693.000000	41.050432
694.000000	41.078448
695.000000	41.070012
696.000000	41.029321
697.000000	40.997932
698.000000	41.067131
699.000000	41.082412
700.000000	41.039825
701.000000	41.020070
702.000000	41.025831
703.000000	41.055358
704.000000	41.020577
705.000000	41.019363
706.000000	41.060613
707.000000	41.030308
708.000000	41.030338
709.000000	41.050217
710.000000	41.035846
711.000000	41.029726
712.000000	40.971541
713.000000	41.016943
714.000000	40.978020
715.000000	41.042286
716.000000	40.960600
717.000000	40.992363
718.000000	41.003922
719.000000	41.017634
720.000000	40.992313
721.000000	41.027771
722.000000	41.028390
723.000000	40.937336
724.000000	41.023645
725.000000	41.045578
726.000000	40.950353
727.000000	40.978745
728.000000	41.022419
729.000000	40.995610
730.000000	40.996600
731.000000	40.969353
732.000000	41.030855
733.000000	40.954816
734.000000	40.960405
735.000000	40.959024
736.000000	40.928377
737.000000	40.935414
738.000000	40.987082
739.000000	40.941193
740.000000	40.904055
741.000000	40.928819
742.000000	40.911212
743.000000	40.958556
744.000000	40.955376
745.000000	40.942023
746.000000	40.950757
747.000000	40.928444
748.000000	40.933363
749.000000	40.974017
750.000000	40.943134
751.000000	40.920571
752.000000	40.947207
753.000000	40.952650
754.000000	40.884340
755.000000	40.920865
756.000000	40.934292
757.000000	40.935126
758.000000	40.908375
759.000000	40.951477
760.000000	40.918556
761.000000	40.969384
762.000000	40.961809
763.000000	40.915817
764.000000	40.913001
765.000000	40.890468
766.000000	40.923387
767.000000	40.887020
768.000000	40.880031
769.000000	40.916957
770.000000	40.890856
771.000000	40.922407
772.000000	40.897918
773.000000	40.909832
774.000000	40.906498
775.000000	40.911473
776.000000	40.867725
777.000000	40.917138
778.000000	40.909312
779.000000	40.847267
780.000000	40.917040
781.000000	40.897421
782.000000	40.863464
783.000000	40.884763
784.000000	40.865183
785.000000	40.926266
786.000000	40.901446
787.000000	40.880107
788.000000	40.858918
789.000000	40.875288
790.000000	40.917988
791.000000	40.832028
792.000000	40.924195
793.000000	40.869337
794.000000	40.868321
795.000000	40.910358
796.000000	40.828750
797.000000	40.842152
798.000000	40.887217
799.000000	40.886926
800.000000	40.856127
801.000000	40.832248
802.000000	40.857411
803.000000	40.837594
804.000000	40.874789
805.000000	40.822646
806.000000	40.829211
807.000000	40.865991
808.000000	40.872548
809.000000	40.893047
810.000000	40.881845
811.000000	40.884937
812.000000	40.877936
813.000000	40.867121
814.000000	40.892492
815.000000	40.903173
816.000000	40.808156
817.000000	40.788124
818.000000	40.855620
819.000000	40.888012
820.000000	40.815196
821.000000	40.840001
822.000000	40.889119
823.000000	40.863350
824.000000	40.878404
825.000000	40.896074
826.000000	40.889212
827.000000	40.901829
828.000000	40.931520
829.000000	40.893983
830.000000	40.896123
831.000000	40.859614
832.000000	40.864362
833.000000	40.885851
834.000000	40.931556
835.000000	40.871837
836.000000	40.796137
837.000000	40.895266
838.000000	40.816567
839.000000	40.926067
840.000000	40.854007
841.000000	40.887269
842.000000	40.860065
843.000000	40.889353
844.000000	40.870799
845.000000	40.805092
846.000000	40.833044
847.000000	40.829546
848.000000	40.816096
849.000000	40.824594
850.000000	40.782316
851.000000	40.834473
852.000000	40.851799
853.000000	40.858041
854.000000	40.808790
855.000000	40.775243
856.000000	40.826822
857.000000	40.846274
858.000000	40.835112
859.000000	40.843155
860.000000	40.871359
861.000000	40.831668
862.000000	40.822542
863.000000	40.797932
864.000000	40.837956
865.000000	40.829855
866.000000	40.826877
867.000000	40.781100
868.000000	40.803287
869.000000	40.876670
870.000000	40.815336
871.000000	40.848639
872.000000	40.843796
873.000000	40.805506
874.000000	40.811046
875.000000	40.830102
876.000000	40.863520
877.000000	40.806436
878.000000	40.804726
879.000000	40.813292
880.000000	40.800932
881.000000	40.787883
882.000000	40.788291
883.000000	40.813925
884.000000	40.793521
885.000000	40.833156
886.000000	40.824987
887.000000	40.807428
888.000000	40.804741
889.000000	40.843507
890.000000	40.788364
891.000000	40.793206
892.000000	40.795733
893.000000	40.823286
894.000000	40.779116
895.000000	40.761128
896.000000	40.732907
897.000000	40.829867
898.000000	40.811423
899.000000	40.794488
900.000000	40.784800
901.000000	40.821942
902.000000	40.805339
903.000000	40.807318
904.000000	40.810079
905.000000	40.815366
906.000000	40.830767
907.000000	40.838631
908.000000	40.826981
909.000000	40.782937
910.000000	40.790040
911.000000	40.758333
912.000000	40.814534
913.000000	40.781378
914.000000	40.800009
915.000000	40.764708
916.000000	40.765473
917.000000	40.809223
918.000000	40.758550
919.000000	40.841088
920.000000	40.732082
921.000000	40.782461
922.000000	40.789346
923.000000	40.781291
924.000000	40.726248
925.000000	40.742108
926.000000	40.744908
927.000000	40.782666
928.000000	40.812902
929.000000	40.775657
930.000000	40.778420
931.000000	40.755842
932.000000	40.762935
933.000000	40.749070
934.000000	40.773418
935.000000	40.744590
936.000000	40.780370
937.000000	40.768857
938.000000	40.779015
939.000000	40.739628
940.000000	40.717914
941.000000	40.732717
942.000000	40.714757
943.000000	40.715160
944.000000	40.698412
945.000000	40.702661
946.000000	40.766310
947.000000	40.741688
948.000000	40.791338
949.000000	40.700253
950.000000	40.720101
951.000000	40.736695
952.000000	40.674960
953.000000	40.671413
954.000000	40.721919
955.000000	40.709634
956.000000	40.682894
957.000000	40.730539
958.000000	40.726802
959.000000	40.651937
960.000000	40.730484
961.000000	40.720018
962.000000	40.726321
963.000000	40.700128
964.000000	40.691063
965.000000	40.739018
966.000000	40.683009
967.000000	40.784998
968.000000	40.733297
969.000000	40.738540
970.000000	40.703856
971.000000	40.664444
972.000000	40.632597
973.000000	40.681454
974.000000	40.718948
975.000000	40.632800
976.000000	40.659320
977.000000	40.682049
978.000000	40.696125
979.000000	40.668474
980.000000	40.590558
981.000000	40.603927
982.000000	40.635065
983.000000	40.612055
984.000000	40.625414
985.000000	40.617738
986.000000	40.702821
987.000000	40.693677
988.000000	40.657880
989.000000	40.644989
990.000000	40.672308
991.000000	40.650685
992.000000	40.636902
993.000000	40.616143
994.000000	40.612101
995.000000	40.627477
996.000000	40.594423
997.000000	40.644021
998.000000	40.608115
999.000000	40.624183
1000.000000	40.598168
1001.000000	40.618505
1002.000000	40.618341
1003.000000	40.595410
1004.000000	40.595622
1005.000000	40.621896
1006.000000	40.626898
1007.000000	40.687974
1008.000000	40.646069
1009.000000	40.683555
1010.000000	40.605658
1011.000000	40.594806
1012.000000	40.605685
1013.000000	40.587621
1014.000000	40.583240
1015.000000	40.577780
1016.000000	40.641545
1017.000000	40.658852
1018.000000	40.588281
1019.000000	40.610017
1020.000000	40.521787
1021.000000	40.511001
1022.000000	40.568640
1023.000000	40.552710
1024.000000	40.541762
1025.000000	40.582908
1026.000000	40.610649
1027.000000	40.633300
1028.000000	40.581287
1029.000000	40.629147
1030.000000	40.582153
1031.000000	40.550743
1032.000000	40.543268
1033.000000	40.579374
1034.000000	40.554895
1035.000000	40.523811
1036.000000	40.541741
1037.000000	40.576460
1038.000000	40.538900
1039.000000	40.489826
1040.000000	40.488371
1041.000000	40.470681
1042.000000	40.514998
1043.000000	40.565405
1044.000000	40.477294
1045.000000	40.525110
1046.000000	40.564238
1047.000000	40.580641
1048.000000	40.571747
1049.000000	40.557112
1050.000000	40.487906
1051.000000	40.491611
1052.000000	40.507549
1053.000000	40.523135
1054.000000	40.549121
1055.000000	40.519150
1056.000000	40.536761
1057.000000	40.472568
1058.000000	40.512193
1059.000000	40.499865
1060.000000	40.516573
1061.000000	40.468783
1062.000000	40.453128
1063.000000	40.501454
1064.000000	40.441695
1065.000000	40.501939
1066.000000	40.534656
1067.000000	40.555939
1068.000000	40.501069
1069.000000	40.613638
1070.000000	40.599857
1071.000000	40.468521
1072.000000	40.537985
1073.000000	40.497464
1074.000000	40.509630
1075.000000	40.533427
1076.000000	40.515837
1077.000000	40.520378
1078.000000	40.496418
1079.000000	40.478972
1080.000000	40.472593
1081.000000	40.507775
1082.000000	40.516160
1083.000000	40.469430
1084.000000	40.554733
1085.000000	40.607425
1086.000000	40.597780
1087.000000	40.531652
1088.000000	40.509644
1089.000000	40.541241
1090.000000	40.504787
1091.000000	40.473863
1092.000000	40.471284
1093.000000	40.387521
1094.000000	40.448241
1095.000000	40.440406
1096.000000	40.449070
1097.000000	40.434657
1098.000000	40.450828
1099.000000	40.429728
1100.000000	40.405917
1101.000000	40.441001
1102.000000	40.452388
1103.000000	40.472895
1104.000000	40.421047
1105.000000	40.482924
1106.000000	40.466153
1107.000000	40.434629
1108.000000	40.417673
1109.000000	40.458921
1110.000000	40.462480
1111.000000	40.460838
1112.000000	40.386104
1113.000000	40.376721
1114.000000	40.322300
1115.000000	40.336851
1116.000000	40.313138
1117.000000	40.364711
1118.000000	40.354700
1119.000000	40.287331
1120.000000	40.331634
1121.000000	40.342079
1122.000000	40.297628
1123.000000	40.373405
1124.000000	40.428793
1125.000000	40.394546
1126.000000	40.358637
1127.000000	40.378789
1128.000000	40.370362
1129.000000	40.377178
1130.000000	40.373844
1131.000000	40.299451
1132.000000	40.250568
1133.000000	40.328120
1134.000000	40.334140
1135.000000	40.289885
1136.000000	40.274998
1137.000000	40.231051
1138.000000	40.226284
1139.000000	40.330494
1140.000000	40.295229
1141.000000	40.275706
1142.000000	40.315331
1143.000000	40.306023
1144.000000	40.362244
1145.000000	40.304312
1146.000000	40.326401
1147.000000	40.277287
1148.000000	40.309322
1149.000000	40.268370
1150.000000	40.347494
1151.000000	40.373421
1152.000000	40.317784
1153.000000	40.255781
1154.000000	40.295173
1155.000000	40.232704
1156.000000	40.222704
1157.000000	40.239111
1158.000000	40.254864
1159.000000	40.272996
1160.000000	40.222144
1161.000000	40.272129
1162.000000	40.249090
1163.000000	40.269132
1164.000000	40.297535
1165.000000	40.229151
1166.000000	40.307507
1167.000000	40.224292
1168.000000	40.356201
1169.000000	40.284614
1170.000000	40.266888
1171.000000	40.237124
1172.000000	40.193451
1173.000000	40.145177
1174.000000	40.228026
1175.000000	40.162837
1176.000000	40.174634
1177.000000	40.200969
1178.000000	40.198500
1179.000000	40.187690
1180.000000	40.227590
1181.000000	40.246668
1182.000000	40.156753
1183.000000	40.265461
1184.000000	40.203932
1185.000000	40.244899
1186.000000	40.219775
1187.000000	40.240248
1188.000000	40.196477
1189.000000	40.199935
1190.000000	40.237703
1191.000000	40.223644
1192.000000	40.194824
1193.000000	40.220221
1194.000000	40.181278
1195.000000	40.189158
1196.000000	40.141062
1197.000000	40.134892
1198.000000	40.191803
1199.000000	40.118822
1200.000000	40.126617
1201.000000	40.167586
1202.000000	40.257611
1203.000000	40.245832
1204.000000	40.227316
1205.000000	40.255130
1206.000000	40.244752
1207.000000	40.247597
1208.000000	40.227407
1209.000000	40.245113
1210.000000	40.186768
1211.000000	40.230250
1212.000000	40.222442
1213.000000	40.258285
1214.000000	40.204366
1215.000000	40.203013
1216.000000	40.165138
1217.000000	40.197845
1218.000000	40.237401
1219.000000	40.246258
1220.000000	40.196691
1221.000000	40.215902
1222.000000	40.237039
1223.000000	40.285492
1224.000000	40.204748
1225.000000	40.298749
1226.000000	40.295563
1227.000000	40.226368
1228.000000	40.270184
1229.000000	40.293585
1230.000000	40.288354
1231.000000	40.236088
1232.000000	40.231767
1233.000000	40.209173
1234.000000	40.204539
1235.000000	40.229007
1236.000000	40.234558
1237.000000	40.210925
1238.000000	40.162806
1239.000000	40.206901
1240.000000	40.208286
1241.000000	40.299890
1242.000000	40.321129
1243.000000	40.287797
1244.000000	40.326564
1245.000000	40.294447
1246.000000	40.284480
1247.000000	40.297756
1248.000000	40.299857
1249.000000	40.296145
1250.000000	40.256223
