0.000000	63.012248
1.000000	62.911221
2.000000	63.041120
3.000000	62.961393
4.000000	62.949078
5.000000	62.943667
6.000000	62.965998
7.000000	62.949884
8.000000	62.888087
9.000000	62.920887
10.000000	62.982721
11.000000	62.980762
12.000000	62.940603
13.000000	62.873167
14.000000	62.821387
15.000000	62.781809
16.000000	62.858305
17.000000	62.828083
18.000000	62.811075
19.000000	62.853622
20.000000	62.876963
21.000000	62.793332
22.000000	62.793862
23.000000	62.810194
24.000000	62.818605
25.000000	62.751608
26.000000	62.806371
27.000000	62.841269
28.000000	62.776044
29.000000	62.776279
30.000000	62.811099
31.000000	62.811650
32.000000	62.785849
33.000000	62.768253
34.000000	62.852798
35.000000	62.749061
36.000000	62.867168
37.000000	62.731277
38.000000	62.800923
39.000000	62.777082
40.000000	62.808640
41.000000	62.737222
42.000000	62.811969
43.000000	62.740878
44.000000	62.708694
45.000000	62.804436
46.000000	62.762631
47.000000	62.679007
48.000000	62.803895
49.000000	62.770314
50.000000	62.752227
51.000000	62.771150
52.000000	62.706402
53.000000	62.761991
54.000000	62.673667
55.000000	62.801025
56.000000	62.792328
57.000000	62.823985
58.000000	62.749374
59.000000	62.815326
60.000000	62.717203
61.000000	62.753462
62.000000	62.780993
63.000000	62.746170
64.000000	62.763590
65.000000	62.893026
66.000000	62.840769
67.000000	62.778068
68.000000	62.792400
69.000000	62.792420
70.000000	62.778088
71.000000	62.734467
72.000000	62.705810
73.000000	62.828240
74.000000	62.786268
75.000000	62.749761
76.000000	62.819428
77.000000	62.766127
78.000000	62.844677
79.000000	62.903576
80.000000	62.854275
81.000000	62.875667
82.000000	62.963338
83.000000	62.914952
84.000000	62.931773
85.000000	62.971110
86.000000	62.926322
87.000000	62.919139
88.000000	62.936317
89.000000	62.892400
90.000000	63.017166
91.000000	62.868807
92.000000	62.909939
93.000000	62.905688
94.000000	62.905405
95.000000	63.027322
96.000000	63.017343
97.000000	62.943626
98.000000	62.987911
99.000000	62.888118
100.000000	63.049258
101.000000	63.066770
102.000000	63.026125
103.000000	62.999481
104.000000	62.990543
105.000000	63.112527
106.000000	63.033307
107.000000	63.084425
108.000000	63.068542
109.000000	63.099716
110.000000	63.026696
111.000000	63.061981
112.000000	63.023730
113.000000	63.036470
114.000000	63.041069
115.000000	62.984840
116.000000	62.988543
117.000000	63.065297
118.000000	63.142150
119.000000	63.117568
120.000000	63.060805
121.000000	63.005334
122.000000	63.098437
123.000000	63.011595
124.000000	63.096509
125.000000	63.028165
126.000000	63.001022
127.000000	63.099563
128.000000	63.036902
129.000000	63.161141
130.000000	63.075069
131.000000	63.089904
132.000000	63.036413
133.000000	63.107031
134.000000	63.031760
135.000000	63.175881
136.000000	63.169443
137.000000	63.223965
138.000000	63.107215
139.000000	63.159040
140.000000	63.156992
141.000000	63.230485
142.000000	63.213779
143.000000	63.136171
144.000000	63.151006
145.000000	63.033114
146.000000	63.259268
147.000000	63.162930
148.000000	63.156135
149.000000	63.254622
150.000000	63.151136
151.000000	63.156832
152.000000	63.020159
153.000000	63.122217
154.000000	63.035828
155.000000	63.071440
156.000000	62.936780
157.000000	63.017639
158.000000	62.996927
159.000000	63.000658
160.000000	62.883217
161.000000	62.938426
162.000000	62.890563
163.000000	62.899420
164.000000	62.916047
165.000000	62.879316
166.000000	62.859169
167.000000	62.876167
168.000000	62.844143
169.000000	62.763076
170.000000	62.803851
171.000000	62.731443
172.000000	62.764263
173.000000	62.747551
174.000000	62.699232
175.000000	62.663505
176.000000	62.713574
177.000000	62.571602
178.000000	62.693838
179.000000	62.561767
180.000000	62.671232
181.000000	62.636630
182.000000	62.662063
183.000000	62.655519
184.000000	62.566450
185.000000	62.538793
186.000000	62.606109
187.000000	62.582166
188.000000	62.530773
189.000000	62.509636
190.000000	62.552363
191.000000	62.569354
192.000000	62.501865
193.000000	62.551659
194.000000	62.541990
195.000000	62.440211
196.000000	62.543197
197.000000	62.558641
198.000000	62.439684
199.000000	62.405163
200.000000	62.441187
201.000000	62.406891
202.000000	62.383642
203.000000	62.421397
204.000000	62.393151
205.000000	62.395205
206.000000	62.435650
207.000000	62.364719
208.000000	62.362005
209.000000	62.314380
210.000000	62.369443
211.000000	62.393790
212.000000	62.329273
213.000000	62.212458
214.000000	62.240248
215.000000	62.268752
216.000000	62.235038
217.000000	62.331599
218.000000	62.204245
219.000000	62.205258
220.000000	62.181560
221.000000	62.119995
222.000000	62.188964
223.000000	62.130875
224.000000	62.065535
225.000000	62.145067
226.000000	62.153723
227.000000	62.077897
228.000000	62.109047
229.000000	62.028790
230.000000	62.081281
231.000000	61.878853
232.000000	61.960433
233.000000	62.024559
234.000000	61.938649
235.000000	61.861269
236.000000	61.915533
237.000000	61.956685
238.000000	61.881148
239.000000	61.851638
240.000000	61.881210
241.000000	61.809907
242.000000	61.834140
243.000000	61.812495
244.000000	61.723484
245.000000	61.730079
246.000000	61.679546
247.000000	61.699867
248.000000	61.812975
249.000000	61.640850
250.000000	61.713628
251.000000	61.566782
252.000000	61.637595
253.000000	61.587814
254.000000	61.597068
255.000000	61.609309
256.000000	61.532690
257.000000	61.490708
258.000000	61.625565
259.000000	61.363225
260.000000	61.486124
261.000000	61.490222
262.000000	61.400364
263.000000	61.340594
264.000000	61.431792
265.000000	61.413951
266.000000	61.320933
267.000000	61.351770
268.000000	61.275369
269.000000	61.288970
270.000000	61.314321
271.000000	61.177410
272.000000	61.197211
273.000000	61.196524
274.000000	61.211719
275.000000	61.158177
276.000000	61.148049
277.000000	61.196435
278.000000	61.039424
279.000000	61.088749
280.000000	61.033510
281.000000	60.927592
282.000000	60.900108
283.000000	60.873131
284.000000	60.809012
285.000000	60.768955
286.000000	60.872924
287.000000	60.754980
288.000000	60.796391
289.000000	60.693027
290.000000	60.658942
291.000000	60.635091
292.000000	60.601281
293.000000	60.606005
294.000000	60.547365
295.000000	60.614334
296.000000	60.581695
297.000000	60.718147
298.000000	60.668955
299.000000	60.634931
300.000000	60.568580
301.000000	60.629656
302.000000	60.577750
303.000000	60.597292
304.000000	60.703495
305.000000	60.586235
306.000000	60.595391
307.000000	60.636138
308.000000	60.640471
309.000000	60.578147
310.000000	60.662989
311.000000	60.622592
312.000000	60.669992
313.000000	60.582014
314.000000	60.653449
315.000000	60.607944
316.000000	60.657214
317.000000	60.607702
318.000000	60.762265
319.000000	60.609158
320.000000	60.658238
321.000000	60.545307
322.000000	60.701689
323.000000	60.684341
324.000000	60.668166
325.000000	60.642916
326.000000	60.770455
327.000000	60.609729
328.000000	60.635921
329.000000	60.637029
330.000000	60.634808
331.000000	60.599043
332.000000	60.674576
333.000000	60.607542
334.000000	60.686681
335.000000	60.636703
336.000000	60.676512
337.000000	60.671182
338.000000	60.622384
339.000000	60.550596
340.000000	60.675311
341.000000	60.632244
342.000000	60.688714
343.000000	60.701900
344.000000	60.650589
345.000000	60.704033
346.000000	60.643617
347.000000	60.645253
348.000000	60.591211
349.000000	60.595023
350.000000	60.645522
351.000000	60.555031
352.000000	60.690123
353.000000	60.694166
354.000000	60.625388
355.000000	60.597992
356.000000	60.718065
357.000000	60.577511
358.000000	60.648637
359.000000	60.644862
360.000000	60.727874
361.000000	60.526714
362.000000	60.565315
363.000000	60.500720
364.000000	60.627095
365.000000	60.594588
366.000000	60.606940
367.000000	60.563666
368.000000	60.661030
369.000000	60.543029
370.000000	60.456337
371.000000	60.479596
372.000000	60.624061
373.000000	60.487816
374.000000	60.531013
375.000000	60.508029
376.000000	60.505328
377.000000	60.458360
378.000000	60.438318
379.000000	60.405944
380.000000	60.431996
381.000000	60.457731
382.000000	60.441634
383.000000	60.450463
384.000000	60.462166
385.000000	60.497064
386.000000	60.463387
387.000000	60.417667
388.000000	60.443933
389.000000	60.463227
390.000000	60.477705
391.000000	60.417327
392.000000	60.436570
393.000000	60.489578
394.000000	60.316851
395.000000	60.442549
396.000000	60.401257
397.000000	60.440420
398.000000	60.350749
399.000000	60.399244
400.000000	60.377542
401.000000	60.388150
402.000000	60.331995
403.000000	60.387612
404.000000	60.276916
405.000000	60.248303
406.000000	60.350409
407.000000	60.292346
408.000000	60.301240
409.000000	60.393673
410.000000	60.307593
411.000000	60.261904
412.000000	60.316602
413.000000	60.393346
414.000000	60.377362
415.000000	60.487663
416.000000	60.353959
417.000000	60.329366
418.000000	60.397764
419.000000	60.423051
420.000000	60.392425
421.000000	60.467723
422.000000	60.432904
423.000000	60.414912
424.000000	60.463333
425.000000	60.510695
426.000000	60.511110
427.000000	60.507716
428.000000	60.469798
429.000000	60.452449
430.000000	60.510719
431.000000	60.527309
432.000000	60.542661
433.000000	60.600043
434.000000	60.563958
435.000000	60.629132
436.000000	60.571886
437.000000	60.521599
438.000000	60.572451
439.000000	60.580079
440.000000	60.573733
441.000000	60.587031
442.000000	60.605842
443.000000	60.568659
444.000000	60.592149
445.000000	60.667873
446.000000	60.725602
447.000000	60.573770
448.000000	60.656803
449.000000	60.635523
450.000000	60.637465
451.000000	60.694013
452.000000	60.780644
453.000000	60.699890
454.000000	60.671665
455.000000	60.790442
456.000000	60.645743
457.000000	60.715001
458.000000	60.748147
459.000000	60.691694
460.000000	60.784950
461.000000	60.663547
462.000000	60.785640
463.000000	60.754759
464.000000	60.735611
465.000000	60.698965
466.000000	60.806519
467.000000	60.748569
468.000000	60.711875
469.000000	60.722898
470.000000	60.765458
471.000000	60.844114
472.000000	60.791003
473.000000	60.683599
474.000000	60.776080
475.000000	60.764948
476.000000	60.798717
477.000000	60.792745
478.000000	60.776093
479.000000	60.769376
480.000000	60.662989
481.000000	60.817399
482.000000	60.750569
483.000000	60.788443
484.000000	60.816297
485.000000	60.838764
486.000000	60.948865
487.000000	60.801720
488.000000	60.769955
489.000000	60.855174
490.000000	60.870036
491.000000	60.784331
492.000000	60.860551
493.000000	60.884038
494.000000	60.884018
495.000000	60.957153
496.000000	60.915600
497.000000	60.955888
498.000000	60.972043
499.000000	61.029095
500.000000	61.054956
501.000000	61.155831
502.000000	61.191977
503.000000	61.083698
504.000000	61.171696
505.000000	61.183144
506.000000	61.136642
507.000000	61.217950
508.000000	61.232146
509.000000	61.302639
510.000000	61.231126
511.000000	61.313658
512.000000	61.292286
513.000000	61.301687
514.000000	61.359997
515.000000	61.313223
516.000000	61.259698
517.000000	61.302986
518.000000	61.381712
519.000000	61.350226
520.000000	61.375941
521.000000	61.443924
522.000000	61.519086
523.000000	61.435636
524.000000	61.520175
525.000000	61.363204
526.000000	61.503108
527.000000	61.472064
528.000000	61.375723
529.000000	61.495749
530.000000	61.525773
531.000000	61.550774
532.000000	61.522763
533.000000	61.539605
534.000000	61.586144
535.000000	61.542829
536.000000	61.587869
537.000000	61.523242
538.000000	61.639615
539.000000	61.623242
540.000000	61.591072
541.000000	61.718049
542.000000	61.753620
543.000000	61.674414
544.000000	61.658848
545.000000	61.643652
546.000000	61.653913
547.000000	61.752971
548.000000	61.710169
549.000000	61.718229
550.000000	61.668462
551.000000	61.854842
552.000000	61.726943
553.000000	61.731939
554.000000	61.700946
555.000000	61.705493
556.000000	61.753862
557.000000	61.733265
558.000000	61.727167
559.000000	61.814757
560.000000	61.737197
561.000000	61.819420
562.000000	61.763174
563.000000	61.777019
564.000000	61.803126
565.000000	61.802296
566.000000	61.734517
567.000000	61.760028
568.000000	61.742465
569.000000	61.822039
570.000000	61.823783
571.000000	61.718257
572.000000	61.786944
573.000000	61.717267
574.000000	61.788770
575.000000	61.743037
576.000000	61.729694
577.000000	61.666010
578.000000	61.665174
579.000000	61.741669
580.000000	61.700514
581.000000	61.627024
582.000000	61.725259
583.000000	61.610546
584.000000	61.747026
585.000000	61.563483
586.000000	61.668374
587.000000	61.660885
588.000000	61.632078
589.000000	61.590807
590.000000	61.687930
591.000000	61.705197
592.000000	61.693358
593.000000	61.681339
594.000000	61.759868
595.000000	61.712955
596.000000	61.689236
597.000000	61.663477
598.000000	61.696235
599.000000	61.677747
600.000000	61.708479
601.000000	61.723154
602.000000	61.763606
603.000000	61.661997
604.000000	61.687668
605.000000	61.581706
606.000000	61.602568
607.000000	61.622018
608.000000	61.637527
609.000000	61.605214
610.000000	61.637044
611.000000	61.483940
612.000000	61.521171
613.000000	61.541091
614.000000	61.609492
615.000000	61.546777
616.000000	61.439213
617.000000	61.464779
618.000000	61.437125
619.000000	61.385433
620.000000	61.479475
621.000000	61.378386
622.000000	61.423167
623.000000	61.482974
624.000000	61.418100
625.000000	61.375217
626.000000	61.442268
627.000000	61.324096
628.000000	61.355494
629.000000	61.379434
630.000000	61.295204
631.000000	61.283032
632.000000	61.292147
633.000000	61.404343
634.000000	61.388685
635.000000	61.291055
636.000000	61.171536
637.000000	61.281814
638.000000	61.185739
639.000000	61.223545
640.000000	61.215709
641.000000	61.259249
642.000000	61.170026
643.000000	61.185814
644.000000	61.084076
645.000000	61.080957
646.000000	61.093966
647.000000	61.113797
648.000000	61.115433
649.000000	61.103247
650.000000	61.039662
651.000000	61.008121
652.000000	61.078042
653.000000	61.076624
654.000000	61.039410
655.000000	60.949311
656.000000	60.953814
657.000000	60.877386
658.000000	60.887572
659.000000	61.006108
660.000000	60.838920
661.000000	60.935200
662.000000	60.855613
663.000000	60.873005
664.000000	60.890493
665.000000	60.890041
666.000000	60.911794
667.000000	60.827466
668.000000	60.802482
669.000000	60.874002
670.000000	60.838315
671.000000	60.875335
672.000000	60.841866
673.000000	60.830867
674.000000	60.829398
675.000000	60.766526
676.000000	60.795625
677.000000	60.804570
678.000000	60.844590
679.000000	60.711195
680.000000	60.868346
681.000000	60.759449
682.000000	60.864088
683.000000	60.826289
684.000000	60.739672
685.000000	60.696496
686.000000	60.736580
687.000000	60.778542
688.000000	60.773124
689.000000	60.790357
690.000000	60.709471
691.000000	60.742981
692.000000	60.768880
693.000000	60.689320
694.000000	60.691014
695.000000	60.714453
696.000000	60.735570
697.000000	60.677546
698.000000	60.776389
699.000000	60.782746
700.000000	60.712831
701.000000	60.763605
702.000000	60.699659
703.000000	60.735723
704.000000	60.688068
705.000000	60.652892
706.000000	60.618201
707.000000	60.615314
708.000000	60.628619
709.000000	60.647688
710.000000	60.648273
711.000000	60.655184
712.000000	60.538039
713.000000	60.659551
714.000000	60.593986
715.000000	60.540468
716.000000	60.483256
717.000000	60.565071
718.000000	60.542913
719.000000	60.520980
720.000000	60.573311
721.000000	60.602662
722.000000	60.530489
723.000000	60.491568
724.000000	60.518861
725.000000	60.596676
726.000000	60.473536
727.000000	60.625476
728.000000	60.556714
729.000000	60.452728
730.000000	60.625020
731.000000	60.557680
732.000000	60.565482
733.000000	60.567802
734.000000	60.537726
735.000000	60.605070
736.000000	60.657514
737.000000	60.618347
738.000000	60.661347
739.000000	60.612617
740.000000	60.719337
741.000000	60.717905
742.000000	60.707434
743.000000	60.745324
744.000000	60.697924
745.000000	60.595683
746.000000	60.738879
747.000000	60.724282
748.000000	60.731911
749.000000	60.834601
750.000000	60.878658
751.000000	60.767594
752.000000	60.967112
753.000000	60.835104
754.000000	60.765884
755.000000	60.878801
756.000000	60.889007
757.000000	60.981984
758.000000	60.965656
759.000000	61.030245
760.000000	61.063748
761.000000	61.105135
762.000000	61.100275
763.000000	61.104356
764.000000	61.133867
765.000000	61.081705
766.000000	61.181784
767.000000	61.133860
768.000000	61.180206
769.000000	61.218641
770.000000	61.266081
771.000000	61.202846
772.000000	61.217641
773.000000	61.224378
774.000000	61.115379
775.000000	61.175652
776.000000	61.189834
777.000000	61.324392
778.000000	61.346134
779.000000	61.324922
780.000000	61.363272
781.000000	61.250338
782.000000	61.345352
783.000000	61.321283
784.000000	61.287246
785.000000	61.372588
786.000000	61.400585
787.000000	61.388957
788.000000	61.434064
789.000000	61.422202
790.000000	61.375036
791.000000	61.416940
792.000000	61.441094
793.000000	61.398990
794.000000	61.318154
795.000000	61.411036
796.000000	61.372040
797.000000	61.521715
798.000000	61.493470
799.000000	61.497371
800.000000	61.464429
801.000000	61.512386
802.000000	61.501231
803.000000	61.467609
804.000000	61.406050
805.000000	61.447532
806.000000	61.519702
807.000000	61.596109
808.000000	61.437173
809.000000	61.447002
810.000000	61.554338
811.000000	61.572914
812.000000	61.555974
813.000000	61.519341
814.000000	61.447257
815.000000	61.449097
816.000000	61.546927
817.000000	61.603972
818.000000	61.591185
819.000000	61.578893
820.000000	61.661851
821.000000	61.680488
822.000000	61.688681
823.000000	61.629024
824.000000	61.515818
825.000000	61.540982
826.000000	61.563381
827.000000	61.609836
828.000000	61.630623
829.000000	61.595864
830.000000	61.552331
831.000000	61.632592
832.000000	61.544186
833.000000	61.602670
834.000000	61.474254
835.000000	61.604476
836.000000	61.592671
837.000000	61.682784
838.000000	61.678509
839.000000	61.566599
840.000000	61.692188
841.000000	61.788852
842.000000	61.697238
843.000000	61.621440
844.000000	61.727014
845.000000	61.752784
846.000000	61.754430
847.000000	61.646720
848.000000	61.730007
849.000000	61.722430
850.000000	61.757647
851.000000	61.744608
852.000000	61.679931
853.000000	61.614934
854.000000	61.578727
855.000000	61.668047
856.000000	61.623688
857.000000	61.658198
858.000000	61.806891
859.000000	61.778523
860.000000	61.747346
861.000000	61.946540
862.000000	61.786002
863.000000	61.815346
864.000000	61.811200
865.000000	61.796912
866.000000	61.925664
867.000000	61.777877
868.000000	61.850328
869.000000	61.846417
870.000000	61.867748
871.000000	61.781332
872.000000	61.793239
873.000000	61.767973
874.000000	61.742907
875.000000	61.702915
876.000000	61.864184
877.000000	61.816835
878.000000	61.896997
879.000000	61.879560
880.000000	61.932810
881.000000	61.895120
882.000000	61.871938
883.000000	61.823630
884.000000	61.782754
885.000000	61.817689
886.000000	61.922862
887.000000	61.880781
888.000000	61.879506
889.000000	61.812332
890.000000	61.826276
891.000000	61.851206
892.000000	61.815631
893.000000	61.723610
894.000000	61.740231
895.000000	61.750798
896.000000	61.814863
897.000000	61.781760
898.000000	61.841435
899.000000	61.917975
900.000000	61.835680
901.000000	61.863419
902.000000	61.905748
903.000000	61.837316
904.000000	61.914567
905.000000	61.931483
906.000000	61.900670
907.000000	61.944479
908.000000	61.817175
909.000000	61.873500
910.000000	61.914461
911.000000	61.750383
912.000000	61.735388
913.000000	61.823913
914.000000	61.766840
915.000000	61.750410
916.000000	61.741350
917.000000	61.741428
918.000000	61.875887
919.000000	61.844213
920.000000	61.871721
921.000000	61.862973
922.000000	61.948250
923.000000	61.896528
924.000000	61.989202
925.000000	61.938003
926.000000	61.917012
927.000000	61.846659
928.000000	61.931157
929.000000	61.960943
930.000000	61.936150
931.000000	61.843764
932.000000	61.827878
933.000000	61.829501
934.000000	61.763504
935.000000	61.807217
936.000000	61.915043
937.000000	61.854712
938.000000	61.813703
939.000000	61.835993
940.000000	61.878798
941.000000	61.920267
942.000000	61.954512
943.000000	61.944077
944.000000	61.802462
945.000000	61.954726
946.000000	61.929678
947.000000	61.927685
948.000000	61.854501
949.000000	61.931813
950.000000	61.868745
951.000000	61.832004
952.000000	61.845118
953.000000	61.820563
954.000000	61.802646
955.000000	61.738724
956.000000	61.770775
957.000000	61.796966
958.000000	61.904979
959.000000	61.876581
960.000000	61.919090
961.000000	61.916349
962.000000	61.852934
963.000000	61.897759
964.000000	61.946383
965.000000	61.890443
966.000000	61.938030
967.000000	61.932698
968.000000	61.827477
969.000000	61.898269
970.000000	61.814648
971.000000	61.740629
972.000000	61.783583
973.000000	61.764218
974.000000	61.809530
975.000000	61.797341
976.000000	61.824851
977.000000	61.803357
978.000000	61.791314
979.000000	61.818767
980.000000	61.823001
981.000000	61.815315
982.000000	61.892620
983.000000	61.745047
984.000000	61.862378
985.000000	61.787865
986.000000	61.772197
987.000000	61.818209
988.000000	61.805078
989.000000	61.653906
990.000000	61.726460
991.000000	61.618423
992.000000	61.680533
993.000000	61.698102
994.000000	61.712975
995.000000	61.712087
996.000000	61.643530
997.000000	61.657402
998.000000	61.667340
999.000000	61.720474
1000.000000	61.751461
1001.000000	61.665660
1002.000000	61.720522
1003.000000	61.728232
1004.000000	61.683767
1005.000000	61.738364
1006.000000	61.744533
1007.000000	61.727854
1008.000000	61.741975
1009.000000	61.673220
1010.000000	61.620528
1011.000000	61.624967
1012.000000	61.505479
1013.000000	61.574659
1014.000000	61.553110
1015.000000	61.524521
1016.000000	61.589249
1017.000000	61.611543
1018.000000	61.633724
1019.000000	61.593320
1020.000000	61.622328
1021.000000	61.631432
1022.000000	61.699997
1023.000000	61.711897
1024.000000	61.685087
1025.000000	61.645927
1026.000000	61.682515
1027.000000	61.667578
1028.000000	61.701401
1029.000000	61.557389
1030.000000	61.567728
1031.000000	61.491368
1032.000000	61.592307
1033.000000	61.687964
1034.000000	61.671295
1035.000000	61.694745
1036.000000	61.651002
1037.000000	61.668071
1038.000000	61.727773
1039.000000	61.722001
1040.000000	61.721097
1041.000000	61.750308
1042.000000	61.819257
1043.000000	61.767099
1044.000000	61.790457
1045.000000	61.726746
1046.000000	61.815628
1047.000000	61.764548
1048.000000	61.709724
1049.000000	61.643934
1050.000000	61.662466
1051.000000	61.671778
1052.000000	61.702098
1053.000000	61.667476
1054.000000	61.642159
1055.000000	61.648441
1056.000000	61.709673
1057.000000	61.757736
1058.000000	61.855321
1059.000000	61.740173
1060.000000	61.793055
1061.000000	61.758174
1062.000000	61.744370
1063.000000	61.819413
1064.000000	61.759443
1065.000000	61.744893
1066.000000	61.756042
1067.000000	61.801228
1068.000000	61.702850
1069.000000	61.707941
1070.000000	61.711893
1071.000000	61.724362
1072.000000	61.721025
1073.000000	61.750287
1074.000000	61.837275
1075.000000	61.791688
1076.000000	61.775798
1077.000000	61.901657
1078.000000	61.893651
1079.000000	61.839782
1080.000000	61.811910
1081.000000	61.837891
1082.000000	61.815373
1083.000000	61.786461
1084.000000	61.909350
1085.000000	61.879944
1086.000000	61.864222
1087.000000	61.853199
1088.000000	61.878968
1089.000000	61.832218
1090.000000	61.791797
1091.000000	61.786600
1092.000000	61.808778
1093.000000	61.944917
1094.000000	61.887471
1095.000000	61.870044
1096.000000	61.911751
1097.000000	61.885604
1098.000000	61.981591
1099.000000	61.878159
1100.000000	61.908193
1101.000000	61.889903
1102.000000	61.978067
1103.000000	61.966728
1104.000000	61.928246
1105.000000	61.961916
1106.000000	61.871500
1107.000000	61.843724
1108.000000	61.841618
1109.000000	61.802513
1110.000000	61.887559
1111.000000	61.861695
1112.000000	61.777407
1113.000000	61.961134
1114.000000	61.917359
1115.000000	61.925246
1116.000000	61.966317
1117.000000	61.962014
1118.000000	61.947584
1119.000000	61.944332
1120.000000	61.930524
1121.000000	61.935486
1122.000000	61.832932
1123.000000	61.888416
1124.000000	61.875768
1125.000000	61.894402
1126.000000	61.861402
1127.000000	61.785682
1128.000000	61.826127
1129.000000	61.745557
1130.000000	61.828300
1131.000000	61.759253
1132.000000	61.957627
1133.000000	61.906115
1134.000000	61.915427
1135.000000	61.925477
1136.000000	61.872986
1137.000000	61.863450
1138.000000	61.894899
1139.000000	61.874309
1140.000000	61.913305
1141.000000	61.889906
1142.000000	61.969014
1143.000000	61.890841
1144.000000	61.863113
1145.000000	61.823971
1146.000000	61.930558
1147.000000	61.780441
1148.000000	61.786226
1149.000000	61.801374
1150.000000	61.926851
1151.000000	61.874598
1152.000000	61.950896
1153.000000	61.866439
1154.000000	61.823726
1155.000000	61.871554
1156.000000	61.954692
1157.000000	61.843703
1158.000000	61.822855
1159.000000	61.859919
1160.000000	61.820233
1161.000000	61.868707
1162.000000	61.841455
1163.000000	61.890413
1164.000000	61.928406
1165.000000	61.844989
1166.000000	61.764065
1167.000000	61.858110
1168.000000	61.824324
1169.000000	61.805537
1170.000000	61.839962
1171.000000	61.792372
1172.000000	61.836292
1173.000000	61.941112
1174.000000	61.889501
1175.000000	61.818709
1176.000000	61.865551
1177.000000	61.892964
1178.000000	61.865541
1179.000000	61.852107
1180.000000	61.786233
1181.000000	61.850532
1182.000000	61.827834
1183.000000	61.790624
1184.000000	61.797943
1185.000000	61.815169
1186.000000	61.740873
1187.000000	61.780560
1188.000000	61.743533
1189.000000	61.757474
1190.000000	61.711669
1191.000000	61.762167
1192.000000	61.742088
1193.000000	61.706010
1194.000000	61.734531
1195.000000	61.690552
1196.000000	61.787859
1197.000000	61.757300
1198.000000	61.676567
1199.000000	61.723777
1200.000000	61.730320
1201.000000	61.682958
1202.000000	61.743499
1203.000000	61.714590
1204.000000	61.706108
1205.000000	61.649947
1206.000000	61.754590
1207.000000	61.745081
1208.000000	61.703061
1209.000000	61.741822
1210.000000	61.685957
1211.000000	61.724351
1212.000000	61.728990
1213.000000	61.722892
1214.000000	61.761419
1215.000000	61.788882
1216.000000	61.743404
1217.000000	61.693259
1218.000000	61.694749
1219.000000	61.637333
1220.000000	61.706710
1221.000000	61.726106
1222.000000	61.681264
1223.000000	61.659399
1224.000000	61.622593
1225.000000	61.674724
1226.000000	61.656981
1227.000000	61.578744
1228.000000	61.594279
1229.000000	61.611451
1230.000000	61.695069
1231.000000	61.548968
1232.000000	61.593089
1233.000000	61.607064
1234.000000	61.526888
1235.000000	61.577468
1236.000000	61.544383
1237.000000	61.592671
1238.000000	61.565847
1239.000000	61.610495
1240.000000	61.595585
1241.000000	61.620535
1242.000000	61.527983
1243.000000	61.578342
1244.000000	61.553906
1245.000000	61.510584
1246.000000	61.533925
1247.000000	61.546301
1248.000000	61.494892
1249.000000	61.586253
1250.000000	61.509679
1251.000000	61.435921
1252.000000	61.501544
1253.000000	61.514151
1254.000000	61.545458
1255.000000	61.534013
1256.000000	61.504159
1257.000000	61.417967


