0.000000	55.854767
1.000000	56.070444
2.000000	56.239416
3.000000	56.159386
4.000000	56.034590
5.000000	56.119322
6.000000	56.107693
7.000000	56.010937
8.000000	56.157943
9.000000	55.970992
10.000000	56.029830
11.000000	56.065781
12.000000	56.025941
13.000000	56.082275
14.000000	56.119108
15.000000	56.202927
16.000000	56.120944
17.000000	56.106605
18.000000	56.163966
19.000000	56.223228
20.000000	55.940019
21.000000	56.091418
22.000000	56.085933
23.000000	56.172942
24.000000	56.145641
25.000000	56.109904
26.000000	56.169018
27.000000	56.149819
28.000000	56.135982
29.000000	56.072721
30.000000	56.142153
31.000000	56.130480
32.000000	56.216786
33.000000	56.095727
34.000000	56.075715
35.000000	56.080584
36.000000	56.138277
37.000000	56.085911
38.000000	55.998115
39.000000	55.976224
40.000000	56.064002
41.000000	55.940592
42.000000	56.046005
43.000000	56.193619
44.000000	56.100993
45.000000	55.955884
46.000000	55.983159
47.000000	56.019114
48.000000	55.946505
49.000000	55.996922
50.000000	55.908142
51.000000	56.013018
52.000000	56.034210
53.000000	55.965792
54.000000	56.064872
55.000000	56.042312
56.000000	56.119025
57.000000	56.007751
58.000000	56.033711
59.000000	56.044733
60.000000	56.043990
61.000000	56.012729
62.000000	56.004216
63.000000	56.034550
64.000000	56.086990
65.000000	56.165251
66.000000	56.033314
67.000000	56.159241
68.000000	56.163795
69.000000	56.034100
70.000000	56.085920
71.000000	56.099739
72.000000	56.072328
73.000000	56.106268
74.000000	56.097117
75.000000	56.128312
76.000000	56.080291
77.000000	55.962243
78.000000	56.107133
79.000000	56.056402
80.000000	56.074583
81.000000	56.145457
82.000000	56.152004
83.000000	56.083472
84.000000	56.042745
85.000000	56.155487
86.000000	56.152384
87.000000	56.091641
88.000000	55.987447
89.000000	56.105193
90.000000	56.125314
91.000000	56.112876
92.000000	56.068814
93.000000	56.148368
94.000000	56.077367
95.000000	56.111233
96.000000	56.129269
97.000000	56.020661
98.000000	56.047828
99.000000	56.125480
100.000000	56.095906
101.000000	56.144413
102.000000	56.135340
103.000000	56.190896
104.000000	56.126241
105.000000	56.103685
106.000000	56.025272
107.000000	56.095604
108.000000	56.113807
109.000000	56.184314
110.000000	56.097890
111.000000	56.194541
112.000000	56.224543
113.000000	56.224517
114.000000	56.066900
115.000000	56.228144
116.000000	56.081584
117.000000	56.092803
118.000000	56.173471
119.000000	56.092366
120.000000	56.042719
121.000000	56.032195
122.000000	56.148359
123.000000	56.138766
124.000000	56.090023
125.000000	56.015137
126.000000	56.052569
127.000000	56.158949
128.000000	55.908981
129.000000	55.985519
130.000000	56.050594
131.000000	56.139059
132.000000	56.067512
133.000000	56.101155
134.000000	56.014648
135.000000	55.901648
136.000000	56.038838
137.000000	56.083013
138.000000	55.978876
139.000000	56.057407
140.000000	56.015286
141.000000	56.002852
142.000000	56.096317
143.000000	56.019416
144.000000	55.968951
145.000000	55.907137
146.000000	56.053680
147.000000	56.099227
148.000000	55.935977
149.000000	55.912386
150.000000	55.966631
151.000000	56.116429
152.000000	56.022108
153.000000	55.939639
154.000000	55.992066
155.000000	55.948052
156.000000	55.923972
157.000000	55.981678
158.000000	55.889258
159.000000	55.943516
160.000000	55.925864
161.000000	56.003079
162.000000	55.864976
163.000000	55.892990
164.000000	55.954411
165.000000	55.861934
166.000000	55.751014
167.000000	55.980030
168.000000	55.812671
169.000000	55.817741
170.000000	55.796720
171.000000	55.868612
172.000000	55.895101
173.000000	55.694388
174.000000	55.787367
175.000000	55.769221
176.000000	55.717153
177.000000	55.722677
178.000000	55.544969
179.000000	55.677055
180.000000	55.660950
181.000000	55.688645
182.000000	55.593992
183.000000	55.628565
184.000000	55.713569
185.000000	55.673073
186.000000	55.580347
187.000000	55.482115
188.000000	55.520010
189.000000	55.455525
190.000000	55.626310
191.000000	55.669529
192.000000	55.429854
193.000000	55.519494
194.000000	55.545349
195.000000	55.656348
196.000000	55.443983
197.000000	55.389310
198.000000	55.476250
199.000000	55.356060
200.000000	55.425326
201.000000	55.402076
202.000000	55.364373
203.000000	55.346594
204.000000	55.289150
205.000000	55.290007
206.000000	55.454892
207.000000	55.136209
208.000000	55.065601
209.000000	55.160159
210.000000	55.071829
211.000000	55.101264
212.000000	55.172037
213.000000	55.135414
214.000000	54.972718
215.000000	55.054894
216.000000	54.914112
217.000000	54.928875
218.000000	54.958956
219.000000	54.935194
220.000000	55.041215
221.000000	54.970799
222.000000	54.961718
223.000000	54.886071
224.000000	54.846830
225.000000	54.994675
226.000000	55.034965
227.000000	55.015989
228.000000	55.033755
229.000000	55.017073
230.000000	55.119969
231.000000	55.064780
232.000000	55.035123
233.000000	54.940596
234.000000	54.968772
235.000000	55.134487
236.000000	54.983793
237.000000	54.973125
238.000000	54.967570
239.000000	54.981494
240.000000	54.892426
241.000000	55.020875
242.000000	54.861811
243.000000	54.949385
244.000000	54.983006
245.000000	54.986445
246.000000	54.816067
247.000000	55.030223
248.000000	54.775488
249.000000	54.937532
250.000000	54.897360
251.000000	54.917162
252.000000	54.845519
253.000000	54.840095
254.000000	54.803655
255.000000	54.918945
256.000000	54.875845
257.000000	54.904479
258.000000	54.892618
259.000000	54.876588
260.000000	54.842171
261.000000	54.768565
262.000000	54.830668
263.000000	54.864193
264.000000	54.745214
265.000000	54.871090
266.000000	54.769636
267.000000	54.804616
268.000000	54.759182
269.000000	54.750564
270.000000	54.797362
271.000000	54.851017
272.000000	54.875014
273.000000	54.711414
274.000000	54.807842
275.000000	54.824480
276.000000	54.791143
277.000000	54.719455
278.000000	54.831726
279.000000	54.787533
280.000000	54.751079
281.000000	54.798900
282.000000	54.791300
283.000000	54.798563
284.000000	54.949131
285.000000	54.821053
286.000000	54.771734
287.000000	54.827417
288.000000	54.775234
289.000000	54.963151
290.000000	55.010614
291.000000	54.887789
292.000000	54.957763
293.000000	54.861606
294.000000	54.939639
295.000000	54.904374
296.000000	54.882789
297.000000	54.994054
298.000000	54.947720
299.000000	54.993442
300.000000	54.956849
301.000000	54.964908
302.000000	54.952955
303.000000	54.874940
304.000000	55.085854
305.000000	54.984313
306.000000	55.164468
307.000000	55.036936
308.000000	55.038942
309.000000	55.194776
310.000000	55.051975
311.000000	55.342036
312.000000	55.276568
313.000000	55.294167
314.000000	55.251115
315.000000	55.312308
316.000000	55.460896
317.000000	55.377938
318.000000	55.438756
319.000000	55.395350
320.000000	55.412774
321.000000	55.295264
322.000000	55.371221
323.000000	55.400821
324.000000	55.462356
325.000000	55.424212
326.000000	55.463374
327.000000	55.461928
328.000000	55.403483
329.000000	55.258872
330.000000	55.402277
331.000000	55.299656
332.000000	55.358730
333.000000	55.416424
334.000000	55.323003
335.000000	55.422857
336.000000	55.274343
337.000000	55.386631
338.000000	55.201349
339.000000	55.263863
340.000000	55.182461
341.000000	55.193081
342.000000	55.200960
343.000000	55.269282
344.000000	55.323304
345.000000	55.246259
346.000000	55.116472
347.000000	55.279627
348.000000	55.125292
349.000000	55.208036
350.000000	55.153638
351.000000	55.094621
352.000000	55.107443
353.000000	54.990925
354.000000	55.004167
355.000000	55.100049
356.000000	55.066458
357.000000	55.147808
358.000000	55.122154
359.000000	55.050681
360.000000	55.092518
361.000000	55.043068
362.000000	55.140986
363.000000	54.912005
364.000000	55.087759
365.000000	54.997529
366.000000	55.050611
367.000000	55.074548
368.000000	55.170639
369.000000	55.045393
370.000000	54.963108
371.000000	55.102435
372.000000	54.951640
373.000000	54.972862
374.000000	54.822474
375.000000	54.948087
376.000000	54.870810
377.000000	54.893767
378.000000	54.897696
379.000000	54.785098
380.000000	54.890144
381.000000	54.931549
382.000000	54.824458
383.000000	54.824729
384.000000	54.896556
385.000000	54.733056
386.000000	54.822461
387.000000	54.756682
388.000000	54.641820
389.000000	54.743637
390.000000	54.586024
391.000000	54.689982
392.000000	54.618771
393.000000	54.687294
394.000000	54.674528
395.000000	54.542084
396.000000	54.647878
397.000000	54.422424
398.000000	54.608466
399.000000	54.516920
400.000000	54.419867
401.000000	54.308056
402.000000	54.218087
403.000000	54.220176
404.000000	54.224599
405.000000	54.237951
406.000000	54.143643
407.000000	54.122271
408.000000	54.017064
409.000000	54.053762
410.000000	54.049155
411.000000	53.991602
412.000000	53.959384
413.000000	53.905908
414.000000	53.889729
415.000000	53.840055
416.000000	53.841790
417.000000	53.797601
418.000000	53.773599
419.000000	53.736875
420.000000	53.742535
421.000000	53.669030
422.000000	53.729433
423.000000	53.664471
424.000000	53.752241
425.000000	53.683028
426.000000	53.724070
427.000000	53.694841
428.000000	53.706134
429.000000	53.767367
430.000000	53.798240
431.000000	53.652130
432.000000	53.718419
433.000000	53.662964
434.000000	53.599593
435.000000	53.605524
436.000000	53.634237
437.000000	53.571444
438.000000	53.564071
439.000000	53.591198
440.000000	53.592203
441.000000	53.520485
442.000000	53.620296
443.000000	53.531971
444.000000	53.349617
445.000000	53.501050
446.000000	53.495705
447.000000	53.380717
448.000000	53.393312
449.000000	53.422773
450.000000	53.339059
451.000000	53.403731
452.000000	53.364350
453.000000	53.329920
454.000000	53.255567
455.000000	53.348809
456.000000	53.288952
457.000000	53.300022
458.000000	53.282733
459.000000	53.145902
460.000000	53.205841
461.000000	53.234659
462.000000	53.090376
463.000000	53.094222
464.000000	53.091198
465.000000	53.110934
466.000000	53.070937
467.000000	52.969745
468.000000	53.120431
469.000000	53.014135
470.000000	53.095524
471.000000	53.103400
472.000000	53.080062
473.000000	53.083287
474.000000	53.099021
475.000000	53.103430
476.000000	52.987712
477.000000	53.028522
478.000000	53.004756
479.000000	53.100887
480.000000	53.091394
481.000000	53.114439
482.000000	53.111695
483.000000	53.017526
484.000000	53.012798
485.000000	53.053084
486.000000	53.117110
487.000000	53.117000
488.000000	53.013860
489.000000	53.088506
490.000000	53.131698
491.000000	53.105572
492.000000	52.994512
493.000000	53.006137
494.000000	53.014205
495.000000	52.975497
496.000000	53.044636
497.000000	53.033111
498.000000	53.055374
499.000000	52.948042
500.000000	52.946005
501.000000	52.916379
502.000000	53.001059
503.000000	52.802103
504.000000	52.938309
505.000000	53.015472
506.000000	53.081395
507.000000	53.133573
508.000000	53.134757
509.000000	53.297986
510.000000	53.241053
511.000000	53.317871
512.000000	53.274692
513.000000	53.360067
514.000000	53.491728
515.000000	53.449917
516.000000	53.467329
517.000000	53.573205
518.000000	53.482275
519.000000	53.658471
520.000000	53.637069
521.000000	53.723996
522.000000	53.742788
523.000000	53.819952
524.000000	53.972923
525.000000	53.863533
526.000000	53.907145
527.000000	54.006015
528.000000	53.982363
529.000000	53.940097
530.000000	53.977709
531.000000	54.036084
532.000000	54.116638
533.000000	54.148564
534.000000	54.273364
535.000000	54.243855
536.000000	54.314878
537.000000	54.261957
538.000000	54.319253
539.000000	54.351034
540.000000	54.379406
541.000000	54.388038
542.000000	54.385022
543.000000	54.401721
544.000000	54.417000
545.000000	54.378655
546.000000	54.426532
547.000000	54.533090
548.000000	54.451150
549.000000	54.452164
550.000000	54.473793
551.000000	54.435814
552.000000	54.430671
553.000000	54.520499
554.000000	54.541385
555.000000	54.524612
556.000000	54.361431
557.000000	54.554601
558.000000	54.552416
559.000000	54.437532
560.000000	54.532981
561.000000	54.476551
562.000000	54.374175
563.000000	54.593895
564.000000	54.481389
565.000000	54.501750
566.000000	54.671465
567.000000	54.552674
568.000000	54.473762
569.000000	54.597037
570.000000	54.593821
571.000000	54.559382
572.000000	54.613177
573.000000	54.586684
574.000000	54.600407
575.000000	54.610765
576.000000	54.524161
577.000000	54.542491
578.000000	54.503638
579.000000	54.390594
580.000000	54.323903
581.000000	54.463387
582.000000	54.406406
583.000000	54.317434
584.000000	54.261891
585.000000	54.288931
586.000000	54.204933
587.000000	54.142768
588.000000	54.176731
589.000000	54.130077
590.000000	54.080801
591.000000	54.074892
592.000000	53.966569
593.000000	54.115379
594.000000	53.977403
595.000000	53.967810
596.000000	53.875735
597.000000	53.954699
598.000000	53.954908
599.000000	53.852904
600.000000	53.856864
601.000000	53.859385
602.000000	53.887854
603.000000	53.839286
604.000000	53.826485
605.000000	53.730652
606.000000	53.800114
607.000000	53.882880
608.000000	53.707502
609.000000	53.731439
610.000000	53.785312
611.000000	53.832053
612.000000	53.743619
613.000000	53.797781
614.000000	53.899986
615.000000	53.870324
616.000000	53.826157
617.000000	53.836874
618.000000	53.914338
619.000000	53.981240
620.000000	53.888995
621.000000	53.923984
622.000000	53.791356
623.000000	53.978976
624.000000	53.947217
625.000000	53.976533
626.000000	53.988477
627.000000	53.890057
628.000000	53.831585
629.000000	53.914504
630.000000	53.800219
631.000000	53.914037
632.000000	53.888077
633.000000	53.888925
634.000000	53.879860
635.000000	53.926558
636.000000	53.990815
637.000000	53.831310
638.000000	53.896232
639.000000	53.885074
640.000000	53.887622
641.000000	53.945438
642.000000	53.760681
643.000000	53.966367
644.000000	53.919408
645.000000	54.006841
646.000000	53.916843
647.000000	54.026923
648.000000	53.920837
649.000000	53.893964
650.000000	54.101954
651.000000	54.036717
652.000000	53.916301
653.000000	53.997672
654.000000	53.931431
655.000000	53.926278
656.000000	54.051611
657.000000	54.078957
658.000000	54.058123
659.000000	54.173313
660.000000	54.213092
661.000000	54.098781
662.000000	54.155421
663.000000	54.235958
664.000000	54.169061
665.000000	54.428560
666.000000	54.291680
667.000000	54.426401
668.000000	54.396403
669.000000	54.313248
670.000000	54.301579
671.000000	54.292069
672.000000	54.342734
673.000000	54.337119
674.000000	54.327115
675.000000	54.410746
676.000000	54.245114
677.000000	54.336411
678.000000	54.353433
679.000000	54.458593
680.000000	54.630947
681.000000	54.368760
682.000000	54.647803
683.000000	54.649272
684.000000	54.506815
685.000000	54.592645
686.000000	54.547119
687.000000	54.571252
688.000000	54.468977
689.000000	54.643166
690.000000	54.592055
691.000000	54.556236
692.000000	54.647755
693.000000	54.575666
694.000000	54.647917
695.000000	54.649796
696.000000	54.629548
697.000000	54.693045
698.000000	54.598729
699.000000	54.682972
700.000000	54.787598
701.000000	54.657208
702.000000	54.785728
703.000000	54.740315
704.000000	54.708840
705.000000	54.690344
706.000000	54.736137
707.000000	54.839522
708.000000	54.632905
709.000000	54.757609
710.000000	54.745870
711.000000	54.683872
712.000000	54.825647
713.000000	54.707892
714.000000	54.785308
715.000000	54.797287
716.000000	54.872960
717.000000	54.779373
718.000000	54.766376
719.000000	54.829829
720.000000	54.801177
721.000000	54.746578
722.000000	54.817426
723.000000	54.925247
724.000000	54.909470
725.000000	54.849574
726.000000	54.804664
727.000000	54.829759
728.000000	54.856143
729.000000	54.877628
730.000000	54.719814
731.000000	54.821779
732.000000	54.759322
733.000000	54.951225
734.000000	54.759737
735.000000	54.708857
736.000000	54.987368
737.000000	54.911769
738.000000	54.821333
739.000000	54.877575
740.000000	54.858232
741.000000	54.818296
742.000000	54.930076
743.000000	54.802130
744.000000	54.898374
745.000000	54.901018
746.000000	54.857013
747.000000	54.851690
748.000000	54.875434
749.000000	54.871278
750.000000	54.931680
751.000000	54.993726
752.000000	54.989417
753.000000	54.813733
754.000000	55.054308
755.000000	54.842027
756.000000	54.771668
757.000000	54.823431
758.000000	54.865443
759.000000	54.974270
760.000000	54.871627
761.000000	54.879101
762.000000	54.796404
763.000000	54.916314
764.000000	54.907731
765.000000	54.871833
766.000000	54.904951
767.000000	54.905388
768.000000	54.952212
769.000000	54.963025
770.000000	55.095154
771.000000	54.924535
772.000000	54.869062
773.000000	54.954118
774.000000	55.015906
775.000000	55.000785
776.000000	54.992525
777.000000	55.044724
778.000000	54.920038
779.000000	54.864796
780.000000	55.119772
781.000000	54.980917
782.000000	55.114912
783.000000	54.933363
784.000000	55.089979
785.000000	55.036136
786.000000	55.091561
787.000000	55.119781
788.000000	55.034611
789.000000	55.168899
790.000000	55.107085
791.000000	55.133832
792.000000	55.187207
793.000000	55.040922
794.000000	55.003743
795.000000	55.088035
796.000000	55.087248
797.000000	55.139928
798.000000	55.158725
799.000000	55.130506
800.000000	55.032496
801.000000	55.113002
802.000000	55.099467
803.000000	55.075234
804.000000	55.103357
805.000000	55.136218
806.000000	55.157322
807.000000	55.128618
808.000000	55.120130
809.000000	55.172702
810.000000	55.159381
811.000000	55.101229
812.000000	55.111464
813.000000	55.198391
814.000000	55.188754
815.000000	55.212795
816.000000	55.073398
817.000000	55.215466
818.000000	55.251805
819.000000	55.124894
820.000000	54.995348
821.000000	55.044873
822.000000	55.144019
823.000000	55.077043
824.000000	55.055384
825.000000	55.117858
826.000000	55.037963
827.000000	54.990899
828.000000	55.095381
829.000000	54.931956
830.000000	55.090989
831.000000	55.038287
832.000000	55.056140
833.000000	55.033387
834.000000	55.114947
835.000000	55.107976
836.000000	55.049636
837.000000	55.183523
838.000000	54.986074
839.000000	55.148551
840.000000	54.924259
841.000000	55.190297
842.000000	55.064570
843.000000	55.146379
844.000000	55.204500
845.000000	55.182120
846.000000	55.239564
847.000000	55.170512
848.000000	55.203028
849.000000	55.148922
850.000000	55.194278
851.000000	55.207555
852.000000	55.151820
853.000000	55.287424
854.000000	55.220767
855.000000	55.186206
856.000000	55.107225
857.000000	55.372388
858.000000	55.197892
859.000000	55.089136
860.000000	55.162728
861.000000	55.138626
862.000000	55.209260
863.000000	55.231662
864.000000	55.148507
865.000000	55.175687
866.000000	55.132547
867.000000	55.142883
868.000000	55.293433
869.000000	55.219617
870.000000	55.204190
871.000000	55.140501
872.000000	55.261883
873.000000	55.191367
874.000000	55.291807
875.000000	55.320861
876.000000	55.207424
877.000000	55.258273
878.000000	55.347979
879.000000	55.132879
880.000000	55.201043
881.000000	55.260074
882.000000	55.158179
883.000000	55.299735
884.000000	55.224512
885.000000	55.190926
886.000000	55.250197
887.000000	55.195480
888.000000	55.261009
889.000000	55.185140
890.000000	55.320752
891.000000	55.227008
892.000000	55.204767
893.000000	55.305805
894.000000	55.275554
895.000000	55.263937
896.000000	55.299687
897.000000	55.208709
898.000000	55.291925
899.000000	55.284666
900.000000	55.210352
901.000000	55.159075
902.000000	55.286729
903.000000	55.240783
904.000000	55.248121
905.000000	55.176521
906.000000	55.352542
907.000000	55.310342
908.000000	55.225225
909.000000	55.316408
910.000000	55.270003
911.000000	55.403400
912.000000	55.438621
913.000000	55.298808
914.000000	55.363678
915.000000	55.318737
916.000000	55.465564
917.000000	55.402508
918.000000	55.371868
919.000000	55.500592
920.000000	55.462509
921.000000	55.494247
922.000000	55.357301
923.000000	55.498211
924.000000	55.485532
925.000000	55.464751
926.000000	55.433241
927.000000	55.548465
928.000000	55.283792
929.000000	55.447187
930.000000	55.484920
931.000000	55.462850
932.000000	55.454070
933.000000	55.498469
934.000000	55.449289
935.000000	55.522165
936.000000	55.492966
937.000000	55.522082
938.000000	55.561148
939.000000	55.524380
940.000000	55.550393
941.000000	55.619619
942.000000	55.569334
943.000000	55.551818
944.000000	55.615122
945.000000	55.600543
946.000000	55.605337
947.000000	55.505715
948.000000	55.583009
949.000000	55.575802
950.000000	55.600403
951.000000	55.729818
952.000000	55.669306
953.000000	55.672728
954.000000	55.628968
955.000000	55.572341
956.000000	55.623273
957.000000	55.653359
958.000000	55.634361
959.000000	55.595831
960.000000	55.580474
961.000000	55.536032
962.000000	55.597138
963.000000	55.587947
964.000000	55.592759
965.000000	55.554824
966.000000	55.617740
967.000000	55.609712
968.000000	55.593109
969.000000	55.709247
970.000000	55.694047
971.000000	55.757605
972.000000	55.801942
973.000000	55.766804
974.000000	55.886657
975.000000	55.846577
976.000000	55.744192
977.000000	55.847529
978.000000	55.792616
979.000000	55.794421
980.000000	55.832294
981.000000	55.800312
982.000000	55.883345
983.000000	55.843762
984.000000	55.832281
985.000000	55.850213
986.000000	55.864028
987.000000	55.864417
988.000000	55.892055
989.000000	55.869508
990.000000	55.938306
991.000000	55.748812
992.000000	55.929662
993.000000	55.692648
994.000000	55.834960
995.000000	55.855877
996.000000	55.818580
997.000000	55.823951
998.000000	55.722061
999.000000	55.854146
1000.000000	55.825262
1001.000000	55.846787
1002.000000	55.844304
1003.000000	55.806474
1004.000000	55.856996
1005.000000	55.819480
1006.000000	55.812300
1007.000000	55.780296
1008.000000	55.830651
1009.000000	55.769785
1010.000000	55.810661
1011.000000	55.760398
1012.000000	55.784194
1013.000000	55.766363
1014.000000	55.898610
1015.000000	55.808332
1016.000000	55.832889
1017.000000	55.823340
1018.000000	55.778194
1019.000000	55.684589
1020.000000	55.835782
1021.000000	55.864897
1022.000000	55.775397
1023.000000	55.767954
1024.000000	55.861742
1025.000000	55.779155
1026.000000	55.774217
1027.000000	55.714146
1028.000000	55.770519
1029.000000	55.659739
1030.000000	55.880347
1031.000000	55.736531
1032.000000	55.833575
1033.000000	55.728682
1034.000000	55.809826
1035.000000	55.764973
1036.000000	55.656767
1037.000000	55.702141
1038.000000	55.562438
1039.000000	55.638915
1040.000000	55.743423
1041.000000	55.690730
1042.000000	55.766595
1043.000000	55.731147
1044.000000	55.688212
1045.000000	55.615114
1046.000000	55.809389
1047.000000	55.690113
1048.000000	55.733821
1049.000000	55.751447
1050.000000	55.776935
1051.000000	55.904655
1052.000000	55.851048
1053.000000	55.740154
1054.000000	55.708023
1055.000000	55.724425
1056.000000	55.781441
1057.000000	55.690900
1058.000000	55.515364
1059.000000	55.727812
1060.000000	55.656606
1061.000000	55.800596
1062.000000	55.789404
1063.000000	55.665499
1064.000000	55.864377
1065.000000	55.730801
1066.000000	55.758531
1067.000000	55.776083
1068.000000	55.805810
1069.000000	55.916992
1070.000000	55.933958
1071.000000	55.812164
1072.000000	55.933918
1073.000000	55.988378
1074.000000	55.974742
1075.000000	55.912425
1076.000000	55.992210
1077.000000	55.917626
1078.000000	56.003390
1079.000000	55.920786
1080.000000	55.965044
1081.000000	56.018529
1082.000000	56.101614
1083.000000	56.200987
1084.000000	56.151633
1085.000000	56.208495
1086.000000	56.182339
1087.000000	55.963716
1088.000000	56.107369
1089.000000	56.206861
1090.000000	56.167313
1091.000000	56.270235
1092.000000	56.128898
1093.000000	56.107120
1094.000000	56.053854
1095.000000	56.146117
1096.000000	56.135016
1097.000000	55.956749
1098.000000	55.942712
1099.000000	55.899441
1100.000000	55.987390
1101.000000	56.021946
1102.000000	56.105162
1103.000000	56.153831
1104.000000	56.151733
1105.000000	56.053068
1106.000000	56.112417
1107.000000	55.999347
1108.000000	56.082917
1109.000000	56.034590
1110.000000	56.151440
1111.000000	56.088332
1112.000000	56.044008
1113.000000	56.081593
1114.000000	56.127027
1115.000000	56.117124
1116.000000	55.985646
1117.000000	55.988797
1118.000000	55.957103
1119.000000	55.989684
1120.000000	55.977814
1121.000000	56.003473
1122.000000	56.082196
1123.000000	56.172086
1124.000000	55.984112
1125.000000	56.081986
1126.000000	56.026369
1127.000000	55.949573
1128.000000	55.979318
1129.000000	56.047718
1130.000000	56.093161
1131.000000	56.066406
1132.000000	56.105713
1133.000000	56.028921
1134.000000	56.026518
1135.000000	56.008695
1136.000000	55.866243
1137.000000	55.881736
1138.000000	55.855859
1139.000000	55.973457
1140.000000	55.891286
1141.000000	55.919763
1142.000000	55.952667
1143.000000	56.029905
1144.000000	55.969030
1145.000000	55.971914
1146.000000	55.973990
1147.000000	55.977487
1148.000000	55.950242
1149.000000	55.975970
1150.000000	56.006174
1151.000000	56.080780
1152.000000	56.063583
1153.000000	55.960569
1154.000000	55.983894
1155.000000	55.812427
1156.000000	55.846874
1157.000000	55.892750
1158.000000	55.829510
1159.000000	55.843806
1160.000000	55.893886
1161.000000	55.781393
1162.000000	55.900909
1163.000000	55.917984
1164.000000	55.968051
1165.000000	55.976918
1166.000000	55.951037
1167.000000	56.045144
1168.000000	55.948463
1169.000000	55.993469
1170.000000	56.043230
1171.000000	55.999474
1172.000000	56.005606
1173.000000	55.843434
1174.000000	55.996537
1175.000000	55.874280
1176.000000	55.911542
1177.000000	55.764340
1178.000000	55.895839
1179.000000	55.849986
1180.000000	55.813860
1181.000000	55.888449
1182.000000	55.875513
1183.000000	55.916926
1184.000000	55.937340
1185.000000	55.987460
1186.000000	55.871330
1187.000000	56.065794
1188.000000	55.963829
1189.000000	55.886225
1190.000000	56.099555
1191.000000	56.004159
1192.000000	55.985047
1193.000000	55.985178
1194.000000	55.909396
1195.000000	55.845816
1196.000000	55.747278
1197.000000	55.732196
1198.000000	55.825547
1199.000000	55.894166
1200.000000	55.692285
1201.000000	55.769086
1202.000000	55.863442
1203.000000	55.950731
1204.000000	55.817995
1205.000000	55.768841
1206.000000	55.911162
1207.000000	55.815805
1208.000000	55.775213
1209.000000	55.862848
1210.000000	55.798354
1211.000000	55.784330
1212.000000	55.771188
1213.000000	55.766376
1214.000000	55.664761
1215.000000	55.663402
1216.000000	55.551206
1217.000000	55.467019
1218.000000	55.586973
1219.000000	55.524975
1220.000000	55.474073
1221.000000	55.578075
1222.000000	55.572127
1223.000000	55.561030
1224.000000	55.629426
1225.000000	55.557267
1226.000000	55.612413
1227.000000	55.602990
1228.000000	55.532212
1229.000000	55.501528
1230.000000	55.528620
1231.000000	55.512720
1232.000000	55.525775
1233.000000	55.492359
1234.000000	55.346511
1235.000000	55.453580
1236.000000	55.330380
1237.000000	55.305355
1238.000000	55.400192
1239.000000	55.380224
1240.000000	55.443944
1241.000000	55.361007
1242.000000	55.384918
1243.000000	55.449686
1244.000000	55.515185
1245.000000	55.448961
1246.000000	55.460459
1247.000000	55.570947
1248.000000	55.457252
1249.000000	55.617439
1250.000000	55.549842
1251.000000	55.531679
1252.000000	55.532046
1253.000000	55.508931
1254.000000	55.342040
1255.000000	55.407941
1256.000000	55.364534
1257.000000	55.480843
1258.000000	55.466845
1259.000000	55.380932
1260.000000	55.514005
1261.000000	55.412355
1262.000000	55.319826
1263.000000	55.445762
1264.000000	55.529398
1265.000000	55.501676
1266.000000	55.467548
1267.000000	55.510749
1268.000000	55.515238
1269.000000	55.477867
1270.000000	55.515417
1271.000000	55.545140
1272.000000	55.536958
1273.000000	55.486398
1274.000000	55.344313
1275.000000	55.290680
1276.000000	55.321958
1277.000000	55.177631
1278.000000	55.239446
1279.000000	55.333837
1280.000000	55.252002
1281.000000	55.216667
1282.000000	55.230001
1283.000000	55.286755
1284.000000	55.246224
