0.0	0.0027077131688355207
1.0	0.0035940758095331714
2.0	0.00449434161584325
3.0	0.0018907230245961259
4.0	0.00136842265869989
5.0	-0.0003317768309434998
6.0	0.000902308281670744
7.0	0.0004910899090702152
8.0	0.0006771343313898931
9.0	-0.0013554511485151365
10.0	0.001516914200705473
11.0	-0.0017625129045923088
12.0	0.0007486568019119366
13.0	-0.0019616005028991
14.0	-0.0015588386949495034
15.0	-0.0027347311762370885
16.0	-0.001227026031104907
17.0	-0.0030444707730269294
18.0	-0.0018510918360202693
19.0	-0.002563879903968145
20.0	-0.00254109017889196
21.0	-0.001105767493907137
22.0	-0.0005906337082236942
23.0	-0.0011483369803702373
24.0	-0.0029700816704198354
25.0	-0.0021191219359724916
26.0	-0.0005494975378031193
27.0	0.000234813000666633
28.0	0.00204967777371221
29.0	0.0017979874766446417
30.0	-0.0005871937497216002
31.0	0.0006894608493557438
32.0	0.002521955409724281
33.0	0.002104287114932389
34.0	0.0023308943812555983
35.0	0.005057204825742851
36.0	0.002270408444261099
37.0	0.005949300730610603
38.0	0.0016198262925588528
39.0	0.0034824204898204207
40.0	0.001493981144025069
41.0	0.0038738591010340343
42.0	0.00445650207232055
43.0	0.004583780536896859
44.0	0.006087759060318509
45.0	0.005258585729717649
46.0	0.00334654212898896
47.0	0.0007265837348570144
48.0	0.004777851529054645
49.0	0.007358823726829971
50.0	0.00727726804401025
51.0	0.010547665258240056
52.0	0.003813803158852193
53.0	0.006353495854602724
54.0	0.006284266689748687
55.0	0.0032892094872879495
56.0	0.007505881952793028
57.0	0.008658411382587551
58.0	0.006171321385597797
59.0	0.008003242619549291
60.0	0.008036352220131592
61.0	0.006901882572472853
62.0	0.007491548792367775
63.0	0.007338613970630398
64.0	0.010281355137538964
65.0	0.007123329901043004
66.0	0.004977942448591304
67.0	0.009201638162704624
68.0	0.006681868559945226
69.0	0.008356125029218942
70.0	0.007220652060330503
71.0	0.008194160316413589
72.0	0.01212861285314541
73.0	0.007853317761501184
74.0	0.008231426533519244
75.0	0.009545490681306465
76.0	0.008070178478735155
77.0	0.008916981596659141
78.0	0.00686518968178424
79.0	0.009181141743296612
80.0	0.008305958967730558
81.0	0.007848874481769389
82.0	0.009293657052634845
83.0	0.009217117975963963
84.0	0.011383718505845103
85.0	0.00902304698380601
86.0	0.00903953011829505
87.0	0.010256845433211816
88.0	0.010275048546951819
89.0	0.011158114560751595
90.0	0.00967248248267417
91.0	0.006809720350938579
92.0	0.009364032870322801
93.0	0.009098869402455629
94.0	0.009002693896002218
95.0	0.009301683622472953
96.0	0.009082099604757983
97.0	0.008680341118038256
98.0	0.007349793835761995
99.0	0.010135443564409825
100.0	0.010156513310235047
101.0	0.006811153666981104
102.0	0.008886451964953286
103.0	0.010550101895512448
104.0	0.009504497842490276
105.0	0.010903414299994925
106.0	0.011292702937144749
107.0	0.008840012525175602
108.0	0.00885190904832846
109.0	0.011322085916016517
110.0	0.00995914569117922
111.0	0.011294996242812758
112.0	0.008927301472165257
113.0	0.011111531789369524
114.0	0.0086498114863324
115.0	0.010975366765329625
116.0	0.006865333013388459
117.0	0.00860294205174189
118.0	0.009027346931933586
119.0	0.004967049246667979
120.0	0.005592261704417595
121.0	0.008824389380312042
122.0	0.007900473859300297
123.0	0.007362407016936284
124.0	0.0062611903014640645
125.0	0.006818893573610607
126.0	0.007905490465449135
127.0	0.006203570996554616
128.0	0.0054185438000634335
129.0	0.004038977109132876
130.0	0.003327192362414869
131.0	0.003918005235143879
132.0	0.002508338907320291
133.0	0.0027207563448224674
134.0	0.0031840040897665625
135.0	0.0014465383830175162
136.0	0.001345632933623705
137.0	0.002264675180090998
138.0	0.003985371089142565
139.0	0.0016526492299327145
140.0	0.0010116702957153208
141.0	-0.0007561817111353611
142.0	-0.002402918512392492
143.0	-0.002278363348297181
144.0	0.0019057728430426411
145.0	-0.00227965333273532
146.0	-0.004650788061884915
147.0	-0.0028243134288949167
148.0	-0.001342264640923804
149.0	-0.005999538457901179
150.0	-0.0016639007608665044
151.0	-0.0030686938141454728
152.0	-0.0065153889016060515
153.0	-0.006330204468911689
154.0	-0.005018290295188423
155.0	-0.005235724338839438
156.0	-0.005338493099088599
157.0	-0.005896339702839361
158.0	-0.00603838132265358
159.0	-0.00927423562025856
160.0	-0.007822573132389083
161.0	-0.0072432267880002755
162.0	-0.007929355177557215
163.0	-0.007769540438815649
164.0	-0.010092372417332043
165.0	-0.010920399095098815
166.0	-0.008465558709065879
167.0	-0.009666247557889217
168.0	-0.012707744200127807
169.0	-0.01203680896062177
170.0	-0.010236134016397391
171.0	-0.014794939021253182
172.0	-0.00846627536708714
173.0	-0.011288331323215148
174.0	-0.01357518706906419
175.0	-0.012271442796783253
176.0	-0.015712691283282003
177.0	-0.013350586445200383
178.0	-0.015093068758098436
179.0	-0.015076585623609395
180.0	-0.016267097928530837
181.0	-0.015221780538717103
182.0	-0.016955376292151398
183.0	-0.01782009586060695
184.0	-0.01786940193246985
185.0	-0.017284895650327987
186.0	-0.01934227749776877
187.0	-0.020894988766636445
188.0	-0.019194215950575844
189.0	-0.02081973967440387
190.0	-0.019323787720820162
191.0	-0.022279285400507234
192.0	-0.0194102166781845
193.0	-0.020985287677315535
194.0	-0.021260627689084603
195.0	-0.022644494328142736
196.0	-0.021801131168720844
197.0	-0.020860159186803014
198.0	-0.023219827387612406
199.0	-0.02076427034355804
200.0	-0.02551857965661431
201.0	-0.02363075909700433
202.0	-0.020990590946672813
203.0	-0.022550468795753113
204.0	-0.02262657787761117
205.0	-0.0219150797941016
206.0	-0.02420050222390812
207.0	-0.022246175799924935
208.0	-0.02168761253815291
209.0	-0.023286046588777008
210.0	-0.019914027267132126
211.0	-0.023681211821701152
212.0	-0.01976309908785415
213.0	-0.021776621464393697
214.0	-0.020291706044337533
215.0	-0.017566112257871542
216.0	-0.02121246827005579
217.0	-0.019701896492838388
218.0	-0.018393852272429876
219.0	-0.017442703746609983
220.0	-0.020516020004992735
221.0	-0.020416691203245668
222.0	-0.017626024868448997
223.0	-0.018845920152242207
224.0	-0.023468794384198976
225.0	-0.018032513298109128
226.0	-0.017732520250408692
227.0	-0.01694462642183246
228.0	-0.01984680474473766
229.0	-0.01852471402711233
230.0	-0.01571971453189041
231.0	-0.017283892329098285
232.0	-0.018811807230430206
233.0	-0.0162083319707873
234.0	-0.015564629736089243
235.0	-0.014248272282634016
236.0	-0.017013712255082275
237.0	-0.016914670116543813
238.0	-0.016748548787215104
239.0	-0.015342895744310487
240.0	-0.01532397597254922
241.0	-0.01519082091219859
242.0	-0.016566947644627055
243.0	-0.014572918366265987
244.0	-0.01592482205757574
245.0	-0.01887587645753102
246.0	-0.015166741202684266
247.0	-0.013748618310209747
248.0	-0.013846370464309901
249.0	-0.01755177909744629
250.0	-0.01595363171003063
251.0	-0.016325863886274373
252.0	-0.018586489948545136
253.0	-0.01473688972153091
254.0	-0.01736903130202432
255.0	-0.01565937192650013
256.0	-0.017190870117938364
257.0	-0.01606055708680298
258.0	-0.01878830084733276
259.0	-0.018514394151606217
260.0	-0.018846206815450812
261.0	-0.019499082272821065
262.0	-0.015590859419667355
263.0	-0.0183034100301464
264.0	-0.019799935310147152
265.0	-0.01785277546637659
266.0	-0.018935789068108642
267.0	-0.018285206916406394
268.0	-0.02217866661432203
269.0	-0.020762407032702858
270.0	-0.021760424993113092
271.0	-0.021557037446678726
272.0	-0.02377165406398463
273.0	-0.023294073158615116
274.0	-0.022040781611031
275.0	-0.025735583705452668
276.0	-0.02142832566606006
277.0	-0.02300067336471026
278.0	-0.022635321105470542
279.0	-0.022657824167338123
280.0	-0.02436934685371766
281.0	-0.02365326215887191
282.0	-0.021498701483748016
283.0	-0.02375316428703602
284.0	-0.02469442293216229
285.0	-0.02347438431676486
286.0	-0.025644568136752314
287.0	-0.023048259457322032
288.0	-0.024130843064241424
289.0	-0.01958737454104059
290.0	-0.02607269963865454
291.0	-0.024332797294633265
292.0	-0.02561647514231885
293.0	-0.022332604757289275
294.0	-0.026858300161562765
295.0	-0.023436544773242158
296.0	-0.02599386725631565
297.0	-0.026062236431544206
298.0	-0.024417506272746477
299.0	-0.027039041314525166
300.0	-0.027364690719386835
301.0	-0.02221449951538516
302.0	-0.027367987346284713
303.0	-0.02740138361007545
304.0	-0.026887826472038752
305.0	-0.02472423590584688
306.0	-0.029191738678793877
307.0	-0.027133353510123227
308.0	-0.029363449940688305
309.0	-0.029685802718652267
310.0	-0.03106952602610618
311.0	-0.029190448694355574
312.0	-0.027176209659794767
313.0	-0.02939856618373017
314.0	-0.029470231985856434
315.0	-0.028397251596422063
316.0	-0.028824809771907413
317.0	-0.029427662499393503
318.0	-0.03050580282658093
319.0	-0.032089617053571336
320.0	-0.03245597263404076
321.0	-0.030061188190189665
322.0	-0.030554105577214132
323.0	-0.028709857825296788
324.0	-0.02962030017550893
325.0	-0.02956096089134835
326.0	-0.031013913363656134
327.0	-0.03003825513350926
328.0	-0.029851064058355494
329.0	-0.0313156263906077
330.0	-0.033804436366848586
331.0	-0.03252534513049901
332.0	-0.029726652225864236
333.0	-0.030506089489789535
334.0	-0.03055668554609058
335.0	-0.03178002078838588
336.0	-0.03352680304941151
337.0	-0.03282734482065919
338.0	-0.033432920848626105
339.0	-0.03249366884595924
340.0	-0.030409483988523302
341.0	-0.03401699713595515
342.0	-0.03244049282078158
343.0	-0.03508567757726194
344.0	-0.03380185639797197
345.0	-0.03470928878449484
346.0	-0.030050438319870726
347.0	-0.034078199730970905
348.0	-0.03349254679599512
349.0	-0.033858759044860326
350.0	-0.033840555931120155
351.0	-0.03425363761457603
352.0	-0.02989750349813318
353.0	-0.031949438744612466
354.0	-0.033657521472489745
355.0	-0.033849872485396566
356.0	-0.03413925899438245
357.0	-0.03323282992908945
358.0	-0.03246786915719378
359.0	-0.03481248753955666
360.0	-0.03366110476259606
361.0	-0.034323440105846946
362.0	-0.035231302487182474
363.0	-0.0335563293598875
364.0	-0.03678129045556932
365.0	-0.034396109229203074
366.0	-0.035418780225544844
367.0	-0.0313054498467058
368.0	-0.034284310577886105
369.0	-0.03494951255322205
370.0	-0.032326257532192225
371.0	-0.03140176868476344
372.0	-0.03581752874857531
373.0	-0.03579803565039699
374.0	-0.033521786443262674
375.0	-0.03233743739732399
376.0	-0.030597821716511153
377.0	-0.03399248743162783
378.0	-0.03247861902751272
379.0	-0.03301510922222999
380.0	-0.035685377009454546
381.0	-0.03525394888065444
382.0	-0.034979755521719294
383.0	-0.03500555521048475
384.0	-0.03682486326326212
385.0	-0.034822664083458556
386.0	-0.03504597472288389
387.0	-0.033818052869252574
388.0	-0.03798212263599687
389.0	-0.03602550290634569
390.0	-0.03434665982573595
391.0	-0.03312275125702361
392.0	-0.035159493353452
393.0	-0.03411618260609783
394.0	-0.030473409884019895
395.0	-0.0327508057439883
396.0	-0.03380429303524436
397.0	-0.03528892179209192
398.0	-0.03154596027864161
399.0	-0.03188006624815421
400.0	-0.032118283374421845
401.0	-0.033177647261452226
402.0	-0.031307313157561155
403.0	-0.032746649127464944
404.0	-0.03210395021399659
405.0	-0.0321991223992203
406.0	-0.035697990190628665
407.0	-0.03399807736419371
408.0	-0.03467976247401869
409.0	-0.03266323013379004
410.0	-0.03107568928508894
411.0	-0.03221918882381565
412.0	-0.03336455167339755
413.0	-0.03024923925496891
414.0	-0.02877263706795946
415.0	-0.0283955316171711
416.0	-0.03204590091427432
417.0	-0.028760883876410653
418.0	-0.031181324677423152
419.0	-0.029682649423358777
420.0	-0.03298715955940075
421.0	-0.029404729442713096
422.0	-0.02973596878014065
423.0	-0.031147641750423807
424.0	-0.03173272135898255
425.0	-0.029773091665642088
426.0	-0.03532418136673818
427.0	-0.0331924104166903
428.0	-0.031585233138206666
429.0	-0.030571735364537094
430.0	-0.02957271408289699
431.0	-0.03149163760062987
432.0	-0.0301094909408227
433.0	-0.03172584144197853
434.0	-0.02959192051786686
435.0	-0.029949532870476914
436.0	-0.033679307876336065
437.0	-0.030464236661347698
438.0	-0.03024637262288386
439.0	-0.030046281703347368
440.0	-0.03271554616934222
441.0	-0.03259070434203813
442.0	-0.03000055892159078
443.0	-0.030054308273185476
444.0	-0.030210969716633552
445.0	-0.037217448527309654
446.0	-0.030842345433365927
447.0	-0.03287134762316465
448.0	-0.03167983199701333
449.0	-0.028892032294301713
450.0	-0.02876790712501906
451.0	-0.029285334216370678
452.0	-0.029753598567463777
453.0	-0.028280436338956254
454.0	-0.0284776606264077
455.0	-0.03156574004002836
456.0	-0.027292881585656355
457.0	-0.028288749572002968
458.0	-0.028336765659427565
459.0	-0.02868835808465891
460.0	-0.0311841913095082
461.0	-0.027351790875004108
462.0	-0.02551184307121451
463.0	-0.026929965963689028
464.0	-0.030092147816708176
465.0	-0.030053448283559995
466.0	-0.031016493332532747
467.0	-0.03202640781609601
468.0	-0.03389731524640429
469.0	-0.026598869957865694
470.0	-0.028514210185492092
471.0	-0.02589754841825802
472.0	-0.0271799362815053
473.0	-0.030791892708668937
474.0	-0.029109466337952895
475.0	-0.028651951857178733
476.0	-0.02737300395243355
477.0	-0.028102705149683122
478.0	-0.03006548813831724
479.0	-0.025564875764787942
480.0	-0.028190997417902645
481.0	-0.026873206648404892
482.0	-0.028773497057584942
483.0	-0.02630647348519054
484.0	-0.03169746178433646
485.0	-0.028485687196245803
486.0	-0.03032119172030378
487.0	-0.030659167643131133
488.0	-0.03384413922122647
489.0	-0.02869968128139489
490.0	-0.02947367194435853
491.0	-0.02671826518420795
492.0	-0.02701625158944898
493.0	-0.02752866207465176
494.0	-0.027566071623361634
495.0	-0.027325991186238654
496.0	-0.02619797146077128
497.0	-0.028017136181944433
498.0	-0.029644093221814816
499.0	-0.027260918637907975
500.0	-0.02920406519675956
501.0	-0.029560817559744133
502.0	-0.03224197854889184
503.0	-0.02808865865246631
504.0	-0.029332920308982616
505.0	-0.029347683464220526
506.0	-0.03139617875219772
507.0	-0.03060785492880883
508.0	-0.029998695610735596
509.0	-0.02884745616537921
510.0	-0.028391231669043525
511.0	-0.02902848398155022
512.0	-0.026686302236459736
513.0	-0.029323317091497596
514.0	-0.02952039804734482
515.0	-0.028032472663599386
516.0	-0.029901946777865143
517.0	-0.028306522690930147
518.0	-0.03246170589821086
519.0	-0.029253657931830903
520.0	-0.02928820084845573
521.0	-0.028397968254443327
522.0	-0.030501502878453355
523.0	-0.03137238570589167
524.0	-0.033518489816364794
525.0	-0.034475371606354624
526.0	-0.03372073070996508
527.0	-0.03510388069100195
528.0	-0.03439782920845404
529.0	-0.02927243437198795
530.0	-0.03215755623398707
531.0	-0.03256791461696212
532.0	-0.03225129510316825
533.0	-0.030948697483721234
534.0	-0.03127176691970646
535.0	-0.030830735573421506
536.0	-0.03328600595426727
537.0	-0.03502877493037359
538.0	-0.03208273713656731
539.0	-0.03358399235950813
540.0	-0.032220048813441135
541.0	-0.03288195416187936
542.0	-0.035666743900901715
543.0	-0.03847131340131081
544.0	-0.03692146876452819
545.0	-0.03837786119533823
546.0	-0.034049390078516185
547.0	-0.03589363783043336
548.0	-0.03467431587305719
549.0	-0.033558479333951285
550.0	-0.027146826680922997
551.0	-0.03171308492920002
552.0	-0.03363229511014133
553.0	-0.03100947008392434
554.0	-0.02971762233479626
555.0	-0.029170525601364437
556.0	-0.026447798446983497
557.0	-0.02807131552835179
558.0	-0.027127476914348907
559.0	-0.028755867270261814
560.0	-0.028447847652723273
561.0	-0.02988202368487401
562.0	-0.02909154988742133
563.0	-0.02745498963006593
564.0	-0.028360558705733452
565.0	-0.030468106614662618
566.0	-0.02834808885616338
567.0	-0.03030585523864866
568.0	-0.027076164200026603
569.0	-0.024201075550325163
570.0	-0.025003015876118043
571.0	-0.02392215224844978
572.0	-0.021981585658474807
573.0	-0.02433838722719898
574.0	-0.020925088403529475
575.0	-0.024169112602576783
576.0	-0.023212517475795395
577.0	-0.024308574253514556
578.0	-0.02412639978450963
579.0	-0.022436950165185012
580.0	-0.021953062669228522
581.0	-0.01967667013048998
582.0	-0.02790075091929128
583.0	-0.023549490077393216
584.0	-0.024618170518700012
585.0	-0.023308836313853193
586.0	-0.022907077827133297
587.0	-0.022377324217815995
588.0	-0.023334349339410042
589.0	-0.020417837856079753
590.0	-0.021122312690980916
591.0	-0.01934213416616455
592.0	-0.02043847760709215
593.0	-0.01966807023423483
594.0	-0.020566616061293775
595.0	-0.02024254330407885
596.0	-0.018627339455757105
597.0	-0.02096264128384357
598.0	-0.02187064699678332
599.0	-0.01897033198473347
600.0	-0.019626790732210034
601.0	-0.018001267008382175
602.0	-0.020251143200334002
603.0	-0.02029973261417564
604.0	-0.016453572345663338
605.0	-0.020330405577485715
606.0	-0.017536012620978512
607.0	-0.019072097423752758
608.0	-0.018271017087585363
609.0	-0.016088506749632223
610.0	-0.017583742045194504
611.0	-0.016829961138430438
612.0	-0.018688828713981472
613.0	-0.01826055388047503
614.0	-0.017071904886408768
615.0	-0.01830727998346132
616.0	-0.019232055494098545
617.0	-0.018337809615167004
618.0	-0.016511478313781393
619.0	-0.015591862740897224
620.0	-0.01696755947851286
621.0	-0.017610115060377
622.0	-0.018607989689183015
623.0	-0.018705455180074732
624.0	-0.01836747925724738
625.0	-0.01662069699622175
626.0	-0.020832926181995035
627.0	-0.01963696727611193
628.0	-0.016029454128680082
629.0	-0.01626867457617758
630.0	-0.013021783745045224
631.0	-0.01143696619682495
632.0	-0.012593938906351436
633.0	-0.01562439901506248
634.0	-0.014750936218747557
635.0	-0.015153698026697153
636.0	-0.014928094081603812
637.0	-0.016975586048351136
638.0	-0.01365100948771381
639.0	-0.011511641962640482
640.0	-0.015095362063766443
641.0	-0.013155368800208511
642.0	-0.015628555631585838
643.0	-0.017695110701698814
644.0	-0.01646718884806733
645.0	-0.015102528643979068
646.0	-0.016402546294549476
647.0	-0.018851940079620915
648.0	-0.013596830141306289
649.0	-0.012429537556273688
650.0	-0.013468691687104498
651.0	-0.012497906731502244
652.0	-0.012375788204678991
653.0	-0.010627142632798181
654.0	-0.01372195863181881
655.0	-0.00782400644843161
656.0	-0.01416141333045702
657.0	-0.011835714719855575
658.0	-0.01285193579400598
659.0	-0.01122583874376108
660.0	-0.011880147517173858
661.0	-0.012778263349420149
662.0	-0.014009625161553562
663.0	-0.011221538795633505
664.0	-0.014812568808576143
665.0	-0.014334414576789752
666.0	-0.012729387272370071
667.0	-0.014021808347915027
668.0	-0.010876539624197575
669.0	-0.010229110767788985
670.0	-0.013438735381815687
671.0	-0.009005488862285076
672.0	-0.004729477112619585
673.0	-0.008245688028142472
674.0	-0.008186635407190498
675.0	-0.007786883562930171
676.0	-0.006115637057345725
677.0	-0.007942111690335723
678.0	-0.007029376034455574
679.0	-0.005508914376544718
680.0	-0.007703321237650882
681.0	-0.009880098311434085
682.0	-0.009115137539538257
683.0	-0.007664908367711306
684.0	-0.009576951968439995
685.0	-0.004874242032914635
686.0	-0.0104843843549627
687.0	-0.0025840896601677177
688.0	-0.00783647629800151
689.0	-0.005554637158301307
690.0	-0.005406718942712768
691.0	-0.005569543645143603
692.0	-0.004640324854774414
693.0	-0.0043225586881466315
694.0	-0.005413885522925393
695.0	-0.003737909074400547
696.0	-0.0049209681359009255
697.0	-0.005813780698789939
698.0	-0.00604311126559398
699.0	-0.0032481449826697348
700.0	-0.006161789833914971
701.0	-0.005924719360481428
702.0	-0.006449886358462547
703.0	-0.007308156004726736
704.0	-0.007113368354547521
705.0	-0.004294752356921608
706.0	-0.004433640681442339
707.0	-0.002453084573880876
708.0	-0.0043075088697001164
709.0	-0.002996884680414991
710.0	-0.004901905032535273
711.0	-0.0021366083916914
712.0	-0.004263506067194658
713.0	-0.006462929534449661
714.0	-0.0049510677727939555
715.0	0.0006788543106410235
716.0	-0.004580268912592739
717.0	0.0022033292534708506
718.0	-0.0002859107175826917
719.0	-0.00368888966574625
720.0	-0.005734661653242446
721.0	-0.0032729413502053215
722.0	-0.0055145043091106
723.0	-0.0018854914210408753
724.0	-0.0037681520428977967
725.0	-0.003930690082120194
726.0	-0.0001530423204406674
727.0	-0.004595892057456131
728.0	-0.0033470437896039773
729.0	0.0007601233302521387
730.0	-0.0019375207933846087
731.0	-0.0014929061569933417
732.0	-0.0048561822507788505
733.0	-0.005183694966495871
734.0	-0.005497017853391859
735.0	-0.0034824921556226135
736.0	-0.005247764193596683
737.0	-0.00240205852276701
738.0	-0.000673622707085773
739.0	-0.007892232292055778
740.0	-0.007976367943751943
741.0	-0.003466582347550617
742.0	-0.004831242551638878
743.0	-0.0029143256763655696
744.0	-0.004279989201683698
745.0	-0.003854151005449312
746.0	-0.001404040562356776
747.0	-0.0024601078224892833
748.0	-0.005763327974092951
749.0	-0.00520634135996767
750.0	-0.005925722681711129
751.0	-0.0070535990755742845
752.0	-0.0033635269240930177
753.0	-0.0056093898311258715
754.0	-0.005575133577709485
755.0	-0.007181880861380295
756.0	-0.006784135659579537
757.0	-0.007478003955765979
758.0	-0.008605020360003653
759.0	-0.013081983018831284
760.0	-0.01178397201072028
761.0	-0.010264943668852116
762.0	-0.006322894557094843
763.0	-0.007888935665157902
764.0	-0.007818273184261508
765.0	-0.0087883414818425
766.0	-0.004895025115531252
767.0	-0.008444058968428
768.0	-0.009289428770309461
769.0	-0.011202045697455027
770.0	-0.011371033658868789
771.0	-0.010774774185178283
772.0	-0.010465464583201432
773.0	-0.010351659289424895
774.0	-0.011275861473645078
775.0	-0.010766030957318913
776.0	-0.009352638007784792
777.0	-0.010339762766271868
778.0	-0.011992089500095048
779.0	-0.011831271440123614
780.0	-0.013334963300336991
781.0	-0.009751386530815252
782.0	-0.011989079536405777
783.0	-0.009099944389487523
784.0	-0.012242776475932748
785.0	-0.007787170226138609
786.0	-0.010109285546633907
787.0	-0.009734616733117773
788.0	-0.012558106005288304
789.0	-0.01084801663495129
790.0	-0.009536962450853507
791.0	-0.012739133821459143
792.0	-0.01196270652122328
793.0	-0.012046698841315226
794.0	-0.0104948475620732
795.0	-0.011496878807402572
796.0	-0.010717728206685878
797.0	-0.008984992442877064
798.0	-0.015155991332365327
799.0	-0.0096718374904551
800.0	-0.012652274869282146
801.0	-0.009861608534485476
802.0	-0.012787436572092345
803.0	-0.011035207710105221
804.0	-0.011097270294746464
805.0	-0.014311768183317952
806.0	-0.012164230756802298
807.0	-0.010070729345089945
808.0	-0.011319720944546485
809.0	-0.013800361019344875
810.0	-0.013795774408008861
811.0	-0.012297672480361364
812.0	-0.013181741815391008
813.0	-0.010380325610275399
814.0	-0.011366303715928555
815.0	-0.0131301424378601
816.0	-0.011118340040571686
817.0	-0.010332166191246585
818.0	-0.01039666541316022
819.0	-0.012507079954174272
820.0	-0.01306306324706985
821.0	-0.014270918676105982
822.0	-0.011591047671396414
823.0	-0.012280042693038404
824.0	-0.011887170765782098
825.0	-0.013860273629922497
826.0	-0.01075929437191911
827.0	-0.01197617969202305
828.0	-0.012301685765280502
829.0	-0.01488566792674493
830.0	-0.011603947515779141
831.0	-0.010772624211114495
832.0	-0.012957427854735807
833.0	-0.013334963300336991
834.0	-0.015612215828701015
835.0	-0.011175672682272696
836.0	-0.012770236779582042
837.0	-0.01679355491095043
838.0	-0.015234107056682954
839.0	-0.012071065214038156
840.0	-0.01271505411194482
841.0	-0.013554977312864619
842.0	-0.010868083059546643
843.0	-0.013044430138517022
844.0	-0.01503129283666563
845.0	-0.01215319422327492
846.0	-0.013662189352845407
847.0	-0.012074935167352908
848.0	-0.015010509754049014
849.0	-0.014736316395113866
850.0	-0.01429069843749273
851.0	-0.012119941291088234
852.0	-0.013317620176222303
853.0	-0.014020948358289546
854.0	-0.011135683164686208
855.0	-0.012341101956449947
856.0	-0.014957907055288237
857.0	-0.015179784378671212
858.0	-0.013284797238848609
859.0	-0.01201530921998389
860.0	-0.014094334139666771
861.0	-0.012697854319434517
862.0	-0.015287713076673265
863.0	-0.015167171197496923
864.0	-0.015287426413464826
865.0	-0.015248870211920864
866.0	-0.014695180224693459
867.0	-0.014468142963557425
868.0	-0.016501301769879496
869.0	-0.012028639059179442
870.0	-0.01289278530121795
871.0	-0.012923744927736463
872.0	-0.014520888993922253
873.0	-0.015163014580973567
874.0	-0.010518640608379086
875.0	-0.01522579382363624
876.0	-0.015601035963569418
877.0	-0.014125580429393889
878.0	-0.014799525632589195
879.0	-0.01876895108075867
880.0	-0.014321371400802805
881.0	-0.017436397156023006
882.0	-0.01379405442875773
883.0	-0.012282192667102192
884.0	-0.01526191338790781
885.0	-0.017420487347950844
886.0	-0.015845273017215587
887.0	-0.01612032636577622
888.0	-0.01399213870583482
889.0	-0.0164097128747621
890.0	-0.018152195187659984
891.0	-0.017605528449040987
892.0	-0.012524709741497398
893.0	-0.016282577741790177
894.0	-0.015202430772143012
895.0	-0.014432883388911336
896.0	-0.015414704878041136
897.0	-0.01547949076316321
898.0	-0.017865245315946496
899.0	-0.01528326979694147
900.0	-0.014338141198500284
901.0	-0.016680466275195153
902.0	-0.015392345147777608
903.0	-0.016814337993567047
904.0	-0.01368239910904498
905.0	-0.020972387832932808
906.0	-0.016129212925239975
907.0	-0.017924584600107075
908.0	-0.015411264919539041
909.0	-0.015244140268980631
910.0	-0.01891142269538571
911.0	-0.015414418214832531
912.0	-0.014755809493292176
913.0	-0.018243210756360338
914.0	-0.018296243449933774
915.0	-0.01329913039927386
916.0	-0.01868796872435599
917.0	-0.017245622790762763
918.0	-0.018282196952717124
919.0	-0.016705692637543564
920.0	-0.018159075104664173
921.0	-0.018785004220434883
922.0	-0.019453646154272915
923.0	-0.01917214288352109
924.0	-0.017963570796463695
925.0	-0.018254390621492103
926.0	-0.018368769241685685
927.0	-0.019381980352146652
928.0	-0.016673729689795184
929.0	-0.01964184055065655
930.0	-0.01598014805681735
931.0	-0.02030947916326488
932.0	-0.01964284387188625
933.0	-0.017712023831000512
934.0	-0.02053594309798387
935.0	-0.02068744460367872
936.0	-0.022040208284614123
937.0	-0.019129860060266596
938.0	-0.020960491309779783
939.0	-0.020893268787385313
940.0	-0.019561861515483572
941.0	-0.017764339866552684
942.0	-0.01691194681606298
943.0	-0.018088125960559174
944.0	-0.021153702312312252
945.0	-0.019858987931099123
946.0	-0.020680994681487357
947.0	-0.01829251682822324
948.0	-0.023203057589914762
949.0	-0.02251492255789842
950.0	-0.01953161854698632
951.0	-0.01903053125851953
952.0	-0.021271090896194937
953.0	-0.021299327222232784
954.0	-0.01970390313529796
955.0	-0.021111706152266197
956.0	-0.021591007036886673
957.0	-0.019350734062419703
958.0	-0.02017947739820774
959.0	-0.019892814189702686
960.0	-0.021046920267144123
961.0	-0.021587567078384582
962.0	-0.01734265828684182
963.0	-0.022657967498942506
964.0	-0.02295237061407706
965.0	-0.024354440366875365
966.0	-0.023812933566009258
967.0	-0.023547770098142084
968.0	-0.022808035688594835
969.0	-0.02407394041735307
970.0	-0.024572734400151862
971.0	-0.02162526329030306
972.0	-0.023576866413805415
973.0	-0.024089993557029454
974.0	-0.01986615451131175
975.0	-0.026658065910421885
976.0	-0.022375460906960645
977.0	-0.02414302625060289
978.0	-0.023077355772985364
979.0	-0.021573377249563548
980.0	-0.023072912493253567
981.0	-0.023537020227823145
982.0	-0.023010276582195115
983.0	-0.023346532525771506
984.0	-0.02338967533865165
985.0	-0.019787322128972863
986.0	-0.021716422190607633
987.0	-0.024204515508827257
988.0	-0.021495548188454526
989.0	-0.02598684400770741
990.0	-0.025085574880167463
991.0	-0.02302446641101615
992.0	-0.024833167925078798
993.0	-0.0238993625233736
994.0	-0.025248829577411123
995.0	-0.021284707398598928
996.0	-0.024752758895093166
997.0	-0.022345074606859177
998.0	-0.024311297553995387
999.0	-0.02261611467050067
1000.0	-0.025148640786038574
1001.0	-0.028823806450677544
1002.0	-0.02341819832789777
1003.0	-0.025077118315516532
1004.0	-0.024460505754022234
1005.0	-0.024652283440512013
1006.0	-0.02613246891762794
1007.0	-0.026554437160547412
1008.0	-0.026588550082359413
1009.0	-0.024416789614725213
1010.0	-0.023829846695311123
1011.0	-0.02481482147973441
1012.0	-0.024906553706456027
1013.0	-0.023347535847001374
1014.0	-0.02597337083690764
1015.0	-0.025885938558313597
1016.0	-0.025375821378778828
1017.0	-0.025352601658889987
1018.0	-0.022563225308531453
1019.0	-0.023835723291085444
1020.0	-0.023813076897613476
1021.0	-0.024867567510099407
1022.0	-0.023402718514638595
1023.0	-0.025231916448109258
1024.0	-0.02789401433389148
1025.0	-0.023112328684423013
1026.0	-0.023520393761729885
1027.0	-0.023639215661655263
1028.0	-0.025614898494672106
1029.0	-0.025722827192674158
1030.0	-0.026745928183828753
1031.0	-0.021332723486023525
1032.0	-0.026070263001382314
1033.0	-0.02482800798732574
1034.0	-0.02287468488457226
1035.0	-0.0216907658334464
1036.0	-0.02510936792647335
1037.0	-0.026500687808952712
1038.0	-0.0217286053769691
1039.0	-0.025922344785793774
1040.0	-0.027295174891324363
1041.0	-0.022871101594465947
1042.0	-0.023306829671393622
1043.0	-0.023709018152926177
1044.0	-0.025363351529208926
1045.0	-0.022570248557139863
1046.0	-0.02544562387004974
1047.0	-0.025255709494415145
1048.0	-0.025335688529588122
1049.0	-0.021270230906569456
1050.0	-0.023141425000086174
1051.0	-0.024824138034010824
1052.0	-0.02104233365580794
1053.0	-0.02140954922590301
1054.0	-0.024273601342076907
1055.0	-0.023992671397741958
1056.0	-0.0239770482528784
1057.0	-0.02038988819325051
1058.0	-0.024703596154834483
1059.0	-0.02273364658598774
1060.0	-0.024333370621050142
1061.0	-0.023808346954673244
1062.0	-0.023380788779187894
1063.0	-0.023536876896218927
1064.0	-0.01917343286795923
1065.0	-0.02644765511537928
1066.0	-0.02150099478941602
1067.0	-0.021213614922889708
1068.0	-0.020663938220581275
1069.0	-0.024504938551340515
1070.0	-0.022083924423911144
1071.0	-0.025934384640550853
1072.0	-0.021162588871775842
1073.0	-0.023891765948348145
1074.0	-0.022745686440744987
1075.0	-0.02321180081777413
1076.0	-0.023834289975042916
1077.0	-0.022764319549297814
1078.0	-0.02223585592441882
1079.0	-0.022218799463512736
1080.0	-0.022683623856103577
1081.0	-0.02181403101310357
1082.0	-0.022917684365848016
1083.0	-0.02386596625958269
1084.0	-0.02396357508207863
1085.0	-0.024641820233401678
1086.0	-0.0180962958620015
1087.0	-0.023779250639009913
1088.0	-0.022466046480848344
1089.0	-0.02282781544998175
1090.0	-0.020541246367341146
1091.0	-0.022206472945547052
1092.0	-0.02218712317897296
1093.0	-0.02269767035332039
1094.0	-0.018761354505733217
1095.0	-0.023482697549811405
1096.0	-0.02113191590846577
1097.0	-0.02349301742531769
1098.0	-0.021714558879752283
1099.0	-0.018656149108212
1100.0	-0.022709996871286074
1101.0	-0.020363371846463793
1102.0	-0.021351356594576352
1103.0	-0.02244583672464877
1104.0	-0.020540386377715665
1105.0	-0.02275113304170665
1106.0	-0.020480760430346648
1107.0	-0.02316392806195392
1108.0	-0.021288720683518066
1109.0	-0.023835149964668397
1110.0	-0.022617547986543196
1111.0	-0.02133989006623615
1112.0	-0.022790835896084532
1113.0	-0.022217366147470212
1114.0	-0.024277041300579002
1115.0	-0.020845539363169324
1116.0	-0.020708227686295336
1117.0	-0.021400662666439255
1118.0	-0.020476173819010464
1119.0	-0.020055208897320865
1120.0	-0.023708158163300696
1121.0	-0.02070091777447849
1122.0	-0.022233132623937987
1123.0	-0.022560215344842184
1124.0	-0.021531954415934536
1125.0	-0.019130720049892077
1126.0	-0.01994871351536117
1127.0	-0.02182506754663095
1128.0	-0.02198344896932999
1129.0	-0.02155073085609175
1130.0	-0.022109867444280815
1131.0	-0.01970590977775736
1132.0	-0.022843868589657965
1133.0	-0.019328374332156343
1134.0	-0.024126973110926507
1135.0	-0.019726979523582582
1136.0	-0.021497841494122535
1137.0	-0.018759777858086475
1138.0	-0.01937839706204034
1139.0	-0.021764294946428012
1140.0	-0.01983333157393789
1141.0	-0.020879365621772887
1142.0	-0.017232722946380036
1143.0	-0.017821672508253696
1144.0	-0.01776462652976129
1145.0	-0.021273097538654508
1146.0	-0.017570842200811777
1147.0	-0.018777120982200995
1148.0	-0.01908542726294831
1149.0	-0.018194191347706043
1150.0	-0.017259525956375355
1151.0	-0.018511097524708343
1152.0	-0.01686364406542978
1153.0	-0.019363203911989604
1154.0	-0.01636413342460973
1155.0	-0.015221780538717103
1156.0	-0.020618072107220466
1157.0	-0.018499917659576745
1158.0	-0.02102857382179973
1159.0	-0.018260983875287684
1160.0	-0.018236617502564757
1161.0	-0.01975464252320322
1162.0	-0.0208461126895862
1163.0	-0.022150143625075742
1164.0	-0.017382934467636748
1165.0	-0.016625856933974975
1166.0	-0.019140466598981148
1167.0	-0.016913523463709727
1168.0	-0.0192966980476164
1169.0	-0.01607618023166654
1170.0	-0.017512362906276845
1171.0	-0.01744858034238447
1172.0	-0.02020929037189233
1173.0	-0.021095509680985593
1174.0	-0.020657774961598516
1175.0	-0.02021000702991359
1176.0	-0.019409643351767456
1177.0	-0.021255037756518724
1178.0	-0.01683282777051549
1179.0	-0.019856121299014075
1180.0	-0.01903597785948119
1181.0	-0.020180767382646046
1182.0	-0.018806360629468544
1183.0	-0.0178493355078745
1184.0	-0.020214736972853826
1185.0	-0.019476579210953318
1186.0	-0.018762787821775744
1187.0	-0.021166315493486375
1188.0	-0.017237596220924654
1189.0	-0.019798071999291803
1190.0	-0.015227943797700028
1191.0	-0.017903801517490457
1192.0	-0.019236068779017682
1193.0	-0.0183128699160272
1194.0	-0.01707864147180857
1195.0	-0.01654401458794665
1196.0	-0.014543678718998438
1197.0	-0.014591408143214597
1198.0	-0.018695278636172836
1199.0	-0.017907241475992552
1200.0	-0.019796352020040837
1201.0	-0.015628555631585838
1202.0	-0.02001894600144491
1203.0	-0.016505745049611293
1204.0	-0.0178881783726269
1205.0	-0.017639641370852988
1206.0	-0.02130907377132186
1207.0	-0.01540366834451359
1208.0	-0.019622490784082458
1209.0	-0.018500347654389404
1210.0	-0.019484749112395814
1211.0	-0.019376247087976552
1212.0	-0.020149234429710488
1213.0	-0.019294978068365436
1214.0	-0.01754317920119114
1215.0	-0.019822868366827555
1216.0	-0.020642295148339176
1217.0	-0.02001407272690029
1218.0	-0.018680945475747585
1219.0	-0.018567140181971045
1220.0	-0.019011181491945438
1221.0	-0.022262515602809757
1222.0	-0.020636418552564855
1223.0	-0.02005592555534213
1224.0	-0.019671223529528315
1225.0	-0.01958751787264481
1226.0	-0.02031650241187312
1227.0	-0.017685220821005355
1228.0	-0.0205565828489961
1229.0	-0.01612376632427831
1230.0	-0.020128881341906695
1231.0	-0.018300973392874172
1232.0	-0.017970307381863664
1233.0	-0.019281218234357227
1234.0	-0.020006476151875008
1235.0	-0.01929870469007597
1236.0	-0.016631016871728032
1237.0	-0.018108049053550308
1238.0	-0.017205346609967836
1239.0	-0.021976569052325968
1240.0	-0.020115551502711146
1241.0	-0.022203606313462
1242.0	-0.018986098461201244
1243.0	-0.01839084230874044
1244.0	-0.022505892666830445
1245.0	-0.01695594961856844
1246.0	-0.016648503327446773
1247.0	-0.01995373012151001
1248.0	-0.020930391672886753
1249.0	-0.017950814283685185
1250.0	-0.016597047281520085
1251.0	-0.01910434703470958
1252.0	-0.020282676153269556
1253.0	-0.021543277612670518
1254.0	-0.02026948964567839
1255.0	-0.0177246370121748
1256.0	-0.020893125455781095
1257.0	-0.017590191967385867
1258.0	-0.019484605780791593
1259.0	-0.019461242729298365
1260.0	-0.021189821876583824
1261.0	-0.019043144439693818
1262.0	-0.017976470640846422
1263.0	-0.019826451656933867
1264.0	-0.018503644281287278
1265.0	-0.019316191145794876
1266.0	-0.018772247707656543
1267.0	-0.0173425149552376
1268.0	-0.020433174337734707
1269.0	-0.020662504904538748
1270.0	-0.02003528580432973
1271.0	-0.021462151924663622
1272.0	-0.01965932700637529
1273.0	-0.020038009104810562
1274.0	-0.0188710031829864
1275.0	-0.020009772778772715
1276.0	-0.022133660490586703
1277.0	-0.020209863698309374
1278.0	-0.019518575370999377
1279.0	-0.019048161045842654
