0.000000	26.541517
1.000000	26.564979
2.000000	26.588809
3.000000	26.519892
4.000000	26.506066
5.000000	26.461062
6.000000	26.493728
7.000000	26.482844
8.000000	26.487768
9.000000	26.433966
10.000000	26.509997
11.000000	26.423191
12.000000	26.489661
13.000000	26.417921
14.000000	26.428582
15.000000	26.397457
16.000000	26.437365
17.000000	26.389258
18.000000	26.420846
19.000000	26.401979
20.000000	26.402582
21.000000	26.440575
22.000000	26.454211
23.000000	26.439448
24.000000	26.391227
25.000000	26.413752
26.000000	26.455299
27.000000	26.476060
28.000000	26.524099
29.000000	26.517437
30.000000	26.454302
31.000000	26.488094
32.000000	26.536600
33.000000	26.525545
34.000000	26.531543
35.000000	26.603708
36.000000	26.529942
37.000000	26.627322
38.000000	26.512721
39.000000	26.562024
40.000000	26.509390
41.000000	26.572385
42.000000	26.587807
43.000000	26.591176
44.000000	26.630987
45.000000	26.609038
46.000000	26.558427
47.000000	26.489077
48.000000	26.596313
49.000000	26.664631
50.000000	26.662473
51.000000	26.749040
52.000000	26.570795
53.000000	26.638021
54.000000	26.636188
55.000000	26.556909
56.000000	26.668524
57.000000	26.699031
58.000000	26.633198
59.000000	26.681689
60.000000	26.682566
61.000000	26.652536
62.000000	26.668145
63.000000	26.664096
64.000000	26.741990
65.000000	26.658398
66.000000	26.601610
67.000000	26.713410
68.000000	26.646713
69.000000	26.691030
70.000000	26.660974
71.000000	26.686743
72.000000	26.790887
73.000000	26.677721
74.000000	26.687729
75.000000	26.722512
76.000000	26.683461
77.000000	26.705876
78.000000	26.651565
79.000000	26.712868
80.000000	26.689702
81.000000	26.677603
82.000000	26.715846
83.000000	26.713820
84.000000	26.771170
85.000000	26.708683
86.000000	26.709119
87.000000	26.741342
88.000000	26.741823
89.000000	26.765198
90.000000	26.725874
91.000000	26.650097
92.000000	26.717709
93.000000	26.710690
94.000000	26.708144
95.000000	26.716059
96.000000	26.710246
97.000000	26.699612
98.000000	26.664392
99.000000	26.738128
100.000000	26.738686
101.000000	26.650135
102.000000	26.705068
103.000000	26.749104
104.000000	26.721427
105.000000	26.758456
106.000000	26.768761
107.000000	26.703838
108.000000	26.704153
109.000000	26.769538
110.000000	26.733462
111.000000	26.768821
112.000000	26.706149
113.000000	26.763965
114.000000	26.698804
115.000000	26.760361
116.000000	26.651569
117.000000	26.697563
118.000000	26.708797
119.000000	26.601322
120.000000	26.617871
121.000000	26.703425
122.000000	26.678969
123.000000	26.664726
124.000000	26.635577
125.000000	26.650340
126.000000	26.679102
127.000000	26.634052
128.000000	26.613273
129.000000	26.576756
130.000000	26.557915
131.000000	26.573553
132.000000	26.536240
133.000000	26.541863
134.000000	26.554125
135.000000	26.508134
136.000000	26.505463
137.000000	26.529790
138.000000	26.575337
139.000000	26.513590
140.000000	26.496623
141.000000	26.449828
142.000000	26.406240
143.000000	26.409537
144.000000	26.520290
145.000000	26.409502
146.000000	26.346739
147.000000	26.395085
148.000000	26.434315
149.000000	26.311038
150.000000	26.425801
151.000000	26.388617
152.000000	26.297383
153.000000	26.302285
154.000000	26.337011
155.000000	26.331256
156.000000	26.328535
157.000000	26.313769
158.000000	26.310009
159.000000	26.224357
160.000000	26.262782
161.000000	26.278117
162.000000	26.259956
163.000000	26.264186
164.000000	26.202701
165.000000	26.180783
166.000000	26.245762
167.000000	26.213980
168.000000	26.133472
169.000000	26.151232
170.000000	26.198896
171.000000	26.078225
172.000000	26.245744
173.000000	26.171044
174.000000	26.110511
175.000000	26.145021
176.000000	26.053932
177.000000	26.116457
178.000000	26.070333
179.000000	26.070770
180.000000	26.039257
181.000000	26.066926
182.000000	26.021038
183.000000	25.998149
184.000000	25.996844
185.000000	26.012316
186.000000	25.957857
187.000000	25.916757
188.000000	25.961777
189.000000	25.918749
190.000000	25.958347
191.000000	25.880115
192.000000	25.956059
193.000000	25.914367
194.000000	25.907079
195.000000	25.870448
196.000000	25.892772
197.000000	25.917679
198.000000	25.855219
199.000000	25.920217
200.000000	25.794372
201.000000	25.844342
202.000000	25.914227
203.000000	25.872937
204.000000	25.870923
205.000000	25.889756
206.000000	25.829261
207.000000	25.880992
208.000000	25.895777
209.000000	25.853466
210.000000	25.942723
211.000000	25.843007
212.000000	25.946718
213.000000	25.893421
214.000000	25.932726
215.000000	26.004872
216.000000	25.908354
217.000000	25.948338
218.000000	25.982962
219.000000	26.008139
220.000000	25.926789
221.000000	25.929418
222.000000	26.003286
223.000000	25.970996
224.000000	25.848629
225.000000	25.992527
226.000000	26.000467
227.000000	26.021323
228.000000	25.944503
229.000000	25.979498
230.000000	26.053746
231.000000	26.012343
232.000000	25.971899
233.000000	26.040812
234.000000	26.057851
235.000000	26.092695
236.000000	26.019494
237.000000	26.022116
238.000000	26.026513
239.000000	26.063720
240.000000	26.064221
241.000000	26.067746
242.000000	26.031320
243.000000	26.084102
244.000000	26.048317
245.000000	25.970203
246.000000	26.068383
247.000000	26.105921
248.000000	26.103333
249.000000	26.005252
250.000000	26.047554
251.000000	26.037701
252.000000	25.977863
253.000000	26.079761
254.000000	26.010089
255.000000	26.055343
256.000000	26.014805
257.000000	26.044724
258.000000	25.972521
259.000000	25.979771
260.000000	25.970988
261.000000	25.953707
262.000000	26.057157
263.000000	25.985356
264.000000	25.945743
265.000000	25.997284
266.000000	25.968617
267.000000	25.985838
268.000000	25.882779
269.000000	25.920267
270.000000	25.893849
271.000000	25.899233
272.000000	25.840613
273.000000	25.853254
274.000000	25.886428
275.000000	25.788628
276.000000	25.902640
277.000000	25.861020
278.000000	25.870691
279.000000	25.870095
280.000000	25.824792
281.000000	25.843746
282.000000	25.900777
283.000000	25.841102
284.000000	25.816187
285.000000	25.848481
286.000000	25.791037
287.000000	25.859761
288.000000	25.831105
289.000000	25.951370
290.000000	25.779704
291.000000	25.825759
292.000000	25.791780
293.000000	25.878704
294.000000	25.758909
295.000000	25.849483
296.000000	25.781791
297.000000	25.779981
298.000000	25.823517
299.000000	25.754125
300.000000	25.745505
301.000000	25.881830
302.000000	25.745418
303.000000	25.744534
304.000000	25.758128
305.000000	25.815398
306.000000	25.697144
307.000000	25.751629
308.000000	25.692599
309.000000	25.684066
310.000000	25.647439
311.000000	25.697178
312.000000	25.750494
313.000000	25.691669
314.000000	25.689772
315.000000	25.718174
316.000000	25.706856
317.000000	25.690899
318.000000	25.662361
319.000000	25.620437
320.000000	25.610740
321.000000	25.674130
322.000000	25.661082
323.000000	25.709899
324.000000	25.685800
325.000000	25.687370
326.000000	25.648911
327.000000	25.674737
328.000000	25.679691
329.000000	25.640925
330.000000	25.575046
331.000000	25.608904
332.000000	25.682985
333.000000	25.662353
334.000000	25.661014
335.000000	25.628632
336.000000	25.582395
337.000000	25.600910
338.000000	25.584880
339.000000	25.609742
340.000000	25.664910
341.000000	25.569420
342.000000	25.611150
343.000000	25.541132
344.000000	25.575115
345.000000	25.551095
346.000000	25.674414
347.000000	25.567800
348.000000	25.583302
349.000000	25.573608
350.000000	25.574090
351.000000	25.563156
352.000000	25.678462
353.000000	25.624148
354.000000	25.578935
355.000000	25.573844
356.000000	25.566184
357.000000	25.590177
358.000000	25.610425
359.000000	25.548363
360.000000	25.578840
361.000000	25.561308
362.000000	25.537277
363.000000	25.581614
364.000000	25.496249
365.000000	25.559385
366.000000	25.532315
367.000000	25.641194
368.000000	25.562344
369.000000	25.544736
370.000000	25.614173
371.000000	25.638645
372.000000	25.521760
373.000000	25.522276
374.000000	25.582528
375.000000	25.613878
376.000000	25.659925
377.000000	25.570069
378.000000	25.610141
379.000000	25.595940
380.000000	25.525258
381.000000	25.536678
382.000000	25.543936
383.000000	25.543253
384.000000	25.495096
385.000000	25.548094
386.000000	25.542183
387.000000	25.574686
388.000000	25.464464
389.000000	25.516255
390.000000	25.560694
391.000000	25.593090
392.000000	25.539178
393.000000	25.566794
394.000000	25.663218
395.000000	25.602936
396.000000	25.575050
397.000000	25.535752
398.000000	25.634828
399.000000	25.625984
400.000000	25.619679
401.000000	25.591637
402.000000	25.641145
403.000000	25.603046
404.000000	25.620058
405.000000	25.617539
406.000000	25.524924
407.000000	25.569921
408.000000	25.551877
409.000000	25.605254
410.000000	25.647276
411.000000	25.617008
412.000000	25.586690
413.000000	25.669152
414.000000	25.708237
415.000000	25.718219
416.000000	25.621594
417.000000	25.708548
418.000000	25.644480
419.000000	25.684149
420.000000	25.596680
421.000000	25.691506
422.000000	25.682738
423.000000	25.645371
424.000000	25.629884
425.000000	25.681755
426.000000	25.534819
427.000000	25.591247
428.000000	25.633788
429.000000	25.660615
430.000000	25.687059
431.000000	25.636266
432.000000	25.672851
433.000000	25.630066
434.000000	25.686551
435.000000	25.677085
436.000000	25.578358
437.000000	25.663461
438.000000	25.669228
439.000000	25.674524
440.000000	25.603869
441.000000	25.607174
442.000000	25.675734
443.000000	25.674312
444.000000	25.670165
445.000000	25.484704
446.000000	25.653452
447.000000	25.599745
448.000000	25.631284
449.000000	25.705077
450.000000	25.708362
451.000000	25.694666
452.000000	25.682271
453.000000	25.721266
454.000000	25.716045
455.000000	25.634304
456.000000	25.747406
457.000000	25.721046
458.000000	25.719775
459.000000	25.710468
460.000000	25.644404
461.000000	25.745847
462.000000	25.794550
463.000000	25.757012
464.000000	25.673310
465.000000	25.674334
466.000000	25.648843
467.000000	25.622110
468.000000	25.572588
469.000000	25.765777
470.000000	25.715078
471.000000	25.784340
472.000000	25.750396
473.000000	25.654788
474.000000	25.699321
475.000000	25.711432
476.000000	25.745285
477.000000	25.725970
478.000000	25.674016
479.000000	25.793146
480.000000	25.723633
481.000000	25.758515
482.000000	25.708215
483.000000	25.773516
484.000000	25.630818
485.000000	25.715833
486.000000	25.667247
487.000000	25.658301
488.000000	25.573995
489.000000	25.710168
490.000000	25.689681
491.000000	25.762616
492.000000	25.754729
493.000000	25.741165
494.000000	25.740175
495.000000	25.746530
496.000000	25.776388
497.000000	25.728235
498.000000	25.685170
499.000000	25.748252
500.000000	25.696817
501.000000	25.687374
502.000000	25.616404
503.000000	25.726342
504.000000	25.693407
505.000000	25.693016
506.000000	25.638793
507.000000	25.659659
508.000000	25.675784
509.000000	25.706257
510.000000	25.718333
511.000000	25.701465
512.000000	25.763462
513.000000	25.693661
514.000000	25.688444
515.000000	25.727829
516.000000	25.678345
517.000000	25.720575
518.000000	25.610588
519.000000	25.695505
520.000000	25.694590
521.000000	25.718155
522.000000	25.662474
523.000000	25.639422
524.000000	25.582615
525.000000	25.557287
526.000000	25.577262
527.000000	25.540650
528.000000	25.559339
529.000000	25.695008
530.000000	25.618639
531.000000	25.607777
532.000000	25.616158
533.000000	25.650637
534.000000	25.642086
535.000000	25.653760
536.000000	25.588769
537.000000	25.542638
538.000000	25.620619
539.000000	25.580881
540.000000	25.616985
541.000000	25.599464
542.000000	25.525751
543.000000	25.451515
544.000000	25.492539
545.000000	25.453988
546.000000	25.568562
547.000000	25.519745
548.000000	25.552021
549.000000	25.581557
550.000000	25.751272
551.000000	25.630404
552.000000	25.579603
553.000000	25.649029
554.000000	25.683224
555.000000	25.697705
556.000000	25.769775
557.000000	25.726801
558.000000	25.751784
559.000000	25.708681
560.000000	25.716834
561.000000	25.678872
562.000000	25.699796
563.000000	25.743115
564.000000	25.719145
565.000000	25.663358
566.000000	25.719475
567.000000	25.667653
568.000000	25.753143
569.000000	25.829246
570.000000	25.808019
571.000000	25.836629
572.000000	25.887995
573.000000	25.825611
574.000000	25.915961
575.000000	25.830092
576.000000	25.855413
577.000000	25.826400
578.000000	25.831222
579.000000	25.875942
580.000000	25.888750
581.000000	25.949006
582.000000	25.731316
583.000000	25.846493
584.000000	25.818205
585.000000	25.852863
586.000000	25.863498
587.000000	25.877520
588.000000	25.852188
589.000000	25.929388
590.000000	25.910740
591.000000	25.957861
592.000000	25.928841
593.000000	25.949234
594.000000	25.925449
595.000000	25.934028
596.000000	25.976782
597.000000	25.914967
598.000000	25.890932
599.000000	25.967703
600.000000	25.950326
601.000000	25.993354
602.000000	25.933800
603.000000	25.932514
604.000000	26.034321
605.000000	25.931702
606.000000	26.005669
607.000000	25.965009
608.000000	25.986214
609.000000	26.043984
610.000000	26.004406
611.000000	26.024358
612.000000	25.975154
613.000000	25.986490
614.000000	26.017954
615.000000	25.985254
616.000000	25.960775
617.000000	25.984446
618.000000	26.032788
619.000000	26.057130
620.000000	26.020716
621.000000	26.003707
622.000000	25.977294
623.000000	25.974714
624.000000	25.983660
625.000000	26.029897
626.000000	25.918400
627.000000	25.950057
628.000000	26.045547
629.000000	26.039215
630.000000	26.125160
631.000000	26.167110
632.000000	26.136485
633.000000	26.056269
634.000000	26.079390
635.000000	26.068728
636.000000	26.074700
637.000000	26.020503
638.000000	26.108504
639.000000	26.165133
640.000000	26.070273
641.000000	26.121624
642.000000	26.056159
643.000000	26.001458
644.000000	26.033961
645.000000	26.070083
646.000000	26.035672
647.000000	25.970837
648.000000	26.109939
649.000000	26.140837
650.000000	26.113330
651.000000	26.139027
652.000000	26.142259
653.000000	26.188546
654.000000	26.106626
655.000000	26.262744
656.000000	26.094994
657.000000	26.156555
658.000000	26.129656
659.000000	26.172698
660.000000	26.155379
661.000000	26.131606
662.000000	26.099012
663.000000	26.172812
664.000000	26.077758
665.000000	26.090415
666.000000	26.132900
667.000000	26.098689
668.000000	26.181944
669.000000	26.199082
670.000000	26.114123
671.000000	26.231471
672.000000	26.344656
673.000000	26.251582
674.000000	26.253146
675.000000	26.263727
676.000000	26.307965
677.000000	26.259618
678.000000	26.283778
679.000000	26.324024
680.000000	26.265939
681.000000	26.208320
682.000000	26.228568
683.000000	26.266956
684.000000	26.216344
685.000000	26.340824
686.000000	26.192324
687.000000	26.401444
688.000000	26.262414
689.000000	26.322814
690.000000	26.326729
691.000000	26.322420
692.000000	26.347016
693.000000	26.355427
694.000000	26.326540
695.000000	26.370903
696.000000	26.339587
697.000000	26.315955
698.000000	26.309884
699.000000	26.383867
700.000000	26.306743
701.000000	26.313018
702.000000	26.299117
703.000000	26.276399
704.000000	26.281555
705.000000	26.356163
706.000000	26.352487
707.000000	26.404912
708.000000	26.355825
709.000000	26.390517
710.000000	26.340092
711.000000	26.413289
712.000000	26.356990
713.000000	26.298772
714.000000	26.338791
715.000000	26.487814
716.000000	26.348606
717.000000	26.528166
718.000000	26.462276
719.000000	26.372200
720.000000	26.318049
721.000000	26.383210
722.000000	26.323876
723.000000	26.419936
724.000000	26.370102
725.000000	26.365800
726.000000	26.465793
727.000000	26.348192
728.000000	26.381249
729.000000	26.489965
730.000000	26.418559
731.000000	26.430328
732.000000	26.341302
733.000000	26.332633
734.000000	26.324339
735.000000	26.377663
736.000000	26.330937
737.000000	26.406262
738.000000	26.452014
739.000000	26.260938
740.000000	26.258711
741.000000	26.378085
742.000000	26.341962
743.000000	26.392703
744.000000	26.356554
745.000000	26.367826
746.000000	26.432680
747.000000	26.404726
748.000000	26.317290
749.000000	26.332033
750.000000	26.312992
751.000000	26.283137
752.000000	26.380812
753.000000	26.321365
754.000000	26.322272
755.000000	26.279741
756.000000	26.290269
757.000000	26.271903
758.000000	26.242071
759.000000	26.123566
760.000000	26.157925
761.000000	26.198133
762.000000	26.302478
763.000000	26.261026
764.000000	26.262896
765.000000	26.237218
766.000000	26.340274
767.000000	26.246332
768.000000	26.223955
769.000000	26.173328
770.000000	26.168855
771.000000	26.184638
772.000000	26.192825
773.000000	26.195838
774.000000	26.171374
775.000000	26.184869
776.000000	26.222282
777.000000	26.196153
778.000000	26.152416
779.000000	26.156673
780.000000	26.116870
781.000000	26.211727
782.000000	26.152495
783.000000	26.228970
784.000000	26.145780
785.000000	26.263719
786.000000	26.202253
787.000000	26.212171
788.000000	26.137433
789.000000	26.182699
790.000000	26.217403
791.000000	26.132642
792.000000	26.153194
793.000000	26.150970
794.000000	26.192048
795.000000	26.165524
796.000000	26.186148
797.000000	26.232013
798.000000	26.068668
799.000000	26.213832
800.000000	26.134941
801.000000	26.208809
802.000000	26.131363
803.000000	26.177744
804.000000	26.176101
805.000000	26.091014
806.000000	26.147859
807.000000	26.203274
808.000000	26.170213
809.000000	26.104551
810.000000	26.104673
811.000000	26.144327
812.000000	26.120926
813.000000	26.195079
814.000000	26.168980
815.000000	26.122292
816.000000	26.175544
817.000000	26.196354
818.000000	26.194646
819.000000	26.138784
820.000000	26.124067
821.000000	26.092096
822.000000	26.163031
823.000000	26.144794
824.000000	26.155193
825.000000	26.102965
826.000000	26.185048
827.000000	26.152837
828.000000	26.144221
829.000000	26.075823
830.000000	26.162690
831.000000	26.184695
832.000000	26.126863
833.000000	26.116870
834.000000	26.056592
835.000000	26.174026
836.000000	26.131818
837.000000	26.025322
838.000000	26.066600
839.000000	26.150325
840.000000	26.133279
841.000000	26.111046
842.000000	26.182168
843.000000	26.124560
844.000000	26.071969
845.000000	26.148151
846.000000	26.108208
847.000000	26.150223
848.000000	26.072519
849.000000	26.079777
850.000000	26.091572
851.000000	26.149032
852.000000	26.117329
853.000000	26.098712
854.000000	26.175085
855.000000	26.143177
856.000000	26.073911
857.000000	26.068038
858.000000	26.118198
859.000000	26.151801
860.000000	26.096770
861.000000	26.133734
862.000000	26.065181
863.000000	26.068372
864.000000	26.065189
865.000000	26.066209
866.000000	26.080865
867.000000	26.086875
868.000000	26.033058
869.000000	26.151448
870.000000	26.128574
871.000000	26.127755
872.000000	26.085479
873.000000	26.068482
874.000000	26.191418
875.000000	26.066820
876.000000	26.056888
877.000000	26.095943
878.000000	26.078103
879.000000	25.973033
880.000000	26.090760
881.000000	26.008306
882.000000	26.104718
883.000000	26.144737
884.000000	26.065864
885.000000	26.008727
886.000000	26.050423
887.000000	26.043142
888.000000	26.099475
889.000000	26.035482
890.000000	25.989359
891.000000	26.003829
892.000000	26.138317
893.000000	26.038847
894.000000	26.067439
895.000000	26.087808
896.000000	26.061820
897.000000	26.060105
898.000000	25.996954
899.000000	26.065299
900.000000	26.090316
901.000000	26.028315
902.000000	26.062412
903.000000	26.024772
904.000000	26.107674
905.000000	25.914709
906.000000	26.042907
907.000000	25.995384
908.000000	26.061911
909.000000	26.066334
910.000000	25.969262
911.000000	26.061827
912.000000	26.079261
913.000000	25.986950
914.000000	25.985546
915.000000	26.117819
916.000000	25.975177
917.000000	26.013356
918.000000	25.985918
919.000000	26.027647
920.000000	25.989177
921.000000	25.972608
922.000000	25.954910
923.000000	25.962361
924.000000	25.994352
925.000000	25.986654
926.000000	25.983626
927.000000	25.956807
928.000000	26.028493
929.000000	25.949928
930.000000	26.046852
931.000000	25.932256
932.000000	25.949901
933.000000	26.001010
934.000000	25.926261
935.000000	25.922251
936.000000	25.886444
937.000000	25.963480
938.000000	25.915024
939.000000	25.916803
940.000000	25.952045
941.000000	25.999625
942.000000	26.022188
943.000000	25.991055
944.000000	25.909909
945.000000	25.944180
946.000000	25.922422
947.000000	25.985644
948.000000	25.855663
949.000000	25.873878
950.000000	25.952846
951.000000	25.966109
952.000000	25.906802
953.000000	25.906055
954.000000	25.948285
955.000000	25.911021
956.000000	25.898334
957.000000	25.957634
958.000000	25.935697
959.000000	25.943285
960.000000	25.912736
961.000000	25.898425
962.000000	26.010787
963.000000	25.870092
964.000000	25.862299
965.000000	25.825186
966.000000	25.839520
967.000000	25.846539
968.000000	25.866119
969.000000	25.832611
970.000000	25.819408
971.000000	25.897427
972.000000	25.845769
973.000000	25.832186
974.000000	25.943990
975.000000	25.764210
976.000000	25.877570
977.000000	25.830782
978.000000	25.858990
979.000000	25.898801
980.000000	25.859108
981.000000	25.846823
982.000000	25.860766
983.000000	25.851865
984.000000	25.850723
985.000000	25.946077
986.000000	25.895014
987.000000	25.829155
988.000000	25.900861
989.000000	25.781977
990.000000	25.805833
991.000000	25.860390
992.000000	25.812514
993.000000	25.837232
994.000000	25.801512
995.000000	25.906442
996.000000	25.814643
997.000000	25.878374
998.000000	25.826328
999.000000	25.871199
1000.000000	25.804164
1001.000000	25.706883
1002.000000	25.849968
1003.000000	25.806057
1004.000000	25.822379
1005.000000	25.817302
1006.000000	25.778122
1007.000000	25.766953
1008.000000	25.766050
1009.000000	25.823536
1010.000000	25.839072
1011.000000	25.813000
1012.000000	25.810572
1013.000000	25.851839
1014.000000	25.782333
1015.000000	25.784648
1016.000000	25.798150
1017.000000	25.798765
1018.000000	25.872599
1019.000000	25.838917
1020.000000	25.839516
1021.000000	25.811604
1022.000000	25.850378
1023.000000	25.801960
1024.000000	25.731494
1025.000000	25.858065
1026.000000	25.847263
1027.000000	25.844118
1028.000000	25.791822
1029.000000	25.788965
1030.000000	25.761884
1031.000000	25.905171
1032.000000	25.779769
1033.000000	25.812651
1034.000000	25.864355
1035.000000	25.895693
1036.000000	25.805203
1037.000000	25.768375
1038.000000	25.894692
1039.000000	25.783684
1040.000000	25.747345
1041.000000	25.864450
1042.000000	25.852916
1043.000000	25.842270
1044.000000	25.798481
1045.000000	25.872414
1046.000000	25.796303
1047.000000	25.801330
1048.000000	25.799213
1049.000000	25.906825
1050.000000	25.857295
1051.000000	25.812753
1052.000000	25.912857
1053.000000	25.903137
1054.000000	25.827326
1055.000000	25.834762
1056.000000	25.835176
1057.000000	25.930127
1058.000000	25.815944
1059.000000	25.868088
1060.000000	25.825744
1061.000000	25.839641
1062.000000	25.850959
1063.000000	25.846827
1064.000000	25.962327
1065.000000	25.769779
1066.000000	25.900717
1067.000000	25.908323
1068.000000	25.922873
1069.000000	25.821203
1070.000000	25.885286
1071.000000	25.783365
1072.000000	25.909674
1073.000000	25.837433
1074.000000	25.867770
1075.000000	25.855432
1076.000000	25.838955
1077.000000	25.867277
1078.000000	25.881265
1079.000000	25.881716
1080.000000	25.869413
1081.000000	25.892430
1082.000000	25.863217
1083.000000	25.838116
1084.000000	25.835532
1085.000000	25.817579
1086.000000	25.990838
1087.000000	25.840411
1088.000000	25.875172
1089.000000	25.865596
1090.000000	25.926121
1091.000000	25.882043
1092.000000	25.882555
1093.000000	25.869041
1094.000000	25.973234
1095.000000	25.848261
1096.000000	25.910486
1097.000000	25.847988
1098.000000	25.895064
1099.000000	25.976019
1100.000000	25.868714
1101.000000	25.930829
1102.000000	25.904677
1103.000000	25.875707
1104.000000	25.926144
1105.000000	25.867626
1106.000000	25.927722
1107.000000	25.856699
1108.000000	25.906335
1109.000000	25.838932
1110.000000	25.871162
1111.000000	25.904981
1112.000000	25.866575
1113.000000	25.881754
1114.000000	25.827235
1115.000000	25.918066
1116.000000	25.921701
1117.000000	25.903372
1118.000000	25.927843
1119.000000	25.938986
1120.000000	25.842293
1121.000000	25.921894
1122.000000	25.881337
1123.000000	25.872679
1124.000000	25.899897
1125.000000	25.963457
1126.000000	25.941805
1127.000000	25.892138
1128.000000	25.887946
1129.000000	25.899400
1130.000000	25.884600
1131.000000	25.948232
1132.000000	25.865171
1133.000000	25.958225
1134.000000	25.831207
1135.000000	25.947674
1136.000000	25.900800
1137.000000	25.973276
1138.000000	25.956901
1139.000000	25.893747
1140.000000	25.944859
1141.000000	25.917171
1142.000000	26.013697
1143.000000	25.998108
1144.000000	25.999618
1145.000000	25.906749
1146.000000	26.004747
1147.000000	25.972817
1148.000000	25.964656
1149.000000	25.988247
1150.000000	26.012988
1151.000000	25.979859
1152.000000	26.023466
1153.000000	25.957304
1154.000000	26.036688
1155.000000	26.066926
1156.000000	25.924087
1157.000000	25.980155
1158.000000	25.913221
1159.000000	25.986479
1160.000000	25.987124
1161.000000	25.946942
1162.000000	25.918051
1163.000000	25.883534
1164.000000	26.009721
1165.000000	26.029761
1166.000000	25.963199
1167.000000	26.022146
1168.000000	25.959064
1169.000000	26.044311
1170.000000	26.006295
1171.000000	26.007983
1172.000000	25.934908
1173.000000	25.911450
1174.000000	25.923036
1175.000000	25.934889
1176.000000	25.956074
1177.000000	25.907227
1178.000000	26.024282
1179.000000	25.944256
1180.000000	25.965965
1181.000000	25.935663
1182.000000	25.972043
1183.000000	25.997375
1184.000000	25.934764
1185.000000	25.954302
1186.000000	25.973196
1187.000000	25.909575
1188.000000	26.013568
1189.000000	25.945793
1190.000000	26.066763
1191.000000	25.995934
1192.000000	25.960669
1193.000000	25.985106
1194.000000	26.017776
1195.000000	26.031927
1196.000000	26.084876
1197.000000	26.083612
1198.000000	25.974983
1199.000000	25.995843
1200.000000	25.945838
1201.000000	26.056159
1202.000000	25.939946
1203.000000	26.032940
1204.000000	25.996347
1205.000000	26.002926
1206.000000	25.905797
1207.000000	26.062112
1208.000000	25.950440
1209.000000	25.980143
1210.000000	25.954086
1211.000000	25.956958
1212.000000	25.936497
1213.000000	25.959109
1214.000000	26.005479
1215.000000	25.945136
1216.000000	25.923446
1217.000000	25.940075
1218.000000	25.975363
1219.000000	25.978375
1220.000000	25.966621
1221.000000	25.880559
1222.000000	25.923602
1223.000000	25.938967
1224.000000	25.949150
1225.000000	25.951366
1226.000000	25.932070
1227.000000	26.001719
1228.000000	25.925715
1229.000000	26.043051
1230.000000	25.937036
1231.000000	25.985421
1232.000000	25.994173
1233.000000	25.959474
1234.000000	25.940276
1235.000000	25.959011
1236.000000	26.029624
1237.000000	25.990527
1238.000000	26.014422
1239.000000	25.888128
1240.000000	25.937389
1241.000000	25.882118
1242.000000	25.967285
1243.000000	25.983042
1244.000000	25.874117
1245.000000	26.021023
1246.000000	26.029161
1247.000000	25.941672
1248.000000	25.915820
1249.000000	25.994689
1250.000000	26.030523
1251.000000	25.964155
1252.000000	25.932965
1253.000000	25.899597
1254.000000	25.933314
1255.000000	26.000676
1256.000000	25.916807
1257.000000	26.004235
1258.000000	25.954090
1259.000000	25.954708
1260.000000	25.908953
1261.000000	25.965775
1262.000000	25.994010
1263.000000	25.945041
1264.000000	25.980056
1265.000000	25.958548
1266.000000	25.972946
1267.000000	26.010791
1268.000000	25.928982
1269.000000	25.922911
1270.000000	25.939514
1271.000000	25.901745
1272.000000	25.949465
1273.000000	25.939442
1274.000000	25.970332
1275.000000	25.940189
1276.000000	25.883970
1277.000000	25.934893
1278.000000	25.953191
1279.000000	25.965643



