0.000000	51.325366
1.000000	51.248884
2.000000	51.252404
3.000000	51.318447
4.000000	51.242758
5.000000	51.330534
6.000000	51.319762
7.000000	51.307682
8.000000	51.344026
9.000000	51.310622
10.000000	51.319216
11.000000	51.275008
12.000000	51.248485
13.000000	51.312937
14.000000	51.363368
15.000000	51.327866
16.000000	51.362267
17.000000	51.294151
18.000000	51.293354
19.000000	51.233877
20.000000	51.347271
21.000000	51.345694
22.000000	51.262449
23.000000	51.312461
24.000000	51.223255
25.000000	51.273676
26.000000	51.345365
27.000000	51.200344
28.000000	51.191862
29.000000	51.267086
30.000000	51.210302
31.000000	51.267642
32.000000	51.159052
33.000000	51.168583
34.000000	51.212854
35.000000	51.135934
36.000000	51.091863
37.000000	51.156804
38.000000	51.156731
39.000000	51.169076
40.000000	51.130585
41.000000	51.006776
42.000000	51.097066
43.000000	50.982760
44.000000	51.043837
45.000000	51.018936
46.000000	50.947926
47.000000	50.878219
48.000000	50.987819
49.000000	50.951904
50.000000	50.965219
51.000000	50.935216
52.000000	50.930832
53.000000	50.973410
54.000000	50.936797
55.000000	50.894862
56.000000	50.909204
57.000000	50.959960
58.000000	50.963376
59.000000	51.011611
60.000000	50.962890
61.000000	50.928860
62.000000	50.897201
63.000000	50.937534
64.000000	50.981445
65.000000	51.092132
66.000000	51.016314
67.000000	51.044040
68.000000	51.051043
69.000000	50.973683
70.000000	50.983711
71.000000	50.992354
72.000000	50.982480
73.000000	51.002224
74.000000	50.952453
75.000000	50.978092
76.000000	50.971005
77.000000	51.002668
78.000000	50.975180
79.000000	50.932063
80.000000	50.900903
81.000000	50.899638
82.000000	50.862548
83.000000	50.952946
84.000000	50.917427
85.000000	50.848885
86.000000	50.931594
87.000000	50.816610
88.000000	50.860356
89.000000	50.851266
90.000000	50.722754
91.000000	50.819386
92.000000	50.845392
93.000000	50.752658
94.000000	50.718247
95.000000	50.773623
96.000000	50.689511
97.000000	50.710122
98.000000	50.666243
99.000000	50.643615
100.000000	50.662397
101.000000	50.591208
102.000000	50.584932
103.000000	50.555273
104.000000	50.605557
105.000000	50.507411
106.000000	50.457644
107.000000	50.503013
108.000000	50.533518
109.000000	50.501030
110.000000	50.452854
111.000000	50.452162
112.000000	50.473028
113.000000	50.433956
114.000000	50.387550
115.000000	50.393109
116.000000	50.419566
117.000000	50.354250
118.000000	50.351520
119.000000	50.394881
120.000000	50.452987
121.000000	50.394776
122.000000	50.416094
123.000000	50.374526
124.000000	50.329182
125.000000	50.313497
126.000000	50.400364
127.000000	50.331654
128.000000	50.386256
129.000000	50.301232
130.000000	50.422146
131.000000	50.265506
132.000000	50.324108
133.000000	50.326710
134.000000	50.314798
135.000000	50.286205
136.000000	50.277219
137.000000	50.278376
138.000000	50.158036
139.000000	50.229155
140.000000	50.157305
141.000000	50.184174
142.000000	50.149589
143.000000	50.121856
144.000000	50.152242
145.000000	50.173843
146.000000	50.154518
147.000000	50.069529
148.000000	50.185709
149.000000	50.158711
150.000000	50.071791
151.000000	50.081564
152.000000	50.035629
153.000000	50.049460
154.000000	50.090235
155.000000	50.112492
156.000000	50.045873
157.000000	50.000123
158.000000	50.106290
159.000000	49.943203
160.000000	50.069634
161.000000	50.022951
162.000000	49.945171
163.000000	50.042954
164.000000	49.938794
165.000000	50.072305
166.000000	49.926707
167.000000	50.007588
168.000000	50.001347
169.000000	49.971642
170.000000	49.975013
171.000000	49.980988
172.000000	49.956042
173.000000	49.969202
174.000000	49.991337
175.000000	49.950937
176.000000	50.043817
177.000000	50.044429
178.000000	49.981061
179.000000	49.980292
180.000000	49.965244
181.000000	49.961559
182.000000	49.906359
183.000000	49.951860
184.000000	49.987481
185.000000	49.948573
186.000000	49.957783
187.000000	49.901121
188.000000	49.997830
189.000000	49.944619
190.000000	49.929106
191.000000	49.947469
192.000000	49.968982
193.000000	49.965478
194.000000	49.973960
195.000000	49.932319
196.000000	49.944105
197.000000	49.966828
198.000000	49.935571
199.000000	49.923774
200.000000	49.928438
201.000000	50.018035
202.000000	49.958118
203.000000	50.048883
204.000000	49.953437
205.000000	49.985474
206.000000	50.046174
207.000000	49.923984
208.000000	50.013546
209.000000	50.003281
210.000000	50.056047
211.000000	49.976660
212.000000	49.989148
213.000000	49.965733
214.000000	49.994571
215.000000	50.033461
216.000000	50.006728
217.000000	49.980778
218.000000	50.087347
219.000000	49.987935
220.000000	50.036297
221.000000	50.028045
222.000000	49.963426
223.000000	49.995393
224.000000	50.039276
225.000000	50.019951
226.000000	50.024259
227.000000	50.007078
228.000000	50.004543
229.000000	49.976950
230.000000	49.998704
231.000000	50.009791
232.000000	49.975841
233.000000	49.960041
234.000000	50.019588
235.000000	50.009850
236.000000	50.027944
237.000000	50.038415
238.000000	50.011217
239.000000	49.969884
240.000000	49.956024
241.000000	50.010329
242.000000	49.970817
243.000000	49.980204
244.000000	49.978460
245.000000	49.915868
246.000000	49.943880
247.000000	49.983938
248.000000	49.999755
249.000000	49.923430
250.000000	49.899564
251.000000	49.878519
252.000000	49.831305
253.000000	49.918752
254.000000	49.957855
255.000000	49.835091
256.000000	49.880725
257.000000	49.922216
258.000000	49.767380
259.000000	49.828769
260.000000	49.795214
261.000000	49.737832
262.000000	49.765034
263.000000	49.806584
264.000000	49.812217
265.000000	49.826709
266.000000	49.768725
267.000000	49.816038
268.000000	49.793067
269.000000	49.740206
270.000000	49.769847
271.000000	49.774941
272.000000	49.774669
273.000000	49.789615
274.000000	49.705039
275.000000	49.781846
276.000000	49.697623
277.000000	49.780297
278.000000	49.671376
279.000000	49.834788
280.000000	49.686242
281.000000	49.675808
282.000000	49.633524
283.000000	49.658141
284.000000	49.700321
285.000000	49.629261
286.000000	49.604801
287.000000	49.687982
288.000000	49.570376
289.000000	49.677074
290.000000	49.577808
291.000000	49.571092
292.000000	49.536905
293.000000	49.616177
294.000000	49.573004
295.000000	49.527688
296.000000	49.447475
297.000000	49.559309
298.000000	49.524569
299.000000	49.515024
300.000000	49.462879
301.000000	49.463893
302.000000	49.491192
303.000000	49.576709
304.000000	49.498038
305.000000	49.476965
306.000000	49.469969
307.000000	49.435020
308.000000	49.497838
309.000000	49.554902
310.000000	49.348726
311.000000	49.417373
312.000000	49.500488
313.000000	49.397091
314.000000	49.410443
315.000000	49.418631
316.000000	49.400241
317.000000	49.364218
318.000000	49.398587
319.000000	49.377832
320.000000	49.368731
321.000000	49.327593
322.000000	49.285025
323.000000	49.308597
324.000000	49.361731
325.000000	49.295220
326.000000	49.306205
327.000000	49.245386
328.000000	49.274913
329.000000	49.295122
330.000000	49.173260
331.000000	49.279419
332.000000	49.231775
333.000000	49.190123
334.000000	49.301422
335.000000	49.222033
336.000000	49.183871
337.000000	49.241903
338.000000	49.269213
339.000000	49.215240
340.000000	49.225410
341.000000	49.265174
342.000000	49.144760
343.000000	49.097759
344.000000	49.143498
345.000000	49.148259
346.000000	49.109163
347.000000	49.107279
348.000000	49.048775
349.000000	49.146403
350.000000	49.002888
351.000000	49.019709
352.000000	49.000444
353.000000	49.118638
354.000000	49.035446
355.000000	48.890151
356.000000	48.931387
357.000000	49.010793
358.000000	48.916549
359.000000	48.917454
360.000000	48.979077
361.000000	48.977045
362.000000	48.936852
363.000000	48.991258
364.000000	48.914587
365.000000	48.871330
366.000000	48.877763
367.000000	48.885112
368.000000	48.915751
369.000000	48.910202
370.000000	48.836701
371.000000	48.897975
372.000000	48.944053
373.000000	48.899723
374.000000	48.850991
375.000000	48.867745
376.000000	48.856616
377.000000	48.858623
378.000000	48.864304
379.000000	48.918879
380.000000	48.811082
381.000000	48.860129
382.000000	48.882387
383.000000	48.892848
384.000000	48.996738
385.000000	48.841801
386.000000	48.846440
387.000000	48.747421
388.000000	48.841640
389.000000	48.794254
390.000000	48.750084
391.000000	48.680643
392.000000	48.736417
393.000000	48.743504
394.000000	48.787208
395.000000	48.667979
396.000000	48.666217
397.000000	48.690954
398.000000	48.761482
399.000000	48.762643
400.000000	48.654755
401.000000	48.712791
402.000000	48.754482
403.000000	48.752468
404.000000	48.762775
405.000000	48.694354
406.000000	48.658377
407.000000	48.757638
408.000000	48.700879
409.000000	48.690470
410.000000	48.779829
411.000000	48.652999
412.000000	48.762403
413.000000	48.695273
414.000000	48.838176
415.000000	48.699115
416.000000	48.693874
417.000000	48.683193
418.000000	48.711069
419.000000	48.780622
420.000000	48.752881
421.000000	48.716687
422.000000	48.729281
423.000000	48.797600
424.000000	48.783642
425.000000	48.762048
426.000000	48.700090
427.000000	48.728424
428.000000	48.764520
429.000000	48.645473
430.000000	48.641599
431.000000	48.649672
432.000000	48.597444
433.000000	48.697362
434.000000	48.609163
435.000000	48.597786
436.000000	48.594936
437.000000	48.588590
438.000000	48.614690
439.000000	48.701599
440.000000	48.546176
441.000000	48.601830
442.000000	48.520589
443.000000	48.533327
444.000000	48.546794
445.000000	48.600753
446.000000	48.606560
447.000000	48.588974
448.000000	48.608683
449.000000	48.602274
450.000000	48.487936
451.000000	48.521176
452.000000	48.619538
453.000000	48.597466
454.000000	48.610479
455.000000	48.465419
456.000000	48.605636
457.000000	48.594273
458.000000	48.620038
459.000000	48.610339
460.000000	48.507731
461.000000	48.528702
462.000000	48.559557
463.000000	48.579203
464.000000	48.559641
465.000000	48.541733
466.000000	48.515919
467.000000	48.532079
468.000000	48.664370
469.000000	48.471984
470.000000	48.523086
471.000000	48.500468
472.000000	48.510405
473.000000	48.476438
474.000000	48.526596
475.000000	48.453302
476.000000	48.523110
477.000000	48.474476
478.000000	48.531536
479.000000	48.499457
480.000000	48.537279
481.000000	48.510480
482.000000	48.568865
483.000000	48.582214
484.000000	48.605084
485.000000	48.600138
486.000000	48.535498
487.000000	48.602383
488.000000	48.521065
489.000000	48.626973
490.000000	48.599875
491.000000	48.538115
492.000000	48.576722
493.000000	48.697489
494.000000	48.660805
495.000000	48.651228
496.000000	48.648630
497.000000	48.694481
498.000000	48.641997
499.000000	48.712826
500.000000	48.776720
501.000000	48.672547
502.000000	48.679739
503.000000	48.753508
504.000000	48.690885
505.000000	48.753566
506.000000	48.675164
507.000000	48.785960
508.000000	48.804777
509.000000	48.743413
510.000000	48.718601
511.000000	48.742527
512.000000	48.799636
513.000000	48.708598
514.000000	48.679114
515.000000	48.781646
516.000000	48.754067
517.000000	48.798474
518.000000	48.803924
519.000000	48.802477
520.000000	48.895321
521.000000	48.866102
522.000000	48.767729
523.000000	48.872602
524.000000	48.863015
525.000000	48.837909
526.000000	48.765927
527.000000	48.847972
528.000000	48.861146
529.000000	48.911882
530.000000	48.869630
531.000000	48.917492
532.000000	48.896528
533.000000	48.852393
534.000000	48.848974
535.000000	48.938549
536.000000	48.923938
537.000000	48.866447
538.000000	48.897037
539.000000	48.888243
540.000000	48.944753
541.000000	48.918394
542.000000	48.881854
543.000000	48.854607
544.000000	48.857614
545.000000	48.940214
546.000000	48.940256
547.000000	48.919326
548.000000	48.881136
549.000000	48.898590
550.000000	48.962889
551.000000	48.952960
552.000000	48.942100
553.000000	48.950142
554.000000	48.856461
555.000000	49.026801
556.000000	48.989971
557.000000	48.969629
558.000000	48.924012
559.000000	49.016746
560.000000	48.952104
561.000000	49.045613
562.000000	48.916686
563.000000	48.984854
564.000000	48.993455
565.000000	49.125168
566.000000	49.041588
567.000000	49.042493
568.000000	49.059167
569.000000	49.096082
570.000000	49.034122
571.000000	49.075354
572.000000	49.115495
573.000000	49.051093
574.000000	49.082396
575.000000	49.064853
576.000000	49.145339
577.000000	49.066930
578.000000	49.063961
579.000000	49.147311
580.000000	49.135747
581.000000	49.147778
582.000000	49.108524
583.000000	49.166134
584.000000	49.187255
585.000000	49.173586
586.000000	49.213661
587.000000	49.273274
588.000000	49.278179
589.000000	49.231765
590.000000	49.255644
591.000000	49.230243
592.000000	49.208688
593.000000	49.354615
594.000000	49.269678
595.000000	49.348624
596.000000	49.345201
597.000000	49.325244
598.000000	49.242937
599.000000	49.328003
600.000000	49.323802
601.000000	49.300289
602.000000	49.365713
603.000000	49.316530
604.000000	49.333050
605.000000	49.332881
606.000000	49.261943
607.000000	49.373533
608.000000	49.402584
609.000000	49.432093
610.000000	49.363256
611.000000	49.403334
612.000000	49.454643
613.000000	49.449811
614.000000	49.406876
615.000000	49.492930
616.000000	49.462980
617.000000	49.490717
618.000000	49.484766
619.000000	49.456407
620.000000	49.444480
621.000000	49.561474
622.000000	49.485310
623.000000	49.519822
624.000000	49.544985
625.000000	49.550253
626.000000	49.626256
627.000000	49.588083
628.000000	49.546341
629.000000	49.612268
630.000000	49.599340
631.000000	49.546542
632.000000	49.622514
633.000000	49.603836
634.000000	49.602281
635.000000	49.690691
636.000000	49.629341
637.000000	49.642421
638.000000	49.591829
639.000000	49.644469
640.000000	49.610106
641.000000	49.671844
642.000000	49.605358
643.000000	49.690078
644.000000	49.714898
645.000000	49.748360
646.000000	49.690583
647.000000	49.799389
648.000000	49.730235
649.000000	49.655078
650.000000	49.812094
651.000000	49.735293
652.000000	49.725398
653.000000	49.814705
654.000000	49.729314
655.000000	49.772517
656.000000	49.786405
657.000000	49.760287
658.000000	49.829445
659.000000	49.822427
660.000000	49.909247
661.000000	49.839111
662.000000	49.878811
663.000000	49.831104
664.000000	49.795770
665.000000	49.944534
666.000000	49.845885
667.000000	49.932080
668.000000	49.886383
669.000000	49.972327
670.000000	49.990370
671.000000	49.971014
672.000000	49.935421
673.000000	49.914957
674.000000	49.946837
675.000000	49.977516
676.000000	50.025153
677.000000	49.995854
678.000000	49.965349
679.000000	49.963677
680.000000	49.953900
681.000000	50.008681
682.000000	50.108459
683.000000	50.052472
684.000000	50.021407
685.000000	50.004134
686.000000	50.002676
687.000000	50.030734
688.000000	50.043415
689.000000	50.063526
690.000000	50.033156
691.000000	50.057413
692.000000	50.157674
693.000000	50.003409
694.000000	50.149189
695.000000	50.089673
696.000000	50.084435
697.000000	50.174830
698.000000	50.152292
699.000000	50.198384
700.000000	50.157843
701.000000	50.079326
702.000000	50.144934
703.000000	50.130148
704.000000	50.120184
705.000000	50.112288
706.000000	50.068527
707.000000	50.191137
708.000000	50.127416
709.000000	50.166170
710.000000	50.176968
711.000000	50.084766
712.000000	50.122069
713.000000	50.101909
714.000000	50.116821
715.000000	50.200032
716.000000	50.147762
717.000000	50.147853
718.000000	50.187928
719.000000	50.143500
720.000000	50.153065
721.000000	50.132660
722.000000	50.142205
723.000000	50.196447
724.000000	50.111843
725.000000	50.227682
726.000000	50.197096
727.000000	50.185785
728.000000	50.237989
729.000000	50.290427
730.000000	50.241676
731.000000	50.219691
732.000000	50.213387
733.000000	50.166662
734.000000	50.231869
735.000000	50.208061
736.000000	50.242567
737.000000	50.215910
738.000000	50.275257
739.000000	50.253237
740.000000	50.281521
741.000000	50.233181
742.000000	50.319131
743.000000	50.299370
744.000000	50.247729
745.000000	50.218463
746.000000	50.302956
747.000000	50.292152
748.000000	50.240955
749.000000	50.252479
750.000000	50.278218
751.000000	50.326327
752.000000	50.264316
753.000000	50.289637
754.000000	50.341781
755.000000	50.299030
756.000000	50.237134
757.000000	50.284059
758.000000	50.217877
759.000000	50.309037
760.000000	50.302256
761.000000	50.267761
762.000000	50.321535
763.000000	50.270313
764.000000	50.357764
765.000000	50.238016
766.000000	50.308286
767.000000	50.307751
768.000000	50.337036
769.000000	50.264847
770.000000	50.328633
771.000000	50.307693
772.000000	50.302284
773.000000	50.321762
774.000000	50.275988
775.000000	50.279787
776.000000	50.321292
777.000000	50.293717
778.000000	50.274511
779.000000	50.281487
780.000000	50.328703
781.000000	50.414273
782.000000	50.311847
783.000000	50.348482
784.000000	50.321165
785.000000	50.360770
786.000000	50.378203
787.000000	50.317758
788.000000	50.409002
789.000000	50.328394
790.000000	50.335529
791.000000	50.384411
792.000000	50.328249
793.000000	50.333788
794.000000	50.315820
795.000000	50.293959
796.000000	50.311787
797.000000	50.365208
798.000000	50.313077
799.000000	50.302130
800.000000	50.333491
801.000000	50.435203
802.000000	50.380237
803.000000	50.319915
804.000000	50.361367
805.000000	50.296079
806.000000	50.335311
807.000000	50.352492
808.000000	50.367509
809.000000	50.272041
810.000000	50.363130
811.000000	50.326495
812.000000	50.359480
813.000000	50.246828
814.000000	50.320800
815.000000	50.337427
816.000000	50.402616
817.000000	50.363699
818.000000	50.269046
819.000000	50.441352
820.000000	50.302172
821.000000	50.363477
822.000000	50.357068
823.000000	50.328374
824.000000	50.313857
825.000000	50.374524
826.000000	50.338120
827.000000	50.387215
828.000000	50.375856
829.000000	50.458275
830.000000	50.387357
831.000000	50.399056
832.000000	50.429681
833.000000	50.397175
834.000000	50.330073
835.000000	50.401090
836.000000	50.374444
837.000000	50.409082
838.000000	50.332219
839.000000	50.406656
840.000000	50.341497
841.000000	50.407917
842.000000	50.369241
843.000000	50.399369
844.000000	50.318313
845.000000	50.489528
846.000000	50.383194
847.000000	50.365555
848.000000	50.319602
849.000000	50.427220
850.000000	50.351456
851.000000	50.441917
852.000000	50.381787
853.000000	50.409726
854.000000	50.379529
855.000000	50.423742
856.000000	50.325065
857.000000	50.504945
858.000000	50.436294
859.000000	50.458209
860.000000	50.437133
861.000000	50.531376
862.000000	50.510384
863.000000	50.469827
864.000000	50.460555
865.000000	50.524418
866.000000	50.450152
867.000000	50.497919
868.000000	50.526316
869.000000	50.600376
870.000000	50.517246
871.000000	50.508484
872.000000	50.463318
873.000000	50.560982
874.000000	50.522022
875.000000	50.533727
876.000000	50.507291
877.000000	50.540129
878.000000	50.500326
879.000000	50.571445
880.000000	50.547065
881.000000	50.603370
882.000000	50.480211
883.000000	50.459932
884.000000	50.537072
885.000000	50.553686
886.000000	50.442537
887.000000	50.471385
888.000000	50.551920
889.000000	50.592415
890.000000	50.542532
891.000000	50.501534
892.000000	50.518718
893.000000	50.512159
894.000000	50.507998
895.000000	50.487145
896.000000	50.506893
897.000000	50.496362
898.000000	50.493582
899.000000	50.534919
900.000000	50.487739
901.000000	50.553477
902.000000	50.500965
903.000000	50.425584
904.000000	50.445957
905.000000	50.483878
906.000000	50.455495
907.000000	50.473333
908.000000	50.483182
909.000000	50.508691
910.000000	50.504544
911.000000	50.524141
912.000000	50.523484
913.000000	50.548636
914.000000	50.436351
915.000000	50.532168
916.000000	50.536524
917.000000	50.460178
918.000000	50.488198
919.000000	50.556030
920.000000	50.467075
921.000000	50.585780
922.000000	50.516098
923.000000	50.482159
924.000000	50.554313
925.000000	50.496535
926.000000	50.570919
927.000000	50.506283
928.000000	50.570682
929.000000	50.485983
930.000000	50.541217
931.000000	50.506131
932.000000	50.611039
933.000000	50.500327
934.000000	50.510582
935.000000	50.593644
936.000000	50.463629
937.000000	50.548800
938.000000	50.479474
939.000000	50.499638
940.000000	50.503626
941.000000	50.490134
942.000000	50.448594
943.000000	50.548865
944.000000	50.547166
945.000000	50.549602
946.000000	50.564049
947.000000	50.423591
948.000000	50.591509
949.000000	50.477966
950.000000	50.499848
951.000000	50.511593
952.000000	50.486265
953.000000	50.478584
954.000000	50.391759
955.000000	50.491684
956.000000	50.412058
957.000000	50.334373
958.000000	50.428326
959.000000	50.378084
960.000000	50.384370
961.000000	50.365024
962.000000	50.344267
963.000000	50.400893
964.000000	50.377615
965.000000	50.403266
966.000000	50.391778
967.000000	50.382005
968.000000	50.384558
969.000000	50.442845
970.000000	50.407975
971.000000	50.387490
972.000000	50.371250
973.000000	50.425107
974.000000	50.310679
975.000000	50.486156
976.000000	50.419778
977.000000	50.439053
978.000000	50.391153
979.000000	50.398216
980.000000	50.496959
981.000000	50.490679
982.000000	50.352633
983.000000	50.371860
984.000000	50.397376
985.000000	50.515118
986.000000	50.472428
987.000000	50.403134
988.000000	50.478522
989.000000	50.447548
990.000000	50.467427
991.000000	50.460211
992.000000	50.553280
993.000000	50.496618
994.000000	50.452557
995.000000	50.410048
996.000000	50.422869
997.000000	50.433788
998.000000	50.441686
999.000000	50.475520
1000.000000	50.449419
1001.000000	50.431773
1002.000000	50.356441
1003.000000	50.442070
1004.000000	50.492463
1005.000000	50.443394
1006.000000	50.433590
1007.000000	50.459086
1008.000000	50.462659
1009.000000	50.378177
1010.000000	50.502237
1011.000000	50.438761
1012.000000	50.418314
1013.000000	50.489035
1014.000000	50.448890
1015.000000	50.394104
1016.000000	50.380297
1017.000000	50.414541
1018.000000	50.430445
1019.000000	50.443707
1020.000000	50.408575
1021.000000	50.365766
1022.000000	50.318859
1023.000000	50.362203
1024.000000	50.396621
1025.000000	50.385771
1026.000000	50.390799
1027.000000	50.386376
1028.000000	50.396851
1029.000000	50.349975
1030.000000	50.304760
1031.000000	50.360481
1032.000000	50.425531
1033.000000	50.443117
1034.000000	50.336713
1035.000000	50.395181
1036.000000	50.387724
1037.000000	50.365879
1038.000000	50.421803
1039.000000	50.396912
1040.000000	50.392251
1041.000000	50.363990
1042.000000	50.454870
1043.000000	50.374426
1044.000000	50.473474
1045.000000	50.415910
1046.000000	50.338808
1047.000000	50.424671
1048.000000	50.445160
1049.000000	50.306925
1050.000000	50.414227
1051.000000	50.454826
1052.000000	50.433216
1053.000000	50.376026
1054.000000	50.367687
1055.000000	50.377602
1056.000000	50.423827
1057.000000	50.412384
1058.000000	50.383486
1059.000000	50.452997
1060.000000	50.499770
1061.000000	50.436165
1062.000000	50.466863
1063.000000	50.416145
1064.000000	50.463384
1065.000000	50.498025
1066.000000	50.518118
1067.000000	50.479547
1068.000000	50.498186
1069.000000	50.504682
1070.000000	50.504691
1071.000000	50.493437
1072.000000	50.491370
1073.000000	50.487395
1074.000000	50.416325
1075.000000	50.558013
1076.000000	50.489383
1077.000000	50.583148
1078.000000	50.550433
1079.000000	50.482101
1080.000000	50.532028
1081.000000	50.544317
1082.000000	50.492830
1083.000000	50.432745
1084.000000	50.532853
1085.000000	50.519492
1086.000000	50.561364
1087.000000	50.513947
1088.000000	50.529730
1089.000000	50.494633
1090.000000	50.544889
1091.000000	50.509520
1092.000000	50.513439
1093.000000	50.561108
1094.000000	50.562406
1095.000000	50.454637
1096.000000	50.544871
1097.000000	50.482765
1098.000000	50.502796
1099.000000	50.568181
1100.000000	50.591140
1101.000000	50.475628
1102.000000	50.565355
1103.000000	50.568673
1104.000000	50.567327
1105.000000	50.614946
1106.000000	50.562945
1107.000000	50.523240
1108.000000	50.477274
1109.000000	50.515996
1110.000000	50.549969
1111.000000	50.559916
1112.000000	50.601865
1113.000000	50.586726
1114.000000	50.539714
1115.000000	50.590480
1116.000000	50.612280
1117.000000	50.606917
1118.000000	50.583883
1119.000000	50.555129
1120.000000	50.592444
1121.000000	50.615783
1122.000000	50.605168
1123.000000	50.596360
1124.000000	50.626625
1125.000000	50.620037
1126.000000	50.664514
1127.000000	50.543614
1128.000000	50.577196
1129.000000	50.636613
1130.000000	50.669883
1131.000000	50.694214
1132.000000	50.597082
1133.000000	50.691298
1134.000000	50.595110
1135.000000	50.695577
1136.000000	50.651677
1137.000000	50.690165
1138.000000	50.663498
1139.000000	50.618234
1140.000000	50.662990
1141.000000	50.721376
1142.000000	50.646746
1143.000000	50.717627
1144.000000	50.652008
1145.000000	50.694673
1146.000000	50.686013
1147.000000	50.665919
1148.000000	50.701306
1149.000000	50.678415
1150.000000	50.711357
1151.000000	50.669628
1152.000000	50.672159
1153.000000	50.654069
1154.000000	50.623767
1155.000000	50.664152
1156.000000	50.615766
1157.000000	50.656523
1158.000000	50.646324
1159.000000	50.644272
1160.000000	50.687269
1161.000000	50.594077
1162.000000	50.694335
1163.000000	50.635645
1164.000000	50.614510
1165.000000	50.613680
1166.000000	50.632508
1167.000000	50.608737
1168.000000	50.628683
1169.000000	50.576224
1170.000000	50.628791
1171.000000	50.629808
1172.000000	50.593929
1173.000000	50.633354
1174.000000	50.576090
1175.000000	50.636880
1176.000000	50.656845
1177.000000	50.624178
1178.000000	50.615619
1179.000000	50.672337
1180.000000	50.671941
1181.000000	50.647208
1182.000000	50.663060
1183.000000	50.682636
1184.000000	50.624118
1185.000000	50.713963
1186.000000	50.668237
1187.000000	50.727196
1188.000000	50.669115
1189.000000	50.713903
1190.000000	50.671086
1191.000000	50.762991
1192.000000	50.698298
1193.000000	50.748338
1194.000000	50.694648
1195.000000	50.669418
1196.000000	50.675159
1197.000000	50.649240
1198.000000	50.624350
1199.000000	50.621895
1200.000000	50.546969
1201.000000	50.566657
1202.000000	50.611147
1203.000000	50.563478
1204.000000	50.570419
1205.000000	50.508775
1206.000000	50.533172
1207.000000	50.551528
1208.000000	50.554818
1209.000000	50.555175
1210.000000	50.512746
1211.000000	50.509163
1212.000000	50.487213
1213.000000	50.495223
1214.000000	50.487929
1215.000000	50.450061
1216.000000	50.492170
1217.000000	50.479255
1218.000000	50.463046
1219.000000	50.574848
1220.000000	50.457735
1221.000000	50.474535
1222.000000	50.568677
1223.000000	50.396427
1224.000000	50.448124
1225.000000	50.422870
1226.000000	50.467602
1227.000000	50.420492



