0.0	-0.005032527382057143
1.0	-0.004644129211777715
2.0	-0.0023852121644160874
3.0	-0.002891444020048803
4.0	-0.0033319082373447335
5.0	-0.00044545830752019375
6.0	-0.0007328002512055762
7.0	0.0008177724873353736
8.0	-0.0007471729408762078
9.0	-0.0008708228119326907
10.0	-0.0002686238921963238
11.0	0.0011703228207323585
12.0	0.0008843230737475435
13.0	0.0013458150393552706
14.0	0.0005094587202006477
15.0	0.002008580585212991
16.0	0.0030322292689846687
17.0	0.003337299394092557
18.0	0.003793981821522676
19.0	0.0044503160081893044
20.0	0.005262792411042986
21.0	0.006041042798027707
22.0	0.004474139999627533
23.0	0.006190362180986105
24.0	0.004384100970952244
25.0	0.0037623283493299444
26.0	0.00694361415441926
27.0	0.004857337157691531
28.0	0.005706668044953503
29.0	0.006504771758136684
30.0	0.006980692338277496
31.0	0.006517075227893555
32.0	0.008149633814905348
33.0	0.007681710490106529
34.0	0.007258191506157459
35.0	0.008768498343676049
36.0	0.00762589747730033
37.0	0.007255395263030897
38.0	0.007611245163317172
39.0	0.008228543795936972
40.0	0.00837853427724572
41.0	0.007157135279563543
42.0	0.00868746321786834
43.0	0.008646582143357956
44.0	0.007845682187048085
45.0	0.009063222369215659
46.0	0.010887267685534479
47.0	0.010339707356491102
48.0	0.011407760381112658
49.0	0.011842911736468122
50.0	0.011440756050006088
51.0	0.011956662906856734
52.0	0.01215955830812008
53.0	0.012673004471019272
54.0	0.011983171291696485
55.0	0.011699967787838363
56.0	0.012877242068983318
57.0	0.011995139212278249
58.0	0.012945470401271425
59.0	0.013461489107847236
60.0	0.012824840472791576
61.0	0.014396608734231943
62.0	0.01408354135378206
63.0	0.014863078012605028
64.0	0.012866784119690004
65.0	0.014979066177494758
66.0	0.015048021532995797
67.0	0.015222786728405907
68.0	0.014917772528160601
69.0	0.015324961452250447
70.0	0.014171623012268757
71.0	0.016095606057930867
72.0	0.014182584285324932
73.0	0.01638585609446798
74.0	0.015899533489896436
75.0	0.01623111199984408
76.0	0.015324178504175062
77.0	0.014386486334113867
78.0	0.014198858420321573
79.0	0.014695694899049015
80.0	0.013070294694441245
81.0	0.013589836667356421
82.0	0.013773549840771528
83.0	0.01290011533775867
84.0	0.013193664941185073
85.0	0.012113420296531811
86.0	0.012360160790019595
87.0	0.012346682898149516
88.0	0.011406250409824343
89.0	0.012009232277636095
90.0	0.011778038895931889
91.0	0.010914167544411924
92.0	0.010460281360108499
93.0	0.011419784226556874
94.0	0.009745170142921488
95.0	0.01036263655012891
96.0	0.010137650828165723
97.0	0.010061201541085552
98.0	0.009788959310283472
99.0	0.01111303635557305
100.0	0.00990662522104927
101.0	0.010395296669847098
102.0	0.009154659519454229
103.0	0.009913112505102814
104.0	0.009446139902967
105.0	0.009417841922526274
106.0	0.008021342180258746
107.0	0.008907639401653789
108.0	0.01025582006269425
109.0	0.009290165461367437
110.0	0.008925926831701476
111.0	0.008252423712237784
112.0	0.008452746569824643
113.0	0.007798873077109467
114.0	0.007289565354037533
115.0	0.007506218271483487
116.0	0.0057941904548148866
117.0	0.0036048439364420645
118.0	0.00468067051695541
119.0	0.003940728660804585
120.0	0.0024953494014000053
121.0	0.0011483431624727516
122.0	-5.4824330024321214e-05
123.0	-0.0005595462143687191
124.0	-0.001412568142557676
125.0	-0.0012793563072931052
126.0	-0.0018257981390857264
127.0	-0.0032854929760135487
128.0	-0.002956710709192339
129.0	-0.003324248905747721
130.0	-0.002406858648070066
131.0	-0.0041663666730278924
132.0	-0.004578476985020513
133.0	-0.004890481793082222
134.0	-0.005730249528851302
135.0	-0.005205675505593121
136.0	-0.005620022812087121
137.0	-0.006113112325024996
138.0	-0.004852454073845917
139.0	-0.006323837207042716
140.0	-0.006719003472973151
141.0	-0.006720513444261599
142.0	-0.007624762546529089
143.0	-0.007201690961480295
144.0	-0.009036417926542502
145.0	-0.010013090913072878
146.0	-0.00886825305219591
147.0	-0.007951588630446512
148.0	-0.010187800183620406
149.0	-0.008680569213541163
150.0	-0.00959969551652682
151.0	-0.010107493268310435
152.0	-0.009557304470728117
153.0	-0.01055461254424766
154.0	-0.010069632136376815
155.0	-0.011457017313336528
156.0	-0.011568587414086343
157.0	-0.011436548813650044
158.0	-0.013457617420666302
159.0	-0.011862137017512745
160.0	-0.013165467126087987
161.0	-0.015450053685351529
162.0	-0.01445229821293171
163.0	-0.015093085287814629
164.0	-0.01532595641539464
165.0	-0.01675383119282705
166.0	-0.017492374927414466
167.0	-0.01575887196353379
168.0	-0.015200797760334644
169.0	-0.016366719294385865
170.0	-0.01935249296735074
171.0	-0.018977125290041114
172.0	-0.01652901443273629
173.0	-0.016559213858503157
174.0	-0.015403526574295178
175.0	-0.01607865270205703
176.0	-0.01653287443553583
177.0	-0.01537858527289113
178.0	-0.01442696781205958
179.0	-0.014953612242516196
180.0	-0.016195872401207356
181.0	-0.015170490046697158
182.0	-0.015331721425374735
183.0	-0.01574254546552924
184.0	-0.01758862517768532
185.0	-0.0163439626244749
186.0	-0.016272714349610157
187.0	-0.014811453616531432
188.0	-0.014716101725915677
189.0	-0.015880848837853817
190.0	-0.017690187102611707
191.0	-0.016014174897413035
192.0	-0.015755354633618452
193.0	-0.017516148930414397
194.0	-0.015795676459503527
195.0	-0.01603973374687472
196.0	-0.016855230092305166
197.0	-0.017540253733450216
198.0	-0.016282671349710353
199.0	-0.016846785438062898
200.0	-0.01709095457515913
201.0	-0.017528398849878425
202.0	-0.015275745387120268
203.0	-0.016519234705502282
204.0	-0.01724016210839249
205.0	-0.018322197535931662
206.0	-0.01798989200277109
207.0	-0.01797020645115999
208.0	-0.017886151382775647
209.0	-0.01757917981234162
210.0	-0.017680516850533127
211.0	-0.01833657141288697
212.0	-0.01844092720637031
213.0	-0.018292111147174637
214.0	-0.018219464750746615
215.0	-0.018985524704984307
216.0	-0.020167272975131764
217.0	-0.0184930503655342
218.0	-0.0195388452948683
219.0	-0.019542033012032552
220.0	-0.01965371614979234
221.0	-0.020868348239108186
222.0	-0.020159276907074707
223.0	-0.0203603267878745
224.0	-0.021230965047760796
225.0	-0.02297196313050541
226.0	-0.020647222519944542
227.0	-0.019074615385566204
228.0	-0.022154453490023915
229.0	-0.02128918401694054
230.0	-0.021289241129087928
231.0	-0.02060472081170561
232.0	-0.020673676167206646
233.0	-0.02094356955378244
234.0	-0.02142636889201449
235.0	-0.02068469455241008
236.0	-0.02209243519204644
237.0	-0.021299476566215975
238.0	-0.019948387812323914
239.0	-0.02023254203884504
240.0	-0.020821879427484032
241.0	-0.01943885757708658
242.0	-0.019709869460913
243.0	-0.019867801272701158
244.0	-0.01967234387815449
245.0	-0.01985046575260141
246.0	-0.01903681492763439
247.0	-0.01921594226232196
248.0	-0.019040058569661227
249.0	-0.019216725210397346
250.0	-0.02030429719932719
251.0	-0.0204774964985864
252.0	-0.02024401019751849
253.0	-0.019285066579695427
254.0	-0.019909355820131633
255.0	-0.020402670219804384
256.0	-0.019204256340622596
257.0	-0.019966456292060748
258.0	-0.02038410316544404
259.0	-0.0196677616012815
260.0	-0.020477219248843354
261.0	-0.021217608503894456
262.0	-0.020087199257550568
263.0	-0.02028612399357415
264.0	-0.02108579360290836
265.0	-0.02213270821677789
266.0	-0.020801081315046595
267.0	-0.02188988246366729
268.0	-0.02231368107192889
269.0	-0.022496331672955956
270.0	-0.022420890220686177
271.0	-0.02044780514572161
272.0	-0.023245390468984207
273.0	-0.021805437108529932
274.0	-0.022460037624458043
275.0	-0.02323415075890018
276.0	-0.023470209603644578
277.0	-0.022351712353019873
278.0	-0.022727583354092223
279.0	-0.022526086074392288
280.0	-0.022344443308175616
281.0	-0.022338627122472417
282.0	-0.022460487397927928
283.0	-0.0230400926732016
284.0	-0.02355264403830037
285.0	-0.02265521895654647
286.0	-0.022208714854097138
287.0	-0.024314062228948077
288.0	-0.02532915440875245
289.0	-0.02446869447384694
290.0	-0.02420014447125678
291.0	-0.024301983645926083
292.0	-0.023553373436083044
293.0	-0.023596994828857406
294.0	-0.022714164948939273
295.0	-0.024342027034783303
296.0	-0.023268213749321004
297.0	-0.024095678015333213
298.0	-0.023317651327798693
299.0	-0.023878130300086706
300.0	-0.025106353318282478
301.0	-0.025981185942858618
302.0	-0.02444750251280207
303.0	-0.025401189193547252
304.0	-0.025847861070584205
305.0	-0.025566895748512137
306.0	-0.026907526553110885
307.0	-0.025856418761836315
308.0	-0.026179105218641543
309.0	-0.026334520411615794
310.0	-0.02734569903832792
311.0	-0.028665917268102765
312.0	-0.029722114221867726
313.0	-0.028792139682835734
314.0	-0.02956535683219265
315.0	-0.029666637945521573
316.0	-0.02999122584765281
317.0	-0.030966108051297278
318.0	-0.031377826889252336
319.0	-0.03191135007780032
320.0	-0.031580723477800485
321.0	-0.03366448385571431
322.0	-0.03376721782818416
323.0	-0.03337909928221739
324.0	-0.03427042974124024
325.0	-0.0363049215025488
326.0	-0.03411003842278544
327.0	-0.036597520383312196
328.0	-0.03657280159407342
329.0	-0.03639579940416206
330.0	-0.03635413656886109
331.0	-0.03511607196214471
332.0	-0.03717858089229666
333.0	-0.03740429363747265
334.0	-0.03678526133411446
335.0	-0.037290879203544215
336.0	-0.037924619745748143
337.0	-0.038411054200044856
338.0	-0.03805945458931087
339.0	-0.03876735149923127
340.0	-0.039444938320944575
341.0	-0.03949672474364855
342.0	-0.041168095185256964
343.0	-0.039824220738631386
344.0	-0.039859900800926336
345.0	-0.04185569255736331
346.0	-0.04088931093282357
347.0	-0.041668176493296176
348.0	-0.04101150675745431
349.0	-0.04072925397625919
350.0	-0.04214918742321206
351.0	-0.04235225059906302
352.0	-0.04360384902251207
353.0	-0.043752441382257534
354.0	-0.043641654229583236
355.0	-0.043643500937331596
356.0	-0.045311795511500795
357.0	-0.04428305766523872
358.0	-0.04395321282602947
359.0	-0.04366553533316885
360.0	-0.04508384695910836
361.0	-0.0448222863770498
362.0	-0.0439967235563636
363.0	-0.04491204578141243
364.0	-0.045612113210578335
365.0	-0.04592501400372553
366.0	-0.04496981735169203
367.0	-0.044804335683462024
368.0	-0.0468073405598808
369.0	-0.0455877311577996
370.0	-0.04668464259877212
371.0	-0.04619429340409823
372.0	-0.048171405069165014
373.0	-0.04804339305883094
374.0	-0.04653537914067618
375.0	-0.0479842257415578
376.0	-0.04794815420522515
377.0	-0.047112245284970676
378.0	-0.04772260923463665
379.0	-0.04795682255891749
380.0	-0.047763491496431845
381.0	-0.04870487470742002
382.0	-0.0491853811262885
383.0	-0.04878920940011715
384.0	-0.04810714977668629
385.0	-0.048707001039481036
386.0	-0.047676976921380856
387.0	-0.047861081568833654
388.0	-0.04955487788031714
389.0	-0.048279063991392056
390.0	-0.048680717541376296
391.0	-0.04974877056599772
392.0	-0.049600569680289947
393.0	-0.04907006643431873
394.0	-0.050135938389301485
395.0	-0.051268194343393726
396.0	-0.04864537421554138
397.0	-0.04990843723580933
398.0	-0.04873401512265339
399.0	-0.049917497063539366
400.0	-0.052514592941912144
401.0	-0.04988808177313269
402.0	-0.05090865458946528
403.0	-0.04993472310848382
404.0	-0.049831821361426346
405.0	-0.053705625926524767
406.0	-0.05140403820905179
407.0	-0.05076369853306915
408.0	-0.05133413213088774
409.0	-0.04975391921520511
410.0	-0.051128721298095293
411.0	-0.05088472112287149
412.0	-0.05156851441704101
413.0	-0.051443019025520835
414.0	-0.05124946307630031
415.0	-0.0507984302472707
416.0	-0.052008756122171665
417.0	-0.05088030424601638
418.0	-0.05142053841806811
419.0	-0.051322222509738176
420.0	-0.05176794485139705
421.0	-0.052470472974514404
422.0	-0.05207665009256947
423.0	-0.05137104610201278
424.0	-0.051132358788729564
425.0	-0.05252164541101529
426.0	-0.0509283460775004
427.0	-0.05092482281116091
428.0	-0.05128229453246053
429.0	-0.0493504260811816
430.0	-0.05053133666567602
431.0	-0.049782446831520194
432.0	-0.05086313887507386
433.0	-0.0479132701511387
434.0	-0.049132152530006974
435.0	-0.049014152257351
436.0	-0.04974195841833244
437.0	-0.04839098151416542
438.0	-0.04923488768976176
439.0	-0.04739814742964838
440.0	-0.04874800702384958
441.0	-0.04987086641375175
442.0	-0.04761552855759207
443.0	-0.04738959211296588
444.0	-0.04797081920925303
445.0	-0.04819161175381118
446.0	-0.04838225961018024
447.0	-0.04875466326977568
448.0	-0.04967378838547653
449.0	-0.047717760393584
450.0	-0.04910302042576763
451.0	-0.04948672090759435
452.0	-0.04958900748116406
453.0	-0.04935004054356806
454.0	-0.04799145785809674
455.0	-0.048686493236919766
456.0	-0.048796721140968884
457.0	-0.04966584942956673
458.0	-0.04997936420891689
459.0	-0.04940087743089371
460.0	-0.050261785951984425
461.0	-0.05041804001789665
462.0	-0.050656000307967054
463.0	-0.05063346258836707
464.0	-0.04890778910524064
465.0	-0.0511408700533978
466.0	-0.04919401373896034
467.0	-0.04928192762285954
468.0	-0.050798050646081325
469.0	-0.04936212387572928
470.0	-0.050357531691207616
471.0	-0.05012572313601565
472.0	-0.05018360536873547
473.0	-0.05031184107851949
474.0	-0.05030787041327985
475.0	-0.05017018458901278
476.0	-0.051129631530598574
477.0	-0.049664903456043075
478.0	-0.05059733868902638
479.0	-0.051327102220196416
480.0	-0.05115288358182337
481.0	-0.05049906601397065
482.0	-0.05112413820248224
483.0	-0.049994679678801494
484.0	-0.049081314823941256
485.0	-0.05004449603972849
486.0	-0.048451532255388716
487.0	-0.04767920990383236
488.0	-0.04719031475558433
489.0	-0.04794267193121706
490.0	-0.04661567410148764
491.0	-0.0454824686120172
492.0	-0.04488435220724564
493.0	-0.044859130094244005
494.0	-0.04548425820761817
495.0	-0.04307718350782298
496.0	-0.044016888972935354
497.0	-0.0436596409510858
498.0	-0.04403769302179694
499.0	-0.04367037852469177
500.0	-0.042883447092426454
501.0	-0.04193333960288336
502.0	-0.04366756958997696
503.0	-0.043547051511222144
504.0	-0.04227442533946131
505.0	-0.04227351785007251
506.0	-0.043029286442319695
507.0	-0.04217458676825481
508.0	-0.04118796034347878
509.0	-0.0412168734974074
510.0	-0.042607991761283624
511.0	-0.04052764279998414
512.0	-0.0413646702174891
513.0	-0.04114807322490573
514.0	-0.04043508715249494
515.0	-0.038883606924565196
516.0	-0.039144104934235584
517.0	-0.039176988753403974
518.0	-0.03761936948218405
519.0	-0.03652346587602191
520.0	-0.03747876168619219
521.0	-0.035408870674186146
522.0	-0.03727782365511744
523.0	-0.03615093767511305
524.0	-0.036678197279057564
525.0	-0.03731237252857352
526.0	-0.03534650176087557
527.0	-0.035645867550005164
528.0	-0.035926778134499585
529.0	-0.03472500876356593
530.0	-0.03390642385910789
531.0	-0.034078225036803814
532.0	-0.0343226726109279
533.0	-0.03365856486836948
534.0	-0.03416172085656298
535.0	-0.03280178328280271
536.0	-0.033839804656244886
537.0	-0.033425065875713325
538.0	-0.03297951249592687
539.0	-0.033408679890991645
540.0	-0.03246152372757435
541.0	-0.0325199092840569
542.0	-0.03298078607617687
543.0	-0.031409521138499236
544.0	-0.0325990429645386
545.0	-0.031174288475104554
546.0	-0.03214201229634513
547.0	-0.031540540399821695
548.0	-0.030654075403839035
549.0	-0.03033737290732462
550.0	-0.029673308398040416
551.0	-0.03197601461276401
552.0	-0.03077407746724274
553.0	-0.03035603911982175
554.0	-0.03170086428911034
555.0	-0.029889333450410345
556.0	-0.03011314475026032
557.0	-0.028739406427043118
558.0	-0.029186749402430413
559.0	-0.02894699951675904
560.0	-0.029279180508606194
561.0	-0.030119451568138
562.0	-0.027429801229560825
563.0	-0.02864991395540476
564.0	-0.028474589511369344
565.0	-0.02806565422495272
566.0	-0.027718081204321093
567.0	-0.027888819809628852
568.0	-0.02738370645124676
569.0	-0.027522232335736602
570.0	-0.027259428715114133
571.0	-0.0281775471832894
572.0	-0.02652877038614354
573.0	-0.02652200347777721
574.0	-0.026749897292591994
575.0	-0.026848536058508794
576.0	-0.026028230174900607
577.0	-0.02679166047331455
578.0	-0.026500515638976888
579.0	-0.026808270157486304
580.0	-0.02631885899388716
581.0	-0.026995773529965187
582.0	-0.026129944808256624
583.0	-0.025383347893464626
584.0	-0.02606322644725683
585.0	-0.026021605657945396
586.0	-0.02522087347622314
587.0	-0.025046164205675483
588.0	-0.026166618826488783
589.0	-0.02456761515699573
590.0	-0.02581125955837712
591.0	-0.02489974022398043
592.0	-0.024450495803266994
593.0	-0.025003201219663217
594.0	-0.02458007370975197
595.0	-0.025801571865570812
596.0	-0.024207209959667866
597.0	-0.025149152419281496
598.0	-0.024072375116105008
599.0	-0.024457026320594873
600.0	-0.024500243547743297
601.0	-0.023296684581208524
602.0	-0.023488618709415703
603.0	-0.023982435245566508
604.0	-0.022356140243158313
605.0	-0.022614220792151456
606.0	-0.022115035469197856
607.0	-0.02176891649499183
608.0	-0.0216746831016267
609.0	-0.022275372050074755
610.0	-0.021275814290465836
611.0	-0.02204796886743445
612.0	-0.022008318139899858
613.0	-0.020768296162994877
614.0	-0.022454207068861292
615.0	-0.021661906849793185
616.0	-0.02238937746159939
617.0	-0.020416012762322164
618.0	-0.020282687890047755
619.0	-0.021646359738009345
620.0	-0.020399278536837127
621.0	-0.0205239350554192
622.0	-0.021465933439895283
623.0	-0.02053243563452405
624.0	-0.0193906736410863
625.0	-0.020331205287548258
626.0	-0.01983207588945699
627.0	-0.020147492114133154
628.0	-0.020749858808457144
629.0	-0.020935305652610772
630.0	-0.02010447320325844
631.0	-0.021382971485584806
632.0	-0.020161572487902624
633.0	-0.020268333050474957
634.0	-0.020570606932456284
635.0	-0.019284769801549768
636.0	-0.01910547469227458
637.0	-0.02030920143339683
638.0	-0.01923605924628501
639.0	-0.02034281227577816
640.0	-0.017942336709761534
641.0	-0.019005076872442756
642.0	-0.018466855995442198
643.0	-0.019276759854619397
644.0	-0.020464995408820658
645.0	-0.019003442359840892
646.0	-0.02027489410948853
647.0	-0.018990915190633947
648.0	-0.019165904085494134
649.0	-0.019106344106898366
650.0	-0.01822814329898223
651.0	-0.020315371018372847
652.0	-0.0194299126699159
653.0	-0.018859982395860026
654.0	-0.02000772834958873
655.0	-0.019506405190270276
656.0	-0.019037978541708595
657.0	-0.020002123171747092
658.0	-0.019723841055791877
659.0	-0.01959135505645517
660.0	-0.019804807565148748
661.0	-0.01944023338630768
662.0	-0.020591558531238067
663.0	-0.019866660463108355
664.0	-0.020251814991360816
665.0	-0.02001977004513052
666.0	-0.01928200925861836
667.0	-0.020556089476805067
668.0	-0.02070663920673913
669.0	-0.019953107608993183
670.0	-0.019444290518095854
671.0	-0.018745285661317737
672.0	-0.019996940009629368
673.0	-0.020083455771965294
674.0	-0.020793645601249404
675.0	-0.019340760905962245
676.0	-0.019782846944271657
677.0	-0.0197099768483933
678.0	-0.01968111961932713
679.0	-0.019879261407275455
680.0	-0.018232485213592393
681.0	-0.01888585538254471
682.0	-0.019011574473515085
683.0	-0.018587887714978393
684.0	-0.019174315823480986
685.0	-0.01836065230692558
686.0	-0.018804807565148754
687.0	-0.019529146384653164
688.0	-0.017446672278577702
689.0	-0.01970167458556202
690.0	-0.017675671899054866
691.0	-0.018922740408638835
692.0	-0.01883577724740276
693.0	-0.018198401589134168
694.0	-0.017964188264853458
695.0	-0.0181002407638036
696.0	-0.018437411760004366
697.0	-0.016945951601158905
698.0	-0.01807412385300141
699.0	-0.018399494703208293
700.0	-0.01702579961326515
701.0	-0.018063820986707467
702.0	-0.01734239026005453
703.0	-0.017587173383353853
704.0	-0.0170362575625586
705.0	-0.016676703929756825
706.0	-0.01836434850636202
707.0	-0.017899668823590037
708.0	-0.01682574368840257
709.0	-0.01835064691504187
710.0	-0.01641015334334466
711.0	-0.01704484460821186
712.0	-0.016893232305889624
713.0	-0.019085430992251476
714.0	-0.016950834914296803
715.0	-0.01757874657920916
716.0	-0.017673091822299456
717.0	-0.017746912640840686
718.0	-0.018587127775509915
719.0	-0.017947515122740076
720.0	-0.017970823098827454
721.0	-0.01778985024367632
722.0	-0.017825306606521072
723.0	-0.01822667934490785
724.0	-0.018529456550651913
725.0	-0.018707956020263213
726.0	-0.017713108640695117
727.0	-0.01938246578725249
728.0	-0.0189197434746691
729.0	-0.018054138452410485
730.0	-0.020284856677468183
731.0	-0.01975189273754551
732.0	-0.019584621473714658
733.0	-0.019460915677795464
734.0	-0.01885776603539609
735.0	-0.019927707813755413
736.0	-0.019869713731310544
737.0	-0.021205143523693862
738.0	-0.019566768750978868
739.0	-0.02068358825572764
740.0	-0.019915000178372597
741.0	-0.01983558687357824
742.0	-0.01936313363491434
743.0	-0.021001732107079535
744.0	-0.020911357529229006
745.0	-0.02105216364149444
746.0	-0.021381225532628167
747.0	-0.022697361247438208
748.0	-0.021711405921012526
749.0	-0.021963571126165954
750.0	-0.02415648414415246
751.0	-0.02346167365206432
752.0	-0.024336562201503036
753.0	-0.024173653076949526
754.0	-0.023999447130164726
755.0	-0.02409668777451824
756.0	-0.02405345785578157
757.0	-0.025022859422897947
758.0	-0.022754267374318397
759.0	-0.024088858293763872
760.0	-0.024777504359385194
761.0	-0.024521648113304796
762.0	-0.023922133586969957
763.0	-0.02402509125888988
764.0	-0.023355614729528545
765.0	-0.022868105011255413
766.0	-0.022798925956304304
767.0	-0.022665824783479963
768.0	-0.022847636511569062
769.0	-0.022147904631578147
770.0	-0.023340601483193515
771.0	-0.0220250250170088
772.0	-0.02332063630726989
773.0	-0.023357770415990582
774.0	-0.023116510559030884
775.0	-0.02250881831117818
776.0	-0.022038769841603155
777.0	-0.022126180401739498
778.0	-0.022348425805438575
779.0	-0.02227281539129637
780.0	-0.021435719357340573
781.0	-0.02172110393083749
782.0	-0.021785697147061064
783.0	-0.02103401106977868
784.0	-0.02219064907664966
785.0	-0.02062820757566374
786.0	-0.020265031518385955
787.0	-0.021356628910133076
788.0	-0.01994223321185555
789.0	-0.02248004754866055
790.0	-0.020662029425906885
791.0	-0.021273455947960776
792.0	-0.022520971856445138
793.0	-0.02222954739779482
794.0	-0.023219081915422442
795.0	-0.022175734988451413
796.0	-0.022337693390341924
797.0	-0.022436232998121933
798.0	-0.022656017707869687
799.0	-0.022367948740971373
800.0	-0.0228572785965313
801.0	-0.02362529473367278
802.0	-0.023667350230296237
803.0	-0.023618136351268755
804.0	-0.02277725011824918
805.0	-0.023358632297535577
806.0	-0.022204175360303266
807.0	-0.02263809636868306
808.0	-0.02122795095995797
809.0	-0.02216715310130761
810.0	-0.022136269885602015
811.0	-0.02221467654287078
812.0	-0.022067817853863837
813.0	-0.021106469466951903
814.0	-0.022772191497444742
815.0	-0.02238948497155522
816.0	-0.02192989445127351
817.0	-0.021217803176663268
818.0	-0.022670507405774677
819.0	-0.022553065194459085
820.0	-0.02197400647622235
821.0	-0.02156860714773335
822.0	-0.022966225387251495
823.0	-0.022233945237267558
824.0	-0.021718094305279365
825.0	-0.022950889283329605
826.0	-0.021307145723811573
827.0	-0.022707112807556003
828.0	-0.023082816034040866
829.0	-0.021978411848774013
830.0	-0.022594411517967185
831.0	-0.021859446974581725
832.0	-0.023487699347178627
833.0	-0.022184650050200858
834.0	-0.02297386171024162
835.0	-0.02187184960247538
836.0	-0.021866928214572603
837.0	-0.022839349724265746
838.0	-0.02246101802924194
839.0	-0.02159658742909667
840.0	-0.023025734599493995
841.0	-0.02306985931603122
842.0	-0.023055710325810788
843.0	-0.021794772450319064
844.0	-0.02202115629384553
845.0	-0.0211179570723777
846.0	-0.022383928185497247
847.0	-0.022580504077294533
848.0	-0.021756563077621957
849.0	-0.02309333506670596
850.0	-0.0219767824946816
851.0	-0.022404999167083245
852.0	-0.0220658148758313
853.0	-0.021437443120430423
854.0	-0.022029016316285725
855.0	-0.021336206427660508
856.0	-0.02132312000982825
857.0	-0.022592166990387012
858.0	-0.022308012763865757
859.0	-0.021771749257053795
860.0	-0.021595852872804806
861.0	-0.021603067180071288
862.0	-0.021768772547751364
863.0	-0.02115796119918524
864.0	-0.022160414360057626
865.0	-0.021631632093236416
866.0	-0.021613120963738658
867.0	-0.02147000924052115
868.0	-0.021934297449255437
869.0	-0.0221357947289555
870.0	-0.020819087073931777
871.0	-0.021123653875276933
872.0	-0.021411051743824898
873.0	-0.021980982017880762
874.0	-0.020876857456926565
875.0	-0.021882653417962576
876.0	-0.020688713527783162
877.0	-0.020933664425669976
878.0	-0.022699268260643647
879.0	-0.021686413075340395
880.0	-0.021364664649609927
881.0	-0.019774888582434536
882.0	-0.019890205648973917
883.0	-0.02061829143426814
884.0	-0.019738984820689504
885.0	-0.020178709323184253
886.0	-0.02093822488122101
887.0	-0.02026645543249584
888.0	-0.019654413736953924
889.0	-0.020127146599930486
890.0	-0.01927987224099402
891.0	-0.018778785472714152
892.0	-0.01974874628845584
893.0	-0.019500943222579885
894.0	-0.020370966308978417
895.0	-0.019909126102607068
896.0	-0.019561553081975443
897.0	-0.019647118121648238
898.0	-0.020175999546606226
899.0	-0.01967178098602456
900.0	-0.019738598505161138
901.0	-0.019537157150323524
902.0	-0.020287445106042627
903.0	-0.019101782095517862
904.0	-0.020061564586279015
905.0	-0.019123636025179372
906.0	-0.017342764702734652
907.0	-0.018659962989932853
908.0	-0.01993711907555864
909.0	-0.019231515085002072
910.0	-0.018290454731600632
911.0	-0.019224847334772532
912.0	-0.019428413834386225
913.0	-0.018467009522611842
914.0	-0.019247944302997956
915.0	-0.019713338317394614
916.0	-0.019431868484274882
917.0	-0.018824580402048256
918.0	-0.01902741987844902
919.0	-0.01895326351073255
920.0	-0.01901415299444076
921.0	-0.019276272825124632
922.0	-0.017924177423706993
923.0	-0.01942128599366815
924.0	-0.019138529888710308
925.0	-0.01874424691627672
926.0	-0.018575409756294972
927.0	-0.01776494664849234
928.0	-0.01827414252183924
929.0	-0.017861472961221175
930.0	-0.01924425842058016
931.0	-0.01775212716338436
932.0	-0.017437493886783582
933.0	-0.018420485195495072
934.0	-0.018463771039094322
935.0	-0.016656210865633972
936.0	-0.017295543894091027
937.0	-0.01755156791475905
938.0	-0.018044769277421963
939.0	-0.01721875905783562
940.0	-0.018998555116303918
941.0	-0.018184009493536483
942.0	-0.01789230541057351
943.0	-0.017343738434004677
944.0	-0.018745886587387774
945.0	-0.017494499171800557
946.0	-0.018532296845792662
947.0	-0.0184682628781944
948.0	-0.016536058877740227
949.0	-0.01830004089170042
950.0	-0.018145675579525955
951.0	-0.016040999303025508
952.0	-0.017509977667133435
953.0	-0.017778808481321053
954.0	-0.01799831356675615
955.0	-0.016797426302034665
956.0	-0.016607952867778816
957.0	-0.01724141378567009
958.0	-0.016611252434668107
959.0	-0.01707179367761283
960.0	-0.016385750697353943
961.0	-0.017092920584061408
962.0	-0.017633769929600904
963.0	-0.017140009318312686
964.0	-0.016752617795558845
965.0	-0.015727837922948164
966.0	-0.016749585161393833
967.0	-0.01678062346009867
968.0	-0.016689410009310165
969.0	-0.01680053271115984
970.0	-0.016886868007319762
971.0	-0.016529731835195245
972.0	-0.01781052303688556
973.0	-0.019664096680620892
974.0	-0.018369659812472877
975.0	-0.019042814691173075
976.0	-0.017118160547160623
977.0	-0.0172249211097327
978.0	-0.016883555748842087
979.0	-0.016370724759430667
980.0	-0.01645845817715387
981.0	-0.016699494334663494
982.0	-0.017099916350387136
983.0	-0.016987004052936495
984.0	-0.01688287195890336
985.0	-0.017863054332900044
986.0	-0.018442939232486362
987.0	-0.017233116681348262
988.0	-0.017951415615699393
989.0	-0.018216611313822482
990.0	-0.019027509128937137
991.0	-0.01809071175667637
992.0	-0.017633022681720796
993.0	-0.01982002035586719
994.0	-0.01888719364884619
995.0	-0.01878550955717613
996.0	-0.018721755213890523
997.0	-0.018020513362611422
998.0	-0.018676623849827843
999.0	-0.01938765255204991
1000.0	-0.018638638176580805
1001.0	-0.018626949880311827
1002.0	-0.017819115241048136
1003.0	-0.018300180908541797
1004.0	-0.01696570183882149
1005.0	-0.019322642478612012
1006.0	-0.01698582209774436
1007.0	-0.018384670684238165
1008.0	-0.019143571068787023
1009.0	-0.01808899593603555
1010.0	-0.01732667144328398
1011.0	-0.017407315095054
1012.0	-0.017940558659289327
1013.0	-0.01712701968404747
1014.0	-0.016854833378107982
1015.0	-0.016892066644965453
1016.0	-0.01615676655240475
1017.0	-0.01683144409398165
1018.0	-0.01746434576324761
1019.0	-0.018317926940061874
1020.0	-0.01715093014203424
1021.0	-0.01725349633991647
1022.0	-0.016567354201520806
1023.0	-0.01702028966316122
1024.0	-0.017409135232340923
1025.0	-0.016364390183806622
1026.0	-0.01770759353208185
1027.0	-0.015562930978871568
1028.0	-0.01716920488049368
1029.0	-0.01528699770714238
1030.0	-0.01779068518621494
1031.0	-0.01806376628995498
1032.0	-0.016182677613854314
1033.0	-0.015998181492363817
1034.0	-0.01483007888867393
1035.0	-0.014687737421943554
1036.0	-0.013660453622107344
1037.0	-0.015598865282302551
1038.0	-0.014893988314958778
1039.0	-0.01442936455704925
1040.0	-0.014995702948314794
1041.0	-0.013875751651264352
1042.0	-0.014321305031050677
1043.0	-0.014274160371936817
1044.0	-0.0129476785575585
1045.0	-0.01408814158756963
1046.0	-0.012412073457508497
1047.0	-0.013529843684920282
1048.0	-0.011513640540944203
1049.0	-0.015215251267024098
1050.0	-0.013912972226533446
1051.0	-0.013694529713486513
1052.0	-0.01347502462805142
1053.0	-0.013426929246274555
1054.0	-0.013663044015881403
1055.0	-0.013751840005992649
1056.0	-0.014507273049064604
1057.0	-0.012249642273541214
1058.0	-0.013593293020716596
1059.0	-0.013644855743970504
1060.0	-0.013736336127483272
1061.0	-0.013942363321048297
1062.0	-0.012480711113932001
1063.0	-0.01337796960838309
1064.0	-0.012758433981262038
1065.0	-0.014654385979207712
1066.0	-0.012838002369055763
1067.0	-0.013236075540552991
1068.0	-0.014178968722829623
1069.0	-0.0145217881301461
1070.0	-0.013660029231814096
1071.0	-0.013781442108369322
1072.0	-0.01408242971851241
1073.0	-0.014637036580234781
1074.0	-0.013371009542252642
1075.0	-0.01208774495502261
1076.0	-0.013944114841884387
1077.0	-0.01306111718737876
1078.0	-0.013914139115567726
1079.0	-0.013106528175754096
1080.0	-0.013836838263961202
1081.0	-0.01406266285886236
1082.0	-0.013628070752132074
1083.0	-0.01381223132444746
1084.0	-0.013198288183579527
1085.0	-0.01328333720790121
1086.0	-0.012930283550741623
1087.0	-0.012134304982334521
1088.0	-0.013124902072350326
1089.0	-0.01379270085583573
1090.0	-0.014673001425351577
1091.0	-0.013363912243220519
1092.0	-0.014331412365010893
1093.0	-0.015072584568137254
1094.0	-0.014335438955113121
1095.0	-0.01373205292167529
1096.0	-0.015480487823851785
1097.0	-0.01409455788060273
1098.0	-0.015883873857289614
1099.0	-0.015459571925265153
1100.0	-0.014665761734908472
1101.0	-0.015041129412218095
1102.0	-0.015203702987596506
1103.0	-0.01584840480285648
1104.0	-0.015839792374026725
1105.0	-0.01629718913308139
1106.0	-0.016667803197075858
1107.0	-0.016176726979189163
1108.0	-0.016182766864342432
1109.0	-0.015866120292690605
1110.0	-0.016005360508805126
1111.0	-0.015285943077203244
1112.0	-0.015202391332581626
1113.0	-0.014353563769082507
1114.0	-0.015353444386278548
1115.0	-0.014288230838057749
1116.0	-0.015650896038493886
1117.0	-0.015217813903051916
1118.0	-0.013931709839421122
1119.0	-0.014153675618807544
1120.0	-0.013640720088082824
1121.0	-0.01468187325382681
1122.0	-0.013522718628141925
1123.0	-0.013827453204074571
1124.0	-0.01451303609384506
1125.0	-0.013833760021952376
1126.0	-0.013717212608437206
1127.0	-0.012198964440439195
1128.0	-0.01307418853905303
1129.0	-0.012241355486237898
1130.0	-0.01204046068843748
1131.0	-0.011816425689137294
1132.0	-0.012852825241566123
1133.0	-0.011635285059398676
1134.0	-0.01184489144416564
1135.0	-0.011460954571300459
1136.0	-0.011367671900598331
1137.0	-0.011715524545542616
1138.0	-0.012045425309614454
1139.0	-0.010841698568492063
1140.0	-0.011762824287655717
1141.0	-0.010177018885720077
1142.0	-0.011288805152841041
1143.0	-0.009211140584943057
1144.0	-0.010825803215944868
1145.0	-0.010418433825679143
1146.0	-0.010921701663597683
1147.0	-0.010537106383970405
1148.0	-0.012292867443138544
1149.0	-0.011718183555767508
1150.0	-0.010616674771763996
1151.0	-0.0108402623721639
1152.0	-0.011451297420180228
1153.0	-0.01159256362293405
1154.0	-0.010571319708251242
1155.0	-0.011077650722020745
1156.0	-0.011014231927910248
1157.0	-0.011898236229941463
1158.0	-0.012061257204220011
1159.0	-0.013019306024242661
1160.0	-0.010457207605510891
1161.0	-0.012165264756939857
1162.0	-0.011798677283047614
1163.0	-0.01159656482985978
1164.0	-0.01202064306243403
1165.0	-0.012428434468423524
1166.0	-0.013123189035649086
1167.0	-0.011184385901416192
1168.0	-0.01330813255603986
1169.0	-0.012151438624306291
1170.0	-0.012239899065242426
1171.0	-0.012646025416944236
1172.0	-0.012259584616853397
1173.0	-0.011433630322129634
1174.0	-0.011352651121184377
1175.0	-0.012593722978889277
1176.0	-0.012629570815771854
1177.0	-0.011315951719775588
1178.0	-0.011442341909096173
1179.0	-0.011795619265705964
1180.0	-0.011998669749968683
1181.0	-0.012888378387978055
1182.0	-0.01165132042878713
1183.0	-0.011317504924338233
1184.0	-0.011985024083510981
1185.0	-0.011258211878466744
1186.0	-0.011154023859571026
1187.0	-0.012478492378898302
1188.0	-0.013326033670559179
1189.0	-0.012912245612690613
1190.0	-0.011670980597221464
1191.0	-0.012033765180461693
1192.0	-0.011305791244892494
1193.0	-0.011642682616780739
1194.0	-0.010916777901125302
1195.0	-0.01193845652312014
1196.0	-0.012932520954612853
1197.0	-0.012544010934608385
1198.0	-0.012556426254090293
1199.0	-0.01123738244642852
1200.0	-0.013827095055662415
1201.0	-0.012501675813672133
1202.0	-0.014046935690272759
1203.0	-0.013071717937453048
1204.0	-0.013718321198039164
1205.0	-0.014543212920374884
1206.0	-0.013922670645728377
1207.0	-0.012824362270477363
1208.0	-0.01328233096974573
1209.0	-0.013226573881802116
1210.0	-0.015185454041683673
1211.0	-0.01410369942574196
1212.0	-0.01337801840953659
1213.0	-0.013854274538852648
1214.0	-0.01587489574696877
1215.0	-0.015470838615180593
1216.0	-0.01457285309751644
1217.0	-0.014365260007800517
1218.0	-0.014070927456298607
1219.0	-0.013031787585605794
1220.0	-0.014740068436484835
1221.0	-0.013577166845010378
1222.0	-0.012655692885083234
1223.0	-0.013050242790241104
1224.0	-0.013982062849736519
1225.0	-0.01410990708548298
1226.0	-0.01341425772045686
