0.000000	61.934982
1.000000	61.959159
2.000000	62.099773
3.000000	62.068261
4.000000	62.040843
5.000000	62.220519
6.000000	62.202633
7.000000	62.299153
8.000000	62.201738
9.000000	62.194041
10.000000	62.231527
11.000000	62.321099
12.000000	62.303296
13.000000	62.332023
14.000000	62.279961
15.000000	62.373279
16.000000	62.436999
17.000000	62.455989
18.000000	62.484417
19.000000	62.525273
20.000000	62.575848
21.000000	62.624293
22.000000	62.526756
23.000000	62.633588
24.000000	62.521151
25.000000	62.482447
26.000000	62.680476
27.000000	62.550609
28.000000	62.603478
29.000000	62.653159
30.000000	62.682784
31.000000	62.653925
32.000000	62.755549
33.000000	62.726421
34.000000	62.700058
35.000000	62.794072
36.000000	62.722947
37.000000	62.699884
38.000000	62.722035
39.000000	62.760461
40.000000	62.769797
41.000000	62.693767
42.000000	62.789028
43.000000	62.786483
44.000000	62.736628
45.000000	62.812418
46.000000	62.925962
47.000000	62.891877
48.000000	62.958361
49.000000	62.985449
50.000000	62.960415
51.000000	62.992530
52.000000	63.005160
53.000000	63.037121
54.000000	62.994180
55.000000	62.976551
56.000000	63.049834
57.000000	62.994925
58.000000	63.054081
59.000000	63.086202
60.000000	63.046572
61.000000	63.144412
62.000000	63.124924
63.000000	63.173449
64.000000	63.049183
65.000000	63.180669
66.000000	63.184961
67.000000	63.195840
68.000000	63.176854
69.000000	63.202200
70.000000	63.130407
71.000000	63.250172
72.000000	63.131089
73.000000	63.268239
74.000000	63.237966
75.000000	63.258607
76.000000	63.202152
77.000000	63.143782
78.000000	63.132102
79.000000	63.163030
80.000000	63.061851
81.000000	63.094192
82.000000	63.105628
83.000000	63.051258
84.000000	63.069531
85.000000	63.002288
86.000000	63.017647
87.000000	63.016808
88.000000	62.958267
89.000000	62.995802
90.000000	62.981411
91.000000	62.927636
92.000000	62.899383
93.000000	62.959110
94.000000	62.854868
95.000000	62.893304
96.000000	62.879299
97.000000	62.874541
98.000000	62.857594
99.000000	62.940015
100.000000	62.864918
101.000000	62.895337
102.000000	62.818110
103.000000	62.865322
104.000000	62.836254
105.000000	62.834493
106.000000	62.747563
107.000000	62.802733
108.000000	62.886655
109.000000	62.826545
110.000000	62.803872
111.000000	62.761947
112.000000	62.774417
113.000000	62.733715
114.000000	62.702011
115.000000	62.715497
116.000000	62.608927
117.000000	62.472644
118.000000	62.539612
119.000000	62.493552
120.000000	62.403579
121.000000	62.319731
122.000000	62.244836
123.000000	62.213418
124.000000	62.160318
125.000000	62.168611
126.000000	62.134596
127.000000	62.043732
128.000000	62.064198
129.000000	62.041320
130.000000	62.098426
131.000000	61.988899
132.000000	61.963246
133.000000	61.943824
134.000000	61.891550
135.000000	61.924204
136.000000	61.898412
137.000000	61.867718
138.000000	61.946192
139.000000	61.854601
140.000000	61.830002
141.000000	61.829908
142.000000	61.773620
143.000000	61.799956
144.000000	61.685747
145.000000	61.624951
146.000000	61.696215
147.000000	61.753276
148.000000	61.614076
149.000000	61.707898
150.000000	61.650684
151.000000	61.619075
152.000000	61.653323
153.000000	61.591242
154.000000	61.621431
155.000000	61.535069
156.000000	61.528124
157.000000	61.536343
158.000000	61.410535
159.000000	61.509851
160.000000	61.428721
161.000000	61.286510
162.000000	61.348618
163.000000	61.308730
164.000000	61.294234
165.000000	61.205352
166.000000	61.159379
167.000000	61.267286
168.000000	61.302025
169.000000	61.229449
170.000000	61.043590
171.000000	61.066956
172.000000	61.219346
173.000000	61.217466
174.000000	61.289406
175.000000	61.247380
176.000000	61.219106
177.000000	61.290958
178.000000	61.350195
179.000000	61.317412
180.000000	61.240084
181.000000	61.303912
182.000000	61.293876
183.000000	61.268302
184.000000	61.153387
185.000000	61.230865
186.000000	61.235300
187.000000	61.326261
188.000000	61.332197
189.000000	61.259693
190.000000	61.147065
191.000000	61.251394
192.000000	61.267505
193.000000	61.157899
194.000000	61.264995
195.000000	61.249803
196.000000	61.199040
197.000000	61.156398
198.000000	61.234681
199.000000	61.199565
200.000000	61.184366
201.000000	61.157136
202.000000	61.297360
203.000000	61.219955
204.000000	61.175078
205.000000	61.107724
206.000000	61.128409
207.000000	61.129634
208.000000	61.134867
209.000000	61.153975
210.000000	61.147667
211.000000	61.106829
212.000000	61.100333
213.000000	61.109596
214.000000	61.114119
215.000000	61.066433
216.000000	60.992871
217.000000	61.097088
218.000000	61.031989
219.000000	61.031791
220.000000	61.024839
221.000000	60.949230
222.000000	60.993369
223.000000	60.980854
224.000000	60.926658
225.000000	60.818284
226.000000	60.962995
227.000000	61.060887
228.000000	60.869172
229.000000	60.923034
230.000000	60.923030
231.000000	60.965641
232.000000	60.961348
233.000000	60.944548
234.000000	60.914494
235.000000	60.960662
236.000000	60.873033
237.000000	60.922393
238.000000	61.006496
239.000000	60.988808
240.000000	60.952123
241.000000	61.038214
242.000000	61.021343
243.000000	61.011513
244.000000	61.023679
245.000000	61.012592
246.000000	61.063240
247.000000	61.052090
248.000000	61.063038
249.000000	61.052041
250.000000	60.984341
251.000000	60.973560
252.000000	60.988094
253.000000	61.047787
254.000000	61.008926
255.000000	60.978218
256.000000	61.052817
257.000000	61.005371
258.000000	60.979374
259.000000	61.023965
260.000000	60.973577
261.000000	60.927489
262.000000	60.997855
263.000000	60.985473
264.000000	60.935695
265.000000	60.870526
266.000000	60.953417
267.000000	60.885642
268.000000	60.859261
269.000000	60.847891
270.000000	60.852587
271.000000	60.975408
272.000000	60.801264
273.000000	60.890898
274.000000	60.850150
275.000000	60.801963
276.000000	60.787269
277.000000	60.856893
278.000000	60.833496
279.000000	60.846039
280.000000	60.857346
281.000000	60.857708
282.000000	60.850122
283.000000	60.814043
284.000000	60.782138
285.000000	60.838001
286.000000	60.865795
287.000000	60.734741
288.000000	60.671553
289.000000	60.725115
290.000000	60.741832
291.000000	60.735492
292.000000	60.782092
293.000000	60.779377
294.000000	60.834331
295.000000	60.733000
296.000000	60.799843
297.000000	60.748335
298.000000	60.796765
299.000000	60.761877
300.000000	60.685422
301.000000	60.630965
302.000000	60.726434
303.000000	60.667069
304.000000	60.639264
305.000000	60.656754
306.000000	60.573302
307.000000	60.638732
308.000000	60.618645
309.000000	60.608971
310.000000	60.546026
311.000000	60.463845
312.000000	60.398099
313.000000	60.455988
314.000000	60.407857
315.000000	60.401552
316.000000	60.381347
317.000000	60.320662
318.000000	60.295034
319.000000	60.261823
320.000000	60.282404
321.000000	60.152693
322.000000	60.146298
323.000000	60.170458
324.000000	60.114974
325.000000	59.988331
326.000000	60.124958
327.000000	59.970117
328.000000	59.971656
329.000000	59.982674
330.000000	59.985267
331.000000	60.062334
332.000000	59.933947
333.000000	59.919897
334.000000	59.958430
335.000000	59.926956
336.000000	59.887507
337.000000	59.857228
338.000000	59.879114
339.000000	59.835049
340.000000	59.792870
341.000000	59.789646
342.000000	59.685607
343.000000	59.769260
344.000000	59.767039
345.000000	59.642805
346.000000	59.702960
347.000000	59.654477
348.000000	59.695354
349.000000	59.712924
350.000000	59.624535
351.000000	59.611895
352.000000	59.533985
353.000000	59.524736
354.000000	59.531632
355.000000	59.531517
356.000000	59.427668
357.000000	59.491706
358.000000	59.512238
359.000000	59.530145
360.000000	59.441858
361.000000	59.458140
362.000000	59.509529
363.000000	59.452552
364.000000	59.408974
365.000000	59.389497
366.000000	59.448956
367.000000	59.459257
368.000000	59.334573
369.000000	59.410492
370.000000	59.342211
371.000000	59.372734
372.000000	59.249663
373.000000	59.257631
374.000000	59.351503
375.000000	59.261314
376.000000	59.263560
377.000000	59.315594
378.000000	59.277600
379.000000	59.263020
380.000000	59.275055
381.000000	59.216455
382.000000	59.186545
383.000000	59.211206
384.000000	59.253663
385.000000	59.216323
386.000000	59.280440
387.000000	59.268980
388.000000	59.163544
389.000000	59.242961
390.000000	59.217959
391.000000	59.151475
392.000000	59.160700
393.000000	59.193723
394.000000	59.127374
395.000000	59.056893
396.000000	59.220159
397.000000	59.141536
398.000000	59.214641
399.000000	59.140972
400.000000	58.979307
401.000000	59.142803
402.000000	59.079274
403.000000	59.139899
404.000000	59.146305
405.000000	58.905167
406.000000	59.048437
407.000000	59.088297
408.000000	59.052789
409.000000	59.151154
410.000000	59.065575
411.000000	59.080764
412.000000	59.038199
413.000000	59.046011
414.000000	59.058059
415.000000	59.086135
416.000000	59.010794
417.000000	59.081039
418.000000	59.047410
419.000000	59.053530
420.000000	59.025784
421.000000	58.982053
422.000000	59.006568
423.000000	59.050491
424.000000	59.065349
425.000000	58.978868
426.000000	59.078048
427.000000	59.078267
428.000000	59.056015
429.000000	59.176271
430.000000	59.102761
431.000000	59.149378
432.000000	59.082107
433.000000	59.265731
434.000000	59.189858
435.000000	59.197203
436.000000	59.151899
437.000000	59.235995
438.000000	59.183463
439.000000	59.297797
440.000000	59.213770
441.000000	59.143874
442.000000	59.284265
443.000000	59.298329
444.000000	59.262149
445.000000	59.248405
446.000000	59.236537
447.000000	59.213356
448.000000	59.156142
449.000000	59.277901
450.000000	59.191671
451.000000	59.167787
452.000000	59.161419
453.000000	59.176295
454.000000	59.260864
455.000000	59.217599
456.000000	59.210738
457.000000	59.156636
458.000000	59.137120
459.000000	59.173130
460.000000	59.119540
461.000000	59.109814
462.000000	59.095001
463.000000	59.096404
464.000000	59.203824
465.000000	59.064819
466.000000	59.186007
467.000000	59.180535
468.000000	59.086159
469.000000	59.175543
470.000000	59.113580
471.000000	59.128010
472.000000	59.124407
473.000000	59.116424
474.000000	59.116672
475.000000	59.125242
476.000000	59.065518
477.000000	59.156695
478.000000	59.098653
479.000000	59.053226
480.000000	59.064071
481.000000	59.104770
482.000000	59.065860
483.000000	59.136167
484.000000	59.193022
485.000000	59.133066
486.000000	59.232225
487.000000	59.280301
488.000000	59.310734
489.000000	59.263901
490.000000	59.346504
491.000000	59.417044
492.000000	59.454276
493.000000	59.455846
494.000000	59.416933
495.000000	59.566769
496.000000	59.508274
497.000000	59.530512
498.000000	59.506979
499.000000	59.529844
500.000000	59.578829
501.000000	59.637971
502.000000	59.530019
503.000000	59.537521
504.000000	59.616739
505.000000	59.616796
506.000000	59.569751
507.000000	59.622954
508.000000	59.684370
509.000000	59.682570
510.000000	59.595975
511.000000	59.725474
512.000000	59.673370
513.000000	59.686853
514.000000	59.731235
515.000000	59.827812
516.000000	59.811596
517.000000	59.809549
518.000000	59.906508
519.000000	59.974727
520.000000	59.915261
521.000000	60.044108
522.000000	59.927769
523.000000	59.997916
524.000000	59.965095
525.000000	59.925619
526.000000	60.047991
527.000000	60.029356
528.000000	60.011869
529.000000	60.086677
530.000000	60.137633
531.000000	60.126939
532.000000	60.111722
533.000000	60.153062
534.000000	60.121741
535.000000	60.206395
536.000000	60.141780
537.000000	60.167597
538.000000	60.195331
539.000000	60.168617
540.000000	60.227575
541.000000	60.223941
542.000000	60.195252
543.000000	60.293061
544.000000	60.219015
545.000000	60.307703
546.000000	60.247464
547.000000	60.284905
548.000000	60.340086
549.000000	60.359800
550.000000	60.401137
551.000000	60.257797
552.000000	60.332616
553.000000	60.358638
554.000000	60.274925
555.000000	60.387690
556.000000	60.373758
557.000000	60.459271
558.000000	60.431424
559.000000	60.446348
560.000000	60.425671
561.000000	60.373365
562.000000	60.540791
563.000000	60.464841
564.000000	60.475755
565.000000	60.501211
566.000000	60.522846
567.000000	60.512218
568.000000	60.543661
569.000000	60.535038
570.000000	60.551397
571.000000	60.494245
572.000000	60.596879
573.000000	60.597300
574.000000	60.583114
575.000000	60.576974
576.000000	60.628037
577.000000	60.580514
578.000000	60.598638
579.000000	60.579480
580.000000	60.609945
581.000000	60.567809
582.000000	60.621705
583.000000	60.668179
584.000000	60.625858
585.000000	60.628449
586.000000	60.678293
587.000000	60.689168
588.000000	60.619422
589.000000	60.718957
590.000000	60.641543
591.000000	60.698283
592.000000	60.726248
593.000000	60.691843
594.000000	60.718182
595.000000	60.642146
596.000000	60.741392
597.000000	60.682758
598.000000	60.749785
599.000000	60.725841
600.000000	60.723151
601.000000	60.798071
602.000000	60.786123
603.000000	60.755384
604.000000	60.856618
605.000000	60.840553
606.000000	60.871626
607.000000	60.893171
608.000000	60.899037
609.000000	60.861645
610.000000	60.923866
611.000000	60.875801
612.000000	60.878269
613.000000	60.955458
614.000000	60.850513
615.000000	60.899833
616.000000	60.854549
617.000000	60.977387
618.000000	60.985687
619.000000	60.900800
620.000000	60.978429
621.000000	60.970669
622.000000	60.912032
623.000000	60.970140
624.000000	61.041213
625.000000	60.982666
626.000000	61.013736
627.000000	60.994102
628.000000	60.956606
629.000000	60.945062
630.000000	60.996780
631.000000	60.917196
632.000000	60.993226
633.000000	60.986580
634.000000	60.967764
635.000000	61.047805
636.000000	61.058966
637.000000	60.984036
638.000000	61.050837
639.000000	60.981944
640.000000	61.131369
641.000000	61.065216
642.000000	61.098719
643.000000	61.048304
644.000000	60.974338
645.000000	61.065317
646.000000	60.986172
647.000000	61.066097
648.000000	61.055204
649.000000	61.058912
650.000000	61.113578
651.000000	60.983652
652.000000	61.038770
653.000000	61.074247
654.000000	61.002802
655.000000	61.034009
656.000000	61.063168
657.000000	61.003151
658.000000	61.020474
659.000000	61.028721
660.000000	61.015434
661.000000	61.038128
662.000000	60.966460
663.000000	61.011584
664.000000	60.987608
665.000000	61.002053
666.000000	61.047977
667.000000	60.968668
668.000000	60.959296
669.000000	61.006202
670.000000	61.037875
671.000000	61.081387
672.000000	61.003474
673.000000	60.998088
674.000000	60.953880
675.000000	61.044320
676.000000	61.016801
677.000000	61.021337
678.000000	61.023133
679.000000	61.010799
680.000000	61.113308
681.000000	61.072637
682.000000	61.064811
683.000000	61.091185
684.000000	61.054681
685.000000	61.105330
686.000000	61.077682
687.000000	61.032593
688.000000	61.162224
689.000000	61.021854
690.000000	61.147969
691.000000	61.070341
692.000000	61.075754
693.000000	61.115430
694.000000	61.130009
695.000000	61.121540
696.000000	61.100552
697.000000	61.193393
698.000000	61.123166
699.000000	61.102912
700.000000	61.188422
701.000000	61.123807
702.000000	61.168715
703.000000	61.153478
704.000000	61.187771
705.000000	61.210153
706.000000	61.105100
707.000000	61.134025
708.000000	61.200875
709.000000	61.105953
710.000000	61.226745
711.000000	61.187237
712.000000	61.196674
713.000000	61.060214
714.000000	61.193089
715.000000	61.154002
716.000000	61.148129
717.000000	61.143534
718.000000	61.091232
719.000000	61.131047
720.000000	61.129596
721.000000	61.140861
722.000000	61.138654
723.000000	61.113669
724.000000	61.094822
725.000000	61.083711
726.000000	61.145638
727.000000	61.041724
728.000000	61.070527
729.000000	61.124410
730.000000	60.985552
731.000000	61.018728
732.000000	61.029140
733.000000	61.036840
734.000000	61.074385
735.000000	61.007783
736.000000	61.011393
737.000000	60.928265
738.000000	61.030251
739.000000	60.960731
740.000000	61.008574
741.000000	61.013518
742.000000	61.042927
743.000000	60.940927
744.000000	60.946553
745.000000	60.937788
746.000000	60.917305
747.000000	60.835377
748.000000	60.896751
749.000000	60.881055
750.000000	60.744550
751.000000	60.787800
752.000000	60.733340
753.000000	60.743481
754.000000	60.754325
755.000000	60.748272
756.000000	60.750963
757.000000	60.690619
758.000000	60.831835
759.000000	60.748759
760.000000	60.705892
761.000000	60.721819
762.000000	60.759137
763.000000	60.752728
764.000000	60.794402
765.000000	60.824749
766.000000	60.829055
767.000000	60.837340
768.000000	60.826023
769.000000	60.869580
770.000000	60.795337
771.000000	60.877229
772.000000	60.796580
773.000000	60.794268
774.000000	60.809286
775.000000	60.847114
776.000000	60.876374
777.000000	60.870932
778.000000	60.857098
779.000000	60.861805
780.000000	60.913912
781.000000	60.896148
782.000000	60.892127
783.000000	60.938918
784.000000	60.866919
785.000000	60.964179
786.000000	60.986786
787.000000	60.918836
788.000000	61.006879
789.000000	60.848905
790.000000	60.962073
791.000000	60.924013
792.000000	60.846357
793.000000	60.864498
794.000000	60.802901
795.000000	60.867848
796.000000	60.857766
797.000000	60.851632
798.000000	60.837951
799.000000	60.855883
800.000000	60.825423
801.000000	60.777615
802.000000	60.774997
803.000000	60.778061
804.000000	60.830404
805.000000	60.794214
806.000000	60.866077
807.000000	60.839066
808.000000	60.926846
809.000000	60.868382
810.000000	60.870304
811.000000	60.865424
812.000000	60.874565
813.000000	60.934408
814.000000	60.830719
815.000000	60.854542
816.000000	60.883151
817.000000	60.927477
818.000000	60.837049
819.000000	60.844360
820.000000	60.880405
821.000000	60.905640
822.000000	60.818641
823.000000	60.864224
824.000000	60.896335
825.000000	60.819596
826.000000	60.921916
827.000000	60.834770
828.000000	60.811383
829.000000	60.880131
830.000000	60.841786
831.000000	60.887536
832.000000	60.786180
833.000000	60.867293
834.000000	60.818166
835.000000	60.886764
836.000000	60.887070
837.000000	60.826539
838.000000	60.850089
839.000000	60.903899
840.000000	60.814937
841.000000	60.812190
842.000000	60.813071
843.000000	60.891562
844.000000	60.877470
845.000000	60.933693
846.000000	60.854888
847.000000	60.842652
848.000000	60.893940
849.000000	60.810729
850.000000	60.880232
851.000000	60.853576
852.000000	60.874690
853.000000	60.913805
854.000000	60.876981
855.000000	60.920107
856.000000	60.920921
857.000000	60.841926
858.000000	60.859614
859.000000	60.892995
860.000000	60.903944
861.000000	60.903495
862.000000	60.893180
863.000000	60.931202
864.000000	60.868801
865.000000	60.901717
866.000000	60.902869
867.000000	60.911778
868.000000	60.882877
869.000000	60.870334
870.000000	60.952297
871.000000	60.933338
872.000000	60.915448
873.000000	60.879971
874.000000	60.948701
875.000000	60.886091
876.000000	60.960412
877.000000	60.945164
878.000000	60.835259
879.000000	60.898307
880.000000	60.918335
881.000000	61.017296
882.000000	61.010118
883.000000	60.964796
884.000000	61.019531
885.000000	60.992159
886.000000	60.944881
887.000000	60.986697
888.000000	61.024796
889.000000	60.995369
890.000000	61.048110
891.000000	61.079302
892.000000	61.018923
893.000000	61.034349
894.000000	60.980191
895.000000	61.008940
896.000000	61.030576
897.000000	61.025250
898.000000	60.992328
899.000000	61.023714
900.000000	61.019555
901.000000	61.032095
902.000000	60.985390
903.000000	61.059196
904.000000	60.999451
905.000000	61.057835
906.000000	61.168692
907.000000	61.086698
908.000000	61.007198
909.000000	61.051120
910.000000	61.109700
911.000000	61.051535
912.000000	61.038864
913.000000	61.098709
914.000000	61.050098
915.000000	61.021128
916.000000	61.038649
917.000000	61.076451
918.000000	61.063825
919.000000	61.068441
920.000000	61.064651
921.000000	61.048334
922.000000	61.132500
923.000000	61.039307
924.000000	61.056908
925.000000	61.081452
926.000000	61.091962
927.000000	61.142412
928.000000	61.110715
929.000000	61.136403
930.000000	61.050327
931.000000	61.143210
932.000000	61.162795
933.000000	61.101605
934.000000	61.098911
935.000000	61.211428
936.000000	61.171631
937.000000	61.155694
938.000000	61.124993
939.000000	61.176411
940.000000	61.065622
941.000000	61.116326
942.000000	61.134484
943.000000	61.168631
944.000000	61.081350
945.000000	61.159246
946.000000	61.094645
947.000000	61.098631
948.000000	61.218908
949.000000	61.109103
950.000000	61.118712
951.000000	61.249724
952.000000	61.158283
953.000000	61.141549
954.000000	61.127885
955.000000	61.202638
956.000000	61.214432
957.000000	61.175001
958.000000	61.214227
959.000000	61.185559
960.000000	61.228264
961.000000	61.184244
962.000000	61.150577
963.000000	61.181313
964.000000	61.205427
965.000000	61.269218
966.000000	61.205616
967.000000	61.203684
968.000000	61.209362
969.000000	61.202445
970.000000	61.197070
971.000000	61.219301
972.000000	61.139574
973.000000	61.024193
974.000000	61.104769
975.000000	61.062866
976.000000	61.182673
977.000000	61.176027
978.000000	61.197277
979.000000	61.229199
980.000000	61.223738
981.000000	61.208734
982.000000	61.183809
983.000000	61.190837
984.000000	61.197319
985.000000	61.136305
986.000000	61.100208
987.000000	61.175517
988.000000	61.130804
989.000000	61.114296
990.000000	61.063819
991.000000	61.122133
992.000000	61.150624
993.000000	61.014487
994.000000	61.072554
995.000000	61.078883
996.000000	61.082852
997.000000	61.126503
998.000000	61.085661
999.000000	61.041401
1000.000000	61.088026
1001.000000	61.088753
1002.000000	61.139040
1003.000000	61.109094
1004.000000	61.192163
1005.000000	61.045448
1006.000000	61.190911
1007.000000	61.103835
1008.000000	61.056595
1009.000000	61.122240
1010.000000	61.169693
1011.000000	61.164673
1012.000000	61.131480
1013.000000	61.182121
1014.000000	61.199064
1015.000000	61.196747
1016.000000	61.242518
1017.000000	61.200520
1018.000000	61.161123
1019.000000	61.107989
1020.000000	61.180633
1021.000000	61.174248
1022.000000	61.216960
1023.000000	61.188765
1024.000000	61.164560
1025.000000	61.229594
1026.000000	61.145982
1027.000000	61.279483
1028.000000	61.179495
1029.000000	61.296660
1030.000000	61.140809
1031.000000	61.123811
1032.000000	61.240905
1033.000000	61.252390
1034.000000	61.325102
1035.000000	61.333962
1036.000000	61.397909
1037.000000	61.277246
1038.000000	61.321124
1039.000000	61.350046
1040.000000	61.314792
1041.000000	61.384507
1042.000000	61.356772
1043.000000	61.359707
1044.000000	61.442278
1045.000000	61.371286
1046.000000	61.475619
1047.000000	61.406039
1048.000000	61.531544
1049.000000	61.301126
1050.000000	61.382190
1051.000000	61.395788
1052.000000	61.409452
1053.000000	61.412446
1054.000000	61.397748
1055.000000	61.392220
1056.000000	61.345196
1057.000000	61.485730
1058.000000	61.402090
1059.000000	61.398880
1060.000000	61.393185
1061.000000	61.380361
1062.000000	61.471346
1063.000000	61.415493
1064.000000	61.454058
1065.000000	61.336038
1066.000000	61.449105
1067.000000	61.424326
1068.000000	61.365632
1069.000000	61.344292
1070.000000	61.397935
1071.000000	61.390378
1072.000000	61.371642
1073.000000	61.337118
1074.000000	61.415926
1075.000000	61.495807
1076.000000	61.380252
1077.000000	61.435217
1078.000000	61.382118
1079.000000	61.432390
1080.000000	61.386929
1081.000000	61.372872
1082.000000	61.399925
1083.000000	61.388461
1084.000000	61.426678
1085.000000	61.421384
1086.000000	61.443361
1087.000000	61.492909
1088.000000	61.431246
1089.000000	61.389677
1090.000000	61.334880
1091.000000	61.416368
1092.000000	61.356143
1093.000000	61.310006
1094.000000	61.355892
1095.000000	61.393452
1096.000000	61.284615
1097.000000	61.370887
1098.000000	61.259505
1099.000000	61.285917
1100.000000	61.335330
1101.000000	61.311964
1102.000000	61.301844
1103.000000	61.261713
1104.000000	61.262249
1105.000000	61.233777
1106.000000	61.210707
1107.000000	61.241275
1108.000000	61.240899
1109.000000	61.260610
1110.000000	61.251943
1111.000000	61.296725
1112.000000	61.301926
1113.000000	61.354764
1114.000000	61.292523
1115.000000	61.358831
1116.000000	61.274007
1117.000000	61.300966
1118.000000	61.381024
1119.000000	61.367207
1120.000000	61.399137
1121.000000	61.334327
1122.000000	61.406483
1123.000000	61.387514
1124.000000	61.344837
1125.000000	61.387121
1126.000000	61.394376
1127.000000	61.488884
1128.000000	61.434403
1129.000000	61.486245
1130.000000	61.498751
1131.000000	61.512697
1132.000000	61.448182
1133.000000	61.523972
1134.000000	61.510925
1135.000000	61.534824
1136.000000	61.540631
1137.000000	61.518977
1138.000000	61.498442
1139.000000	61.573372
1140.000000	61.516033
1141.000000	61.614747
1142.000000	61.545540
1143.000000	61.674871
1144.000000	61.574361
1145.000000	61.599719
1146.000000	61.568392
1147.000000	61.592332
1148.000000	61.483039
1149.000000	61.518812
1150.000000	61.587379
1151.000000	61.573461
1152.000000	61.535425
1153.000000	61.526632
1154.000000	61.590202
1155.000000	61.558684
1156.000000	61.562632
1157.000000	61.507604
1158.000000	61.497456
1159.000000	61.437819
1160.000000	61.597305
1161.000000	61.490982
1162.000000	61.513801
1163.000000	61.526382
1164.000000	61.499984
1165.000000	61.474600
1166.000000	61.431353
1167.000000	61.552040
1168.000000	61.419840
1169.000000	61.491843
1170.000000	61.486336
1171.000000	61.461055
1172.000000	61.485111
1173.000000	61.536525
1174.000000	61.541566
1175.000000	61.464311
1176.000000	61.462080
1177.000000	61.543850
1178.000000	61.535983
1179.000000	61.513992
1180.000000	61.501352
1181.000000	61.445969
1182.000000	61.522974
1183.000000	61.543753
1184.000000	61.502202
1185.000000	61.547444
1186.000000	61.553930
1187.000000	61.471484
1188.000000	61.418726
1189.000000	61.444484
1190.000000	61.521750
1191.000000	61.499168
1192.000000	61.544483
1193.000000	61.523512
1194.000000	61.568698
1195.000000	61.505100
1196.000000	61.443222
1197.000000	61.467406
1198.000000	61.466633
1199.000000	61.548741
1200.000000	61.387536
1201.000000	61.470041
1202.000000	61.373851
1203.000000	61.434557
1204.000000	61.394307
1205.000000	61.342959
1206.000000	61.381586
1207.000000	61.449954
1208.000000	61.421447
1209.000000	61.424917
1210.000000	61.302980
1211.000000	61.370318
1212.000000	61.415490
1213.000000	61.385844
1214.000000	61.260064
1215.000000	61.285216
1216.000000	61.341114
1217.000000	61.354036
1218.000000	61.372358
1219.000000	61.437042
1220.000000	61.330705
1221.000000	61.403093
1222.000000	61.460454
1223.000000	61.435894
1224.000000	61.377889
1225.000000	61.369931
1226.000000	61.413234

