0.0	0.001989991141964716
1.0	0.0009206205180621423
2.0	0.004728623227569031
3.0	-0.0018598517799611903
4.0	0.0008415588179718429
5.0	-0.002324984531008146
6.0	0.001112976819313048
7.0	-0.0011760088276330184
8.0	0.0006030152692454675
9.0	0.006400058206799155
10.0	0.0015398013239245301
11.0	0.0017166713127864123
12.0	-0.0019622787934801935
13.0	-0.004082545142295343
14.0	4.4421264483380916e-05
15.0	0.002966715581225382
16.0	-0.006459014869753643
17.0	0.0006880541425386645
18.0	-0.006734236526769362
19.0	0.0010464128450101654
20.0	0.003279702105294636
21.0	0.003519875792166825
22.0	0.0005850837496374073
23.0	0.005796092023634506
24.0	0.0028746127759654116
25.0	0.001300714395816217
26.0	0.0047509017822338585
27.0	-8.544640783012481e-05
28.0	0.006797811914470005
29.0	0.006879318821779657
30.0	0.00813153660774701
31.0	0.0067605904267987234
32.0	0.0024380074424768345
33.0	0.004983468157757336
34.0	0.009807590311724556
35.0	0.007117318991124095
36.0	0.007509367215283332
37.0	0.0003332274060507085
38.0	0.0035970356644200257
39.0	-0.003960284781330865
40.0	0.005883304414455771
41.0	-0.0003185561627355404
42.0	-0.005432842906725248
43.0	0.004836212345217708
44.0	0.0038173760038470554
45.0	0.004553655066544248
46.0	0.003765483272859974
47.0	0.0018785983686415248
48.0	0.0019549431718215026
49.0	0.000997508700624374
50.0	-0.0034622775776687632
51.0	0.0023393840846320287
52.0	0.0016332625776396613
53.0	0.00369919098824806
54.0	0.008921881918959668
55.0	0.0018267056376544428
56.0	0.007181709447898594
57.0	0.009379407358657913
58.0	0.0052288039487592
59.0	0.0059599209073270334
60.0	0.007248816801583414
61.0	0.005341826860228837
62.0	0.007042332636398961
63.0	0.007007284666256064
64.0	0.008676002748575551
65.0	0.0076552645793677996
66.0	0.011728979806703965
67.0	0.000985826043909864
68.0	0.010477577089809833
69.0	0.009522044446449805
70.0	0.005290205818932725
71.0	0.006852964921749663
72.0	0.014299164283868331
73.0	0.013096937401050961
74.0	0.01372752917393689
75.0	0.010258051819456026
76.0	0.013672376166657231
77.0	0.015866813801123977
78.0	0.022137955249528808
79.0	0.013513166007712442
80.0	0.019299069667933558
81.0	0.0209683311296353
82.0	0.020650182501436683
83.0	0.02139189535795452
84.0	0.024994500661041148
85.0	0.02023150868755585
86.0	0.018790466566321454
87.0	0.01909611746873265
88.0	0.018175361105824548
89.0	0.0178379225095624
90.0	0.02524988897061139
91.0	0.016472681812125724
92.0	0.014484728342843433
93.0	0.016657159112336634
94.0	0.011887646586266818
95.0	0.010435193498008878
96.0	0.014919703538185879
97.0	0.014231241861110288
98.0	0.011030193921369339
99.0	0.009414998708183065
100.0	0.01034254731336697
101.0	0.0066646839658642395
102.0	0.009715759196155555
103.0	0.0037239147501322407
104.0	0.00395919802256604
105.0	0.0020929615348659735
106.0	0.00510219655273827
107.0	0.0025091901415271374
108.0	0.0009918032171124453
109.0	0.007997321900377054
110.0	-0.0016867854467735057
111.0	-0.0055955850316535835
112.0	9.278202948723441e-05
113.0	-0.004813933790553829
114.0	0.002370085019718791
115.0	-0.0039132824647821725
116.0	-0.002147027783382072
117.0	0.0008440040251911957
118.0	-0.0032821473125146214
119.0	-0.00860482004952588
120.0	-0.006529925879113293
121.0	-0.008460824513278828
122.0	-0.00950954672066302
123.0	-0.013447145412792445
124.0	-0.0027846834882347743
125.0	-0.01800256646232878
126.0	-0.00938321101433306
127.0	-0.011962361251301614
128.0	-0.009071854628410252
129.0	-0.015767103684515928
130.0	-0.011668393005604611
131.0	-0.016216478433483207
132.0	-0.019197186033797123
133.0	-0.018490521147422504
134.0	-0.018617128543443433
135.0	-0.026761570411515105
136.0	-0.024053639260997236
137.0	-0.02786761914370702
138.0	-0.03189786402047835
139.0	-0.028571295443480353
140.0	-0.02669473474752125
141.0	-0.03778456455607234
142.0	-0.03647529193498823
143.0	-0.04018711649386999
144.0	-0.04101305315460779
145.0	-0.03987548841825589
146.0	-0.040171358491789995
147.0	-0.04705869215945561
148.0	-0.040373223932227024
149.0	-0.04743090703616969
150.0	-0.043985610064190744
151.0	-0.052564212058531644
152.0	-0.04409238411276652
153.0	-0.04895318437502308
154.0	-0.04754746191362255
155.0	-0.048591293706568034
156.0	-0.04730375626076681
157.0	-0.0488474970852115
158.0	-0.049105602291692065
159.0	-0.05174398088130545
160.0	-0.048597270879770935
161.0	-0.05099031367838213
162.0	-0.04550652895458898
163.0	-0.0517697914019535
164.0	-0.04499466557668431
165.0	-0.04194168851855558
166.0	-0.04479524534346663
167.0	-0.04689404820669017
168.0	-0.04444585240079931
169.0	-0.04914852926287528
170.0	-0.04589015479832629
171.0	-0.048642371368482214
172.0	-0.049239816999062026
173.0	-0.04489278194254724
174.0	-0.046954363318099185
175.0	-0.047590932264187695
176.0	-0.05246912066667038
177.0	-0.051502720435669065
178.0	-0.047586856918822217
179.0	-0.049211017891812675
180.0	-0.04940228743429908
181.0	-0.04728093432672005
182.0	-0.05090554649478022
183.0	-0.048263364249492326
184.0	-0.04756892539921415
185.0	-0.05062135907796063
186.0	-0.041894686202007196
187.0	-0.045663565596005394
188.0	-0.04806421570596562
189.0	-0.05059446179854838
190.0	-0.04941288333224939
191.0	-0.05111393248780177
192.0	-0.04662616217133251
193.0	-0.0478555580232531
194.0	-0.04799004442031402
195.0	-0.04669489966316346
196.0	-0.04657182423312608
197.0	-0.04592574614785144
198.0	-0.0487138257572238
199.0	-0.045059871102532026
200.0	-0.04117688203830001
201.0	-0.04227260656223289
202.0	-0.05365694799586292
203.0	-0.046982619045966595
204.0	-0.04453306479162058
205.0	-0.04541116587303644
206.0	-0.0474893203197416
207.0	-0.04690871945000597
208.0	-0.049187924268074945
209.0	-0.04656421692177705
210.0	-0.0475664801919948
211.0	-0.04197238945364234
212.0	-0.04235981895305416
213.0	-0.04826580945671168
214.0	-0.04241823223662607
215.0	-0.045148441941808455
216.0	-0.04429289110474807
217.0	-0.04679433809008149
218.0	-0.03768811471575592
219.0	-0.042953189238268484
220.0	-0.03412408934879605
221.0	-0.039450022362099574
222.0	-0.04210334388471972
223.0	-0.042178058549753566
224.0	-0.03575694439189942
225.0	-0.03850209703008825
226.0	-0.04125295515178901
227.0	-0.041477370836581845
228.0	-0.03839179101552925
229.0	-0.03978909109650785
230.0	-0.03824208999577059
231.0	-0.03270070705747843
232.0	-0.032878663805104506
233.0	-0.03402655274971544
234.0	-0.03407844548070252
235.0	-0.029116576653381798
236.0	-0.024919242616625994
237.0	-0.029179880351392424
238.0	-0.028717192807564504
239.0	-0.027633694319728383
240.0	-0.019150998786321656
241.0	-0.016859296242465266
242.0	-0.021501657993132216
243.0	-0.01890511961593754
244.0	-0.02567752854429673
245.0	-0.01596000336514877
246.0	-0.016605538071041467
247.0	-0.01840004848030898
248.0	-0.02265307890372638
249.0	-0.021760306578994717
250.0	-0.025869613155856352
251.0	-0.02319591490640879
252.0	-0.02172824719545311
253.0	-0.029466784665122335
254.0	-0.02463152323382286
255.0	-0.023701257731728632
256.0	-0.02548272703582647
257.0	-0.023719732630718946
258.0	-0.022965793738104662
259.0	-0.027641029941386126
260.0	-0.028237660502892715
261.0	-0.022661772973839596
262.0	-0.027537787858793898
263.0	-0.0279605370180399
264.0	-0.026568127351500007
265.0	-0.02941380517537106
266.0	-0.03142349381993624
267.0	-0.025845432773354424
268.0	-0.03494106024972967
269.0	-0.031855752118368365
270.0	-0.03385756176189324
271.0	-0.02683954535284121
272.0	-0.02599730731064147
273.0	-0.033867614280461616
274.0	-0.034522658125540125
275.0	-0.031046931908165397
276.0	-0.031254231142423074
277.0	-0.03387033117737194
278.0	-0.026739563546541563
279.0	-0.03403524681982834
280.0	-0.03166502595526359
281.0	-0.041773240910115625
282.0	-0.026547750624672593
283.0	-0.043436796888305755
284.0	-0.03793508064490423
285.0	-0.03448462156879562
286.0	-0.03407464182502801
287.0	-0.033825774068042595
288.0	-0.035335553681108266
289.0	-0.03664890164755786
290.0	-0.03262653577182652
291.0	-0.039150348632891276
292.0	-0.03813151229152062
293.0	-0.03670323958576429
294.0	-0.03540157427602921
295.0	-0.03648452938448339
296.0	-0.03731236787305862
297.0	-0.03815188901834803
298.0	-0.03790274957167134
299.0	-0.03686598171069263
300.0	-0.035082067199375434
301.0	-0.0392554925433206
302.0	-0.03646877138240372
303.0	-0.03859012448998274
304.0	-0.04274344479679178
305.0	-0.038707222746817545
306.0	-0.037529719625884354
307.0	-0.03754004383414339
308.0	-0.03262762253059071
309.0	-0.03540320441417534
310.0	-0.03639052475138632
311.0	-0.038203781749335114
312.0	-0.04336479912018223
313.0	-0.038895232013011996
314.0	-0.03371084932873586
315.0	-0.03588708375390358
316.0	-0.03930358161863316
317.0	-0.038899850737759416
318.0	-0.04258450632753795
319.0	-0.0363652576101202
320.0	-0.04400707354978235
321.0	-0.03893082336253715
322.0	-0.03583193074662423
323.0	-0.039783113923304955
324.0	-0.031918512436996734
325.0	-0.04008305934220453
326.0	-0.03747592506705986
327.0	-0.0362609287687641
328.0	-0.044550996311228636
329.0	-0.033220449436422786
330.0	-0.04188463368343882
331.0	-0.04115704869085485
332.0	-0.03309764569607637
333.0	-0.038170635607029
334.0	-0.03880258582837009
335.0	-0.03077823080373483
336.0	-0.03918757012056255
337.0	-0.03787829749947844
338.0	-0.03665134685477721
339.0	-0.03393988373827611
340.0	-0.04291189240523172
341.0	-0.04386796842797369
342.0	-0.039657864975739185
343.0	-0.039005538027571
344.0	-0.038816713692303634
345.0	-0.03840048508564247
346.0	-0.03963395628292854
347.0	-0.03975839016142109
348.0	-0.04048679022307829
349.0	-0.03710941567385739
350.0	-0.03640383754624696
351.0	-0.03709012570579417
352.0	-0.03723765320802477
353.0	-0.03151124959013944
354.0	-0.034087954619888644
355.0	-0.03935954969498605
356.0	-0.03656793811963046
357.0	-0.036059335018018036
358.0	-0.03248960416754624
359.0	-0.033369607076799514
360.0	-0.03236299677152531
361.0	-0.03321990605704085
362.0	-0.03440746169654242
363.0	-0.033153342082737965
364.0	-0.037447941028883415
365.0	-0.03570641010936718
366.0	-0.03888762470166297
367.0	-0.04339984709032545
368.0	-0.0363731366111602
369.0	-0.03918349477519707
370.0	-0.033513874302737535
371.0	-0.03490818579711484
372.0	-0.03310824159402669
373.0	-0.03481825650938326
374.0	-0.03897049005742778
375.0	-0.03892158591304199
376.0	-0.034464516531659176
377.0	-0.03795355554389455
378.0	-0.03479190260935295
379.0	-0.04175286418328821
380.0	-0.02710743138819887
381.0	-0.035690380417596534
382.0	-0.03162970629542941
383.0	-0.04137847578904607
384.0	-0.03853660162084953
385.0	-0.035477919079209184
386.0	-0.04226880290655838
387.0	-0.035164389175757996
388.0	-0.03704719873461096
389.0	-0.032399131500432714
390.0	-0.036790723666276844
391.0	-0.03483645971868229
392.0	-0.03626228721721926
393.0	-0.03204430476394476
394.0	-0.032110868738247644
395.0	-0.03586399013016584
396.0	-0.03332559334685243
397.0	-0.035223345838712165
398.0	-0.03137486136524142
399.0	-0.03596098334986452
400.0	-0.03538717472240438
401.0	-0.030790185150139992
402.0	-0.03477587291758198
403.0	-0.03877514516957559
404.0	-0.039673894667510146
405.0	-0.03159628846343264
406.0	-0.033387810286098864
407.0	-0.0302394701464179
408.0	-0.03750119220832598
409.0	-0.029621919478701644
410.0	-0.0332546823374931
411.0	-0.030369609508422376
412.0	-0.03745582002992341
413.0	-0.030143563685483418
414.0	-0.027576911174302596
415.0	-0.025140669714817217
416.0	-0.025691928097921243
417.0	-0.025911996747657307
418.0	-0.03024273042271016
419.0	-0.028795711128272866
420.0	-0.03288083732263257
421.0	-0.03197583896180446
422.0	-0.027687488878552564
423.0	-0.029359195547473658
424.0	-0.021732050851127307
425.0	-0.030069120710140854
426.0	-0.02948661801256781
427.0	-0.027373415595719434
428.0	-0.02832786148031559
429.0	-0.024635870268879312
430.0	-0.03146316051482688
431.0	-0.02581636197641411
432.0	-0.030434271654887844
433.0	-0.03147538655092332
434.0	-0.026200259509842696
435.0	-0.026239382825351074
436.0	-0.020581716699297335
437.0	-0.022107526004133963
438.0	-0.020536344520894773
439.0	-0.025359651605789086
440.0	-0.023312198094170684
441.0	-0.026114405567476275
442.0	-0.022033898097864307
443.0	-0.028512610470217466
444.0	-0.03028375556605627
445.0	-0.019918250473796577
446.0	-0.025154254199368824
447.0	-0.025596836706059983
448.0	-0.021376409045566445
449.0	-0.02706586286547114
450.0	-0.021816546345038566
451.0	-0.02756142486191389
452.0	-0.01681501082282721
453.0	-0.025275427801569113
454.0	-0.02728321461829688
455.0	-0.024827683190747962
456.0	-0.025830218150656684
457.0	-0.02781165106735446
458.0	-0.02444677424392098
459.0	-0.026452387543120362
460.0	-0.020392348984647722
461.0	-0.01909340057182296
462.0	-0.01893147351596785
463.0	-0.017674637005253072
464.0	-0.01854893443099442
465.0	-0.01956342373730862
466.0	-0.02299649467319111
467.0	-0.01692993556213363
468.0	-0.018181338279028077
469.0	-0.019571574428039588
470.0	-0.02393518255570727
471.0	-0.019339008052516107
472.0	-0.01912926361103908
473.0	-0.028011071300572135
474.0	-0.02140547984250676
475.0	-0.020845527389289513
476.0	-0.017381755518320264
477.0	-0.019127090093511014
478.0	-0.024782854391727654
479.0	-0.026553456108184523
480.0	-0.023028593241216394
481.0	-0.027851900326110707
482.0	-0.021984489758579622
483.0	-0.026234531595396047
484.0	-0.023119065908330235
485.0	-0.021613672514804384
486.0	-0.027113215240677523
487.0	-0.02189242613780333
488.0	-0.012965246269868025
489.0	-0.022949842415300424
490.0	-0.019357600504956506
491.0	-0.020863304772656688
492.0	-0.01699172667544821
493.0	-0.020385402606131347
494.0	-0.02026613083176816
495.0	-0.02530465533644319
496.0	-0.02374977523466593
497.0	-0.021933801339807133
498.0	-0.02296459202758295
499.0	-0.01529126008376144
500.0	-0.028231879252107257
501.0	-0.021589066306370603
502.0	-0.020151012771737177
503.0	-0.017565070292493132
504.0	-0.019951592538519816
505.0	-0.018987948388911866
506.0	-0.012534503157824815
507.0	-0.02362541972514011
508.0	-0.022065920898615428
509.0	-0.020505063623635588
510.0	-0.02025052956762193
511.0	-0.023208686923580368
512.0	-0.014909381931620344
513.0	-0.021003925080854274
514.0	-0.01822725643850545
515.0	-0.022296120435886593
516.0	-0.01720384055687042
517.0	-0.017163087103215593
518.0	-0.017640717580050282
519.0	-0.011791510221818539
520.0	-0.015668017917949084
521.0	-0.014247624213232751
522.0	-0.013463799454604929
523.0	-0.01737042552195663
524.0	-0.019462707832595346
525.0	-0.02148466169774034
526.0	-0.014351992239072528
527.0	-0.017934492505023037
528.0	-0.01930245009937004
529.0	-0.014466645288688296
530.0	-0.01903107128251219
531.0	-0.016817343679981903
532.0	-0.017610405888104884
533.0	-0.014560145726886787
534.0	-0.015531979751708747
535.0	-0.013849988059011982
536.0	-0.018423068938465733
537.0	-0.01797016222351491
538.0	-0.01795223070390685
539.0	-0.014372990714248916
540.0	-0.015165548727473317
541.0	-0.01706574642655241
542.0	-0.019590558725314223
543.0	-0.02323174396452762
544.0	-0.01821825409591077
545.0	-0.020450224092223447
546.0	-0.019202896720694796
547.0	-0.01590431218187322
548.0	-0.01621159322243055
549.0	-0.01823160607525477
550.0	-0.01886386717077019
551.0	-0.02188261132782862
552.0	-0.012626686933744375
553.0	-0.015354723121398368
554.0	-0.016965027920146255
555.0	-0.019879482420331628
556.0	-0.01625514194196242
557.0	-0.01824608399784632
558.0	-0.018113227738931523
559.0	-0.017557622320770724
560.0	-0.01589111694046298
561.0	-0.02071605416350312
562.0	-0.023982035939401146
563.0	-0.022039454648521094
564.0	-0.015428972776016998
565.0	-0.01741995401638426
566.0	-0.01945137783623202
567.0	-0.021242084589825024
568.0	-0.022376117360193383
569.0	-0.023737826091646517
570.0	-0.020993527707013942
571.0	-0.02293257703191045
572.0	-0.01934437128244864
573.0	-0.017372990884319244
574.0	-0.01556380923173593
575.0	-0.019050170531544345
576.0	-0.018542925878387084
577.0	-0.019928543302651175
578.0	-0.0165625797204535
579.0	-0.010141737252290327
580.0	-0.017703172227890057
581.0	-0.013086349308180513
582.0	-0.022892445326604595
583.0	-0.009806511358039923
584.0	-0.020217660318392835
585.0	-0.016457242489299927
586.0	-0.013724587576898513
587.0	-0.020392939353591946
588.0	-0.020229110469899735
589.0	-0.01806238518391814
590.0	-0.022607792899369785
591.0	-0.019200260794444375
592.0	-0.018752244493932257
593.0	-0.015208052474417541
594.0	-0.017630709449351314
595.0	-0.021355885987577074
596.0	-0.0186791991515279
597.0	-0.022060105666732343
598.0	-0.021270032045210652
599.0	-0.015746580626526546
600.0	-0.023545472392088793
601.0	-0.017282209944723945
602.0	-0.0213561968617514
603.0	-0.02009745852319921
604.0	-0.023996748968893172
605.0	-0.02235795593707058
606.0	-0.016385944838492098
607.0	-0.02053029938549695
608.0	-0.02220580971009256
609.0	-0.01690514383805484
610.0	-0.021922748236520205
611.0	-0.02528354971458821
612.0	-0.017326302043638067
613.0	-0.024694254774739674
614.0	-0.018351658937593555
615.0	-0.026324432105416084
616.0	-0.019113244326039915
617.0	-0.021290022130589885
618.0	-0.026855313761693016
619.0	-0.027719015289484047
620.0	-0.028578680656393272
621.0	-0.0233087157194423
622.0	-0.03039085089557788
623.0	-0.032524158349562696
624.0	-0.024091453719305933
625.0	-0.02764981278723788
626.0	-0.02764247716557982
627.0	-0.029838273248502047
628.0	-0.028114945538284836
629.0	-0.030498207508019265
630.0	-0.03035316439749138
631.0	-0.03322003401726275
632.0	-0.03454397788166265
633.0	-0.025559199799228653
634.0	-0.028658364104832544
635.0	-0.028993124988667733
636.0	-0.03056702336881725
637.0	-0.0305879434750266
638.0	-0.03492737122019234
639.0	-0.03380991152097721
640.0	-0.037988266463844414
641.0	-0.03748917250141812
642.0	-0.034337572085444926
643.0	-0.032562351644240956
644.0	-0.03195213659818244
645.0	-0.04035336440876283
646.0	-0.03504427615630322
647.0	-0.03577294790765138
648.0	-0.03736749470431926
649.0	-0.03542953213818665
650.0	-0.030231332464151623
651.0	-0.037930203238930184
652.0	-0.03594822694285049
653.0	-0.0387444572429538
654.0	-0.03658207899202867
655.0	-0.03583198293957227
656.0	-0.0381788384907083
657.0	-0.03437382436780272
658.0	-0.0375099384713869
659.0	-0.03345850179871527
660.0	-0.03445048004515703
661.0	-0.04242375740787839
662.0	-0.03999322143190432
663.0	-0.03617978492857681
664.0	-0.03276899254735885
665.0	-0.03379601876394414
666.0	-0.04090640966794706
667.0	-0.03978976503780484
668.0	-0.03565247442276678
669.0	-0.039298006697036605
670.0	-0.03684740486840977
671.0	-0.03922577642370547
672.0	-0.04648858524437738
673.0	-0.03622496378625512
674.0	-0.03757009944655535
675.0	-0.0417381301811632
676.0	-0.0338094099277715
677.0	-0.04072364087484932
678.0	-0.03767419578270416
679.0	-0.03671024075892189
680.0	-0.037656031757888495
681.0	-0.03729740136572602
682.0	-0.041158111875293196
683.0	-0.031543557089046534
684.0	-0.03568872670512427
685.0	-0.036220190925266814
686.0	-0.03936255389174487
687.0	-0.039419337037170654
688.0	-0.0406343333354664
689.0	-0.037611513833042516
690.0	-0.0403743654856321
691.0	-0.039279456030772444
692.0	-0.035490199909946854
693.0	-0.03884257900759259
694.0	-0.03726596373053308
695.0	-0.040296701418480324
696.0	-0.0356739013255679
697.0	-0.03407718101137194
698.0	-0.038542672773176676
699.0	-0.03861086688562569
700.0	-0.03769667025978579
701.0	-0.04197714134199767
702.0	-0.04346654422823623
703.0	-0.027868567376387876
704.0	-0.03972700732086935
705.0	-0.04034568393183284
706.0	-0.04326716317950192
707.0	-0.04024407198738705
708.0	-0.043602971637617616
709.0	-0.03864300463813433
710.0	-0.04696055202387669
711.0	-0.043868451650239594
712.0	-0.04012728460472658
713.0	-0.044390910926094276
714.0	-0.03656651951405898
715.0	-0.0320190166500457
716.0	-0.04173599844981137
717.0	-0.04022730559550991
718.0	-0.04087148185294713
719.0	-0.03897753301676191
720.0	-0.03996760943536658
721.0	-0.04193600124689467
722.0	-0.04679381292254991
723.0	-0.0347076970169837
724.0	-0.04466729771084091
725.0	-0.046917742606143883
726.0	-0.04283506161900355
727.0	-0.04461354233650009
728.0	-0.04859678489672271
729.0	-0.04135788476886144
730.0	-0.0485818811481993
731.0	-0.04883591100931438
732.0	-0.04102157211584716
733.0	-0.050849946688936
734.0	-0.043643377634307624
735.0	-0.047199563184711156
736.0	-0.044354700429913345
737.0	-0.04402975955943861
738.0	-0.044835319493349006
739.0	-0.04376187352408095
740.0	-0.04577730683664109
741.0	-0.04738951346322607
742.0	-0.044335449646333486
743.0	-0.05366690377452441
744.0	-0.04413711617187999
745.0	-0.0475919614675284
746.0	-0.04797259872466441
747.0	-0.05094895928992186
748.0	-0.052483462664871694
749.0	-0.04931393072929043
750.0	-0.055773120628372724
751.0	-0.05381668316324979
752.0	-0.05017848651063804
753.0	-0.055542456080686343
754.0	-0.0493528215395912
755.0	-0.04958542709959836
756.0	-0.047706964575801855
757.0	-0.050237482358075576
758.0	-0.04968160525022381
759.0	-0.058422949369492674
760.0	-0.043981051337469934
761.0	-0.04717775224215474
762.0	-0.04727610391030825
763.0	-0.05140225524801373
764.0	-0.05093250377221936
765.0	-0.050541853180998325
766.0	-0.0500802523959346
767.0	-0.049798781876025336
768.0	-0.05215107122098201
769.0	-0.050456270928323194
770.0	-0.054779164786819705
771.0	-0.04923723846914533
772.0	-0.04380235788973767
773.0	-0.04810863949259762
774.0	-0.04750304317128684
775.0	-0.05566328222592182
776.0	-0.04821382258751062
777.0	-0.05493189357766302
778.0	-0.05380655487740789
779.0	-0.05010315269894841
780.0	-0.05942078983738012
781.0	-0.05497648987147572
782.0	-0.05085848922450121
783.0	-0.05356805051316488
784.0	-0.05439534562235784
785.0	-0.05101909701638452
786.0	-0.05456165889775308
787.0	-0.04882465938191779
788.0	-0.052485406278885344
789.0	-0.05380337297008235
790.0	-0.048779054698307615
791.0	-0.05774562957144253
792.0	-0.051302780238305534
793.0	-0.055210764754112365
794.0	-0.055940794953915685
795.0	-0.052242594064069246
796.0	-0.05578569932481974
797.0	-0.05517195231277831
798.0	-0.052308614658990185
799.0	-0.04936132489067305
800.0	-0.05413739715381104
801.0	-0.052400213269351265
802.0	-0.05881344842616569
803.0	-0.05473755968130117
804.0	-0.05360189677278669
805.0	-0.05312186027321633
806.0	-0.05929111808748374
807.0	-0.05090215549748348
808.0	-0.0505611849352381
809.0	-0.047693771936084484
810.0	-0.050682669411612716
811.0	-0.054084496033026806
812.0	-0.05366229025316275
813.0	-0.04555642832121786
814.0	-0.050585132812532414
815.0	-0.05457901045518872
816.0	-0.052655990822062876
817.0	-0.05032896861837231
818.0	-0.05670797087411676
819.0	-0.05115137331312689
820.0	-0.05252969430021628
821.0	-0.050487674582418526
822.0	-0.05657759900690468
823.0	-0.04786912934025063
824.0	-0.046356089450892396
825.0	-0.04786373473091334
826.0	-0.04912491827668457
827.0	-0.04896380628990268
828.0	-0.04313606241726257
829.0	-0.04515145654533903
830.0	-0.04944962664195137
831.0	-0.040170065244747505
832.0	-0.046455606246776825
833.0	-0.049583026280248424
834.0	-0.04233842066887553
835.0	-0.044306308285504734
836.0	-0.04402755466250578
837.0	-0.041631251587602024
838.0	-0.04040864797795724
839.0	-0.049986524655914556
840.0	-0.045202108381321354
841.0	-0.03737554345175768
842.0	-0.03833433637140996
843.0	-0.04141230888111351
844.0	-0.04105476524771524
845.0	-0.04276373258879096
846.0	-0.04153732532347167
847.0	-0.041247704112831435
848.0	-0.039639572831611944
849.0	-0.037007171415201476
850.0	-0.040622313628558865
851.0	-0.041907134177450074
852.0	-0.042520066120418594
853.0	-0.036613532237379155
854.0	-0.040205813332206415
855.0	-0.03812253596585527
856.0	-0.03497854286123109
857.0	-0.040906540229861815
858.0	-0.0374740126733616
859.0	-0.03694856481090531
860.0	-0.03613924040580377
861.0	-0.03302078613213667
862.0	-0.031292568007480766
863.0	-0.03338946904286721
864.0	-0.032465724093357816
865.0	-0.0279516390613416
866.0	-0.025331191991336276
867.0	-0.03151702287675696
868.0	-0.0326227999192579
869.0	-0.031035588744247753
870.0	-0.028577379604272184
871.0	-0.030818276175905688
872.0	-0.030838109523350848
873.0	-0.03459313274310645
874.0	-0.030240392203080065
875.0	-0.03383216910300876
876.0	-0.03081668522224292
877.0	-0.03455866733682885
878.0	-0.02201122233589015
879.0	-0.03256066134897819
880.0	-0.028316364180157046
881.0	-0.030471678499115418
882.0	-0.02962726693938729
883.0	-0.02942051108451187
884.0	-0.026635148372050145
885.0	-0.029845201256078643
886.0	-0.02591330804746083
887.0	-0.029328719153426545
888.0	-0.02782654685170959
889.0	-0.029357518260675893
890.0	-0.03428628013017385
891.0	-0.028453917532786303
892.0	-0.028413435768822444
893.0	-0.034421581596308
894.0	-0.0329297335028504
895.0	-0.027267759526223255
896.0	-0.03346174110237456
897.0	-0.0313985295886765
898.0	-0.033676104268599016
899.0	-0.03221522879991915
900.0	-0.03436705033737732
901.0	-0.0295380377689714
902.0	-0.03955088964227118
903.0	-0.03160858490432754
904.0	-0.0374086164284825
905.0	-0.030534363050469932
906.0	-0.03681447025867862
907.0	-0.03574618639353992
908.0	-0.03277851989839569
909.0	-0.03271440113131216
910.0	-0.03425329072580181
911.0	-0.04142698532781506
912.0	-0.036513205575807235
913.0	-0.03607795869077382
914.0	-0.039917205714749396
915.0	-0.03740710384378645
916.0	-0.03500998569980977
917.0	-0.03979797312486957
918.0	-0.04191905454275793
919.0	-0.037325596936476794
920.0	-0.039922446187845795
921.0	-0.03396673647072959
922.0	-0.03773914783071131
923.0	-0.03811435129402668
924.0	-0.035107561483373746
925.0	-0.0373865337962351
926.0	-0.02787413433381646
927.0	-0.039829295808305305
928.0	-0.03392710896032231
929.0	-0.03455335369815147
930.0	-0.03377418684875475
931.0	-0.030305524563346807
932.0	-0.037243120823853344
933.0	-0.031528399862682556
934.0	-0.038380957249896215
935.0	-0.034004075511851264
936.0	-0.04059255051938146
937.0	-0.034976996295437414
938.0	-0.030646534310075548
939.0	-0.035664099524057837
940.0	-0.034993880240764955
941.0	-0.03492161078295046
942.0	-0.035934469951118216
943.0	-0.03445077254839158
944.0	-0.034973775203628515
945.0	-0.03238678515010365
946.0	-0.039207826533157325
947.0	-0.0384006364611008
948.0	-0.032579141451354245
949.0	-0.036762347624176794
950.0	-0.03833628518880966
951.0	-0.03758560657248764
952.0	-0.041136047454896206
953.0	-0.03443889657095314
954.0	-0.035761753676588535
955.0	-0.032605845410042245
956.0	-0.03474322820939253
957.0	-0.040303901115747894
958.0	-0.03527302310690527
959.0	-0.03754978271775488
960.0	-0.040030348781361975
961.0	-0.03398797005280645
962.0	-0.0360457477726842
963.0	-0.04120595007445806
964.0	-0.0374036528484628
965.0	-0.040393908772446516
966.0	-0.04096934753805247
967.0	-0.03967474616028416
968.0	-0.040915281289537316
969.0	-0.04303636270742537
970.0	-0.037856637932380345
971.0	-0.048136832461655836
972.0	-0.047208197097707745
973.0	-0.03933109788561214
974.0	-0.04027983828669636
975.0	-0.03815825267390942
976.0	-0.03522889442520066
977.0	-0.045682698667045454
978.0	-0.03906868482855848
979.0	-0.03725841641721099
980.0	-0.0408137868985413
981.0	-0.0416946048768678
982.0	-0.0403842454970195
983.0	-0.039327100909213375
984.0	-0.04753185788869404
985.0	-0.03753588996072181
986.0	-0.043927933321635616
987.0	-0.04535810785522904
988.0	-0.04171257558095921
989.0	-0.03995881862534654
990.0	-0.03724739469332882
991.0	-0.03505458719700822
992.0	-0.037612545638076124
993.0	-0.04168789100355871
994.0	-0.03991049704482636
995.0	-0.031750608048849396
996.0	-0.04398642497417425
997.0	-0.039880378673605214
998.0	-0.04433228595085834
999.0	-0.03921202203366607
1000.0	-0.04190667957380664
1001.0	-0.038917277903379524
1002.0	-0.03916288538407267
1003.0	-0.038272014887178116
1004.0	-0.04103998945941401
1005.0	-0.034561859650926195
1006.0	-0.04112751272440961
1007.0	-0.04012687959233831
1008.0	-0.036009694014436704
1009.0	-0.040738453086851666
1010.0	-0.03787433954847399
1011.0	-0.03319964672457418
1012.0	-0.03536637201055576
1013.0	-0.03613878580216035
1014.0	-0.03417175243908742
1015.0	-0.0345095019095239
1016.0	-0.03695932785356087
1017.0	-0.039515384466791675
1018.0	-0.034665723481867396
1019.0	-0.038686187529761294
1020.0	-0.040489702883316346
1021.0	-0.03798227872478036
1022.0	-0.03301253089641999
1023.0	-0.038346886290145724
1024.0	-0.03725713893941575
1025.0	-0.031865767895056615
1026.0	-0.040430242025463914
1027.0	-0.0418987248054928
1028.0	-0.03372955917553732
1029.0	-0.0367689517491141
1030.0	-0.038374133628215665
1031.0	-0.03359293844543169
1032.0	-0.029728152590499025
1033.0	-0.034159411451233766
1034.0	-0.03337096796785821
1035.0	-0.030839402611303978
1036.0	-0.03054950971097246
1037.0	-0.03243612292549993
1038.0	-0.03813834616088329
1039.0	-0.033522066620555714
1040.0	-0.03295427435078183
1041.0	-0.03406657194586761
1042.0	-0.037164649492707286
1043.0	-0.03592547281190961
1044.0	-0.03874832870173388
1045.0	-0.03631538670302414
1046.0	-0.04159947950390892
1047.0	-0.030101843469118348
1048.0	-0.036118139987334846
1049.0	-0.03224031302723252
1050.0	-0.04359073243396713
1051.0	-0.03784449546863669
1052.0	-0.03900162186274277
1053.0	-0.03500560988704146
1054.0	-0.031477990938679666
1055.0	-0.03535966073893987
1056.0	-0.037741564260218796
1057.0	-0.039074745574113855
1058.0	-0.035749807135262004
1059.0	-0.04107139311350935
1060.0	-0.037323473010203896
1061.0	-0.04073073342543831
1062.0	-0.04055712371286868
1063.0	-0.03539447620387547
1064.0	-0.04156916781196353
1065.0	-0.038361366814430156
1066.0	-0.04391850775480227
1067.0	-0.03796225465830383
1068.0	-0.04142385301174468
1069.0	-0.038672451510661995
1070.0	-0.03866678521163374
1071.0	-0.04307685227646784
1072.0	-0.03691954880860591
1073.0	-0.03795305639329235
1074.0	-0.031004592545144524
1075.0	-0.04428509551697146
1076.0	-0.03641859220282588
1077.0	-0.04639259245030789
1078.0	-0.043639017431696826
1079.0	-0.03948379529705104
1080.0	-0.04320815676620323
1081.0	-0.04361596299244277
1082.0	-0.04349723459746152
1083.0	-0.045504749724498306
1084.0	-0.03751870294629857
1085.0	-0.045652316411212264
1086.0	-0.044079776479517926
1087.0	-0.050379717035172064
1088.0	-0.04509182057861277
1089.0	-0.04148024951572229
1090.0	-0.04254313877152338
1091.0	-0.047132792722129994
1092.0	-0.04669048190512949
1093.0	-0.04592486035580102
1094.0	-0.041168660624591555
1095.0	-0.03862025050719346
1096.0	-0.03586966407518368
1097.0	-0.04814895135107368
1098.0	-0.04275237901810151
1099.0	-0.04565266646986996
1100.0	-0.04479932833482133
1101.0	-0.04996876808609066
1102.0	-0.04978266064773362
1103.0	-0.04727061776445022
1104.0	-0.041964789788282865
1105.0	-0.047283154674720995
1106.0	-0.04100386253558556
1107.0	-0.0460890784826346
1108.0	-0.04624638681374229
1109.0	-0.050618689011522854
1110.0	-0.03749856132637164
1111.0	-0.04328989878041368
1112.0	-0.040558330626776155
1113.0	-0.03997311103229279
1114.0	-0.046576800662520706
1115.0	-0.04384282648614751
1116.0	-0.05074646153527501
1117.0	-0.044823354581082685
1118.0	-0.044578562169462446
1119.0	-0.05295176675738303
1120.0	-0.04765603048426741
1121.0	-0.047793505467929626
1122.0	-0.04567649939540707
1123.0	-0.050026794728214086
1124.0	-0.04708874240939211
1125.0	-0.05102013142311132
1126.0	-0.05322978368027579
1127.0	-0.049944511936314884
1128.0	-0.04893110938876488
1129.0	-0.04303354126552933
1130.0	-0.05017901932415914
1131.0	-0.04454091485585931
1132.0	-0.04391467011803015
1133.0	-0.04033244154177096
1134.0	-0.043430519088610946
1135.0	-0.0442507894503205
1136.0	-0.04131681247686401
1137.0	-0.05136145204401439
1138.0	-0.04280105325897289
1139.0	-0.04830304119206535
1140.0	-0.04978433257205599
1141.0	-0.04472547052503694
1142.0	-0.05009324375075976
1143.0	-0.044162529485218406
1144.0	-0.04696337851006913
1145.0	-0.0464078122763917
1146.0	-0.047909169509035426
1147.0	-0.04306765921484211
1148.0	-0.04485374724368768
1149.0	-0.04753695463232135
1150.0	-0.052817826341397235
1151.0	-0.051665318672038565
1152.0	-0.03785288646965418
1153.0	-0.04573541947557044
1154.0	-0.04105447778877708
1155.0	-0.04168157678016281
1156.0	-0.04109472704753332
1157.0	-0.05093016555258894
1158.0	-0.04508231664281271
1159.0	-0.05109698302288275
1160.0	-0.05082533251633394
1161.0	-0.04875723058819717
1162.0	-0.05072888267601752
1163.0	-0.048720009100525895
1164.0	-0.04490711597658032
1165.0	-0.04956663336226544
1166.0	-0.04695379360360916
1167.0	-0.04907569009057043
1168.0	-0.044788155076391466
1169.0	-0.046926081255123694
1170.0	-0.04763631729196521
1171.0	-0.04675386917549291
1172.0	-0.04181047524716251
1173.0	-0.04654575487216201
1174.0	-0.041307305939370736
1175.0	-0.041320386229023766
1176.0	-0.04222049417541349
1177.0	-0.04316189895483997
1178.0	-0.05075290892227888
1179.0	-0.05323805452615003
1180.0	-0.05079777690578255
1181.0	-0.0478741241405854
1182.0	-0.04395337020929986
1183.0	-0.054885891686743515
1184.0	-0.04913204741006436
1185.0	-0.051523499255012775
1186.0	-0.05515001325091034
1187.0	-0.055903137074451395
1188.0	-0.045754168665944596
1189.0	-0.046085358399312874
1190.0	-0.05443713868612522
1191.0	-0.05154799051168903
1192.0	-0.04453187593047445
1193.0	-0.0453045614117697
1194.0	-0.05038053990932392
1195.0	-0.04395457452151444
1196.0	-0.04946688666286627
1197.0	-0.05971148984261627
1198.0	-0.05260218569737754
1199.0	-0.050967700516127735
1200.0	-0.055037068708407744
1201.0	-0.049160692381072825
1202.0	-0.05507510526515225
1203.0	-0.05233701655892989
1204.0	-0.049866270508683565
1205.0	-0.04611994135904087
1206.0	-0.05086799039951906
1207.0	-0.05233864669707634
1208.0	-0.04929028836369536
1209.0	-0.05389407017823552
1210.0	-0.047825337549649696
1211.0	-0.04749360443689948
1212.0	-0.041301524688585264
1213.0	-0.04307783188855343
1214.0	-0.0413254333813959
1215.0	-0.0442958167734508
1216.0	-0.043231608253677896
1217.0	-0.04662718601219781
1218.0	-0.05340095338901213
1219.0	-0.05140919626405502
1220.0	-0.046222911751942125
1221.0	-0.046870076595980636
1222.0	-0.04896942283858611
1223.0	-0.0582856623440793
1224.0	-0.04969130234765878
1225.0	-0.04827607074707213
1226.0	-0.043918711482298006
1227.0	-0.048060077442701556
1228.0	-0.04742187835846692
1229.0	-0.051728975030400075
1230.0	-0.04070733933429771
1231.0	-0.044698189205869376
1232.0	-0.04279282940266093
1233.0	-0.038079828332325615
1234.0	-0.038184428863373004
1235.0	-0.04373803783776162
1236.0	-0.041936463496527326
1237.0	-0.0456762720935852
1238.0	-0.05016838944511121
1239.0	-0.05165724895196752
1240.0	-0.04592568322995287
1241.0	-0.04769438311857232
1242.0	-0.04245973784145523
1243.0	-0.04606424497237927
1244.0	-0.04041038250199973
1245.0	-0.043507644979766516
1246.0	-0.04010907863464499
1247.0	-0.044327332777610466
1248.0	-0.045952037129982866
1249.0	-0.04748789895338786
1250.0	-0.041198282605993036
1251.0	-0.03978196424664219
1252.0	-0.03942822426891843
1253.0	-0.03785025054340343
1254.0	-0.04007538911295693
1255.0	-0.04331094164345916
1256.0	-0.03906796373860982
1257.0	-0.052992332093699676
1258.0	-0.04508534701559022
1259.0	-0.04946471314533789
1260.0	-0.04369076383152226
1261.0	-0.04563796384714973
1262.0	-0.058566046105224694
1263.0	-0.04546027878921463
1264.0	-0.04975107407968586
1265.0	-0.05078621180251844
1266.0	-0.048574386027825586
1267.0	-0.04672662443911552
1268.0	-0.05504929474450419
1269.0	-0.054959093767081635
1270.0	-0.049886918925201945
1271.0	-0.04771747674231005
1272.0	-0.05099160920893869
1273.0	-0.04922725635537571
1274.0	-0.051212221238056695
1275.0	-0.052365543976488266
1276.0	-0.055511438908949856
1277.0	-0.05653326383692179


