0.000000	28.268049
1.000000	28.237880
2.000000	28.345311
3.000000	28.159437
4.000000	28.235649
5.000000	28.146315
6.000000	28.243306
7.000000	28.178730
8.000000	28.228919
9.000000	28.392465
10.000000	28.255348
11.000000	28.260338
12.000000	28.156548
13.000000	28.096731
14.000000	28.213160
15.000000	28.295604
16.000000	28.029686
17.000000	28.231318
18.000000	28.021921
19.000000	28.241428
20.000000	28.304434
21.000000	28.311210
22.000000	28.228413
23.000000	28.375426
24.000000	28.293005
25.000000	28.248603
26.000000	28.345939
27.000000	28.209497
28.000000	28.403686
29.000000	28.405986
30.000000	28.441313
31.000000	28.402636
32.000000	28.280688
33.000000	28.352500
34.000000	28.488598
35.000000	28.412700
36.000000	28.423761
37.000000	28.221308
38.000000	28.313386
39.000000	28.100180
40.000000	28.377886
41.000000	28.202920
42.000000	28.058636
43.000000	28.348346
44.000000	28.319603
45.000000	28.340374
46.000000	28.318139
47.000000	28.264906
48.000000	28.267060
49.000000	28.240049
50.000000	28.114230
51.000000	28.277906
52.000000	28.257985
53.000000	28.316268
54.000000	28.463610
55.000000	28.263442
56.000000	28.414517
57.000000	28.476518
58.000000	28.359422
59.000000	28.380048
60.000000	28.416410
61.000000	28.362610
62.000000	28.410585
63.000000	28.409596
64.000000	28.456674
65.000000	28.427877
66.000000	28.542804
67.000000	28.239719
68.000000	28.507500
69.000000	28.480542
70.000000	28.361154
71.000000	28.405242
72.000000	28.615314
73.000000	28.581397
74.000000	28.599187
75.000000	28.501306
76.000000	28.597631
77.000000	28.659540
78.000000	28.836461
79.000000	28.593139
80.000000	28.756371
81.000000	28.803464
82.000000	28.794488
83.000000	28.815413
84.000000	28.917050
85.000000	28.782677
86.000000	28.742022
87.000000	28.750645
88.000000	28.724669
89.000000	28.715149
90.000000	28.924255
91.000000	28.676633
92.000000	28.620549
93.000000	28.681837
94.000000	28.547280
95.000000	28.506304
96.000000	28.632820
97.000000	28.613398
98.000000	28.523090
99.000000	28.477522
100.000000	28.503690
101.000000	28.399931
102.000000	28.486007
103.000000	28.316966
104.000000	28.323604
105.000000	28.270954
106.000000	28.355850
107.000000	28.282696
108.000000	28.239888
109.000000	28.437527
110.000000	28.164320
111.000000	28.054045
112.000000	28.214525
113.000000	28.076097
114.000000	28.278772
115.000000	28.101506
116.000000	28.151335
117.000000	28.235718
118.000000	28.119312
119.000000	27.969149
120.000000	28.027685
121.000000	27.973211
122.000000	27.943625
123.000000	27.832538
124.000000	28.133346
125.000000	27.704020
126.000000	27.947189
127.000000	27.874426
128.000000	27.955973
129.000000	27.767087
130.000000	27.882720
131.000000	27.754409
132.000000	27.670318
133.000000	27.690254
134.000000	27.686682
135.000000	27.456912
136.000000	27.533308
137.000000	27.425708
138.000000	27.312008
139.000000	27.405856
140.000000	27.458798
141.000000	27.145933
142.000000	27.182870
143.000000	27.078152
144.000000	27.054851
145.000000	27.086944
146.000000	27.078597
147.000000	26.884292
148.000000	27.072901
149.000000	26.873791
150.000000	26.970989
151.000000	26.728970
152.000000	26.967977
153.000000	26.830844
154.000000	26.870503
155.000000	26.841054
156.000000	26.877378
157.000000	26.833826
158.000000	26.826544
159.000000	26.752111
160.000000	26.840885
161.000000	26.773373
162.000000	26.928081
163.000000	26.751383
164.000000	26.942522
165.000000	27.028652
166.000000	26.948148
167.000000	26.888937
168.000000	26.958005
169.000000	26.825333
170.000000	26.917258
171.000000	26.839613
172.000000	26.822758
173.000000	26.945396
174.000000	26.887235
175.000000	26.869276
176.000000	26.731653
177.000000	26.758917
178.000000	26.869391
179.000000	26.823570
180.000000	26.818174
181.000000	26.878022
182.000000	26.775765
183.000000	26.850306
184.000000	26.869897
185.000000	26.783782
186.000000	27.029978
187.000000	26.923651
188.000000	26.855924
189.000000	26.784541
190.000000	26.817875
191.000000	26.769886
192.000000	26.896494
193.000000	26.861811
194.000000	26.858016
195.000000	26.894555
196.000000	26.898027
197.000000	26.916254
198.000000	26.837597
199.000000	26.940682
200.000000	27.050229
201.000000	27.019316
202.000000	26.698142
203.000000	26.886438
204.000000	26.955544
205.000000	26.930772
206.000000	26.872143
207.000000	26.888523
208.000000	26.824222
209.000000	26.898242
210.000000	26.869966
211.000000	27.027786
212.000000	27.016856
213.000000	26.850237
214.000000	27.015208
215.000000	26.938183
216.000000	26.962320
217.000000	26.891750
218.000000	27.148654
219.000000	27.000116
220.000000	27.249201
221.000000	27.098947
222.000000	27.024092
223.000000	27.021984
224.000000	27.203136
225.000000	27.125690
226.000000	27.048083
227.000000	27.041751
228.000000	27.128801
229.000000	27.089381
230.000000	27.133025
231.000000	27.289358
232.000000	27.284337
233.000000	27.251953
234.000000	27.250489
235.000000	27.390473
236.000000	27.508888
237.000000	27.388687
238.000000	27.401740
239.000000	27.432308
240.000000	27.671621
241.000000	27.736274
242.000000	27.605304
243.000000	27.678558
244.000000	27.487495
245.000000	27.761645
246.000000	27.743433
247.000000	27.692807
248.000000	27.572821
249.000000	27.598007
250.000000	27.482076
251.000000	27.557506
252.000000	27.598912
253.000000	27.380593
254.000000	27.517005
255.000000	27.543249
256.000000	27.492991
257.000000	27.542728
258.000000	27.563998
259.000000	27.432101
260.000000	27.415269
261.000000	27.572575
262.000000	27.435014
263.000000	27.423087
264.000000	27.462370
265.000000	27.382088
266.000000	27.325390
267.000000	27.482758
268.000000	27.226153
269.000000	27.313196
270.000000	27.256721
271.000000	27.454712
272.000000	27.478474
273.000000	27.256437
274.000000	27.237957
275.000000	27.336014
276.000000	27.330166
277.000000	27.256361
278.000000	27.457533
279.000000	27.251708
280.000000	27.318576
281.000000	27.033404
282.000000	27.462944
283.000000	26.986472
284.000000	27.141686
285.000000	27.239030
286.000000	27.250597
287.000000	27.257618
288.000000	27.215024
289.000000	27.177972
290.000000	27.291450
291.000000	27.107401
292.000000	27.136144
293.000000	27.176439
294.000000	27.213161
295.000000	27.182609
296.000000	27.159254
297.000000	27.135570
298.000000	27.142598
299.000000	27.171847
300.000000	27.222175
301.000000	27.104435
302.000000	27.183054
303.000000	27.123206
304.000000	27.006033
305.000000	27.119903
306.000000	27.153122
307.000000	27.152831
308.000000	27.291420
309.000000	27.213115
310.000000	27.185261
311.000000	27.134106
312.000000	26.988503
313.000000	27.114598
314.000000	27.260860
315.000000	27.199464
316.000000	27.103078
317.000000	27.114468
318.000000	27.010517
319.000000	27.185974
320.000000	26.970384
321.000000	27.113594
322.000000	27.201020
323.000000	27.089550
324.000000	27.311425
325.000000	27.081088
326.000000	27.154640
327.000000	27.188917
328.000000	26.955039
329.000000	27.274695
330.000000	27.030262
331.000000	27.050788
332.000000	27.278159
333.000000	27.135041
334.000000	27.117212
335.000000	27.343595
336.000000	27.106351
337.000000	27.143288
338.000000	27.177903
339.000000	27.254398
340.000000	27.001281
341.000000	26.974308
342.000000	27.093083
343.000000	27.111487
344.000000	27.116814
345.000000	27.128556
346.000000	27.093758
347.000000	27.090247
348.000000	27.069698
349.000000	27.164980
350.000000	27.184885
351.000000	27.165524
352.000000	27.161362
353.000000	27.322915
354.000000	27.250221
355.000000	27.101499
356.000000	27.180256
357.000000	27.194605
358.000000	27.295313
359.000000	27.270487
360.000000	27.298885
361.000000	27.274710
362.000000	27.241207
363.000000	27.276588
364.000000	27.155429
365.000000	27.204561
366.000000	27.114813
367.000000	26.987515
368.000000	27.185752
369.000000	27.106466
370.000000	27.266417
371.000000	27.227081
372.000000	27.277861
373.000000	27.229618
374.000000	27.112475
375.000000	27.113855
376.000000	27.239597
377.000000	27.141165
378.000000	27.230361
379.000000	27.033979
380.000000	27.447155
381.000000	27.205013
382.000000	27.319573
383.000000	27.044541
384.000000	27.124716
385.000000	27.211007
386.000000	27.019424
387.000000	27.219853
388.000000	27.166735
389.000000	27.297866
390.000000	27.173971
391.000000	27.229104
392.000000	27.188879
393.000000	27.307876
394.000000	27.305998
395.000000	27.200116
396.000000	27.271729
397.000000	27.218189
398.000000	27.326762
399.000000	27.197379
400.000000	27.213567
401.000000	27.343257
402.000000	27.230813
403.000000	27.117986
404.000000	27.092631
405.000000	27.320516
406.000000	27.269973
407.000000	27.358794
408.000000	27.153927
409.000000	27.376216
410.000000	27.273729
411.000000	27.355123
412.000000	27.155207
413.000000	27.361500
414.000000	27.433910
415.000000	27.502641
416.000000	27.487089
417.000000	27.480880
418.000000	27.358702
419.000000	27.399525
420.000000	27.284276
421.000000	27.309808
422.000000	27.430790
423.000000	27.383628
424.000000	27.598805
425.000000	27.363600
426.000000	27.380033
427.000000	27.439651
428.000000	27.412724
429.000000	27.516882
430.000000	27.324271
431.000000	27.483578
432.000000	27.353298
433.000000	27.323926
434.000000	27.472748
435.000000	27.471644
436.000000	27.631258
437.000000	27.588212
438.000000	27.632538
439.000000	27.496463
440.000000	27.554226
441.000000	27.475170
442.000000	27.590289
443.000000	27.407512
444.000000	27.357545
445.000000	27.649975
446.000000	27.502258
447.000000	27.489772
448.000000	27.608838
449.000000	27.448328
450.000000	27.596421
451.000000	27.434347
452.000000	27.737524
453.000000	27.498839
454.000000	27.442196
455.000000	27.511471
456.000000	27.483187
457.000000	27.427287
458.000000	27.522217
459.000000	27.465635
460.000000	27.636600
461.000000	27.673246
462.000000	27.677814
463.000000	27.713272
464.000000	27.688606
465.000000	27.659986
466.000000	27.563132
467.000000	27.734281
468.000000	27.698977
469.000000	27.659756
470.000000	27.536650
471.000000	27.666317
472.000000	27.672234
473.000000	27.421661
474.000000	27.608018
475.000000	27.623815
476.000000	27.721535
477.000000	27.672295
478.000000	27.512736
479.000000	27.462784
480.000000	27.562227
481.000000	27.426152
482.000000	27.591683
483.000000	27.471781
484.000000	27.559674
485.000000	27.602144
486.000000	27.446992
487.000000	27.594280
488.000000	27.846133
489.000000	27.564448
490.000000	27.665792
491.000000	27.623314
492.000000	27.732538
493.000000	27.636796
494.000000	27.640161
495.000000	27.498015
496.000000	27.541881
497.000000	27.593113
498.000000	27.564032
499.000000	27.780512
500.000000	27.415432
501.000000	27.602838
502.000000	27.643409
503.000000	27.716363
504.000000	27.649035
505.000000	27.676221
506.000000	27.858285
507.000000	27.545389
508.000000	27.589385
509.000000	27.633420
510.000000	27.640601
511.000000	27.557146
512.000000	27.791285
513.000000	27.619346
514.000000	27.697681
515.000000	27.582891
516.000000	27.726554
517.000000	27.727704
518.000000	27.714229
519.000000	27.879246
520.000000	27.769882
521.000000	27.809954
522.000000	27.832068
523.000000	27.721854
524.000000	27.662827
525.000000	27.605784
526.000000	27.807010
527.000000	27.705941
528.000000	27.667348
529.000000	27.803775
530.000000	27.675004
531.000000	27.737458
532.000000	27.715084
533.000000	27.801138
534.000000	27.773720
535.000000	27.821173
536.000000	27.692157
537.000000	27.704935
538.000000	27.705440
539.000000	27.806418
540.000000	27.784058
541.000000	27.730450
542.000000	27.659220
543.000000	27.556495
544.000000	27.697935
545.000000	27.634967
546.000000	27.670157
547.000000	27.763216
548.000000	27.754547
549.000000	27.697559
550.000000	27.679721
551.000000	27.594557
552.000000	27.855684
553.000000	27.778721
554.000000	27.733291
555.000000	27.651069
556.000000	27.753319
557.000000	27.697150
558.000000	27.700898
559.000000	27.716573
560.000000	27.763588
561.000000	27.627468
562.000000	27.535328
563.000000	27.590132
564.000000	27.776626
565.000000	27.720457
566.000000	27.663147
567.000000	27.612627
568.000000	27.580634
569.000000	27.542218
570.000000	27.619640
571.000000	27.564935
572.000000	27.666166
573.000000	27.721782
574.000000	27.772822
575.000000	27.674465
576.000000	27.688776
577.000000	27.649685
578.000000	27.744645
579.000000	27.925789
580.000000	27.712467
581.000000	27.842716
582.000000	27.566068
583.000000	27.935247
584.000000	27.641528
585.000000	27.747617
586.000000	27.824710
587.000000	27.636583
588.000000	27.641205
589.000000	27.702333
590.000000	27.574098
591.000000	27.670231
592.000000	27.682871
593.000000	27.782859
594.000000	27.714511
595.000000	27.609417
596.000000	27.684931
597.000000	27.589549
598.000000	27.611839
599.000000	27.767666
600.000000	27.547644
601.000000	27.724343
602.000000	27.609408
603.000000	27.644920
604.000000	27.534913
605.000000	27.581147
606.000000	27.749628
607.000000	27.632708
608.000000	27.585439
609.000000	27.734981
610.000000	27.593425
611.000000	27.498610
612.000000	27.723099
613.000000	27.515235
614.000000	27.694172
615.000000	27.469245
616.000000	27.672686
617.000000	27.611275
618.000000	27.454268
619.000000	27.429901
620.000000	27.405648
621.000000	27.554324
622.000000	27.354523
623.000000	27.294339
624.000000	27.532241
625.000000	27.431853
626.000000	27.432060
627.000000	27.370113
628.000000	27.418731
629.000000	27.351495
630.000000	27.355586
631.000000	27.274707
632.000000	27.237356
633.000000	27.490833
634.000000	27.403400
635.000000	27.393956
636.000000	27.349553
637.000000	27.348963
638.000000	27.226539
639.000000	27.258065
640.000000	27.140186
641.000000	27.154266
642.000000	27.243179
643.000000	27.293261
644.000000	27.310476
645.000000	27.073462
646.000000	27.223241
647.000000	27.202684
648.000000	27.157699
649.000000	27.212372
650.000000	27.359024
651.000000	27.141824
652.000000	27.197739
653.000000	27.118852
654.000000	27.179857
655.000000	27.201019
656.000000	27.134809
657.000000	27.242156
658.000000	27.153680
659.000000	27.267979
660.000000	27.239993
661.000000	27.015052
662.000000	27.083622
663.000000	27.191206
664.000000	27.287431
665.000000	27.258457
666.000000	27.057859
667.000000	27.089362
668.000000	27.206083
669.000000	27.103235
670.000000	27.172372
671.000000	27.105273
672.000000	26.900375
673.000000	27.189932
674.000000	27.151983
675.000000	27.034395
676.000000	27.258079
677.000000	27.063016
678.000000	27.149046
679.000000	27.176241
680.000000	27.149559
681.000000	27.159676
682.000000	27.050758
683.000000	27.322003
684.000000	27.205060
685.000000	27.190066
686.000000	27.101414
687.000000	27.099812
688.000000	27.065535
689.000000	27.150815
690.000000	27.072869
691.000000	27.103759
692.000000	27.210661
693.000000	27.116084
694.000000	27.160563
695.000000	27.075060
696.000000	27.205478
697.000000	27.250525
698.000000	27.124545
699.000000	27.122621
700.000000	27.148412
701.000000	27.027652
702.000000	26.985633
703.000000	27.425682
704.000000	27.091132
705.000000	27.073678
706.000000	26.991258
707.000000	27.076545
708.000000	26.981784
709.000000	27.121714
710.000000	26.887060
711.000000	26.974294
712.000000	27.079840
713.000000	26.959555
714.000000	27.180296
715.000000	27.308590
716.000000	27.034455
717.000000	27.077018
718.000000	27.058845
719.000000	27.112277
720.000000	27.084345
721.000000	27.028813
722.000000	26.891764
723.000000	27.232737
724.000000	26.951757
725.000000	26.888268
726.000000	27.003448
727.000000	26.953274
728.000000	26.840899
729.000000	27.045122
730.000000	26.841320
731.000000	26.834153
732.000000	27.054610
733.000000	26.777333
734.000000	26.980644
735.000000	26.880317
736.000000	26.960576
737.000000	26.969744
738.000000	26.947017
739.000000	26.977301
740.000000	26.920442
741.000000	26.874959
742.000000	26.961120
743.000000	26.697861
744.000000	26.966715
745.000000	26.869247
746.000000	26.858509
747.000000	26.774540
748.000000	26.731249
749.000000	26.820667
750.000000	26.638441
751.000000	26.693636
752.000000	26.796276
753.000000	26.644949
754.000000	26.819570
755.000000	26.813008
756.000000	26.866003
757.000000	26.794612
758.000000	26.810294
759.000000	26.563684
760.000000	26.971118
761.000000	26.880933
762.000000	26.878158
763.000000	26.761751
764.000000	26.775004
765.000000	26.786025
766.000000	26.799048
767.000000	26.806989
768.000000	26.740626
769.000000	26.788440
770.000000	26.666482
771.000000	26.822831
772.000000	26.976159
773.000000	26.854671
774.000000	26.871756
775.000000	26.641540
776.000000	26.851703
777.000000	26.662174
778.000000	26.693922
779.000000	26.798402
780.000000	26.535533
781.000000	26.660916
782.000000	26.777092
783.000000	26.700650
784.000000	26.677311
785.000000	26.772561
786.000000	26.672619
787.000000	26.834470
788.000000	26.731194
789.000000	26.694011
790.000000	26.835757
791.000000	26.582793
792.000000	26.764558
793.000000	26.654306
794.000000	26.633711
795.000000	26.738044
796.000000	26.638086
797.000000	26.655401
798.000000	26.736181
799.000000	26.819330
800.000000	26.684588
801.000000	26.733597
802.000000	26.552668
803.000000	26.667656
804.000000	26.699695
805.000000	26.713238
806.000000	26.539192
807.000000	26.775860
808.000000	26.785480
809.000000	26.866375
810.000000	26.782052
811.000000	26.686080
812.000000	26.697992
813.000000	26.926673
814.000000	26.784804
815.000000	26.672129
816.000000	26.726381
817.000000	26.792031
818.000000	26.612067
819.000000	26.768829
820.000000	26.729944
821.000000	26.787554
822.000000	26.615745
823.000000	26.861428
824.000000	26.904113
825.000000	26.861580
826.000000	26.826000
827.000000	26.830545
828.000000	26.994957
829.000000	26.938098
830.000000	26.816839
831.000000	27.078633
832.000000	26.901306
833.000000	26.813075
834.000000	27.017460
835.000000	26.961942
836.000000	26.969806
837.000000	27.037410
838.000000	27.071902
839.000000	26.801692
840.000000	26.936669
841.000000	27.157472
842.000000	27.130422
843.000000	27.043587
844.000000	27.053674
845.000000	27.005461
846.000000	27.040060
847.000000	27.048231
848.000000	27.093599
849.000000	27.167864
850.000000	27.065874
851.000000	27.029627
852.000000	27.012335
853.000000	27.178970
854.000000	27.077624
855.000000	27.136398
856.000000	27.225096
857.000000	27.057856
858.000000	27.154694
859.000000	27.169518
860.000000	27.192350
861.000000	27.280328
862.000000	27.329084
863.000000	27.269927
864.000000	27.295987
865.000000	27.423338
866.000000	27.497266
867.000000	27.322752
868.000000	27.291556
869.000000	27.336334
870.000000	27.405685
871.000000	27.342465
872.000000	27.341905
873.000000	27.235969
874.000000	27.358768
875.000000	27.257437
876.000000	27.342510
877.000000	27.236941
878.000000	27.590929
879.000000	27.293309
880.000000	27.413049
881.000000	27.352243
882.000000	27.376065
883.000000	27.381898
884.000000	27.460479
885.000000	27.369917
886.000000	27.480843
887.000000	27.384488
888.000000	27.426867
889.000000	27.383676
890.000000	27.244626
891.000000	27.409168
892.000000	27.410310
893.000000	27.240809
894.000000	27.282897
895.000000	27.442632
896.000000	27.267888
897.000000	27.326095
898.000000	27.261840
899.000000	27.303054
900.000000	27.242347
901.000000	27.378583
902.000000	27.096101
903.000000	27.320169
904.000000	27.156539
905.000000	27.350475
906.000000	27.173301
907.000000	27.203439
908.000000	27.287163
909.000000	27.288971
910.000000	27.245556
911.000000	27.043173
912.000000	27.181800
913.000000	27.194079
914.000000	27.085767
915.000000	27.156581
916.000000	27.224209
917.000000	27.089130
918.000000	27.029291
919.000000	27.158881
920.000000	27.085619
921.000000	27.253641
922.000000	27.147214
923.000000	27.136629
924.000000	27.221456
925.000000	27.157162
926.000000	27.425525
927.000000	27.088247
928.000000	27.254759
929.000000	27.237091
930.000000	27.259073
931.000000	27.356930
932.000000	27.161208
933.000000	27.322431
934.000000	27.129107
935.000000	27.252587
936.000000	27.066714
937.000000	27.225139
938.000000	27.347310
939.000000	27.205755
940.000000	27.224663
941.000000	27.226702
942.000000	27.198127
943.000000	27.239985
944.000000	27.225230
945.000000	27.298214
946.000000	27.105780
947.000000	27.128552
948.000000	27.292787
949.000000	27.174771
950.000000	27.130367
951.000000	27.151545
952.000000	27.051381
953.000000	27.240320
954.000000	27.203000
955.000000	27.292034
956.000000	27.231734
957.000000	27.074857
958.000000	27.216788
959.000000	27.152556
960.000000	27.082575
961.000000	27.253042
962.000000	27.194988
963.000000	27.049409
964.000000	27.156679
965.000000	27.072318
966.000000	27.056084
967.000000	27.092607
968.000000	27.057609
969.000000	26.997769
970.000000	27.143899
971.000000	26.853875
972.000000	26.880074
973.000000	27.102302
974.000000	27.075536
975.000000	27.135390
976.000000	27.218033
977.000000	26.923111
978.000000	27.109705
979.000000	27.160776
980.000000	27.060472
981.000000	27.035623
982.000000	27.072591
983.000000	27.102415
984.000000	26.870943
985.000000	27.152948
986.000000	26.972616
987.000000	26.932268
988.000000	27.035116
989.000000	27.084593
990.000000	27.161087
991.000000	27.222950
992.000000	27.150785
993.000000	27.035812
994.000000	27.085956
995.000000	27.316162
996.000000	26.970966
997.000000	27.086806
998.000000	26.961209
999.000000	27.105661
1000.000000	27.029640
1001.000000	27.113977
1002.000000	27.107047
1003.000000	27.132181
1004.000000	27.054091
1005.000000	27.236851
1006.000000	27.051622
1007.000000	27.079851
1008.000000	27.196005
1009.000000	27.062598
1010.000000	27.143400
1011.000000	27.275282
1012.000000	27.214154
1013.000000	27.192363
1014.000000	27.247857
1015.000000	27.238328
1016.000000	27.169214
1017.000000	27.097103
1018.000000	27.233921
1019.000000	27.120496
1020.000000	27.069615
1021.000000	27.140355
1022.000000	27.280561
1023.000000	27.130068
1024.000000	27.160812
1025.000000	27.312913
1026.000000	27.071293
1027.000000	27.029864
1028.000000	27.260332
1029.000000	27.174585
1030.000000	27.129300
1031.000000	27.264186
1032.000000	27.373219
1033.000000	27.248205
1034.000000	27.270448
1035.000000	27.341869
1036.000000	27.350047
1037.000000	27.296822
1038.000000	27.135952
1039.000000	27.266186
1040.000000	27.282204
1041.000000	27.250824
1042.000000	27.163421
1043.000000	27.198381
1044.000000	27.118743
1045.000000	27.187381
1046.000000	27.038306
1047.000000	27.362677
1048.000000	27.192946
1049.000000	27.302346
1050.000000	26.982129
1051.000000	27.144242
1052.000000	27.111597
1053.000000	27.224332
1054.000000	27.323853
1055.000000	27.214344
1056.000000	27.147146
1057.000000	27.109534
1058.000000	27.203337
1059.000000	27.053205
1060.000000	27.158941
1061.000000	27.062815
1062.000000	27.067713
1063.000000	27.213361
1064.000000	27.039162
1065.000000	27.129660
1066.000000	26.972882
1067.000000	27.140920
1068.000000	27.043261
1069.000000	27.120884
1070.000000	27.121043
1071.000000	26.996627
1072.000000	27.170336
1073.000000	27.141179
1074.000000	27.337208
1075.000000	26.962540
1076.000000	27.184469
1077.000000	26.903084
1078.000000	26.980767
1079.000000	27.097994
1080.000000	26.992923
1081.000000	26.981418
1082.000000	26.984767
1083.000000	26.928131
1084.000000	27.153433
1085.000000	26.923968
1086.000000	26.968333
1087.000000	26.790599
1088.000000	26.939781
1089.000000	27.041670
1090.000000	27.011684
1091.000000	26.882201
1092.000000	26.894680
1093.000000	26.916279
1094.000000	27.050461
1095.000000	27.122356
1096.000000	27.199956
1097.000000	26.853533
1098.000000	27.005781
1099.000000	26.923958
1100.000000	26.948033
1101.000000	26.802193
1102.000000	26.807443
1103.000000	26.878313
1104.000000	27.028000
1105.000000	26.877959
1106.000000	27.055110
1107.000000	26.911646
1108.000000	26.907208
1109.000000	26.783857
1110.000000	27.154001
1111.000000	26.990617
1112.000000	27.067679
1113.000000	27.084189
1114.000000	26.897887
1115.000000	26.975017
1116.000000	26.780253
1117.000000	26.947355
1118.000000	26.954261
1119.000000	26.718037
1120.000000	26.867440
1121.000000	26.863561
1122.000000	26.923286
1123.000000	26.800556
1124.000000	26.883444
1125.000000	26.772532
1126.000000	26.710193
1127.000000	26.802877
1128.000000	26.831467
1129.000000	26.997849
1130.000000	26.796261
1131.000000	26.955323
1132.000000	26.972991
1133.000000	27.074052
1134.000000	26.986649
1135.000000	26.963508
1136.000000	27.046281
1137.000000	26.762903
1138.000000	27.004408
1139.000000	26.849186
1140.000000	26.807396
1141.000000	26.950116
1142.000000	26.798681
1143.000000	26.965998
1144.000000	26.886981
1145.000000	26.902654
1146.000000	26.860298
1147.000000	26.996886
1148.000000	26.946497
1149.000000	26.870799
1150.000000	26.721816
1151.000000	26.754330
1152.000000	27.144005
1153.000000	26.921624
1154.000000	27.053682
1155.000000	27.035990
1156.000000	27.052547
1157.000000	26.775070
1158.000000	26.940049
1159.000000	26.770364
1160.000000	26.778028
1161.000000	26.836373
1162.000000	26.780749
1163.000000	26.837423
1164.000000	26.944992
1165.000000	26.813538
1166.000000	26.887251
1167.000000	26.827388
1168.000000	26.948348
1169.000000	26.888033
1170.000000	26.867996
1171.000000	26.892891
1172.000000	27.032354
1173.000000	26.898763
1174.000000	27.046549
1175.000000	27.046180
1176.000000	27.020786
1177.000000	26.994228
1178.000000	26.780071
1179.000000	26.709960
1180.000000	26.778805
1181.000000	26.861287
1182.000000	26.971899
1183.000000	26.663471
1184.000000	26.825798
1185.000000	26.758331
1186.000000	26.656020
1187.000000	26.634773
1188.000000	26.921095
1189.000000	26.911751
1190.000000	26.676132
1191.000000	26.757640
1192.000000	26.955578
1193.000000	26.933779
1194.000000	26.790576
1195.000000	26.971865
1196.000000	26.816352
1197.000000	26.527332
1198.000000	26.727899
1199.000000	26.774011
1200.000000	26.659206
1201.000000	26.824990
1202.000000	26.658133
1203.000000	26.735380
1204.000000	26.805085
1205.000000	26.910776
1206.000000	26.776824
1207.000000	26.735334
1208.000000	26.821334
1209.000000	26.691453
1210.000000	26.862663
1211.000000	26.872022
1212.000000	27.046712
1213.000000	26.996599
1214.000000	27.046038
1215.000000	26.962238
1216.000000	26.992261
1217.000000	26.896465
1218.000000	26.705364
1219.000000	26.761556
1220.000000	26.907871
1221.000000	26.889613
1222.000000	26.830386
1223.000000	26.567557
1224.000000	26.810021
1225.000000	26.849947
1226.000000	26.972877
1227.000000	26.856041
1228.000000	26.874046
1229.000000	26.752534
1230.000000	27.063475
1231.000000	26.950886
1232.000000	27.004640
1233.000000	27.137603
1234.000000	27.134652
1235.000000	26.977974
1236.000000	27.028800
1237.000000	26.923292
1238.000000	26.796561
1239.000000	26.754558
1240.000000	26.916256
1241.000000	26.866358
1242.000000	27.014037
1243.000000	26.912347
1244.000000	27.071853
1245.000000	26.984473
1246.000000	27.080354
1247.000000	26.961349
1248.000000	26.915513
1249.000000	26.872183
1250.000000	27.049625
1251.000000	27.089582
1252.000000	27.099562
1253.000000	27.144079
1254.000000	27.081304
1255.000000	26.990023
1256.000000	27.109725
1257.000000	26.716892
1258.000000	26.939964
1259.000000	26.816413
1260.000000	26.979307
1261.000000	26.924373
1262.000000	26.559647
1263.000000	26.929386
1264.000000	26.808334
1265.000000	26.779131
1266.000000	26.841531
1267.000000	26.893660
1268.000000	26.658862
1269.000000	26.661406
1270.000000	26.804502
1271.000000	26.865706
1272.000000	26.773337
1273.000000	26.823112
1274.000000	26.767113
1275.000000	26.734575
1276.000000	26.645824
1277.000000	26.616996


