0.0	0.002408996768946435
1.0	0.0015723947907060165
2.0	-4.487556345549085e-05
3.0	-8.107798704233945e-05
4.0	0.00011726325308204902
5.0	-0.0001987787575660467
6.0	0.0008768278465334919
7.0	0.0026323880272869655
8.0	-0.0017676648299672251
9.0	-0.0017312908309133808
10.0	-0.000315621650753177
11.0	0.0014359922942538002
12.0	-0.002694687079440668
13.0	0.000134592375272594
14.0	-0.0011503362988538452
15.0	-0.000861917938431223
16.0	-0.0010580286974810706
17.0	-0.000386139167787124
18.0	0.0012151746679218021
19.0	-0.0001032112223155581
20.0	-0.0010118748967948832
21.0	-0.00028044867996990117
22.0	0.00121105685670831
23.0	0.001722351749070076
24.0	0.002958724565968791
25.0	0.002063786928868705
26.0	-0.00029383156641434944
27.0	-0.0006148492656121147
28.0	-0.0043069817450525055
29.0	-0.0006580862833553787
30.0	-0.0009259155877097419
31.0	0.0006168910136717216
32.0	-0.00208147635954078
33.0	-0.0018402412526079181
34.0	-0.00370852651533503
35.0	-0.0036772997802982503
36.0	-0.0051343186480619675
37.0	0.0002090561280530372
38.0	-0.0005868824644526496
39.0	-0.0027406693046598597
40.0	-0.0008593443064226907
41.0	-0.00397189485754151
42.0	-0.003250591593283662
43.0	-0.0060817583781362745
44.0	-0.004222566615172723
45.0	-0.004425025666510604
46.0	-0.005325796869496937
47.0	0.0004810032436212919
48.0	-0.004862543107961108
49.0	-0.0013545111048640806
50.0	-0.0005903139737973593
51.0	-0.0003827076584424142
52.0	7.316835800220801e-05
53.0	-0.0007524527903348992
54.0	-0.0030563681643731647
55.0	-0.0002559133881551459
56.0	0.00010096358369467728
57.0	-0.0030139890239656787
58.0	-0.0005944317850108514
59.0	0.0003629593221631936
60.0	-0.0016026092304867617
61.0	-0.00023583905848867327
62.0	0.0002219242880956991
63.0	-7.472111598473196e-06
64.0	-0.0007406140830954107
65.0	-0.0016305760316462268
66.0	0.0003222959364284619
67.0	-0.0004880549953248464
68.0	0.0028715642286130812
69.0	-0.0027591994551209734
70.0	0.0030340461960854117
71.0	0.0015258978390854379
72.0	-0.000743187715103943
73.0	-0.0011280314881132313
74.0	0.00015535300680824833
75.0	-0.0019581135985986212
76.0	-0.002664661372674457
77.0	0.00041202990579230456
78.0	0.0002493763628533778
79.0	-0.003275126885098417
80.0	-0.006242009864534464
81.0	-0.006566459073076539
82.0	-0.0031737257839620815
83.0	-0.004645843292842602
84.0	-0.007690964685338193
85.0	-0.002713388805369177
86.0	-0.0066731790136973345
87.0	-0.006832915773693338
88.0	-0.004493655853404801
89.0	-0.007161139642514914
90.0	-0.006565601195740361
91.0	-0.008090907099463885
92.0	-0.0065736652427007495
93.0	-0.009732712745440547
94.0	-0.0073098955726080056
95.0	-0.006748157492879165
96.0	-0.007226681470998792
97.0	-0.00921421168345497
98.0	-0.008789733977514123
99.0	-0.005633774833184645
100.0	-0.0031696079727485896
101.0	-0.004438923279356439
102.0	-0.0071597670387769504
103.0	-0.009074720828592436
104.0	-0.0032650039325312834
105.0	-0.007940263839231443
106.0	-0.004187736795323839
107.0	-0.007402374749448175
108.0	-0.006344611993941368
109.0	-0.004094742892082282
110.0	-0.007070033069412708
111.0	-0.004263916302776238
112.0	-0.009083471177421205
113.0	-0.0040794726754980835
114.0	-0.00872933941304731
115.0	-0.007496054954558514
116.0	-0.0061781837907229405
117.0	-0.005892510637775846
118.0	-0.004867004070108992
119.0	-0.007372863769083351
120.0	-0.0029262959341443007
121.0	-0.005670817108043389
122.0	-0.006670415780157126
123.0	4.401855463645579e-05
124.0	-0.004292722955207998
125.0	-0.005432652333456166
126.0	-0.007282750596656555
127.0	-0.004489158839128355
128.0	-0.004701397692098579
129.0	-0.0028011993924655053
130.0	-0.004621768649237189
131.0	-0.0070601991895879205
132.0	-0.0042654064037891525
133.0	-0.0037424443796552926
134.0	-0.0082255397630517
135.0	-0.004301762376779115
136.0	-0.009961007588074418
137.0	-0.006614771250580542
138.0	-0.005723779849226553
139.0	-0.007695181967762355
140.0	-0.006768484843159422
141.0	-0.004449985554406139
142.0	-0.006910034603628702
143.0	-0.005885385913298425
144.0	-0.004810122460133676
145.0	-0.006753539751445732
146.0	-0.005671070128657174
147.0	-0.004737013285027315
148.0	-0.004449967528342257
149.0	-0.0058841668589635744
150.0	-0.006490496534109762
151.0	-0.006781145375606525
152.0	-0.0019746302364716125
153.0	-0.003903138488198543
154.0	-0.004393501173557659
155.0	-0.008416927854165661
156.0	-0.008375578166562148
157.0	-0.004849187588471004
158.0	-0.0036579391194549032
159.0	-0.0051463562977227964
160.0	-0.005889088469321199
161.0	-0.00739775155272296
162.0	-0.010325686901096622
163.0	-0.0046081060309408565
164.0	-0.0074952064181124
165.0	-0.005817695048887193
166.0	-0.001097653945238808
167.0	-0.006948720528903476
168.0	-0.0008576198665761153
169.0	-0.006343573855963976
170.0	-0.006696658141470417
171.0	-0.003227402193968769
172.0	-0.0062980883310822895
173.0	-0.002639584643219813
174.0	-0.003205783685096937
175.0	-0.002172538195340602
176.0	-0.003860840792937844
177.0	-0.0041309005783667484
178.0	-0.0020934419049452803
179.0	-0.0007282159121525507
180.0	-0.005163423714125738
181.0	-0.004665168557274029
182.0	-0.006097308982288601
183.0	-0.004965254049468745
184.0	-0.0015191607900438872
185.0	-0.006122340974440861
186.0	-0.004940529156122713
187.0	-0.005852109613544962
188.0	-0.0036188833320076374
189.0	-0.003397550979273852
190.0	-0.002883492853372276
191.0	-0.002331362999808383
192.0	-0.0034997919316820843
193.0	-0.007829155696435334
194.0	-0.004790039445292984
195.0	-0.0030185047200226465
196.0	-0.0036020328840903155
197.0	-0.004982700668934241
198.0	-0.0046148428671815055
199.0	-0.0034093536343847777
200.0	-0.0029055900365173313
201.0	-0.0084102457518337
202.0	-0.007828261766970993
203.0	-0.004875791126782567
204.0	-0.006233982525418882
205.0	-0.006978258876222245
206.0	-0.005835566264433868
207.0	-0.0027240451661182195
208.0	-0.006431104711208021
209.0	-0.00644294341844751
210.0	-0.007623193031496418
211.0	-0.0043371796830019545
212.0	-0.004860484858070205
213.0	-0.006919733615830901
214.0	-0.0071680033169205775
215.0	-0.0071147968960132936
216.0	-0.0052305551148332
217.0	-0.007444393368572833
218.0	-0.007353458370938023
219.0	-0.0076703582589218965
220.0	-0.005870685157024699
221.0	-0.0077662509190424955
222.0	-0.006603655553054641
223.0	-0.006469311962209171
224.0	-0.007260446441632185
225.0	-0.008094971488201574
226.0	-0.008597687607201565
227.0	-0.008635605785460368
228.0	-0.0037604604594312606
229.0	-0.01033317345828856
230.0	-0.008672304909384723
231.0	-0.005873737463306854
232.0	-0.009648912468889059
233.0	-0.005902218990867706
234.0	-0.009244680668082482
235.0	-0.007510549394669167
236.0	-0.0076229313257084146
237.0	-0.005339433432271411
238.0	-0.008160305689089894
239.0	-0.009116838918927759
240.0	-0.008092515353467994
241.0	-0.011234920035886019
242.0	-0.005913163768642455
243.0	-0.00863006129231647
244.0	-0.006543875186200284
245.0	-0.006809112832482232
246.0	-0.008340252302091603
247.0	-0.005397046737134133
248.0	-0.006706339127608333
249.0	-0.007384062223188526
250.0	-0.0038909392596770224
251.0	-0.009428709040169517
252.0	-0.007337375670036271
253.0	-0.008667943418447508
254.0	-0.0038356919592268746
255.0	-0.008759031965485433
256.0	-0.008365609419114371
257.0	-0.009596320245594632
258.0	-0.007164752723933325
259.0	-0.009676102837859135
260.0	-0.007292901571893875
261.0	-0.007011689381095064
262.0	-0.009788123591899709
263.0	-0.00943382025205842
264.0	-0.008435765759149646
265.0	-0.006810756482898261
266.0	-0.005428372943381582
267.0	-0.005452221933327554
268.0	-0.008239293823100726
269.0	-0.003859658446447798
270.0	-0.005574022489000473
271.0	-0.00421994890157805
272.0	-0.004561040930442288
273.0	-0.0063540045630531795
274.0	-0.00888113961996458
275.0	-0.005966740707438472
276.0	-0.00414872705661104
277.0	-0.0065056592500253125
278.0	-0.0060364003471362416
279.0	-0.004121446557320756
280.0	-0.001717141508885847
281.0	-0.008893971727879077
282.0	-0.005542073399966349
283.0	-0.004471099333482487
284.0	-0.0019896033508554883
285.0	-0.00397008094309097
286.0	-0.006264731241898279
287.0	-0.006360127201681372
288.0	-0.004513288872358297
289.0	-0.0033316486295075446
290.0	-0.005950901686260443
291.0	-0.00503983595523998
292.0	-0.0070507004312399466
293.0	-0.00527661010002496
294.0	-0.004059968461857927
295.0	-0.005527778557993678
296.0	-0.005018714146706053
297.0	-0.00669311913145706
298.0	-0.005537901510560412
299.0	-0.0041841710740723815
300.0	-0.006495617742604967
301.0	-0.010774709895458128
302.0	-0.0101364491573421
303.0	-0.009249747142669
304.0	-0.0038166383971897566
305.0	-0.008761596912319746
306.0	-0.007735232467317115
307.0	-0.004446645486814521
308.0	-0.009506577591056569
309.0	-0.005807925243860754
310.0	-0.007779137760865279
311.0	-0.009059777048311226
312.0	-0.007387945695568358
313.0	-0.008345679953676792
314.0	-0.010267668337649088
315.0	-0.007279491974211325
316.0	-0.010245517076311588
317.0	-0.013026583824731508
318.0	-0.010496360409409796
319.0	-0.011552750561178637
320.0	-0.012043266795940866
321.0	-0.00823909553639563
322.0	-0.009049789619083325
323.0	-0.008314074015577457
324.0	-0.01021718909815345
325.0	-0.008192237407775978
326.0	-0.01127733588413751
327.0	-0.011507075434765673
328.0	-0.012725432827605057
329.0	-0.011766497541225657
330.0	-0.008822072921933346
331.0	-0.0077172984884041765
332.0	-0.01143482413699549
333.0	-0.011302539451756766
334.0	-0.01031632366608748
335.0	-0.011013245187933686
336.0	-0.009225085668405474
337.0	-0.007242359569031974
338.0	-0.005570013489887714
339.0	-0.00695514223687992
340.0	-0.01011605904369518
341.0	-0.00961368607562958
342.0	-0.009377598232713783
343.0	-0.010502275420442431
344.0	-0.010478941156898245
345.0	-0.0104013710196436
346.0	-0.01458249358070553
347.0	-0.01187486113226208
348.0	-0.012395421099854802
349.0	-0.012158132228668036
350.0	-0.012590141229102804
351.0	-0.015696515063401376
352.0	-0.010541015423909247
353.0	-0.012483249713015012
354.0	-0.013616334098638437
355.0	-0.01164028141642308
356.0	-0.009813517416766882
357.0	-0.013197500357052161
358.0	-0.011415860705278977
359.0	-0.013064014643543268
360.0	-0.015350926020260692
361.0	-0.013403544467137865
362.0	-0.018057357440433575
363.0	-0.013362881081403134
364.0	-0.014861764363172545
365.0	-0.014977045051090435
366.0	-0.017916475955769194
367.0	-0.01796417393566034
368.0	-0.018921565042834383
369.0	-0.01345654326044959
370.0	-0.018246225977731446
371.0	-0.01735266094436893
372.0	-0.01789552572270226
373.0	-0.015053034957011956
374.0	-0.0200898043731768
375.0	-0.016621388276947462
376.0	-0.017283326429541668
377.0	-0.022020868230848378
378.0	-0.019377919733552625
379.0	-0.017445293670612212
380.0	-0.017390886221434358
381.0	-0.016668553504372942
382.0	-0.02096120011913754
383.0	-0.015496864638621929
384.0	-0.01611179111319377
385.0	-0.018368505207677986
386.0	-0.01958017115729495
387.0	-0.022463153733252993
388.0	-0.02076627236229398
389.0	-0.017464817221748734
390.0	-0.02425953084914471
391.0	-0.017652845907774713
392.0	-0.022799423622970674
393.0	-0.01969150560946674
394.0	-0.02399770668614319
395.0	-0.020655570133798925
396.0	-0.019575845718485897
397.0	-0.025886734554341675
398.0	-0.020892344278583903
399.0	-0.022806097040128415
400.0	-0.021876483132582558
401.0	-0.02457364947752449
402.0	-0.021150547330709035
403.0	-0.02351331309000915
404.0	-0.02300647915979567
405.0	-0.022249127021354086
406.0	-0.020096712784884847
407.0	-0.024678807212875645
408.0	-0.01964598403245689
409.0	-0.01948916405540381
410.0	-0.02497201166031706
411.0	-0.020308590460856396
412.0	-0.021999809841396555
413.0	-0.020975332726533676
414.0	-0.01844030519812929
415.0	-0.022041999380272365
416.0	-0.021427416056634913
417.0	-0.021201451166285853
418.0	-0.024240567417428194
419.0	-0.0255268686952926
420.0	-0.022257308565589023
421.0	-0.020606924146250594
422.0	-0.023109695486814626
423.0	-0.019143556986199246
424.0	-0.021325653778500306
425.0	-0.02142240431595668
426.0	-0.020061810860779235
427.0	-0.024259747817630326
428.0	-0.017896871615202127
429.0	-0.0211552613134711
430.0	-0.02375787154990223
431.0	-0.025889696730303217
432.0	-0.02088621295478189
433.0	-0.02264812142782299
434.0	-0.023769710257141318
435.0	-0.021822825404356396
436.0	-0.021022940576104217
437.0	-0.024181644927909612
438.0	-0.01846080412387694
439.0	-0.022514789263716813
440.0	-0.020470964271943837
441.0	-0.020084061593327804
442.0	-0.022032472599253804
443.0	-0.022743652910944916
444.0	-0.020606165740125085
445.0	-0.025411461824925534
446.0	-0.019682556973932473
447.0	-0.02010171584038886
448.0	-0.02021855873357599
449.0	-0.022189617701177392
450.0	-0.021396406290083755
451.0	-0.0237313768236914
452.0	-0.02450827053933378
453.0	-0.024428659522536676
454.0	-0.027351104455958487
455.0	-0.02315537995411765
456.0	-0.02627187674098336
457.0	-0.026795525066986004
458.0	-0.02587004699671792
459.0	-0.023727240986413625
460.0	-0.029576059062940262
461.0	-0.024118758176581052
462.0	-0.026159305208412836
463.0	-0.027639143613318953
464.0	-0.027433596203570755
465.0	-0.026904954162954162
466.0	-0.025692601911468015
467.0	-0.028515533073893644
468.0	-0.029140067774630834
469.0	-0.0313070659258151
470.0	-0.028233273404226978
471.0	-0.03021651423000227
472.0	-0.02919615492635248
473.0	-0.029213484048543424
474.0	-0.030510594580843743
475.0	-0.03096353578828116
476.0	-0.030092618716594043
477.0	-0.030399738802945574
478.0	-0.03125058154496622
479.0	-0.033730361772920894
480.0	-0.031779337575176314
481.0	-0.03370115438368084
482.0	-0.029939705415477032
483.0	-0.032138273452632884
484.0	-0.03518185066592316
485.0	-0.033732513134375
486.0	-0.03128601854706425
487.0	-0.030228942093426213
488.0	-0.03183557476861962
489.0	-0.03215127362833292
490.0	-0.03211777685241199
491.0	-0.030640855230448773
492.0	-0.033183603654878796
493.0	-0.029792071394034857
494.0	-0.03194894659265202
495.0	-0.031440528923423555
496.0	-0.03084962301426427
497.0	-0.03159786362687842
498.0	-0.03401742086583328
499.0	-0.03395119273548062
500.0	-0.03152336031428836
501.0	-0.03301932681311447
502.0	-0.029704660361592118
503.0	-0.03037706461768786
504.0	-0.03145112704258205
505.0	-0.03181534219971307
506.0	-0.02910084673258056
507.0	-0.03139000661643644
508.0	-0.029582115918176118
509.0	-0.030463155942430382
510.0	-0.03268381765504945
511.0	-0.029226400414786843
512.0	-0.029903951934899642
513.0	-0.03110824013942582
514.0	-0.034767258553689735
515.0	-0.03063671119565259
516.0	-0.02970471325762946
517.0	-0.034273767950110674
518.0	-0.029686183107167946
519.0	-0.030851352105164348
520.0	-0.03489997884571021
521.0	-0.028074535183615246
522.0	-0.03185502902868197
523.0	-0.030442276631465072
524.0	-0.029392063196516452
525.0	-0.030142837881329113
526.0	-0.030149357749084144
527.0	-0.031778981536886554
528.0	-0.03088901958833612
529.0	-0.029191108764573905
530.0	-0.032116945647530856
531.0	-0.028927529287090012
532.0	-0.032015029819992734
533.0	-0.032351146160307306
534.0	-0.03128995189545577
535.0	-0.03138925453117494
536.0	-0.02939966541311239
537.0	-0.02896815311301513
538.0	-0.030862689422229375
539.0	-0.03379937511943185
540.0	-0.03251251955535603
541.0	-0.033251495092739225
542.0	-0.029574461254415187
543.0	-0.028228623289420128
544.0	-0.029392248108211172
545.0	-0.03112992488056232
546.0	-0.030933299395110282
547.0	-0.03389554983693109
548.0	-0.03157842315191574
549.0	-0.03522697546267853
550.0	-0.031011669823827206
551.0	-0.0311338315564988
552.0	-0.03438535823607881
553.0	-0.029096887609479087
554.0	-0.028584734839781134
555.0	-0.0292668793376996
556.0	-0.03192612750438237
557.0	-0.030674656046366836
558.0	-0.0330749968329914
559.0	-0.029633364535714385
560.0	-0.0319622903681592
561.0	-0.03323366458037422
562.0	-0.03157092672739488
563.0	-0.03149114413513038
564.0	-0.03302434251034691
565.0	-0.029561738446257223
566.0	-0.02982442048659493
567.0	-0.03264975370556173
568.0	-0.02943648835517531
569.0	-0.03017769437363265
570.0	-0.03338611605112678
571.0	-0.027494214506259898
572.0	-0.030310968951864928
573.0	-0.029850117246870235
574.0	-0.029325096317129616
575.0	-0.029537981912159013
576.0	-0.03293620561622537
577.0	-0.02995199351459834
578.0	-0.028187682985015665
579.0	-0.028418280412980015
580.0	-0.028970370706733896
581.0	-0.02850402858678814
582.0	-0.029524902616839335
583.0	-0.02637803697227297
584.0	-0.026644836823824167
585.0	-0.03106646863014023
586.0	-0.03021493958625039
587.0	-0.02617039109710801
588.0	-0.03140086921578205
589.0	-0.032161120111102684
590.0	-0.031105205125925593
591.0	-0.030936374866165628
592.0	-0.026310013967627922
593.0	-0.030412898115630374
594.0	-0.02872922805564839
595.0	-0.03063401933308675
596.0	-0.02791540605474034
597.0	-0.024948523075304256
598.0	-0.032916659349188006
599.0	-0.02606290573499879
600.0	-0.030893230304269728
601.0	-0.02727470370027315
602.0	-0.028906901120084483
603.0	-0.023261038795233155
604.0	-0.02162077732846182
605.0	-0.03287643157023502
606.0	-0.021714246398295153
607.0	-0.028676092556842725
608.0	-0.027921503651940946
609.0	-0.02567352188022158
610.0	-0.023602566430879143
611.0	-0.026095214818876486
612.0	-0.026126441553913263
613.0	-0.024766362825137583
614.0	-0.025233048096018125
615.0	-0.020439361557115794
616.0	-0.0257779322201482
617.0	-0.023427691469956317
618.0	-0.025709130457786604
619.0	-0.024058402887514152
620.0	-0.025498053073276926
621.0	-0.024977664681151993
622.0	-0.026977719902716073
623.0	-0.019728484836549043
624.0	-0.025196080250942457
625.0	-0.02456858920745232
626.0	-0.024735017410670745
627.0	-0.024848257219046176
628.0	-0.025910652512168675
629.0	-0.02859735275360912
630.0	-0.027682815953433915
631.0	-0.027554649079409084
632.0	-0.025944756470338358
633.0	-0.022610015689149533
634.0	-0.028415957924931262
635.0	-0.024001796319553764
636.0	-0.026427187124394874
637.0	-0.031601216914348154
638.0	-0.028037594459866984
639.0	-0.029551576382753207
640.0	-0.03140232138801235
641.0	-0.027682222107412495
642.0	-0.02948839705100044
643.0	-0.03165865513606202
644.0	-0.029740098261434825
645.0	-0.03312901733046055
646.0	-0.033516091584543585
647.0	-0.03216973889314676
648.0	-0.03429161269644801
649.0	-0.03325924311009213
650.0	-0.03345239752638943
651.0	-0.03169838152484092
652.0	-0.03677512802487173
653.0	-0.0337770183103989
654.0	-0.035399435928577874
655.0	-0.0318198173958337
656.0	-0.0334638535228841
657.0	-0.03239287945640024
658.0	-0.03745040950410076
659.0	-0.035335055568554534
660.0	-0.03653192646817946
661.0	-0.03700804838975795
662.0	-0.034479540729108187
663.0	-0.03219964592048329
664.0	-0.038638358479429515
665.0	-0.03261447584044876
666.0	-0.04067766492318066
667.0	-0.03495905460022176
668.0	-0.03774200867878144
669.0	-0.03822842512839404
670.0	-0.036559985725185866
671.0	-0.03785675310655178
672.0	-0.04038079980505322
673.0	-0.038906280239631184
674.0	-0.03940316279274532
675.0	-0.04043652227209472
676.0	-0.03694993720240218
677.0	-0.036130492770885723
678.0	-0.038265063158762214
679.0	-0.040225141296460674
680.0	-0.0423979334537207
681.0	-0.03993256556501413
682.0	-0.04007274272174544
683.0	-0.03765524438839741
684.0	-0.035315641317174504
685.0	-0.040686085457302276
686.0	-0.04110095493707776
687.0	-0.041683282072875256
688.0	-0.03705022973111527
689.0	-0.044683450692954776
690.0	-0.0397367188372786
691.0	-0.042404374201856054
692.0	-0.041472204688365565
693.0	-0.043278894358355274
694.0	-0.0438102635803835
695.0	-0.04311139714252324
696.0	-0.04053467677558098
697.0	-0.045007649206410164
698.0	-0.04191654558869545
699.0	-0.04469263664856565
700.0	-0.04238422075256951
701.0	-0.04455173363015552
702.0	-0.048459364896443785
703.0	-0.04696751620883122
704.0	-0.04987572037847275
705.0	-0.04468363560464941
706.0	-0.045341284370563124
707.0	-0.043239141745994
708.0	-0.04631137206231242
709.0	-0.049489636017382856
710.0	-0.04618402350581373
711.0	-0.04656835255242122
712.0	-0.051192826120819476
713.0	-0.048556912217680534
714.0	-0.04919397192752598
715.0	-0.04468630169250527
716.0	-0.04724775184286413
717.0	-0.049204741622151875
718.0	-0.04805690174634645
719.0	-0.049606742941884704
720.0	-0.049827457049957696
721.0	-0.04942408312648731
722.0	-0.05273222971025462
723.0	-0.04800498243698242
724.0	-0.05178547628204908
725.0	-0.05169718297363119
726.0	-0.05215769152769109
727.0	-0.05065897982138906
728.0	-0.05245571811427946
729.0	-0.051692550436015915
730.0	-0.05214523457579122
731.0	-0.05370965968604452
732.0	-0.05203353894662115
733.0	-0.05266201988310445
734.0	-0.05210594379379445
735.0	-0.05310217901377187
736.0	-0.055627426740543946
737.0	-0.05406214375295446
738.0	-0.0512812485800015
739.0	-0.05435141999071366
740.0	-0.051908768120890014
741.0	-0.058411478329115224
742.0	-0.05947421677317172
743.0	-0.058692347368979644
744.0	-0.05727925182082835
745.0	-0.05363196859554415
746.0	-0.059430189935300665
747.0	-0.05852856085497814
748.0	-0.05586725378268824
749.0	-0.057690414697532756
750.0	-0.05671885088378646
751.0	-0.05716820703247606
752.0	-0.05887829971441214
753.0	-0.05886903463918159
754.0	-0.06329551011838995
755.0	-0.0582365039486924
756.0	-0.06017822351139639
757.0	-0.05956484121602951
758.0	-0.06149094741121532
759.0	-0.06016775740789527
760.0	-0.06123416699397185
761.0	-0.06331143117579231
762.0	-0.06029770809380084
763.0	-0.059183153858638926
764.0	-0.06216050294157652
765.0	-0.06628044111804356
766.0	-0.06395353463139544
767.0	-0.05996320398989962
768.0	-0.06516571530741422
769.0	-0.06453277340878263
770.0	-0.06514519430855435
771.0	-0.06199438242824187
772.0	-0.06331980291263607
773.0	-0.06324104977317474
774.0	-0.06660890461954054
775.0	-0.06459759347434672
776.0	-0.06305684577857197
777.0	-0.0680534665354044
778.0	-0.06470843122618102
779.0	-0.06358941602887118
780.0	-0.06550237897028796
781.0	-0.06540904191611162
782.0	-0.06531810691847681
783.0	-0.06288636782134843
784.0	-0.06640864058822578
785.0	-0.06752515021073545
786.0	-0.06640939494730295
787.0	-0.06172435523897034
788.0	-0.06829775453969697
789.0	-0.06623850578193623
790.0	-0.06401581366110876
791.0	-0.062466658767439634
792.0	-0.06758012241745881
793.0	-0.06382845325088768
794.0	-0.06255536328400031
795.0	-0.06345929090260496
796.0	-0.06395823236132586
797.0	-0.06750504042001797
798.0	-0.06527850558170302
799.0	-0.06508788523760421
800.0	-0.0688828594791274
801.0	-0.06594960529126918
802.0	-0.06649178376773336
803.0	-0.06605821256202933
804.0	-0.06736132823568293
805.0	-0.06701584330187879
806.0	-0.06735659217980865
807.0	-0.06440961195457161
808.0	-0.06421058441257843
809.0	-0.061989196838280546
810.0	-0.06656089321997873
811.0	-0.0658761355302417
812.0	-0.06811536695313232
813.0	-0.06334213745464083
814.0	-0.06657753604030049
815.0	-0.0611719474267872
816.0	-0.06396056349576579
817.0	-0.06541397927871742
818.0	-0.06254575219294173
819.0	-0.06399916797589376
820.0	-0.06559626048212984
821.0	-0.061544162672429216
822.0	-0.0609508547067288
823.0	-0.06639322852743872
824.0	-0.062455228403449685
825.0	-0.0637077973714768
826.0	-0.06472026420363362
827.0	-0.06476384437231127
828.0	-0.06187159672112261
829.0	-0.06156945232332114
830.0	-0.06286388570535394
831.0	-0.06316877531063135
832.0	-0.06420715003834049
833.0	-0.06744718116161542
834.0	-0.06503071228107087
835.0	-0.06098056985871803
836.0	-0.06445188471182645
837.0	-0.06000533490295167
838.0	-0.06705228249324778
839.0	-0.06316489713209324
840.0	-0.06462627344374586
841.0	-0.061641718191184455
842.0	-0.06161581029563214
843.0	-0.06254523460164671
844.0	-0.06281666699081317
845.0	-0.06315302296380314
846.0	-0.06306980886219393
847.0	-0.06764486869602841
848.0	-0.06380706864490476
849.0	-0.06320295142476844
850.0	-0.06362543828231053
851.0	-0.06423659009660328
852.0	-0.06167153686143269
853.0	-0.05859862024324508
854.0	-0.05933519372408711
855.0	-0.06491918536247455
856.0	-0.0605040338641036
857.0	-0.06287572154769983
858.0	-0.062338861910719745
859.0	-0.06188693213002163
860.0	-0.06017725065622838
861.0	-0.05813104163397779
862.0	-0.05760018713835134
863.0	-0.05593075784215004
864.0	-0.057917773328204004
865.0	-0.054549814963579746
866.0	-0.05595004235168834
867.0	-0.05499385227278528
868.0	-0.05672487716172397
869.0	-0.05760934869532292
870.0	-0.05418219679450242
871.0	-0.05500747479190513
872.0	-0.05535577299039316
873.0	-0.059403581413412745
874.0	-0.05905185170557999
875.0	-0.06059901575085072
876.0	-0.061005821183665834
877.0	-0.05941480187599106
878.0	-0.056811830462561705
879.0	-0.05836252953543612
880.0	-0.057644897413198
881.0	-0.058490249740267564
882.0	-0.054768777855929825
883.0	-0.051953396014062445
884.0	-0.05575722412267323
885.0	-0.05338303086427686
886.0	-0.05396003916058989
887.0	-0.05417742527757717
888.0	-0.05368980779969399
889.0	-0.053563013529406726
890.0	-0.05165361821175153
891.0	-0.05035359089650791
892.0	-0.04941490151526279
893.0	-0.05478778727174214
894.0	-0.05164400998558619
895.0	-0.0521002972101736
896.0	-0.055367437257271696
897.0	-0.05434021493493291
898.0	-0.05269737983615311
899.0	-0.05536211841778764
900.0	-0.04978546906344045
901.0	-0.04967548918894274
902.0	-0.05036659517096738
903.0	-0.043437519926662074
904.0	-0.04562768076592312
905.0	-0.04473281118603104
906.0	-0.047673271543512565
907.0	-0.04585388528894758
908.0	-0.04531496674636074
909.0	-0.04837844671385043
910.0	-0.04589032734520982
911.0	-0.04131509593590806
912.0	-0.043582980461826855
913.0	-0.048757868129116665
914.0	-0.0466291313071256
915.0	-0.05107317554120061
916.0	-0.046760454596769155
917.0	-0.049024564462408854
918.0	-0.04454078277714369
919.0	-0.045328485747221585
920.0	-0.046324206240797625
921.0	-0.043703562554242494
922.0	-0.03941297484508464
923.0	-0.04029984843522514
924.0	-0.04323224474574668
925.0	-0.04057306463627196
926.0	-0.03855533714158256
927.0	-0.04435149957573226
928.0	-0.04424477963511147
929.0	-0.03921761844511157
930.0	-0.04443255125347533
931.0	-0.04072497698198376
932.0	-0.03813178537018668
933.0	-0.0436270044348047
934.0	-0.04100584602184819
935.0	-0.042164048482896156
936.0	-0.037983783799170355
937.0	-0.04357525670090807
938.0	-0.04123994301636563
939.0	-0.0398555005712426
940.0	-0.038777388392342904
941.0	-0.034818627636818276
942.0	-0.03432723549865598
943.0	-0.035484683600626385
944.0	-0.03428897416946239
945.0	-0.03339599191971003
946.0	-0.03829481466021777
947.0	-0.03377002643828341
948.0	-0.03529104295532606
949.0	-0.03544751978144475
950.0	-0.03632828471197261
951.0	-0.03451833510810555
952.0	-0.03359834745278891
953.0	-0.03681573061438881
954.0	-0.03810940963734443
955.0	-0.03867739249110191
956.0	-0.03728471442355148
957.0	-0.0378207161831954
958.0	-0.03659412316792862
959.0	-0.03420321903200202
960.0	-0.03492047254225477
961.0	-0.03404475135748457
962.0	-0.03046603026188696
963.0	-0.033068486948914615
964.0	-0.03235233094867382
965.0	-0.02962297647309989
966.0	-0.03290264152930636
967.0	-0.03275319929734409
968.0	-0.03132328935340364
969.0	-0.028337533072571648
970.0	-0.03234045678038372
971.0	-0.03455086352477866
972.0	-0.030378834463480237
973.0	-0.029551840711405153
974.0	-0.03103390959738543
975.0	-0.03507818299280141
976.0	-0.03334509919825593
977.0	-0.036569173803077844
978.0	-0.03508161450214611
979.0	-0.036101287503926736
980.0	-0.032522806041004514
981.0	-0.0303262969094554
982.0	-0.034466241358380875
983.0	-0.03339852722577431
984.0	-0.034493178706736766
985.0	-0.03455432763028075
986.0	-0.03272756363062453
987.0	-0.034396478200424095
988.0	-0.034069455359873484
989.0	-0.034468025170261214
990.0	-0.032550051079244184
991.0	-0.03691733302225627
992.0	-0.03534981955359265
993.0	-0.0361548516458619
994.0	-0.03475050644653939
995.0	-0.040318198415539144
996.0	-0.0367562917157303
997.0	-0.042842073538573264
998.0	-0.03786587026234215
999.0	-0.03721062355296997
1000.0	-0.03355699203539852
1001.0	-0.03869344679802741
1002.0	-0.03416539864221534
1003.0	-0.03978775512805548
1004.0	-0.03632296014270167
1005.0	-0.039057254845774644
1006.0	-0.03739554644559889
1007.0	-0.0363557991141518
1008.0	-0.035729033932340865
1009.0	-0.03615299691187953
1010.0	-0.03730176272222955
1011.0	-0.04130324576909565
1012.0	-0.034807913305961655
1013.0	-0.03889295360537136
1014.0	-0.04215649056765784
1015.0	-0.03958224031446464
1016.0	-0.045067679577450774
1017.0	-0.043974229124758894
1018.0	-0.04589810483887057
1019.0	-0.036557364827102895
1020.0	-0.037941360603032534
1021.0	-0.03956806760789241
1022.0	-0.04119940715036756
1023.0	-0.03928754171896238
1024.0	-0.03807141480719712
1025.0	-0.039915061259850886
1026.0	-0.03985483827085107
1027.0	-0.03879364400599954
1028.0	-0.03913885384607727
1029.0	-0.039340455020078983
1030.0	-0.041269031329014313
1031.0	-0.03642957370016983
1032.0	-0.037535377586502584
1033.0	-0.0369829045820043
1034.0	-0.038843983675107614
1035.0	-0.04619811940896365
1036.0	-0.04149695160671113
1037.0	-0.04171965656318287
1038.0	-0.03760510528340835
1039.0	-0.041414595382438094
1040.0	-0.0353417497768462
1041.0	-0.03849873837397927
1042.0	-0.03831772625604583
1043.0	-0.037382639959612385
1044.0	-0.034445782686942546
1045.0	-0.03795954473766642
1046.0	-0.03616435062398138
1047.0	-0.03536412264479481
1048.0	-0.035634354005690705
1049.0	-0.03537115723895162
1050.0	-0.038422523405475854
1051.0	-0.037892526787185576
1052.0	-0.038605251278081655
1053.0	-0.042935301344703726
1054.0	-0.043632927194483404
1055.0	-0.04112627767538083
1056.0	-0.04034355039385259
1057.0	-0.0376245939645718
1058.0	-0.04155504476800257
1059.0	-0.03288447853125698
1060.0	-0.03796935713545614
1061.0	-0.03874693715296732
1062.0	-0.03589295083097231
1063.0	-0.03566732909155764
1064.0	-0.03543141282410884
1065.0	-0.03653299538096869
1066.0	-0.03680888873228344
1067.0	-0.034454530170878114
1068.0	-0.03293196947463053
1069.0	-0.03564337658335267
1070.0	-0.04291841602681334
1071.0	-0.04038784946055681
1072.0	-0.038241268789973804
1073.0	-0.03587266946478784
1074.0	-0.04149142286581542
1075.0	-0.038281828657449536
1076.0	-0.040832984279773915
1077.0	-0.039455748004274684
1078.0	-0.04122434792053823
1079.0	-0.04031190958577979
1080.0	-0.03884346321891938
1081.0	-0.03835275738262588
1082.0	-0.036770316848312855
1083.0	-0.0380892174649524
1084.0	-0.03645925052621524
1085.0	-0.041007784219836106
1086.0	-0.040377415953213064
1087.0	-0.03897873274430942
1088.0	-0.04072468469889754
1089.0	-0.040977586937602895
1090.0	-0.0379484901207683
1091.0	-0.03792824421563443
1092.0	-0.04029015209759836
1093.0	-0.044285973154045595
1094.0	-0.04188065667887137
1095.0	-0.04184795382183762
1096.0	-0.03832876941337031
1097.0	-0.046203568633078014
1098.0	-0.041599684120747944
1099.0	-0.03840357631708514
1100.0	-0.04194496201803407
1101.0	-0.0407792782936359
1102.0	-0.041279935507029145
1103.0	-0.03949623694964882
1104.0	-0.034927182257167705
1105.0	-0.03730683046946496
1106.0	-0.03846650905250988
1107.0	-0.038602568398027705
1108.0	-0.04134863375113174
1109.0	-0.03838672646024538
1110.0	-0.04114950269087957
1111.0	-0.039215160873266416
1112.0	-0.03945416549912553
1113.0	-0.04166405751711866
1114.0	-0.039853936337784224
1115.0	-0.04101351140256975
1116.0	-0.04311033518765485
1117.0	-0.03876158339510393
1118.0	-0.04222140269190761
1119.0	-0.0398169440940696
1120.0	-0.0412970221316511
1121.0	-0.04077045702270554
1122.0	-0.043449093217185944
1123.0	-0.04077766319232935
1124.0	-0.039659505872355734
1125.0	-0.040011818363798274
1126.0	-0.04113169143844425
1127.0	-0.03782011334533228
1128.0	-0.04250875613847646
1129.0	-0.03995485530867617
1130.0	-0.04194708611595562
1131.0	-0.03956750596086676
1132.0	-0.04155898240906902
1133.0	-0.04169521333005384
1134.0	-0.042056208113117555
1135.0	-0.03623815207637006
1136.0	-0.03954955859401503
1137.0	-0.03797741258773655
1138.0	-0.04022608066132465
1139.0	-0.03922202102706264
1140.0	-0.040090775674884005
1141.0	-0.041725375151236845
1142.0	-0.0423130211265184
1143.0	-0.03903026771190168
1144.0	-0.03836301071982262
1145.0	-0.04118120582637395
1146.0	-0.043442055758135936
1147.0	-0.04078641067626492
1148.0	-0.040197048946311015
1149.0	-0.041772111735532816
1150.0	-0.04076314446992914
1151.0	-0.04255370604599888
1152.0	-0.03729955051284637
1153.0	-0.040233319427106264
1154.0	-0.03909011208891611
1155.0	-0.03711225815983369
1156.0	-0.039391638242057186
1157.0	-0.03715875511145428
1158.0	-0.035417778845415825
1159.0	-0.03727697060837976
1160.0	-0.036124909403101445
1161.0	-0.038510666275010944
1162.0	-0.040049869791580685
1163.0	-0.04202127191011648
1164.0	-0.03853914780257219
1165.0	-0.039275617765155243
1166.0	-0.03668088197415283
1167.0	-0.039300496207904385
1168.0	-0.040267323965776376
1169.0	-0.04164524654314437
1170.0	-0.04171377321177956
1171.0	-0.03717714628260619
1172.0	-0.03815255281383996
1173.0	-0.03801220408164124
1174.0	-0.0408334194893945
1175.0	-0.03922805589968009
1176.0	-0.04053323047894039
1177.0	-0.03735822645774763
1178.0	-0.038772523034169865
1179.0	-0.04320706256033852
1180.0	-0.03860153035054416
1181.0	-0.04159535067833648
1182.0	-0.04365906039824504
1183.0	-0.03958431462686913
1184.0	-0.03859175054891182
1185.0	-0.04083259420821573
1186.0	-0.04258746808710041
1187.0	-0.04154223034070148
1188.0	-0.04213090576878661
1189.0	-0.039561391571467736
1190.0	-0.037137956153974826
1191.0	-0.0402021224233333
1192.0	-0.039879560544930574
1193.0	-0.04054407232953371
1194.0	-0.039576558269792936
1195.0	-0.03987997175307337
1196.0	-0.039511084498517056
1197.0	-0.038846572713913924
1198.0	-0.04451559772684194
1199.0	-0.04330273074895441
1200.0	-0.044600012856721716
1201.0	-0.04211182543087271
1202.0	-0.048377075192444045
1203.0	-0.040378741636326855
1204.0	-0.04055700854678477
1205.0	-0.04381007940556968
1206.0	-0.04283638862900827
1207.0	-0.03808409133751956
1208.0	-0.041795097118355835
1209.0	-0.04393824627959451
1210.0	-0.04584788122992552
1211.0	-0.04416180911340244
1212.0	-0.04669083150045356
1213.0	-0.045046452222468385
1214.0	-0.04740818852896491
1215.0	-0.04343141234938103
1216.0	-0.045564953284454354
1217.0	-0.04537090143101086
1218.0	-0.04630684560478046
1219.0	-0.04352972509210665
1220.0	-0.044709992731219825
1221.0	-0.04273738958441347
1222.0	-0.04776163399147002
1223.0	-0.04559463584028577
1224.0	-0.04915602781369318
1225.0	-0.04353264187504997
1226.0	-0.044272646865236326
1227.0	-0.04463312692189825
1228.0	-0.042185946032718365
1229.0	-0.04492360418792801
1230.0	-0.04443101102149476
1231.0	-0.04390599009175415
1232.0	-0.04648391148696741
1233.0	-0.046687228415641456
1234.0	-0.04487693566084004
1235.0	-0.0466247749455679
1236.0	-0.04473143966462426
1237.0	-0.043590634382975245
1238.0	-0.044915540140968026
1239.0	-0.045952199114004784
1240.0	-0.046829636053446914
1241.0	-0.044406132578745615
1242.0	-0.04980509780624472
1243.0	-0.04689655048566876
1244.0	-0.04558022350103815
1245.0	-0.04371605604952455
1246.0	-0.048409846106685785
1247.0	-0.046751054489452985
1248.0	-0.04571182188440769
1249.0	-0.04691885529640937
1250.0	-0.04836437860786838
1251.0	-0.04323890467514249
1252.0	-0.04644187549749471
1253.0	-0.04696775430457149
1254.0	-0.046447365912446165
1255.0	-0.046411163488859715
1256.0	-0.046110563270263215
1257.0	-0.04678536958290008
1258.0	-0.04381917290533324
1259.0	-0.04478840271974637
1260.0	-0.04618022290996058
1261.0	-0.046472930657064496
1262.0	-0.047304042220353046
1263.0	-0.04459572347004083
1264.0	-0.045147681748137325
1265.0	-0.04508334094792402
1266.0	-0.04864421819492963
1267.0	-0.04988007628542695
1268.0	-0.04827344361023357
1269.0	-0.04588322577617619
1270.0	-0.044285515025278985
1271.0	-0.04851107563235473
1272.0	-0.04791931184585968
1273.0	-0.04545257135341511
1274.0	-0.04611365162867313
1275.0	-0.04428757393088613
1276.0	-0.04575076951547007
1277.0	-0.04620287087163559
