0.0	0.0003759377933719773
1.0	0.0010930235837979467
2.0	0.002443703577887003
3.0	0.0012535314991266788
4.0	0.0001962984333677653
5.0	0.001051228735429884
6.0	-0.001091100628332709
7.0	0.0013372193058351334
8.0	0.0018744695163117754
9.0	-0.002120568571819186
10.0	-0.0023935105158557567
11.0	-0.00017514592325471848
12.0	-0.0024043026128521814
13.0	-0.0020424730335540588
14.0	-0.0004874299663419829
15.0	0.0006745845502547603
16.0	-0.0008811452867659049
17.0	0.0008815965926407212
18.0	0.00044589020390316427
19.0	-3.180725314757075e-05
20.0	-0.0022440890274418074
21.0	-0.004486784893271423
22.0	-0.0027439593383216518
23.0	-0.0022084751073537896
24.0	-0.0047429500319775535
25.0	-0.0034998966779348404
26.0	-0.0020177493204347947
27.0	-0.0017544221537221282
28.0	-0.0015852805607964391
29.0	-0.002765739752260073
30.0	-0.002330720133331105
31.0	-0.005007356408389954
32.0	-0.003022395440829221
33.0	-0.0021797288853539483
34.0	-0.005554417616136073
35.0	-0.0020632723477655326
36.0	-0.005365850248616546
37.0	-0.005343971724705795
38.0	-0.004378667703362062
39.0	-0.007257312412198891
40.0	-0.004224242606340131
41.0	-0.003359697526954108
42.0	-0.006214599622399077
43.0	-0.003387168319308643
44.0	-0.0024075402419513827
45.0	-0.002304230440703518
46.0	-0.006287593442083893
47.0	-0.005464450771174787
48.0	-0.008740342759453098
49.0	-0.007007131981827231
50.0	-0.007303816539256576
51.0	-0.006097750644919516
52.0	-0.007754337533870678
53.0	-0.007962723115874273
54.0	-0.008946864251975585
55.0	-0.008579246184288562
56.0	-0.010038926358041142
57.0	-0.006735171137517608
58.0	-0.008549322642616658
59.0	-0.007823995614483962
60.0	-0.008433062324973359
61.0	-0.008588468521721779
62.0	-0.007269379938840621
63.0	-0.006455950155228206
64.0	-0.009123854642716856
65.0	-0.008758689324347202
66.0	-0.008718562345515133
67.0	-0.010427245629966851
68.0	-0.01205292787751916
69.0	-0.011611629220338275
70.0	-0.01303559736403005
71.0	-0.0092636613538069
72.0	-0.014822572406692467
73.0	-0.014497632177127668
74.0	-0.015257592025621434
75.0	-0.01384971391745151
76.0	-0.013262133290982178
77.0	-0.013998546746029199
78.0	-0.01499544217858083
79.0	-0.015912083653467867
80.0	-0.015474513175249201
81.0	-0.018053039477613282
82.0	-0.01831597420443526
83.0	-0.016382717192484852
84.0	-0.017741638424280178
85.0	-0.01869095052007485
86.0	-0.01931718647578537
87.0	-0.018637873024846888
88.0	-0.01790646317840739
89.0	-0.016778885262226144
90.0	-0.016775941963045302
91.0	-0.017599378963872765
92.0	-0.014511956233141195
93.0	-0.01771789581088786
94.0	-0.013578439842950476
95.0	-0.012780609544996439
96.0	-0.016772115674110296
97.0	-0.017093622054631236
98.0	-0.013179622803946243
99.0	-0.016848249012921528
100.0	-0.016941453486981558
101.0	-0.015453811971010971
102.0	-0.016771428904301708
103.0	-0.014834541823361412
104.0	-0.015118373974367192
105.0	-0.018012127618999382
106.0	-0.01612449174435204
107.0	-0.017413460565616178
108.0	-0.016790364129031614
109.0	-0.016079655486830807
110.0	-0.015839874713564885
111.0	-0.016008427646654312
112.0	-0.016911726165255225
113.0	-0.01538925560897754
114.0	-0.013133118676888558
115.0	-0.015402108015400645
116.0	-0.015179888927246995
117.0	-0.019749851455369297
118.0	-0.01638615104152917
119.0	-0.01642892698962418
120.0	-0.01672374745757196
121.0	-0.018455192255689045
122.0	-0.0190673984853044
123.0	-0.020205572278536497
124.0	-0.01975279475455014
125.0	-0.019012849340486016
126.0	-0.020001895975222065
127.0	-0.018087476078029237
128.0	-0.019592384949194196
129.0	-0.020497743777221335
130.0	-0.02054493467408761
131.0	-0.021135556709710113
132.0	-0.019358490774289958
133.0	-0.01873823952691345
134.0	-0.019385569126753807
135.0	-0.02077676853956562
136.0	-0.020503434155637903
137.0	-0.02052845219867507
138.0	-0.021897773087575675
139.0	-0.020586631412482886
140.0	-0.020604291207567942
141.0	-0.021307837821762217
142.0	-0.021763852974847318
143.0	-0.019284221524959837
144.0	-0.02238096470309741
145.0	-0.02196890281777938
146.0	-0.020768919741750037
147.0	-0.022300023975624226
148.0	-0.022202796992684074
149.0	-0.02121061083882161
150.0	-0.022323864698989327
151.0	-0.022594452003681317
152.0	-0.025168269027355774
153.0	-0.023998209492998333
154.0	-0.02438957017407767
155.0	-0.0252521530540098
156.0	-0.02380316686728086
157.0	-0.026288194365666553
158.0	-0.025367334161953824
159.0	-0.026092857410031634
160.0	-0.02680130952286019
161.0	-0.026590176861621323
162.0	-0.02861791377727661
163.0	-0.024343556596883916
164.0	-0.02895119335452092
165.0	-0.027624452193769296
166.0	-0.028787447810093444
167.0	-0.02818976185643673
168.0	-0.028720634918688214
169.0	-0.02811725858661539
170.0	-0.02755136026411169
171.0	-0.028281004131042866
172.0	-0.029894324522035543
173.0	-0.027502501497709882
174.0	-0.028777146262960494
175.0	-0.02658066019426975
176.0	-0.02846358679022792
177.0	-0.027965384348883616
178.0	-0.028196040894689106
179.0	-0.02667347222843909
180.0	-0.026578894214761426
181.0	-0.027315111449862872
182.0	-0.026457434068565027
183.0	-0.02710142792933385
184.0	-0.028687375637944778
185.0	-0.02832986289744468
186.0	-0.027273905261331072
187.0	-0.026228837832186217
188.0	-0.025080656821739527
189.0	-0.02510910871382101
190.0	-0.028053781434281694
191.0	-0.02586416306368004
192.0	-0.026146719785040972
193.0	-0.02634529436977509
194.0	-0.02784009791375267
195.0	-0.02464583342275613
196.0	-0.027170595460083664
197.0	-0.024563519155665313
198.0	-0.026811120520129666
199.0	-0.02629123577482018
200.0	-0.025340452029435093
201.0	-0.025652343632632125
202.0	-0.026362954164860147
203.0	-0.029038511230219263
204.0	-0.02640455279328264
205.0	-0.025498703415392027
206.0	-0.029227667257574592
207.0	-0.02824264313171912
208.0	-0.02827266478336381
209.0	-0.027221023986048684
210.0	-0.026472543004360388
211.0	-0.027556658202637575
212.0	-0.0241977651774594
213.0	-0.027884541731383217
214.0	-0.02699762757822251
215.0	-0.025854842616274035
216.0	-0.02775964773614296
217.0	-0.02581402886763292
218.0	-0.025834043302062563
219.0	-0.025527940187254884
220.0	-0.026447132521432076
221.0	-0.025706402227586578
222.0	-0.02561614105270739
223.0	-0.027139298378793666
224.0	-0.025176804594980402
225.0	-0.028460447271101506
226.0	-0.028248137290190118
227.0	-0.025338784159899555
228.0	-0.026923554548837964
229.0	-0.024880316257496628
230.0	-0.028126873363939296
231.0	-0.025832669762444926
232.0	-0.025899875093740844
233.0	-0.027727958214962274
234.0	-0.027551752704002837
235.0	-0.026323906395727813
236.0	-0.027675567489543362
237.0	-0.028197316324334414
238.0	-0.027860406678100212
239.0	-0.029989687415495042
240.0	-0.030387915794663014
241.0	-0.029219327909895537
242.0	-0.027566665419852168
243.0	-0.02904528081833511
244.0	-0.0293509914932521
245.0	-0.03041048108838281
246.0	-0.030418526106143963
247.0	-0.030242222485211284
248.0	-0.030934977002409134
249.0	-0.030024516455801682
250.0	-0.030086423848572175
251.0	-0.028777734922796297
252.0	-0.030835002940233256
253.0	-0.029191857117541003
254.0	-0.03230910527997215
255.0	-0.03351791825354402
256.0	-0.03095970071552794
257.0	-0.031120306740829457
258.0	-0.03520305514454945
259.0	-0.033622209154518835
260.0	-0.031900771573616336
261.0	-0.0321886262335027
262.0	-0.032755211325814985
263.0	-0.03237611439132249
264.0	-0.03304257543583787
265.0	-0.036165513976685125
266.0	-0.034156221735896275
267.0	-0.036305124467830054
268.0	-0.035364151719714444
269.0	-0.035122506856966954
270.0	-0.03576345930858215
271.0	-0.03719674789967993
272.0	-0.035531036783268334
273.0	-0.03574226755447999
274.0	-0.03501125014793118
275.0	-0.03754464586285566
276.0	-0.03672738979030825
277.0	-0.03480139291633716
278.0	-0.036292370171379734
279.0	-0.035090523005868825
280.0	-0.03564533490145774
281.0	-0.03606259661532841
282.0	-0.03613882806411242
283.0	-0.035788673571564435
284.0	-0.03672778223019894
285.0	-0.03673523858812383
286.0	-0.036652826211060224
287.0	-0.034773333464146364
288.0	-0.03505549774561661
289.0	-0.03701789341945755
290.0	-0.036280891304574264
291.0	-0.03641942258601946
292.0	-0.03739198674534252
293.0	-0.03534717869443797
294.0	-0.038211891787152875
295.0	-0.03763873332666986
296.0	-0.03574648628330568
297.0	-0.03697864943037964
298.0	-0.03806668902756462
299.0	-0.03816921394903065
300.0	-0.034570540150586554
301.0	-0.03523307679619414
302.0	-0.03704369634227609
303.0	-0.03565612699845416
304.0	-0.03751688074058277
305.0	-0.03850681036507298
306.0	-0.03747567455205097
307.0	-0.03500232214041586
308.0	-0.03675162295356358
309.0	-0.03983207987623419
310.0	-0.03779698471262634
311.0	-0.03849435039854102
312.0	-0.03664644906283506
313.0	-0.03597302221025827
314.0	-0.03791677698928674
315.0	-0.0377170250848801
316.0	-0.03815459556309877
317.0	-0.03897920988359829
318.0	-0.03844745383159265
319.0	-0.0373157552965585
320.0	-0.03610291981410605
321.0	-0.038677325497616766
322.0	-0.03968010752853008
323.0	-0.039051615043447306
324.0	-0.039725238115969674
325.0	-0.04004272198760958
326.0	-0.03917601848882409
327.0	-0.03864602841632723
328.0	-0.04077805623295687
329.0	-0.040850265172860306
330.0	-0.03891249510216585
331.0	-0.03654127517210609
332.0	-0.03777373264909795
333.0	-0.03704781696112945
334.0	-0.03768180360468277
335.0	-0.036724446491127404
336.0	-0.0361772871734085
337.0	-0.03448410526464237
338.0	-0.03881409079955318
339.0	-0.03604101242133556
340.0	-0.03528635051136722
341.0	-0.03704193036276777
342.0	-0.03511946544781378
343.0	-0.03530940635495049
344.0	-0.036931164203595004
345.0	-0.036259895770417674
346.0	-0.03714229686483433
347.0	-0.03372591139565693
348.0	-0.03448086763554317
349.0	-0.03545666942396543
350.0	-0.036094089916563515
351.0	-0.03726189292154916
352.0	-0.035975278739630065
353.0	-0.03432153703988696
354.0	-0.03538289072449924
355.0	-0.0351605735263728
356.0	-0.03538436237408966
357.0	-0.03654559201090457
358.0	-0.036729253879789356
359.0	-0.03398060488477264
360.0	-0.034233336174434456
361.0	-0.034321831369805315
362.0	-0.03392556519009078
363.0	-0.03342893250831014
364.0	-0.036169830815483604
365.0	-0.03598832736599829
366.0	-0.034790110269477266
367.0	-0.03367881860876344
368.0	-0.033921346461265094
369.0	-0.03433605731584606
370.0	-0.03589188526283951
371.0	-0.036446500938482854
372.0	-0.03752266922897213
373.0	-0.038067277687400425
374.0	-0.03511328451953374
375.0	-0.034087544755009934
376.0	-0.03584822632499034
377.0	-0.03482984480841864
378.0	-0.037191057521263816
379.0	-0.03314107784842378
380.0	-0.03473497246482262
381.0	-0.03505775427498841
382.0	-0.03523984638430999
383.0	-0.035494441763452914
384.0	-0.035272418895244836
385.0	-0.034228136345881816
386.0	-0.03562571290691879
387.0	-0.03512574448606616
388.0	-0.03675692089208946
389.0	-0.0342433433916495
390.0	-0.03612823218706111
391.0	-0.033250961017841925
392.0	-0.034634017302919796
393.0	-0.0336153414564302
394.0	-0.0345679892912964
395.0	-0.03628265728408259
396.0	-0.035794069620062645
397.0	-0.03763176751860844
398.0	-0.035621788508010996
399.0	-0.0356913484786515
400.0	-0.03697070252259127
401.0	-0.03360621722896931
402.0	-0.03350300553769469
403.0	-0.034221366757765506
404.0	-0.034709758201840336
405.0	-0.03537455137682018
406.0	-0.03556341307425761
407.0	-0.034688762667683753
408.0	-0.03509591905436704
409.0	-0.035996274273786655
410.0	-0.03651272517005182
411.0	-0.035063248433459406
412.0	-0.03338654900010582
413.0	-0.03526358899770231
414.0	-0.032457545668659146
415.0	-0.03297232869538878
416.0	-0.032309301499917266
417.0	-0.034224800606809824
418.0	-0.03495768210283975
419.0	-0.03421783479874886
420.0	-0.03434743807267829
421.0	-0.03569105414873314
422.0	-0.03446585680972106
423.0	-0.03394312687520351
424.0	-0.0334938813102338
425.0	-0.035843418936328385
426.0	-0.033989532892287955
427.0	-0.03411148358834737
428.0	-0.034531590491426546
429.0	-0.03301588952326517
430.0	-0.03390093958694476
431.0	-0.032771203251364504
432.0	-0.03447969031587111
433.0	-0.034134833761849
434.0	-0.03404476880691493
435.0	-0.03394675694419295
436.0	-0.03317217870976775
437.0	-0.035129080225137686
438.0	-0.038524077720267356
439.0	-0.03684041247885235
440.0	-0.03797603541279429
441.0	-0.0389746968248547
442.0	-0.03738384361760903
443.0	-0.037110705453626436
444.0	-0.03751148469208456
445.0	-0.03967647745954019
446.0	-0.03712139944065053
447.0	-0.038250154676503834
448.0	-0.03788969863682289
449.0	-0.038240049349316
450.0	-0.038261437323363734
451.0	-0.0379154034496691
452.0	-0.03797240534380485
453.0	-0.03668216109289587
454.0	-0.03733233588194428
455.0	-0.03922615268487121
456.0	-0.035643372702003843
457.0	-0.03728779395434049
458.0	-0.03794944761019437
459.0	-0.03986298451763304
460.0	-0.03561001531128762
461.0	-0.037670422847850084
462.0	-0.03744270960122589
463.0	-0.036912817638701356
464.0	-0.037311340347787235
465.0	-0.03830617547091218
466.0	-0.03635918306278451
467.0	-0.039521365592709676
468.0	-0.036691775870219774
469.0	-0.03875002498738368
470.0	-0.03966264395339014
471.0	-0.03922291505577246
472.0	-0.03894124132416569
473.0	-0.03905926762131732
474.0	-0.038266833371861944
475.0	-0.04045429332306413
476.0	-0.03605239317816824
477.0	-0.03845441963965407
478.0	-0.03882743375583976
479.0	-0.03711050923368132
480.0	-0.03845589128924449
481.0	-0.04156686041342281
482.0	-0.03739129997553347
483.0	-0.03684718206696865
484.0	-0.039194659383636095
485.0	-0.03862483666222506
486.0	-0.034747824871245725
487.0	-0.036873181209732764
488.0	-0.036545690120877355
489.0	-0.03700317692355333
490.0	-0.037598508237865
491.0	-0.036355160553904385
492.0	-0.036903693411240474
493.0	-0.03680960594742628
494.0	-0.0379286482959829
495.0	-0.03369098424537796
496.0	-0.034772744804310106
497.0	-0.03434145336434427
498.0	-0.03421459716964966
499.0	-0.03482072058095821
500.0	-0.03483936147577022
501.0	-0.03402730523177544
502.0	-0.033118218224785625
503.0	-0.034636175722319265
504.0	-0.034712112841184924
505.0	-0.03377359284238668
506.0	-0.034249033770065614
507.0	-0.031774994588621465
508.0	-0.0321080779459202
509.0	-0.034518149425167184
510.0	-0.03244273106278215
511.0	-0.03261501217483425
512.0	-0.029564675013781124
513.0	-0.03167619784611811
514.0	-0.03139579954415619
515.0	-0.031609188734767306
516.0	-0.03300293900686927
517.0	-0.031534723265492066
518.0	-0.030772310667680932
519.0	-0.03139835040344634
520.0	-0.03193177432498798
521.0	-0.031702687538745694
522.0	-0.03217057399852695
523.0	-0.03337683611280913
524.0	-0.03298145292284921
525.0	-0.03258136045420013
526.0	-0.032973407905088056
527.0	-0.03131731156600037
528.0	-0.0335274349208956
529.0	-0.0328806939808915
530.0	-0.03589404368223898
531.0	-0.03291110807242688
532.0	-0.0335724673983624
533.0	-0.03621368597327835
534.0	-0.03587756120682598
535.0	-0.03643531640159574
536.0	-0.03557292974160873
537.0	-0.03801518129189987
538.0	-0.03397815213545527
539.0	-0.03452796042243666
540.0	-0.03489155598124356
541.0	-0.03546559743148074
542.0	-0.03340823130407145
543.0	-0.03418222087866039
544.0	-0.03457083448050446
545.0	-0.03428150817102767
546.0	-0.035263098447838835
547.0	-0.03289864810589492
548.0	-0.03481924893136779
549.0	-0.0354345946801091
550.0	-0.035313723193749424
551.0	-0.032351685008121585
552.0	-0.034180258679206495
553.0	-0.035356597251816765
554.0	-0.033231437133275296
555.0	-0.03398080110471821
556.0	-0.0347332064853143
557.0	-0.033922425670964824
558.0	-0.03600932290015533
559.0	-0.035089738126087
560.0	-0.034562298912879826
561.0	-0.03548384588640206
562.0	-0.03528654673131279
563.0	-0.03312469348298357
564.0	-0.035873734917890976
565.0	-0.03653882242278872
566.0	-0.03800380053506718
567.0	-0.0370510545902282
568.0	-0.035293316319428635
569.0	-0.036147363631736595
570.0	-0.036938130011656425
571.0	-0.03683266179100955
572.0	-0.03712316542015885
573.0	-0.039096549410941324
574.0	-0.04129911829793887
575.0	-0.03819138680285931
576.0	-0.03959671405173953
577.0	-0.03878406914790849
578.0	-0.039239691861102904
579.0	-0.039051811263392425
580.0	-0.04133296623851857
581.0	-0.03754180067364761
582.0	-0.04163642038406376
583.0	-0.03947289926619855
584.0	-0.03984601149235657
585.0	-0.039561983121405214
586.0	-0.03996070205043712
587.0	-0.03747881407117738
588.0	-0.03869037412398499
589.0	-0.039010016415024815
590.0	-0.040033303430231246
591.0	-0.04268295946279858
592.0	-0.04119934045570857
593.0	-0.039882802732117105
594.0	-0.04116137189627551
595.0	-0.041689497879291264
596.0	-0.04059616034358086
597.0	-0.04257523471277991
598.0	-0.042669714616484784
599.0	-0.0411614700062483
600.0	-0.04121268341199469
601.0	-0.042774790397240976
602.0	-0.0445297815888048
603.0	-0.04346793735432951
604.0	-0.04361500420339888
605.0	-0.045293862056151935
606.0	-0.04426468844258381
607.0	-0.04407082313653886
608.0	-0.042826494352851296
609.0	-0.04136534252950784
610.0	-0.042726029740811494
611.0	-0.04359606897866897
612.0	-0.04243699776125307
613.0	-0.04178250613340618
614.0	-0.04485089552943505
615.0	-0.04365032379356899
616.0	-0.04375284871503503
617.0	-0.04208792247840481
618.0	-0.04276968867866066
619.0	-0.043581058152846394
620.0	-0.04100724112917194
621.0	-0.04128361692225328
622.0	-0.042593777497619126
623.0	-0.0416097344714906
624.0	-0.042637926985331774
625.0	-0.04292705707486344
626.0	-0.04326759679008661
627.0	-0.03984336252309408
628.0	-0.04276017201130954
629.0	-0.04078021465235634
630.0	-0.04174944307260786
631.0	-0.0431047342354133
632.0	-0.04294687528934751
633.0	-0.04213060031652703
634.0	-0.041217196470738744
635.0	-0.0414934741538473
636.0	-0.04255404295867774
637.0	-0.04154223481027678
638.0	-0.04227050513758986
639.0	-0.04207870014097159
640.0	-0.04361274767402708
641.0	-0.040126606014263606
642.0	-0.042833852600803406
643.0	-0.04331616122657052
644.0	-0.041221317089592105
645.0	-0.044582957194005554
646.0	-0.04366994578810795
647.0	-0.04436701714410427
648.0	-0.04450927660451169
649.0	-0.04398311282094983
650.0	-0.04330762565894635
651.0	-0.04394534048146234
652.0	-0.04440488759356455
653.0	-0.043304682359765506
654.0	-0.04295492030710866
655.0	-0.043197742489528214
656.0	-0.04430314755187989
657.0	-0.04204396921063774
658.0	-0.04300603560288273
659.0	-0.041570098042522007
660.0	-0.04212000443947618
661.0	-0.04384595507912227
662.0	-0.043401909342706116
663.0	-0.04267952561375426
664.0	-0.0422245896703689
665.0	-0.04468479534566254
666.0	-0.043906488932275126
667.0	-0.04222321613075081
668.0	-0.04285190483577915
669.0	-0.041093774125088904
670.0	-0.04181655029393099
671.0	-0.043288003664407396
672.0	-0.04345861690692351
673.0	-0.04375873531339671
674.0	-0.04425340579572391
675.0	-0.04360980437484624
676.0	-0.04434288209082127
677.0	-0.04026719760513548
678.0	-0.04401107416316784
679.0	-0.04158873893733401
680.0	-0.040602831821724375
681.0	-0.044269299611300196
682.0	-0.041940855629335444
683.0	-0.040367073557338574
684.0	-0.04367651915627868
685.0	-0.044190222973308574
686.0	-0.04411291231482482
687.0	-0.04283287150107646
688.0	-0.04195125528644118
689.0	-0.04104609267835916
690.0	-0.043339118960181465
691.0	-0.04186197521128894
692.0	-0.0419569456648573
693.0	-0.04259161907821966
694.0	-0.04150151917160846
695.0	-0.040958676692688024
696.0	-0.04161277588064423
697.0	-0.043378951609095176
698.0	-0.04092247411276375
699.0	-0.03924587278938295
700.0	-0.041632397875183184
701.0	-0.04102637257384742
702.0	-0.0405988093128438
703.0	-0.04276811891909791
704.0	-0.03998778040290051
705.0	-0.04090030125893464
706.0	-0.03892515128864384
707.0	-0.03986200341790609
708.0	-0.04008726391521337
709.0	-0.04094327342697522
710.0	-0.039932348268327963
711.0	-0.04149288549401104
712.0	-0.041121539247361345
713.0	-0.04368623204357537
714.0	-0.04190514359927464
715.0	-0.041173243202971666
716.0	-0.04150632656027041
717.0	-0.04169263739841768
718.0	-0.04140605816817617
719.0	-0.03940520338503916
720.0	-0.04303211794665058
721.0	-0.041190691869142565
722.0	-0.04050627669962377
723.0	-0.04151680941837988
724.0	-0.04152612986578588
725.0	-0.044195687313841936
726.0	-0.040552177257876604
727.0	-0.04169819984892428
728.0	-0.04100220770262723
729.0	-0.04066441506663933
730.0	-0.04225074030617235
731.0	-0.043022277131443916
732.0	-0.04173595727944318
733.0	-0.04220286263949749
734.0	-0.041320853984971526
735.0	-0.044634307183823156
736.0	-0.04268240927706074
737.0	-0.04384491434352096
738.0	-0.04158112483356197
739.0	-0.042926997438989076
740.0	-0.04325898667761949
741.0	-0.04364544186006409
742.0	-0.040501704005005815
743.0	-0.04054271397359204
744.0	-0.04407310323104049
745.0	-0.0424261162104451
746.0	-0.043662498086344294
747.0	-0.04274801503085627
748.0	-0.0420116015758097
749.0	-0.043610597910788855
750.0	-0.04372105483107466
751.0	-0.04186707067706145
752.0	-0.041803299194809844
753.0	-0.0412245484658835
754.0	-0.03993381366511104
755.0	-0.04194613240608493
756.0	-0.04191032226605134
757.0	-0.040834938855343894
758.0	-0.04048331271320593
759.0	-0.041359238549424644
760.0	-0.04371974958349217
761.0	-0.04293938286067808
762.0	-0.04181229549436077
763.0	-0.04072268613761258
764.0	-0.04330680470841999
765.0	-0.04245058406774443
766.0	-0.042921119496788174
767.0	-0.0395293596307577
768.0	-0.04232264866335009
769.0	-0.040102027541376796
770.0	-0.04200279524339655
771.0	-0.039896374129639874
772.0	-0.04312330924154359
773.0	-0.040220529479423756
774.0	-0.041495272354646694
775.0	-0.04135466585480669
776.0	-0.04449153601177633
777.0	-0.04500484738891554
778.0	-0.04287272146231265
779.0	-0.041584243190912445
780.0	-0.04281648953899014
781.0	-0.04416108671477194
782.0	-0.04398890371269262
783.0	-0.04245858435859935
784.0	-0.045600163794258616
785.0	-0.044187365278485366
786.0	-0.0439652443003045
787.0	-0.04599582640516784
788.0	-0.04537763546721847
789.0	-0.047241332508527925
790.0	-0.046194189860988256
791.0	-0.04626983264993601
792.0	-0.04610530222572671
793.0	-0.04680953560973002
794.0	-0.0462644366014378
795.0	-0.046742119149519944
796.0	-0.04670228650060578
797.0	-0.048044921476933684
798.0	-0.04731871145904728
799.0	-0.044078923940720466
800.0	-0.0490232592156775
801.0	-0.0467209124864492
802.0	-0.046235071901664974
803.0	-0.04371040797431023
804.0	-0.04556841463720403
805.0	-0.04434202506955083
806.0	-0.045300657612751045
807.0	-0.045709187539052426
808.0	-0.04414345048481626
809.0	-0.04698471529405674
810.0	-0.044642521006946136
811.0	-0.04590225305634696
812.0	-0.04378651149518428
813.0	-0.04440990226168675
814.0	-0.04415020516396397
815.0	-0.044596100080893104
816.0	-0.04839354468401643
817.0	-0.04492525903928405
818.0	-0.04528071147035701
819.0	-0.04636276635920752
820.0	-0.0452656857355663
821.0	-0.04734620581653119
822.0	-0.04743097283293984
823.0	-0.04531169931276006
824.0	-0.046097854523963054
825.0	-0.04684602626676486
826.0	-0.04573483271602382
827.0	-0.04555872531503671
828.0	-0.04649596988419011
829.0	-0.04801255384210565
830.0	-0.047129352958938574
831.0	-0.04821013241814423
832.0	-0.04763687584768888
833.0	-0.04585500252360632
834.0	-0.04770447361887549
835.0	-0.04595182215768765
836.0	-0.04752364203023062
837.0	-0.04805137557335569
838.0	-0.04646758628414377
839.0	-0.046471412573079234
840.0	-0.04686776195379751
841.0	-0.047940103955351324
842.0	-0.04940831969672853
843.0	-0.04693663515462896
844.0	-0.0473485989299742
845.0	-0.04830937498360575
846.0	-0.04811393991799759
847.0	-0.04804212341798529
848.0	-0.04965308916963338
849.0	-0.04766665655248223
850.0	-0.04873721766555913
851.0	-0.049222077150616404
852.0	-0.04708229864614351
853.0	-0.04678335755934282
854.0	-0.0472285806154315
855.0	-0.04671025072071663
856.0	-0.04948313287898868
857.0	-0.04843541648058134
858.0	-0.0481306869053913
859.0	-0.04812087590812182
860.0	-0.04932869287299862
861.0	-0.04906095075751468
862.0	-0.05018107231577058
863.0	-0.04842451136464354
864.0	-0.04731371025379319
865.0	-0.04839594645362068
866.0	-0.0492827624968086
867.0	-0.04833021277191519
868.0	-0.04888041349878772
869.0	-0.050497854508633304
870.0	-0.050002972897392396
871.0	-0.05031878889949676
872.0	-0.05112907916398322
873.0	-0.050636567101055484
874.0	-0.049788406387109206
875.0	-0.05129133814985168
876.0	-0.04886586340489144
877.0	-0.05056120373305703
878.0	-0.04989405591873261
879.0	-0.048816121648735465
880.0	-0.047279508347421235
881.0	-0.048845637841547634
882.0	-0.049667406972839105
883.0	-0.04614908524203193
884.0	-0.04906265710114865
885.0	-0.04777102440165343
886.0	-0.04608706483032052
887.0	-0.048752026018628325
888.0	-0.045625064968900945
889.0	-0.04688793653742773
890.0	-0.047002612186539235
891.0	-0.045821760555185366
892.0	-0.04381119288475121
893.0	-0.04390861608763739
894.0	-0.0430740926598956
895.0	-0.04016855090957145
896.0	-0.04262944335467413
897.0	-0.042261530957068756
898.0	-0.041822488829259666
899.0	-0.0411353265805056
900.0	-0.04257340765129674
901.0	-0.0430973149054868
902.0	-0.041691595216716344
903.0	-0.04406487545620279
904.0	-0.04307278741231311
905.0	-0.041508801428617584
906.0	-0.03952639132034699
907.0	-0.04202113170602939
908.0	-0.04550707714584729
909.0	-0.04485866833630766
910.0	-0.043804363660761
911.0	-0.04673431988531746
912.0	-0.0454075787245663
913.0	-0.04620138651363976
914.0	-0.04572506259620666
915.0	-0.04485167271030906
916.0	-0.04689608832132246
917.0	-0.04538440986204165
918.0	-0.04631468862313362
919.0	-0.049469709125051796
920.0	-0.048228995501385076
921.0	-0.046895680972463175
922.0	-0.048116855802595136
923.0	-0.051586711206890734
924.0	-0.048093898068984654
925.0	-0.04893537239581881
926.0	-0.05084832064342168
927.0	-0.0522848468636182
928.0	-0.052778536246218456
929.0	-0.050844298134541104
930.0	-0.05361785215365361
931.0	-0.05480459038336962
932.0	-0.050611762590285915
933.0	-0.052295035391809776
934.0	-0.05378797484630625
935.0	-0.052845417429658835
936.0	-0.051855684025114195
937.0	-0.05547898342670477
938.0	-0.053972014246113136
939.0	-0.05328210491812334
940.0	-0.05320742831993394
941.0	-0.05427457049293512
942.0	-0.05423934901273778
943.0	-0.05384690912195871
944.0	-0.05463747928193297
945.0	-0.05309811890138347
946.0	-0.053257841936930825
947.0	-0.05373681482362641
948.0	-0.053287078708793685
949.0	-0.054021333744441236
950.0	-0.051150326704505825
951.0	-0.053075244368777176
952.0	-0.05177155905160882
953.0	-0.053061999522463384
954.0	-0.05358247292760913
955.0	-0.054175238473662055
956.0	-0.05341096178636981
957.0	-0.05337760439565359
958.0	-0.051167971590622294
959.0	-0.051812652221199705
960.0	-0.05452096310847019
961.0	-0.051632213072445074
962.0	-0.051672928711113404
963.0	-0.05330940305566213
964.0	-0.04996198889728943
965.0	-0.04913019763981478
966.0	-0.051678015520725123
967.0	-0.05273250150724831
968.0	-0.052998771973142275
969.0	-0.051236422533625876
970.0	-0.054176272956456016
971.0	-0.0508852720323828
972.0	-0.05241863279562924
973.0	-0.050699451744099004
974.0	-0.0548643181949647
975.0	-0.051910113898183854
976.0	-0.05251770895908237
977.0	-0.054065295668369553
978.0	-0.05191757025610875
979.0	-0.05126572759752434
980.0	-0.05043207225056858
981.0	-0.05161910481020249
982.0	-0.05298813136918519
983.0	-0.05240584868124174
984.0	-0.05053371418228045
985.0	-0.04833083605639595
986.0	-0.05176478321068563
987.0	-0.05183669782067071
988.0	-0.05095900600494368
989.0	-0.05089405720301956
990.0	-0.051741810568106554
991.0	-0.04844227407640871
992.0	-0.049984268517252566
993.0	-0.052235598060679136
994.0	-0.05071234262462008
995.0	-0.052393540207749126
996.0	-0.049401186040558695
997.0	-0.05104521485300511
998.0	-0.05184422247063121
999.0	-0.05044537047994939
1000.0	-0.05181487267982697
1001.0	-0.04790254129867752
1002.0	-0.04843047106174816
1003.0	-0.04837395971747588
1004.0	-0.04787644404594062
1005.0	-0.0447599658543227
1006.0	-0.047978757838492946
1007.0	-0.04730582153577962
1008.0	-0.048102082074169994
1009.0	-0.047321322911465215
1010.0	-0.05007290029669418
1011.0	-0.05179698684685916
1012.0	-0.04987550303163213
1013.0	-0.04922179628356707
1014.0	-0.05082560000720817
1015.0	-0.04884621639912263
1016.0	-0.05063672340080215
1017.0	-0.047552440189197
1018.0	-0.05088700194114659
1019.0	-0.046359717251146515
1020.0	-0.045506341799679
1021.0	-0.045587380637124975
1022.0	-0.04731715756570608
1023.0	-0.045609847820871983
1024.0	-0.04454829791631458
1025.0	-0.0465479604708105
1026.0	-0.0483743757224964
1027.0	-0.047958193218325465
1028.0	-0.04781495265819111
1029.0	-0.04696492785476327
1030.0	-0.047899017995821656
1031.0	-0.047633434299737196
1032.0	-0.050255717649922774
1033.0	-0.05040023363970199
1034.0	-0.051435784401495266
1035.0	-0.05184861625762653
1036.0	-0.051755019343675816
1037.0	-0.05085152460512933
1038.0	-0.052245274877231296
1039.0	-0.04799897714902895
1040.0	-0.049781031784088485
1041.0	-0.05269735072244047
1042.0	-0.0513635456436551
1043.0	-0.05001580894874689
1044.0	-0.051391016436009636
1045.0	-0.052037055697236094
1046.0	-0.04960088696525221
1047.0	-0.05193717974503254
1048.0	-0.05320270028282227
1049.0	-0.052603150239684905
1050.0	-0.052853315761087975
1051.0	-0.05328460720105381
1052.0	-0.05507766506202348
1053.0	-0.05235943015854214
1054.0	-0.0548917466637669
1055.0	-0.05166980025150212
1056.0	-0.05249912385069127
1057.0	-0.052217842558975186
1058.0	-0.05271643744021018
1059.0	-0.052359611469519125
1060.0	-0.053715280163246656
1061.0	-0.05417237452603195
1062.0	-0.050851155730368476
1063.0	-0.04959917436881044
1064.0	-0.04863465522724809
1065.0	-0.0494668091066767
1066.0	-0.05133972848541983
1067.0	-0.05425143625505498
1068.0	-0.0533501980458812
1069.0	-0.055056036141124864
1070.0	-0.055129996151568036
1071.0	-0.055833248435844404
1072.0	-0.053730457391077166
1073.0	-0.05389430104547743
1074.0	-0.05471567773687821
1075.0	-0.05538595016136046
1076.0	-0.054542204396185456
1077.0	-0.051320959662697854
1078.0	-0.0516520808205427
1079.0	-0.055059440172232
1080.0	-0.05417712227881954
1081.0	-0.05510543884045716
1082.0	-0.05420096300218418
1083.0	-0.0526234527512251
1084.0	-0.05218686337273338
1085.0	-0.054893702610413445
1086.0	-0.05198140618094203
1087.0	-0.050784366404093076
1088.0	-0.057940409702476686
1089.0	-0.05488192941369007
1090.0	-0.05570417418587643
1091.0	-0.05695370279811708
1092.0	-0.05491693976497369
1093.0	-0.055253358861343964
1094.0	-0.05552708568516237
1095.0	-0.05574516924549407
1096.0	-0.05742824582707281
1097.0	-0.05774759378819428
1098.0	-0.05826159193514208
1099.0	-0.05577705498661986
1100.0	-0.057664087292462356
1101.0	-0.055305817878798486
1102.0	-0.05427939134446563
1103.0	-0.053487840084764426
1104.0	-0.055614864292787
1105.0	-0.05611305182516226
1106.0	-0.054656020620672166
1107.0	-0.05539822256410809
1108.0	-0.057755118438154784
1109.0	-0.0570087958758655
1110.0	-0.059772931337599214
1111.0	-0.05582783122557026
1112.0	-0.056286887787808985
1113.0	-0.057217264658873286
1114.0	-0.059141691773281165
1115.0	-0.05706419819250086
1116.0	-0.05630934006258741
1117.0	-0.05680312755515999
1118.0	-0.05719232981684032
1119.0	-0.05658973836454887
1120.0	-0.05846686156314955
1121.0	-0.05725176955132485
1122.0	-0.05559390723272838
1123.0	-0.05441138773183852
1124.0	-0.052416517657035984
1125.0	-0.054078289465571194
1126.0	-0.0539204305195054
1127.0	-0.054134800809843474
1128.0	-0.055512853486314274
1129.0	-0.05520606360169755
1130.0	-0.05535664750081543
1131.0	-0.05392414378949903
1132.0	-0.05342957141714461
1133.0	-0.05406247885099865
1134.0	-0.05465133490711283
1135.0	-0.05545798019364035
1136.0	-0.05585287283373679
1137.0	-0.05387428901440168
1138.0	-0.056518843328389155
1139.0	-0.05512990044494914
1140.0	-0.05443771967861896
1141.0	-0.05324293643114226
1142.0	-0.05219129563382713
1143.0	-0.053327703447550445
1144.0	-0.049122023248043586
1145.0	-0.05208738226377441
1146.0	-0.051722903715213334
1147.0	-0.051815225199519206
1148.0	-0.051524427240452
1149.0	-0.054625094817497374
1150.0	-0.05529497480208894
1151.0	-0.052380519953218053
1152.0	-0.05493971859096109
1153.0	-0.05427610273565377
1154.0	-0.054617231110713205
1155.0	-0.053323047551927835
1156.0	-0.05287350765704068
1157.0	-0.053388879343606116
1158.0	-0.05433887820920983
1159.0	-0.05460985795379251
1160.0	-0.05703080473104011
1161.0	-0.05250793498981128
1162.0	-0.05245083498570274
1163.0	-0.05252696832451398
1164.0	-0.053979290250314914
1165.0	-0.05518789209497308
1166.0	-0.053562504177338675
1167.0	-0.05355602891914073
1168.0	-0.05572710450490362
1169.0	-0.05780968489529519
1170.0	-0.057224443999202304
1171.0	-0.056105794090536835
1172.0	-0.058705217817084716
1173.0	-0.06066329665212672
1174.0	-0.05881372744688476
1175.0	-0.05838507006721282
1176.0	-0.060301844603750696
1177.0	-0.05802245560813287
1178.0	-0.059007675953933914
1179.0	-0.056496158762920634
1180.0	-0.056379785426335954
1181.0	-0.05688426690593264
1182.0	-0.05696491330348746
1183.0	-0.05570871321310374
1184.0	-0.05559804516390423
1185.0	-0.05650947190127003
1186.0	-0.05372089214736635
1187.0	-0.056553130839119205
1188.0	-0.057906067362580055
1189.0	-0.05698079221009561
1190.0	-0.0583631468163963
1191.0	-0.058809350972211925
1192.0	-0.05549401877491059
1193.0	-0.057593375970633055
1194.0	-0.055967006953271704
1195.0	-0.05560388703536014
1196.0	-0.05538686777575913
1197.0	-0.056474809262971326
1198.0	-0.05667711202666812
1199.0	-0.05639838159424219
1200.0	-0.053595477784325427
1201.0	-0.053591160945526954
1202.0	-0.053312724843018924
1203.0	-0.05298474320430049
1204.0	-0.05351561626655198
1205.0	-0.053376594435243306
1206.0	-0.05428362113280645
1207.0	-0.0532584700281189
1208.0	-0.05237400862427555
1209.0	-0.054188650679238094
1210.0	-0.05403383314232548
1211.0	-0.05297767928626628
1212.0	-0.05427027817651987
1213.0	-0.054984518777737794
1214.0	-0.05630537334012773
1215.0	-0.05217955465839433
1216.0	-0.051699110122108316
1217.0	-0.05561330559273847
1218.0	-0.05379238449952356
1219.0	-0.051747772668564555
1220.0	-0.049872891090367515
1221.0	-0.05200158316792611
1222.0	-0.05064678255498413
1223.0	-0.05164161767810909
1224.0	-0.05232799504708179
1225.0	-0.05146943467602977
1226.0	-0.05061558358366692
1227.0	-0.0518648178659897
1228.0	-0.05325582105885596
1229.0	-0.05311120695910396
1230.0	-0.05444471770797144
1231.0	-0.055131095076943686
1232.0	-0.05217317751016917
1233.0	-0.05427802886436267
1234.0	-0.053597243763833756
1235.0	-0.05368279566002377
1236.0	-0.053834081237918836
1237.0	-0.052964140110034585



