0.0	0.005439833472982468
1.0	0.0034737378574835475
2.0	0.0014038732279951186
3.0	0.0008333306222513342
4.0	0.0003300041616053243
5.0	0.00033187387356909136
6.0	0.00026353590129331767
7.0	0.0012492480485916686
8.0	-0.0008640873840543448
9.0	-0.0001084432938980551
10.0	-0.0006215857423538422
11.0	-0.0010384380246756246
12.0	-0.0016183291902382446
13.0	-0.0005915768653352935
14.0	-0.0024860625126222834
15.0	-0.0019859145623145904
16.0	-0.0011606237015079773
17.0	-0.002049484769082671
18.0	-0.000396939849907402
19.0	-0.00040395126977152857
20.0	0.0010662967329368859
21.0	0.0013172120784743406
22.0	-0.0015267133040136579
23.0	-0.0008892350099669249
24.0	-0.0022498244060005744
25.0	-0.0029767684175128657
26.0	-0.0018529780416910128
27.0	-0.001398357577700787
28.0	-0.0024678328209755546
29.0	-0.0017629514106353667
30.0	-0.0009942193367327074
31.0	-0.0005738146016795062
32.0	-0.003523004767727678
33.0	-0.0017333164760099198
34.0	-0.0035418888585614645
35.0	-0.0021854128288484507
36.0	-1.4677238914875026e-05
37.0	0.0003937613395699557
38.0	-0.0003324347871574379
39.0	-0.00010404947078302833
40.0	-0.000549975774141476
41.0	0.0007749956089818885
42.0	-0.0005022046334671402
43.0	-0.0023664009469411907
44.0	-0.001251211246152405
45.0	-0.001046664757316461
46.0	0.0004755612379847653
47.0	-0.0024830709734805175
48.0	0.0008907307795393317
49.0	0.0012052163318448667
50.0	0.002627880165075061
51.0	0.0032840555787590296
52.0	0.003921533872805762
53.0	0.003745500491416831
54.0	0.004396066769209498
55.0	0.006320561293515037
56.0	0.006817156791091746
57.0	0.009442419359416837
58.0	0.009896946337808786
59.0	0.010435049440981038
60.0	0.010307909027444877
61.0	0.010358204279270037
62.0	0.006932331048059537
63.0	0.007664884195463564
64.0	0.006029166683962199
65.0	0.00617219964919038
66.0	0.0036458448437479587
67.0	0.0033772607201529923
68.0	0.003763636697465284
69.0	0.004056807533384049
70.0	0.0016995681750647076
71.0	0.002254966113901805
72.0	0.004158987292204181
73.0	0.003644909987766075
74.0	0.002657234642906117
75.0	0.002098003794543646
76.0	0.0011718419732914503
77.0	0.005436935419438978
78.0	0.004451784185729844
79.0	0.003952945033796701
80.0	0.0036477145557117256
81.0	0.0035911557688077717
82.0	0.0031722468033261063
83.0	0.0011826863026813865
84.0	0.0034319497950931793
85.0	0.0020903379754920264
86.0	-4.216200478259931e-05
87.0	0.0034093262803314233
88.0	0.0015042767604493237
89.0	0.0008919460923156061
90.0	0.0011562298783942566
91.0	0.0013669464167107188
92.0	-0.0005975599436192611
93.0	-0.0019314124585709544
94.0	-0.0006162570632569319
95.0	-0.0017832377854424136
96.0	-0.0008428661532658497
97.0	0.0007169410525068336
98.0	-0.0013350678277275325
99.0	-0.0007708822426608173
100.0	-0.0008940962610728935
101.0	-0.0036467796997289715
102.0	-0.002095573168989791
103.0	-0.004791697820741915
104.0	-0.004028948825122788
105.0	-0.005677567349174407
106.0	-0.005651578352878219
107.0	-0.0060771247958317795
108.0	-0.005371308529509709
109.0	-0.004049515656724225
110.0	-0.008252721636870889
111.0	-0.008187749146129982
112.0	-0.008002460690520926
113.0	-0.006749847160394826
114.0	-0.00824290564906111
115.0	-0.010234055404874771
116.0	-0.006302892515456654
117.0	-0.00716193167720935
118.0	-0.009376231555898786
119.0	-0.007598041992758021
120.0	-0.008114269465953849
121.0	-0.007993579558693033
122.0	-0.008430624730223588
123.0	-0.01002072126980921
124.0	-0.012294945416937032
125.0	-0.010373722888568521
126.0	-0.011485547107822439
127.0	-0.012599428010236674
128.0	-0.012483879810875781
129.0	-0.0114265576953655
130.0	-0.011334754837944798
131.0	-0.013950388389656662
132.0	-0.012114611698031784
133.0	-0.011758431568934156
134.0	-0.013785573280050334
135.0	-0.013536247189682256
136.0	-0.012717313349552275
137.0	-0.011690374053453209
138.0	-0.011418424448323375
139.0	-0.010890604760951841
140.0	-0.011583146072330993
141.0	-0.011783298738052346
142.0	-0.013994326620805188
143.0	-0.01389841039706385
144.0	-0.012415167896207342
145.0	-0.01325644479430425
146.0	-0.013837925215035811
147.0	-0.011115718081389224
148.0	-0.012813790486882396
149.0	-0.016989885643554435
150.0	-0.01616309901317672
151.0	-0.016645110757435962
152.0	-0.01673981166840059
153.0	-0.020525791423832804
154.0	-0.018865674171203755
155.0	-0.019935149414478524
156.0	-0.01859522033564502
157.0	-0.016544333282588655
158.0	-0.018243153572867595
159.0	-0.01869403461292985
160.0	-0.01956877935517845
161.0	-0.02002676530070311
162.0	-0.022070827905091465
163.0	-0.024840712693814115
164.0	-0.024218846494665446
165.0	-0.02374749210859959
166.0	-0.02605976489419025
167.0	-0.022924351416551136
168.0	-0.026069580882000024
169.0	-0.02546248540736494
170.0	-0.02684551134696336
171.0	-0.02671472499509794
172.0	-0.02599516634584244
173.0	-0.026770816354010952
174.0	-0.024845200002527417
175.0	-0.023076172028008934
176.0	-0.024480419198396285
177.0	-0.02418154574098838
178.0	-0.02446695727225725
179.0	-0.02441610110684287
180.0	-0.025060871277547688
181.0	-0.025325529006019004
182.0	-0.02656720472115689
183.0	-0.027371554807969403
184.0	-0.0251953035677428
185.0	-0.025182122098398155
186.0	-0.024287838866128276
187.0	-0.02744447357455632
188.0	-0.025287573853154444
189.0	-0.025515959169528854
190.0	-0.027519168567508724
191.0	-0.028546575291598732
192.0	-0.026399117615613973
193.0	-0.02658449955682174
194.0	-0.027480932957849775
195.0	-0.025311599651889026
196.0	-0.024733952140683274
197.0	-0.025099574315198013
198.0	-0.027563574226648194
199.0	-0.026999014699188813
200.0	-0.02757292278646703
201.0	-0.025666470982612103
202.0	-0.028978198298434538
203.0	-0.028396904848899094
204.0	-0.02567451074405639
205.0	-0.027932748853893914
206.0	-0.029455255305989532
207.0	-0.027509633036493775
208.0	-0.027039961391195137
209.0	-0.028080736555826342
210.0	-0.028976702528863436
211.0	-0.028120654906252505
212.0	-0.025253264638619582
213.0	-0.024951399642069473
214.0	-0.024913257518008363
215.0	-0.023618949411090606
216.0	-0.02507358531890139
217.0	-0.02089870547500606
218.0	-0.025849889726257392
219.0	-0.023247250672693624
220.0	-0.025543163478601753
221.0	-0.024780414482982627
222.0	-0.025179504501649057
223.0	-0.026114921397121377
224.0	-0.02637116542175574
225.0	-0.025522129219009374
226.0	-0.025600376664692764
227.0	-0.024050665903524684
228.0	-0.025219142395280832
229.0	-0.02396793114912799
230.0	-0.025548024729707287
231.0	-0.02478817378763252
232.0	-0.0235513593236006
233.0	-0.024024022508041004
234.0	-0.022532272817749267
235.0	-0.0217283901589277
236.0	-0.021612654988370256
237.0	-0.020712108221022017
238.0	-0.021898814404424895
239.0	-0.023183026066738485
240.0	-0.021659771729857533
241.0	-0.024101615554537336
242.0	-0.02477919917020635
243.0	-0.024735260939057823
244.0	-0.023943531408000745
245.0	-0.021027902571702103
246.0	-0.024193231440761923
247.0	-0.025618232413946826
248.0	-0.022302859159795133
249.0	-0.025763322062335326
250.0	-0.02294678796011634
251.0	-0.02483977783783223
252.0	-0.023184147893916485
253.0	-0.02117617073042892
254.0	-0.019284302679891466
255.0	-0.022057272493354155
256.0	-0.020587865861029783
257.0	-0.020137171792163643
258.0	-0.019536433338205192
259.0	-0.019365635150315332
260.0	-0.023025128891398444
261.0	-0.02269634004256983
262.0	-0.021389785322289308
263.0	-0.02294800327289305
264.0	-0.02099284547238147
265.0	-0.022988669508104985
266.0	-0.0231862045770768
267.0	-0.022484595162673208
268.0	-0.023972418457840858
269.0	-0.023939698498474934
270.0	-0.021716517487957606
271.0	-0.02359221253000865
272.0	-0.02294959252806199
273.0	-0.022107474259581473
274.0	-0.02272990137231936
275.0	-0.02162751919848255
276.0	-0.021101288766279962
277.0	-0.020634982602516626
278.0	-0.02342057297173518
279.0	-0.0231324503581185
280.0	-0.023985039013596283
281.0	-0.024280266532674934
282.0	-0.023730758186523964
283.0	-0.024975518926401895
284.0	-0.023437493865006924
285.0	-0.024241470009426766
286.0	-0.024615038459787516
287.0	-0.024368329966168535
288.0	-0.024916062085954014
289.0	-0.023922777605202755
290.0	-0.023924086403577304
291.0	-0.025869428216279106
292.0	-0.02627982999232598
293.0	-0.02311506203685538
294.0	-0.02278758198640175
295.0	-0.023476383873853365
296.0	-0.024013552121043735
297.0	-0.02608117309617573
298.0	-0.025801651157592552
299.0	-0.025564945622979465
300.0	-0.024840432237019722
301.0	-0.026410803315387515
302.0	-0.02441152031253173
303.0	-0.023235564972920078
304.0	-0.02398625432637256
305.0	-0.026702758838530006
306.0	-0.024815752039098086
307.0	-0.02673033708999557
308.0	-0.026337978034398874
309.0	-0.02492718687213834
310.0	-0.027291250679125693
311.0	-0.025596917697560055
312.0	-0.026722577785345675
313.0	-0.022512921298924102
314.0	-0.02472310781129334
315.0	-0.02441310956770067
316.0	-0.025674230287261565
317.0	-0.02736575870088155
318.0	-0.024535388730131297
319.0	-0.025376478657031656
320.0	-0.027726052196299814
321.0	-0.02761695450321383
322.0	-0.027223941048430077
323.0	-0.028538722501350998
324.0	-0.02721281626224575
325.0	-0.028399335474452076
326.0	-0.025685822501436834
327.0	-0.029940819502979756
328.0	-0.029523125850274366
329.0	-0.028567422579995
330.0	-0.030674214020767393
331.0	-0.029728513709494354
332.0	-0.026613760549054517
333.0	-0.02804081820539974
334.0	-0.030728622638913187
335.0	-0.02944403703420693
336.0	-0.029717482408907866
337.0	-0.030637848123072207
338.0	-0.03076984978771434
339.0	-0.029516675343999457
340.0	-0.03173069476589407
341.0	-0.028978759212023756
342.0	-0.03089596185967034
343.0	-0.029705703223536047
344.0	-0.02973169221983267
345.0	-0.030924848909510454
346.0	-0.029581367377945537
347.0	-0.02913590850257803
348.0	-0.031143979151663868
349.0	-0.031343477418198165
350.0	-0.031786318696816133
351.0	-0.032254214115748844
352.0	-0.03233133973425424
353.0	-0.031955995057528
354.0	-0.032875145458916066
355.0	-0.034359977214941516
356.0	-0.034513480567166965
357.0	-0.0303386007232712
358.0	-0.03329583065076366
359.0	-0.03459191498404691
360.0	-0.03410448107509292
361.0	-0.037047127249267474
362.0	-0.03658250382627135
363.0	-0.03636412146890371
364.0	-0.03713079685964605
365.0	-0.038812228828661866
366.0	-0.0375838280684669
367.0	-0.04020983852157776
368.0	-0.03893460147669033
369.0	-0.041104963124231245
370.0	-0.03846352754741931
371.0	-0.03882756046676467
372.0	-0.039120263874692494
373.0	-0.04060640442909293
374.0	-0.041616142375125426
375.0	-0.0408522715523283
376.0	-0.04092191832297862
377.0	-0.04461936721692629
378.0	-0.04411239481795059
379.0	-0.04416783177767654
380.0	-0.04417418879835317
381.0	-0.04491880158792341
382.0	-0.043967585626356914
383.0	-0.04352932514205008
384.0	-0.04425402549920594
385.0	-0.04586534326958049
386.0	-0.045502525663011405
387.0	-0.0448097973804357
388.0	-0.04402068544612772
389.0	-0.04513194875179286
390.0	-0.04561162335609739
391.0	-0.04595985720934901
392.0	-0.04617169557484391
393.0	-0.04693369668567683
394.0	-0.04516401431197129
395.0	-0.04587889868131781
396.0	-0.046530399815092355
397.0	-0.04762530314107453
398.0	-0.046395313125710186
399.0	-0.0471739546730209
400.0	-0.04719068859509696
401.0	-0.04754911237855102
402.0	-0.046880316409111625
403.0	-0.04639933300643254
404.0	-0.04728408070768704
405.0	-0.04583869987409681
406.0	-0.0486716874415966
407.0	-0.046448599916677547
408.0	-0.047393365371969136
409.0	-0.04863111469198294
410.0	-0.049495015104841604
411.0	-0.049448365791345705
412.0	-0.046865358713401487
413.0	-0.052105974376644056
414.0	-0.04947622449960566
415.0	-0.049634963045329314
416.0	-0.051417826888379495
417.0	-0.05079016458214297
418.0	-0.047527330234172875
419.0	-0.050326382529530464
420.0	-0.051361922500663036
421.0	-0.051250487667622344
422.0	-0.053908096252921124
423.0	-0.05237418455784636
424.0	-0.0528159974948846
425.0	-0.051291340874030825
426.0	-0.051836361911468926
427.0	-0.05488960154830056
428.0	-0.05262126699385843
429.0	-0.05392483017499675
430.0	-0.05240475434845412
431.0	-0.05241354199468374
432.0	-0.053679243508555775
433.0	-0.05382797909527353
434.0	-0.05439179073794758
435.0	-0.05739520255094456
436.0	-0.054076557300856275
437.0	-0.05485893827209452
438.0	-0.053164792261725435
439.0	-0.05432148956810976
440.0	-0.05355051383985067
441.0	-0.054215476899764255
442.0	-0.05322013573585268
443.0	-0.05388977307567612
444.0	-0.051240484708616446
445.0	-0.05738099274002019
446.0	-0.05509078255560164
447.0	-0.054284001843236146
448.0	-0.053401404310740246
449.0	-0.05547594322013766
450.0	-0.05548987257426807
451.0	-0.055122848115780505
452.0	-0.054884085898007536
453.0	-0.05391108779206289
454.0	-0.05547089499783557
455.0	-0.05523633963198108
456.0	-0.05569152100956009
457.0	-0.05621345110424593
458.0	-0.05546014415404391
459.0	-0.054081418551962246
460.0	-0.054668414622986834
461.0	-0.05651297896084133
462.0	-0.056146421930344706
463.0	-0.05473937019201171
464.0	-0.05472413203950718
465.0	-0.054930267783512496
466.0	-0.05600226713793809
467.0	-0.0528360968984951
468.0	-0.05468570945865168
469.0	-0.05293444374778942
470.0	-0.05605181450497792
471.0	-0.05385826842908647
472.0	-0.05463849923156656
473.0	-0.05355855360129452
474.0	-0.05226733051911724
475.0	-0.05637798575705743
476.0	-0.0512754483223388
477.0	-0.053959887274317386
478.0	-0.05430933644034528
479.0	-0.05100789254032356
480.0	-0.05223040370783284
481.0	-0.05175446852745584
482.0	-0.05441385333912012
483.0	-0.05476348947634456
484.0	-0.05315263913396095
485.0	-0.05323023218045728
486.0	-0.0538239592145516
487.0	-0.054134050943742115
488.0	-0.05230509870078525
489.0	-0.05135846353352989
490.0	-0.051398288398358215
491.0	-0.054452088948779065
492.0	-0.05158497913794053
493.0	-0.05170940846912888
494.0	-0.0513519195416567
495.0	-0.051021634923257425
496.0	-0.05024766765585613
497.0	-0.04978940125353665
498.0	-0.050783246647877124
499.0	-0.051493176280519394
500.0	-0.04754172701629423
501.0	-0.051351078171273094
502.0	-0.05027131951219761
503.0	-0.05118925460080897
504.0	-0.04777057976065915
505.0	-0.04763091227696583
506.0	-0.04845517479619229
507.0	-0.049138928461342254
508.0	-0.04744571730695461
509.0	-0.04904525589195735
510.0	-0.04909788828373722
511.0	-0.04979809541416799
512.0	-0.04805328020958064
513.0	-0.04953091357454585
514.0	-0.04673242219277748
515.0	-0.0498710141807549
516.0	-0.04707775799248517
517.0	-0.04743505994876123
518.0	-0.04778002180607625
519.0	-0.048573621049097106
520.0	-0.045062956380330026
521.0	-0.04889577242045426
522.0	-0.04652479067920105
523.0	-0.046560595663307454
524.0	-0.04665408126149581
525.0	-0.04591526457901299
526.0	-0.04842497894797762
527.0	-0.047979239615815725
528.0	-0.046212361810055835
529.0	-0.045817198186513496
530.0	-0.047303151769717375
531.0	-0.04596752302840019
532.0	-0.04545045418482076
533.0	-0.0465577910953618
534.0	-0.04459160199426417
535.0	-0.04627191213610156
536.0	-0.04649599711495922
537.0	-0.04663846916659818
538.0	-0.04762118977475433
539.0	-0.04510156593238165
540.0	-0.04639054536020249
541.0	-0.044921886612663456
542.0	-0.04417577805352255
543.0	-0.04747525875598222
544.0	-0.0451924339338209
545.0	-0.04619095360807036
546.0	-0.045866652067955045
547.0	-0.04367843467116051
548.0	-0.04578158017360364
549.0	-0.04277498985026791
550.0	-0.044429030539014716
551.0	-0.04350015763541514
552.0	-0.04596827091318596
553.0	-0.04240347808306748
554.0	-0.04283341834913563
555.0	-0.04242582114103441
556.0	-0.04039250938043771
557.0	-0.04069456134818437
558.0	-0.038934134048699394
559.0	-0.04026097514378696
560.0	-0.03978120705388415
561.0	-0.03968239277659932
562.0	-0.03796038805796985
563.0	-0.03953075913633764
564.0	-0.038134645212992854
565.0	-0.039161864965886306
566.0	-0.03533447109045683
567.0	-0.03828048274616668
568.0	-0.03638824075323613
569.0	-0.0379359883168426
570.0	-0.03715566402876424
571.0	-0.037442290872809814
572.0	-0.03848951654371593
573.0	-0.03664756980261053
574.0	-0.036268018273965814
575.0	-0.03491939503450054
576.0	-0.033077354807797305
577.0	-0.03365967659891247
578.0	-0.032459508489370556
579.0	-0.032775396325648916
580.0	-0.030837439875204344
581.0	-0.03061802917625654
582.0	-0.03004823445529852
583.0	-0.027549177444527274
584.0	-0.028076997131898807
585.0	-0.027123631001573712
586.0	-0.02852628891679212
587.0	-0.02786413042482375
588.0	-0.026285158671422455
589.0	-0.02555587751995502
590.0	-0.024987111140577164
591.0	-0.026912540520864586
592.0	-0.023881269999607213
593.0	-0.024093482307494776
594.0	-0.024027574960771986
595.0	-0.02371131318210096
596.0	-0.02244168527310484
597.0	-0.024196316465501966
598.0	-0.02217403600549132
599.0	-0.020365276651743227
600.0	-0.020242997489313033
601.0	-0.02028665526366673
602.0	-0.022294351970359907
603.0	-0.020391452619235965
604.0	-0.020698739780481257
605.0	-0.01984400095624488
606.0	-0.01975902254749175
607.0	-0.02096723041847795
608.0	-0.018314296113089018
609.0	-0.01652236416701439
610.0	-0.015911061840460834
611.0	-0.019045820918912888
612.0	-0.018686929707467884
613.0	-0.01783789350472108
614.0	-0.018929898777159327
615.0	-0.016761874269573127
616.0	-0.01671999272158492
617.0	-0.017284178306651635
618.0	-0.015201599635809502
619.0	-0.016399804547789807
620.0	-0.01621460957777859
621.0	-0.017080473188198865
622.0	-0.018565865857813967
623.0	-0.019129397043693187
624.0	-0.016273785961431645
625.0	-0.018624387842279527
626.0	-0.01564294514485681
627.0	-0.013428271323774707
628.0	-0.015273116118423594
629.0	-0.017645780600444014
630.0	-0.016586869229764354
631.0	-0.014899173725670178
632.0	-0.013968898538097782
633.0	-0.014161572355964066
634.0	-0.013648523393106555
635.0	-0.013265793354123086
636.0	-0.013392840282061407
637.0	-0.015017433007378445
638.0	-0.01208310705144257
639.0	-0.01372667735319167
640.0	-0.010784592092606337
641.0	-0.01232345852438448
642.0	-0.011676351213724956
643.0	-0.012127232253787212
644.0	-0.012006916288919062
645.0	-0.010927531572236242
646.0	-0.011466008617801159
647.0	-0.01118069057213013
648.0	-0.010983903387943646
649.0	-0.011297921512258238
650.0	-0.009894141769862266
651.0	-0.011134882629017837
652.0	-0.010743645400599576
653.0	-0.011507703194593252
654.0	-0.009929853268369955
655.0	-0.010801793442672906
656.0	-0.010623796863722368
657.0	-0.010710831955635377
658.0	-0.011020830199228044
659.0	-0.012858289631620138
660.0	-0.011756000943381173
661.0	-0.011266416865669024
662.0	-0.01177937234292826
663.0	-0.011225376688064424
664.0	-0.013640577117260544
665.0	-0.01189295734472711
666.0	-0.0116593368348545
667.0	-0.014908428799890738
668.0	-0.010905468971063703
669.0	-0.015817950184665145
670.0	-0.012847258331034088
671.0	-0.014691542212093758
672.0	-0.014390799042722084
673.0	-0.015000792570901093
674.0	-0.015698475590180602
675.0	-0.01595350430203826
676.0	-0.012900451636403173
677.0	-0.011667937509888005
678.0	-0.014082483539896632
679.0	-0.014131563478945518
680.0	-0.01305769441255616
681.0	-0.013352828446036531
682.0	-0.012929619143038114
683.0	-0.014022185329065144
684.0	-0.011966343539304968
685.0	-0.014287216999929127
686.0	-0.01458758622690857
687.0	-0.013537369016860253
688.0	-0.013950388389656662
689.0	-0.015552638057006771
690.0	-0.013867373178465143
691.0	-0.01447428168190411
692.0	-0.012397873060542497
693.0	-0.01182162783330957
694.0	-0.011197611465402308
695.0	-0.016328288065175715
696.0	-0.012753305304854792
697.0	-0.01414633420345954
698.0	-0.0153463153418049
699.0	-0.01327486145714753
700.0	-0.01344612707302877
701.0	-0.013297017543918344
702.0	-0.014707154306991387
703.0	-0.01529106535327593
704.0	-0.015488974364640416
705.0	-0.01536089909512237
706.0	-0.015321448172687147
707.0	-0.014915159762960473
708.0	-0.016244337998002314
709.0	-0.01453766491747564
710.0	-0.015021920316091312
711.0	-0.015438118199226037
712.0	-0.015772235727151127
713.0	-0.01445455622068628
714.0	-0.013702090640868308
715.0	-0.014543554510161767
716.0	-0.012962993501591096
717.0	-0.01551028908102762
718.0	-0.01781153056603179
719.0	-0.013546811062277364
720.0	-0.014214765661333152
721.0	-0.014750812081345087
722.0	-0.015771955270356738
723.0	-0.015717266195416548
724.0	-0.014615818877561191
725.0	-0.014219813883635237
726.0	-0.014522520250569387
727.0	-0.015159157174232078
728.0	-0.017085521410501382
729.0	-0.018210527099099944
730.0	-0.0165205879406489
731.0	-0.016437946671850483
732.0	-0.014037890909561049
733.0	-0.015451112697374132
734.0	-0.015340612720315758
735.0	-0.01722874134692568
736.0	-0.016041661221130137
737.0	-0.017588286957558177
738.0	-0.01707589239388772
739.0	-0.014333772827827189
740.0	-0.01752920405950296
741.0	-0.018436388304323096
742.0	-0.01559442611939714
743.0	-0.016679326486372985
744.0	-0.01755939990771806
745.0	-0.015532445167798
746.0	-0.018815846347369537
747.0	-0.015056883929814106
748.0	-0.018266338001218133
749.0	-0.0192183018475704
750.0	-0.017857805937135027
751.0	-0.019550830120326112
752.0	-0.017844624467790816
753.0	-0.019916078352448185
754.0	-0.019281124169552712
755.0	-0.020984431768544518
756.0	-0.021854408745285426
757.0	-0.020517845147986793
758.0	-0.0204761505711947
759.0	-0.019990118946213536
760.0	-0.01934095495239326
761.0	-0.020478207254354584
762.0	-0.017783858828968387
763.0	-0.018445923835338045
764.0	-0.020131001742683122
765.0	-0.01903656584469233
766.0	-0.022362222514644738
767.0	-0.019126685961345813
768.0	-0.020697804924499373
769.0	-0.02098022491662604
770.0	-0.022197220433842296
771.0	-0.019680775101807924
772.0	-0.020561689893537044
773.0	-0.02118692157422058
774.0	-0.021542353818532877
775.0	-0.0214001622236883
776.0	-0.022705875573585214
777.0	-0.021324999802744955
778.0	-0.023254168606959908
779.0	-0.022130752173530287
780.0	-0.022194509351494918
781.0	-0.023335220620588952
782.0	-0.024230906136831657
783.0	-0.024153406575933598
784.0	-0.026079022927417136
785.0	-0.02519408825496609
786.0	-0.02525204932584287
787.0	-0.02561140796527925
788.0	-0.027497105966336186
789.0	-0.024759567194586798
790.0	-0.026193262328403476
791.0	-0.02741063178801196
792.0	-0.026534484761790968
793.0	-0.027116339124915196
794.0	-0.02828518955906401
795.0	-0.02776905557146646
796.0	-0.030575960657071778
797.0	-0.030077682418727852
798.0	-0.03174163258088228
799.0	-0.03171592404138048
800.0	-0.029646339868686443
801.0	-0.030442837165251216
802.0	-0.03207135628569234
803.0	-0.03043087100868328
804.0	-0.032671907768454675
805.0	-0.0316251495255395
806.0	-0.03360021975846503
807.0	-0.033748768373986236
808.0	-0.033747459575611684
809.0	-0.03434174752329479
810.0	-0.03539028199257545
811.0	-0.035128989745639
812.0	-0.035325776929825484
813.0	-0.033055011749830374
814.0	-0.03432650937079026
815.0	-0.03672927621542707
816.0	-0.036508089290113774
817.0	-0.03744154298802448
818.0	-0.03688661247717833
819.0	-0.03550872824548027
820.0	-0.03543216354056366
821.0	-0.03797684152325065
822.0	-0.038418560974690624
823.0	-0.0393072350710692
824.0	-0.03768778405365252
825.0	-0.038663306270747995
826.0	-0.03939903792849034
827.0	-0.040957816792682865
828.0	-0.04079973264614627
829.0	-0.041228270628241595
830.0	-0.041092903482065034
831.0	-0.03883307611705813
832.0	-0.04108411583583541
833.0	-0.04156322952655073
834.0	-0.0423351401107917
835.0	-0.043225309976741386
836.0	-0.04308657734902995
837.0	-0.04401722647899502
838.0	-0.044313949767644766
839.0	-0.04294438575418538
840.0	-0.044221959939027514
841.0	-0.04355606202313161
842.0	-0.043935707037374594
843.0	-0.04664379784569509
844.0	-0.042869316818840306
845.0	-0.04424458345378883
846.0	-0.04583711061892744
847.0	-0.04659565276262809
848.0	-0.04504089377915749
849.0	-0.0448955236739746
850.0	-0.04416596206571277
851.0	-0.04691079271412068
852.0	-0.045178785036485314
853.0	-0.04612083940942909
854.0	-0.0473030582841191
855.0	-0.04781077856788014
856.0	-0.04492310192544016
857.0	-0.045340141178958494
858.0	-0.04632987320697834
859.0	-0.04654517053960638
860.0	-0.04704961882743039
861.0	-0.045982480724110326
862.0	-0.04686264763105368
863.0	-0.04667268489553521
864.0	-0.04508296229834225
865.0	-0.04737896858984822
866.0	-0.04665922296939617
867.0	-0.04811161522285009
868.0	-0.04443080676538021
869.0	-0.04686741539656137
870.0	-0.04516055534483858
871.0	-0.04694482147186159
872.0	-0.04561106244250817
873.0	-0.046161973072631965
874.0	-0.04820790538898409
875.0	-0.04696828635700652
876.0	-0.04731053713197417
877.0	-0.04483933882946331
878.0	-0.046904248722247494
879.0	-0.0470266213702764
880.0	-0.04540576806888646
881.0	-0.04483644077591938
882.0	-0.04706569835031896
883.0	-0.04568744017622823
884.0	-0.04731119153116166
885.0	-0.04577120327220465
886.0	-0.044876078669551164
887.0	-0.045343319689296814
888.0	-0.044516159116526
889.0	-0.0472307004311214
890.0	-0.04373676968442995
891.0	-0.04648468535757834
892.0	-0.04652806267513765
893.0	-0.04472547337087007
894.0	-0.04449549879932672
895.0	-0.04368946597174656
896.0	-0.04502556214105469
897.0	-0.04393552006617848
898.0	-0.0431106031477641
899.0	-0.044497368511290485
900.0	-0.04480689932689178
901.0	-0.042211739121183076
902.0	-0.04421709868792154
903.0	-0.04534958322437517
904.0	-0.04339143388472226
905.0	-0.04278527326606863
906.0	-0.044814378174746844
907.0	-0.04288848136646892
908.0	-0.04293241959761745
909.0	-0.04277405499428603
910.0	-0.04239562529281974
911.0	-0.043630102616896954
912.0	-0.04286230539897618
913.0	-0.04309405619688502
914.0	-0.0430423586610866
915.0	-0.0418870636386751
916.0	-0.04225268581318984
917.0	-0.044437257271655116
918.0	-0.04226698910971248
919.0	-0.043241015557236855
920.0	-0.042336355423568416
921.0	-0.04504528760227208
922.0	-0.043328798533936064
923.0	-0.04206842569916051
924.0	-0.04304376094505943
925.0	-0.04135915046570529
926.0	-0.044719022864594726
927.0	-0.042180140988995585
928.0	-0.04092967762762808
929.0	-0.041359337436901844
930.0	-0.041713273911643034
931.0	-0.04300524487860609
932.0	-0.039596012083872936
933.0	-0.041552291711562515
934.0	-0.04265186931745411
935.0	-0.042271008990434844
936.0	-0.042065060217625634
937.0	-0.04102858539051162
938.0	-0.04224464605174555
939.0	-0.0418218106911398
940.0	-0.039704735834566254
941.0	-0.04194539865194454
942.0	-0.040609022025842025
943.0	-0.04203028357509983
944.0	-0.038990692835603344
945.0	-0.041165728763053674
946.0	-0.04166466140058509
947.0	-0.03970202475221888
948.0	-0.04000510506154526
949.0	-0.0408436708772948
950.0	-0.04013280638867064
951.0	-0.04019805933620594
952.0	-0.041687939314533906
953.0	-0.041533127163933904
954.0	-0.04098352533218466
955.0	-0.03778725273012484
956.0	-0.03914129813428487
957.0	-0.04044215023307581
958.0	-0.03861086085016424
959.0	-0.037420228271637275
960.0	-0.03773527473753203
961.0	-0.03872883967507811
962.0	-0.03632523146005726
963.0	-0.039433253657427364
964.0	-0.038546168816217724
965.0	-0.03826552505045655
966.0	-0.037371522274981056
967.0	-0.037643004452120384
968.0	-0.037936829687226205
969.0	-0.03878334177882175
970.0	-0.03876651437114785
971.0	-0.040001459123216
972.0	-0.03957628662265554
973.0	-0.038045833894713915
974.0	-0.03861413284610083
975.0	-0.03634000218457085
976.0	-0.03884074193610931
977.0	-0.0363682348352239
978.0	-0.03703123469757545
979.0	-0.037232228733680414
980.0	-0.03606926789221729
981.0	-0.034236669710931165
982.0	-0.03565437880745755
983.0	-0.03532839452657459
984.0	-0.03408522304186603
985.0	-0.03490705493553994
986.0	-0.03558239489685252
987.0	-0.03577572311390586
988.0	-0.03272837306976035
989.0	-0.034260882480861864
990.0	-0.03159411230694079
991.0	-0.03279652407083957
992.0	-0.031846616907647625
993.0	-0.030091518287259558
994.0	-0.03203125096406962
995.0	-0.0330590316305523
996.0	-0.03152624176265639
997.0	-0.03084117929913188
998.0	-0.02856639423841484
999.0	-0.02944011063908328
1000.0	-0.029491995146077817
1001.0	-0.029179285820137773
1002.0	-0.02898324652073662
1003.0	-0.033002753300443166
1004.0	-0.02641678639367192
1005.0	-0.02892865093139471
1006.0	-0.02901204008497846
1007.0	-0.028797771093931016
1008.0	-0.03024763923623411
1009.0	-0.028556204308212395
1010.0	-0.029502839475467318
1011.0	-0.031364044249799605
1012.0	-0.03078088108830039
1013.0	-0.03211295737688616
1014.0	-0.029372894493985505
1015.0	-0.032396966624182635
1016.0	-0.031305522265333605
1017.0	-0.032066868976979475
1018.0	-0.030621862085781913
1019.0	-0.03176640626440219
1020.0	-0.029528361043773
1021.0	-0.030054591475975157
1022.0	-0.02851020939390355
1023.0	-0.030944106942737342
1024.0	-0.029818166398156896
1025.0	-0.03232760031032671
1026.0	-0.02863220809953935
1027.0	-0.028673902676331447
1028.0	-0.029644657127919225
1029.0	-0.0269511500729162
1030.0	-0.0311297693407395
1031.0	-0.029679994684034247
1032.0	-0.029184707984832525
1033.0	-0.02847823731932296
1034.0	-0.027731941788985505
1035.0	-0.029101038374453946
1036.0	-0.02841055374623468
1037.0	-0.031152205884304705
1038.0	-0.02804549248530916
1039.0	-0.02790956442554338
1040.0	-0.029391872070418004
1041.0	-0.027831130008663437
1042.0	-0.027709131303027636
1043.0	-0.02906411156316955
1044.0	-0.029412625873215557
1045.0	-0.02782757755593202
1046.0	-0.030159949745133606
1047.0	-0.028796275324359914
1048.0	-0.028303232279514624
1049.0	-0.027066604786678817
1050.0	-0.02852105372329349
1051.0	-0.029169563317925837
1052.0	-0.027005932633454664
1053.0	-0.027772514538599163
1054.0	-0.029184240556841583
1055.0	-0.028203670117444027
1056.0	-0.028541059641305707
1057.0	-0.030345051229546546
1058.0	-0.029083650053190826
1059.0	-0.029355225715927996
1060.0	-0.027386605989277814
1061.0	-0.030071325398050786
1062.0	-0.030252126544946974
1063.0	-0.02866670428527077
1064.0	-0.027294803131856678
1065.0	-0.029530604698129435
1066.0	-0.030882312962334756
1067.0	-0.029069346756668182
1068.0	-0.03107236918345194
1069.0	-0.030263625273524403
1070.0	-0.029000821813195857
1071.0	-0.028955855240467607
1072.0	-0.02987556655544446
1073.0	-0.03085623048044029
1074.0	-0.030849873459763658
1075.0	-0.02955089107293648
1076.0	-0.031855124097082854
1077.0	-0.028474965323386368
1078.0	-0.030448259329946402
1079.0	-0.03004692565692354
1080.0	-0.03041301525942922
1081.0	-0.030183134173484144
1082.0	-0.028135612601962644
1083.0	-0.030253248372125407
1084.0	-0.029594455361691904
1085.0	-0.031005059552756325
1086.0	-0.029266507883247334
1087.0	-0.030079832587486012
1088.0	-0.029571738361332308
1089.0	-0.028979226640014698
1090.0	-0.030138074115157183
1091.0	-0.030510707709536046
1092.0	-0.030328130336274368
1093.0	-0.029848455731969835
1094.0	-0.030923727082332455
1095.0	-0.02960604757586761
1096.0	-0.029977839799862432
1097.0	-0.029444597947796147
1098.0	-0.029982514079771847
1099.0	-0.02987986689296121
1100.0	-0.030533705166690468
1101.0	-0.03000401576735517
1102.0	-0.029556687180023897
1103.0	-0.031112007077083715
1104.0	-0.029055230431341655
1105.0	-0.03134646895733993
1106.0	-0.030813601047666315
1107.0	-0.028197593553561783
1108.0	-0.028978291784032814
1109.0	-0.029545749365036122
1110.0	-0.029965125758508727
1111.0	-0.029422348375427492
1112.0	-0.029446935087750856
1113.0	-0.027862915112047477
1114.0	-0.031570460450599316
1115.0	-0.029088511304296794
1116.0	-0.028916965231621166
1117.0	-0.02889368731767235
1118.0	-0.028925659392252508
1119.0	-0.02869867635985136
1120.0	-0.028627253362835545
1121.0	-0.028508713624332452
1122.0	-0.029848642703166388
1123.0	-0.027639110589984646
1124.0	-0.028768416616099957
1125.0	-0.02778831360469291
1126.0	-0.03225000726383037
1127.0	-0.031202033708138923
1128.0	-0.028485435710383637
1129.0	-0.03061746826266732
1130.0	-0.03155802686604044
1131.0	-0.03023165319894381
1132.0	-0.030388895975096798
1133.0	-0.03239070308910384
1134.0	-0.030688704288486586
1135.0	-0.03383636437948846
1136.0	-0.03234956942590097
1137.0	-0.033947425270136486
1138.0	-0.03377887073660262
1139.0	-0.03318738735686517
1140.0	-0.033999683719523686
1141.0	-0.03262105160303986
1142.0	-0.033953127891626064
1143.0	-0.03376924171998939
1144.0	-0.03316822280923656
1145.0	-0.03411401660610787
1146.0	-0.03442130376735316
1147.0	-0.03621566633898034
1148.0	-0.036798362072488607
1149.0	-0.03654819461173649
1150.0	-0.03708115600700838
1151.0	-0.037662823398936056
1152.0	-0.037216055725194
1153.0	-0.037455378856556185
1154.0	-0.03737694443967624
1155.0	-0.03778145662303699
1156.0	-0.03569364275869666
1157.0	-0.036650280884957906
1158.0	-0.037918693481177754
1159.0	-0.03728794615020076
1160.0	-0.037404522691141806
1161.0	-0.03767581789708415
1162.0	-0.03861067387896769
1163.0	-0.03737404638613232
1164.0	-0.037944215049483004
1165.0	-0.03822046499212959
1166.0	-0.039008081156866464
1167.0	-0.03768301628814483
1168.0	-0.03854420561865612
1169.0	-0.03649079445444892
1170.0	-0.03653557405598106
1171.0	-0.03790186607350385
1172.0	-0.03934182474239889
1173.0	-0.038702476736388824
1174.0	-0.03708704559969407
1175.0	-0.03846249920583915
1176.0	-0.03895554225068487
1177.0	-0.038366582982098246
1178.0	-0.040332865568793716
1179.0	-0.0410705604240981
1180.0	-0.041603054391379055
1181.0	-0.042247263648494654
1182.0	-0.04038503053258265
1183.0	-0.039498600090560936
1184.0	-0.04253688203168243
1185.0	-0.041746648270196016
1186.0	-0.04245442773408013
1187.0	-0.042964578643394154
1188.0	-0.04300057059869667
1189.0	-0.04129352357577733
1190.0	-0.04086320936731607
1191.0	-0.04322904940066892
1192.0	-0.043343008344860434
1193.0	-0.04110468266743685
1194.0	-0.04325120548743973
1195.0	-0.04224286982538006
1196.0	-0.043110883604558926
1197.0	-0.046018005251421905
1198.0	-0.04404443078806791
1199.0	-0.04281743231184577
1200.0	-0.044854390010771725
1201.0	-0.044856166237137216
1202.0	-0.04233233554284605
1203.0	-0.0429080198564902
1204.0	-0.044842330368605514
1205.0	-0.04419727974110587
1206.0	-0.04538211621254498
1207.0	-0.04569650827925224
1208.0	-0.046291544111721115
1209.0	-0.04610232926098797
1210.0	-0.04783863727614009
1211.0	-0.04625199970368761
1212.0	-0.04795942066899962
1213.0	-0.04582243338001213
1214.0	-0.0486477551284603
1215.0	-0.04602754078243729
1216.0	-0.044905900575373595
1217.0	-0.04592573496601026
1218.0	-0.0477249587887434
1219.0	-0.04713085781225641
1220.0	-0.04681534391837072
1221.0	-0.04778591139876195
1222.0	-0.044456515304882004
1223.0	-0.04561713900639042
1224.0	-0.04686012351990285
1225.0	-0.045600592055510904
1226.0	-0.045761854712385815
1227.0	-0.04744235182541975
1228.0	-0.04456533254117316
1229.0	-0.047099633622461154
1230.0	-0.04498498939144059
1231.0	-0.04597088850993506
1232.0	-0.04551823124350731
1233.0	-0.046866480540579486
1234.0	-0.045736894057669786
1235.0	-0.047928476935999186
1236.0	-0.04674934308604966
1237.0	-0.0450006949719365
1238.0	-0.04571118551816799
1239.0	-0.04453887611688603
1240.0	-0.04514802827468143
1241.0	-0.04587861822452342
1242.0	-0.0454293264396301
1243.0	-0.045978928271379345
1244.0	-0.04781489193420034
1245.0	-0.04828774208983729
1246.0	-0.047576036230829094
1247.0	-0.04730053417296828
1248.0	-0.04722163232809696
1249.0	-0.04740205953260048
1250.0	-0.046398585121646775
1251.0	-0.04652628644877216
1252.0	-0.04515877911847309
1253.0	-0.04707878633406533
1254.0	-0.045984350436074094
1255.0	-0.04713459723618395
1256.0	-0.047412529919597754
1257.0	-0.04689433924883988
1258.0	-0.04892727706704347
1259.0	-0.04849144720828963
1260.0	-0.047463666541806955
1261.0	-0.04623778989276281
1262.0	-0.0485393118345618
1263.0	-0.047410753693232256
1264.0	-0.04684254822744318
1265.0	-0.048576893045033695
1266.0	-0.04740243347499358
1267.0	-0.045568900437725136
1268.0	-0.04590451373522133
1269.0	-0.045312375956296384
1270.0	-0.04647524331216123
1271.0	-0.0461190631830636
1272.0	-0.04531714372180407
1273.0	-0.04573652011527712
1274.0	-0.04674064892541788
1275.0	-0.04640793368146561


