0.000000	31.831419
1.000000	31.635942
2.000000	31.847794
3.000000	31.900734
4.000000	31.847304
5.000000	31.720771
6.000000	31.827225
7.000000	31.890364
8.000000	31.942373
9.000000	31.845799
10.000000	31.957557
11.000000	31.920531
12.000000	31.899261
13.000000	31.811438
14.000000	31.770757
15.000000	31.735004
16.000000	31.839203
17.000000	31.866450
18.000000	31.741254
19.000000	31.844906
20.000000	31.748642
21.000000	31.820106
22.000000	31.793965
23.000000	31.820616
24.000000	32.001436
25.000000	31.837346
26.000000	31.747569
27.000000	31.959250
28.000000	31.808598
29.000000	31.646153
30.000000	31.818777
31.000000	31.674456
32.000000	31.870052
33.000000	31.961840
34.000000	32.046628
35.000000	31.769517
36.000000	31.869330
37.000000	31.882772
38.000000	31.819584
39.000000	31.955150
40.000000	31.965075
41.000000	31.838729
42.000000	31.761802
43.000000	31.979753
44.000000	31.926202
45.000000	31.927071
46.000000	31.871875
47.000000	31.827213
48.000000	31.835037
49.000000	31.710335
50.000000	31.796678
51.000000	31.936886
52.000000	31.890470
53.000000	31.999841
54.000000	31.854615
55.000000	31.763336
56.000000	31.926818
57.000000	31.826336
58.000000	31.821077
59.000000	31.709161
60.000000	31.837807
61.000000	31.935466
62.000000	31.923881
63.000000	32.003243
64.000000	31.992008
65.000000	31.783538
66.000000	31.859306
67.000000	31.871626
68.000000	31.786067
69.000000	31.834625
70.000000	31.889074
71.000000	31.846525
72.000000	32.009807
73.000000	31.684092
74.000000	31.962958
75.000000	31.795931
76.000000	32.040016
77.000000	31.724230
78.000000	31.915738
79.000000	31.882429
80.000000	31.820233
81.000000	31.877844
82.000000	31.856757
83.000000	31.855716
84.000000	31.903361
85.000000	31.933724
86.000000	31.887875
87.000000	31.916305
88.000000	31.886545
89.000000	31.740956
90.000000	31.979154
91.000000	32.035793
92.000000	31.890824
93.000000	31.731276
94.000000	31.884571
95.000000	31.804914
96.000000	31.856573
97.000000	31.808035
98.000000	31.892966
99.000000	31.910410
100.000000	31.881352
101.000000	31.855892
102.000000	31.947680
103.000000	31.810389
104.000000	31.807289
105.000000	31.533400
106.000000	31.883490
107.000000	31.762251
108.000000	31.938277
109.000000	31.829685
110.000000	31.858131
111.000000	31.852232
112.000000	31.836951
113.000000	31.710013
114.000000	31.534489
115.000000	31.842156
116.000000	31.868089
117.000000	31.901517
118.000000	31.695307
119.000000	31.873344
120.000000	31.828731
121.000000	31.825259
122.000000	31.754647
123.000000	31.871839
124.000000	31.762014
125.000000	31.733283
126.000000	31.624980
127.000000	31.784056
128.000000	31.636260
129.000000	31.610017
130.000000	31.685446
131.000000	31.751755
132.000000	31.879977
133.000000	31.515368
134.000000	31.741054
135.000000	31.693716
136.000000	31.615283
137.000000	31.611408
138.000000	31.666314
139.000000	31.722109
140.000000	31.694393
141.000000	31.707035
142.000000	31.463004
143.000000	31.687474
144.000000	31.711066
145.000000	31.698774
146.000000	31.596089
147.000000	31.638598
148.000000	31.630027
149.000000	31.677096
150.000000	31.618429
151.000000	31.651460
152.000000	31.650628
153.000000	31.495840
154.000000	31.606227
155.000000	31.668231
156.000000	31.725984
157.000000	31.783962
158.000000	31.627791
159.000000	31.592760
160.000000	31.532106
161.000000	31.853138
162.000000	31.787658
163.000000	31.756621
164.000000	31.776166
165.000000	31.720192
166.000000	31.782673
167.000000	31.785839
168.000000	31.771124
169.000000	31.785321
170.000000	31.810887
171.000000	31.756446
172.000000	31.664180
173.000000	31.639756
174.000000	31.725156
175.000000	31.850552
176.000000	31.754235
177.000000	31.717462
178.000000	31.854990
179.000000	31.777003
180.000000	31.765029
181.000000	31.847415
182.000000	31.859596
183.000000	31.655980
184.000000	31.963093
185.000000	31.793773
186.000000	31.857381
187.000000	31.919230
188.000000	31.857303
189.000000	31.874906
190.000000	31.863480
191.000000	31.911915
192.000000	31.909219
193.000000	31.780087
194.000000	32.004361
195.000000	31.991678
196.000000	31.955599
197.000000	31.846048
198.000000	31.915142
199.000000	31.966776
200.000000	32.005699
201.000000	32.112769
202.000000	32.019622
203.000000	32.121136
204.000000	31.930824
205.000000	31.984220
206.000000	32.043846
207.000000	32.120524
208.000000	32.155225
209.000000	31.986179
210.000000	32.141285
211.000000	31.987011
212.000000	32.066251
213.000000	32.039934
214.000000	32.024469
215.000000	32.003096
216.000000	32.088692
217.000000	32.149358
218.000000	32.072244
219.000000	32.189235
220.000000	32.088900
221.000000	32.124612
222.000000	32.320269
223.000000	32.111211
224.000000	32.058541
225.000000	32.078408
226.000000	32.019553
227.000000	32.129895
228.000000	32.083393
229.000000	32.167255
230.000000	32.070175
231.000000	32.111019
232.000000	32.096513
233.000000	32.118640
234.000000	32.157064
235.000000	32.203436
236.000000	32.084470
237.000000	32.032338
238.000000	32.154866
239.000000	32.190100
240.000000	32.090728
241.000000	32.203746
242.000000	32.021788
243.000000	32.165370
244.000000	32.152104
245.000000	32.273897
246.000000	32.207703
247.000000	32.245667
248.000000	32.225718
249.000000	32.231891
250.000000	32.330023
251.000000	32.470353
252.000000	32.350045
253.000000	32.292597
254.000000	32.256531
255.000000	32.474886
256.000000	32.312938
257.000000	32.360484
258.000000	32.503646
259.000000	32.400565
260.000000	32.458543
261.000000	32.428347
262.000000	32.346051
263.000000	32.410246
264.000000	32.360097
265.000000	32.557928
266.000000	32.510614
267.000000	32.636013
268.000000	32.638685
269.000000	32.530265
270.000000	32.485680
271.000000	32.662085
272.000000	32.597613
273.000000	32.611483
274.000000	32.643124
275.000000	32.714556
276.000000	32.718117
277.000000	32.577207
278.000000	32.657639
279.000000	32.632631
280.000000	32.598368
281.000000	32.858729
282.000000	32.592946
283.000000	32.808062
284.000000	32.594345
285.000000	32.636270
286.000000	32.490820
287.000000	32.592134
288.000000	32.630738
289.000000	32.681361
290.000000	32.579459
291.000000	32.683629
292.000000	32.683666
293.000000	32.611761
294.000000	32.679839
295.000000	32.639934
296.000000	32.900944
297.000000	32.901756
298.000000	32.705764
299.000000	32.747783
300.000000	32.742912
301.000000	32.676857
302.000000	32.754368
303.000000	32.764060
304.000000	32.759026
305.000000	32.762139
306.000000	32.673414
307.000000	32.730323
308.000000	32.854605
309.000000	32.546220
310.000000	32.616114
311.000000	32.745980
312.000000	32.717583
313.000000	32.642455
314.000000	32.842709
315.000000	32.583747
316.000000	32.826599
317.000000	32.749313
318.000000	32.609525
319.000000	32.864999
320.000000	32.839135
321.000000	32.849656
322.000000	32.808678
323.000000	32.742451
324.000000	32.818138
325.000000	32.837087
326.000000	32.757378
327.000000	32.817840
328.000000	32.865778
329.000000	32.820353
330.000000	32.792205
331.000000	32.543968
332.000000	32.934192
333.000000	32.700926
334.000000	32.636327
335.000000	32.625880
336.000000	32.722633
337.000000	32.636062
338.000000	32.668511
339.000000	32.733383
340.000000	32.452970
341.000000	32.758166
342.000000	32.662375
343.000000	32.618157
344.000000	32.617488
345.000000	32.675523
346.000000	32.732946
347.000000	32.487785
348.000000	32.542744
349.000000	32.571618
350.000000	32.529567
351.000000	32.391909
352.000000	32.472736
353.000000	32.479051
354.000000	32.562835
355.000000	32.512205
356.000000	32.513584
357.000000	32.422211
358.000000	32.382946
359.000000	32.331308
360.000000	32.510018
361.000000	32.238446
362.000000	32.384247
363.000000	32.247254
364.000000	32.260671
365.000000	32.269487
366.000000	32.374342
367.000000	32.184430
368.000000	32.199626
369.000000	32.183124
370.000000	32.127851
371.000000	32.229027
372.000000	32.052042
373.000000	32.243880
374.000000	32.257457
375.000000	32.136622
376.000000	32.118546
377.000000	32.162229
378.000000	32.160605
379.000000	32.327685
380.000000	32.244145
381.000000	32.219277
382.000000	32.180122
383.000000	32.224352
384.000000	32.067083
385.000000	32.274485
386.000000	32.047971
387.000000	32.199952
388.000000	32.228031
389.000000	32.107205
390.000000	32.276080
391.000000	32.100551
392.000000	32.182720
393.000000	32.136263
394.000000	32.140033
395.000000	32.032220
396.000000	32.122948
397.000000	32.073700
398.000000	32.047730
399.000000	32.090769
400.000000	32.129736
401.000000	32.100694
402.000000	32.023702
403.000000	32.209156
404.000000	32.158097
405.000000	32.059871
406.000000	32.051956
407.000000	32.083430
408.000000	32.193898
409.000000	32.081977
410.000000	32.121732
411.000000	32.081198
412.000000	32.101408
413.000000	32.215369
414.000000	32.018215
415.000000	32.157729
416.000000	32.207095
417.000000	31.988435
418.000000	32.150517
419.000000	32.210510
420.000000	32.276700
421.000000	32.304534
422.000000	32.076805
423.000000	32.053266
424.000000	32.279082
425.000000	32.147298
426.000000	32.129283
427.000000	32.127460
428.000000	32.038718
429.000000	32.126623
430.000000	32.266778
431.000000	32.096084
432.000000	32.134778
433.000000	32.005063
434.000000	31.892579
435.000000	32.043308
436.000000	32.210995
437.000000	32.102048
438.000000	32.023893
439.000000	31.988361
440.000000	31.950899
441.000000	32.161625
442.000000	31.847194
443.000000	32.025036
444.000000	32.274725
445.000000	32.087774
446.000000	31.968739
447.000000	31.986574
448.000000	31.987431
449.000000	31.918541
450.000000	31.918822
451.000000	32.057484
452.000000	32.181068
453.000000	32.066720
454.000000	31.998556
455.000000	31.839121
456.000000	32.059548
457.000000	32.038535
458.000000	31.970195
459.000000	31.909733
460.000000	31.919259
461.000000	31.999278
462.000000	32.067381
463.000000	32.229349
464.000000	32.002337
465.000000	32.076923
466.000000	32.046286
467.000000	32.142358
468.000000	32.024416
469.000000	32.049158
470.000000	32.072476
471.000000	32.143410
472.000000	32.225139
473.000000	32.144732
474.000000	32.235158
475.000000	32.221981
476.000000	32.091915
477.000000	31.944784
478.000000	32.181803
479.000000	32.148865
480.000000	32.174060
481.000000	32.052132
482.000000	32.113540
483.000000	32.082667
484.000000	32.041974
485.000000	32.091458
486.000000	32.132751
487.000000	32.178514
488.000000	32.091336
489.000000	32.123625
490.000000	32.191577
491.000000	32.012483
492.000000	32.202127
493.000000	32.069062
494.000000	32.216507
495.000000	32.058989
496.000000	32.245133
497.000000	32.115082
498.000000	32.091589
499.000000	32.120822
500.000000	32.139596
501.000000	32.048228
502.000000	32.046290
503.000000	32.008559
504.000000	32.066096
505.000000	32.017130
506.000000	32.070914
507.000000	32.164008
508.000000	32.053111
509.000000	32.064203
510.000000	32.025452
511.000000	31.869729
512.000000	31.966626
513.000000	32.002431
514.000000	31.965561
515.000000	32.161642
516.000000	31.981491
517.000000	31.997369
518.000000	31.929270
519.000000	31.903291
520.000000	31.982625
521.000000	32.023612
522.000000	31.997499
523.000000	31.964745
524.000000	32.016004
525.000000	31.872814
526.000000	32.151088
527.000000	31.979921
528.000000	31.969375
529.000000	31.929180
530.000000	31.977812
531.000000	31.986338
532.000000	31.940651
533.000000	32.005789
534.000000	31.967160
535.000000	31.994835
536.000000	31.962371
537.000000	31.992889
538.000000	31.878578
539.000000	31.924170
540.000000	32.121581
541.000000	31.849601
542.000000	31.899742
543.000000	31.992702
544.000000	31.895361
545.000000	31.988900
546.000000	32.140359
547.000000	31.996496
548.000000	32.010733
549.000000	32.068768
550.000000	31.918051
551.000000	32.150802
552.000000	32.020144
553.000000	31.971093
554.000000	32.135778
555.000000	32.076013
556.000000	32.126778
557.000000	31.893970
558.000000	31.959817
559.000000	32.115209
560.000000	32.076437
561.000000	32.269952
562.000000	32.036638
563.000000	32.153683
564.000000	32.146254
565.000000	32.136141
566.000000	32.106303
567.000000	32.159618
568.000000	32.105789
569.000000	32.141644
570.000000	32.148024
571.000000	32.306166
572.000000	32.130568
573.000000	31.928225
574.000000	32.086204
575.000000	32.258831
576.000000	32.271184
577.000000	32.025762
578.000000	32.327926
579.000000	32.002195
580.000000	32.106817
581.000000	32.202669
582.000000	32.163135
583.000000	32.162764
584.000000	32.325617
585.000000	32.075409
586.000000	32.117918
587.000000	32.312758
588.000000	32.052099
589.000000	32.069751
590.000000	32.050125
591.000000	32.275676
592.000000	32.201274
593.000000	32.049570
594.000000	32.050749
595.000000	32.194265
596.000000	31.988794
597.000000	32.008750
598.000000	31.952449
599.000000	32.260039
600.000000	32.171286
601.000000	32.013058
602.000000	32.295788
603.000000	32.091132
604.000000	32.064134
605.000000	32.215026
606.000000	32.042680
607.000000	32.024877
608.000000	32.085119
609.000000	32.118844
610.000000	32.048909
611.000000	32.204060
612.000000	32.061307
613.000000	32.113006
614.000000	32.009689
615.000000	32.075475
616.000000	32.132339
617.000000	32.103921
618.000000	32.056619
619.000000	32.154054
620.000000	32.099588
621.000000	32.160736
622.000000	32.278238
623.000000	31.918055
624.000000	32.249836
625.000000	32.038470
626.000000	32.177805
627.000000	31.995272
628.000000	32.090850
629.000000	32.162939
630.000000	31.956696
631.000000	31.991902
632.000000	31.943858
633.000000	31.948668
634.000000	32.081198
635.000000	31.986811
636.000000	31.996957
637.000000	31.826630
638.000000	31.937910
639.000000	31.796258
640.000000	31.932562
641.000000	31.798950
642.000000	31.955864
643.000000	32.049953
644.000000	31.924044
645.000000	31.907559
646.000000	31.852706
647.000000	31.894423
648.000000	31.941133
649.000000	31.980773
650.000000	31.897927
651.000000	31.939252
652.000000	32.011529
653.000000	31.877848
654.000000	31.934006
655.000000	31.860192
656.000000	31.947978
657.000000	31.896838
658.000000	31.888397
659.000000	31.933296
660.000000	31.913531
661.000000	31.726963
662.000000	31.874604
663.000000	31.820021
664.000000	31.839643
665.000000	31.892966
666.000000	31.883037
667.000000	31.864985
668.000000	31.916713
669.000000	31.821669
670.000000	31.852897
671.000000	31.832675
672.000000	31.896107
673.000000	31.985130
674.000000	31.784235
675.000000	31.922645
676.000000	31.913580
677.000000	31.820718
678.000000	31.747638
679.000000	31.870403
680.000000	31.962579
681.000000	31.953498
682.000000	31.863949
683.000000	31.936348
684.000000	31.969885
685.000000	31.941692
686.000000	32.033272
687.000000	32.037152
688.000000	32.158505
689.000000	31.879822
690.000000	32.119480
691.000000	31.932856
692.000000	32.083625
693.000000	31.932945
694.000000	32.098503
695.000000	31.898013
696.000000	32.151300
697.000000	32.048211
698.000000	32.011157
699.000000	32.169307
700.000000	32.050431
701.000000	32.109877
702.000000	32.118423
703.000000	32.125514
704.000000	31.974630
705.000000	31.865654
706.000000	32.023759
707.000000	32.082805
708.000000	32.022356
709.000000	32.075891
710.000000	32.131274
711.000000	31.947623
712.000000	32.004296
713.000000	32.090597
714.000000	32.051638
715.000000	32.042814
716.000000	32.093918
717.000000	31.948190
718.000000	32.070375
719.000000	32.216858
720.000000	32.134917
721.000000	32.047612
722.000000	32.177935
723.000000	32.138886
724.000000	32.039787
725.000000	32.079497
726.000000	32.125277
727.000000	32.140396
728.000000	32.249171
729.000000	32.199091
730.000000	32.140355
731.000000	32.100788
732.000000	32.179771
733.000000	32.047314
734.000000	32.210779
735.000000	32.057284
736.000000	32.152283
737.000000	32.047077
738.000000	32.138784
739.000000	32.161389
740.000000	32.168132
741.000000	32.186571
742.000000	32.203954
743.000000	32.218710
744.000000	32.254303
745.000000	32.074124
746.000000	32.245834
747.000000	32.291835
748.000000	32.292826
749.000000	32.249604
750.000000	32.110040
751.000000	32.283565
752.000000	32.103741
753.000000	32.273408
754.000000	32.115503
755.000000	32.180701
756.000000	32.126109
757.000000	32.177303
758.000000	32.152320
759.000000	32.328517
760.000000	32.219493
761.000000	32.125269
762.000000	32.162372
763.000000	32.320799
764.000000	32.297056
765.000000	32.187322
766.000000	32.232972
767.000000	32.153266
768.000000	32.066871
769.000000	32.377451
770.000000	32.182977
771.000000	32.304020
772.000000	32.247156
773.000000	32.194714
774.000000	32.225412
775.000000	32.235432
776.000000	32.248992
777.000000	32.260835
778.000000	32.307284
779.000000	32.174047
780.000000	32.214345
781.000000	32.039824
782.000000	32.349984
783.000000	32.368297
784.000000	32.327379
785.000000	32.187053
786.000000	32.387809
787.000000	32.054734
788.000000	32.330582
789.000000	32.352081
790.000000	32.268814
791.000000	32.231899
792.000000	32.175720
793.000000	32.189480
794.000000	32.319873
795.000000	32.305835
796.000000	32.212627
797.000000	32.200919
798.000000	32.166476
799.000000	32.386977
800.000000	32.391211
801.000000	32.227077
802.000000	32.341768
803.000000	32.325601
804.000000	32.338112
805.000000	32.247572
806.000000	32.332466
807.000000	32.188016
808.000000	32.340238
809.000000	32.355471
810.000000	32.327967
811.000000	32.218653
812.000000	32.339911
813.000000	32.315116
814.000000	32.386638
815.000000	32.461048
816.000000	32.373539
817.000000	32.257102
818.000000	32.183385
819.000000	32.336803
820.000000	32.362149
821.000000	32.233310
822.000000	32.343599
823.000000	32.275239
824.000000	32.541361
825.000000	32.413346
826.000000	32.416957
827.000000	32.398705
828.000000	32.463039
829.000000	32.444873
830.000000	32.372192
831.000000	32.715245
832.000000	32.338308
833.000000	32.462631
834.000000	32.554978
835.000000	32.530811
836.000000	32.387062
837.000000	32.442213
838.000000	32.573573
839.000000	32.382452
840.000000	32.432014
841.000000	32.378985
842.000000	32.377945
843.000000	32.511164
844.000000	32.473637
845.000000	32.467783
846.000000	32.445660
847.000000	32.514204
848.000000	32.430350
849.000000	32.374379
850.000000	32.497123
851.000000	32.497339
852.000000	32.503830
853.000000	32.430386
854.000000	32.605650
855.000000	32.488262
856.000000	32.490840
857.000000	32.433063
858.000000	32.649084
859.000000	32.545477
860.000000	32.621013
861.000000	32.588002
862.000000	32.461705
863.000000	32.661991
864.000000	32.598523
865.000000	32.473698
866.000000	32.513739
867.000000	32.473878
868.000000	32.493761
869.000000	32.474025
870.000000	32.625823
871.000000	32.478467
872.000000	32.595810
873.000000	32.464275
874.000000	32.433320
875.000000	32.381665
876.000000	32.579108
877.000000	32.443392
878.000000	32.387482
879.000000	32.662575
880.000000	32.424459
881.000000	32.679578
882.000000	32.553420
883.000000	32.479071
884.000000	32.576212
885.000000	32.463797
886.000000	32.553000
887.000000	32.525206
888.000000	32.573152
889.000000	32.531599
890.000000	32.476101
891.000000	32.466935
892.000000	32.515366
893.000000	32.449507
894.000000	32.668098
895.000000	32.354479
896.000000	32.455969
897.000000	32.484179
898.000000	32.451416
899.000000	32.610651
900.000000	32.524937
901.000000	32.571847
902.000000	32.386666
903.000000	32.403955
904.000000	32.625472
905.000000	32.457744
906.000000	32.541834
907.000000	32.379625
908.000000	32.580373
909.000000	32.454863
910.000000	32.505918
911.000000	32.366934
912.000000	32.535654
913.000000	32.383105
914.000000	32.457682
915.000000	32.445211
916.000000	32.328844
917.000000	32.561044
918.000000	32.455577
919.000000	32.486802
920.000000	32.549793
921.000000	32.538354
922.000000	32.443384
923.000000	32.423729
924.000000	32.419523
925.000000	32.411784
926.000000	32.532553
927.000000	32.484187
928.000000	32.428644
929.000000	32.588997
930.000000	32.416745
931.000000	32.588544
932.000000	32.574384
933.000000	32.321892
934.000000	32.417797
935.000000	32.331141
936.000000	32.464809
937.000000	32.582658
938.000000	32.387813
939.000000	32.488299
940.000000	32.649015
941.000000	32.536886
942.000000	32.321109
943.000000	32.393234
944.000000	32.417540
945.000000	32.579051
946.000000	32.517949
947.000000	32.433279
948.000000	32.581124
949.000000	32.604230
950.000000	32.542417
951.000000	32.375538
952.000000	32.640807
953.000000	32.375929
954.000000	32.383542
955.000000	32.421571
956.000000	32.664672
957.000000	32.395017
958.000000	32.504131
959.000000	32.451322
960.000000	32.601550
961.000000	32.351440
962.000000	32.572084
963.000000	32.509476
964.000000	32.529188
965.000000	32.513237
966.000000	32.525569
967.000000	32.451763
968.000000	32.584510
969.000000	32.448193
970.000000	32.403564
971.000000	32.591074
972.000000	32.460722
973.000000	32.470476
974.000000	32.539386
975.000000	32.442531
976.000000	32.387637
977.000000	32.385288
978.000000	32.489368
979.000000	32.438872
980.000000	32.630792
981.000000	32.413718
982.000000	32.454570
983.000000	32.567857
984.000000	32.603300
985.000000	32.394944
986.000000	32.605144
987.000000	32.547472
988.000000	32.421983
989.000000	32.595834
990.000000	32.479809
991.000000	32.443070
992.000000	32.455798
993.000000	32.523570
994.000000	32.533912
995.000000	32.450947
996.000000	32.541071
997.000000	32.503165
998.000000	32.414354
999.000000	32.611810
1000.000000	32.505547
1001.000000	32.452779
1002.000000	32.534728
1003.000000	32.606502
1004.000000	32.488091
1005.000000	32.607147
1006.000000	32.516443
1007.000000	32.461713
1008.000000	32.504531
1009.000000	32.534087
1010.000000	32.455814
1011.000000	32.672729
1012.000000	32.523546
1013.000000	32.570370
1014.000000	32.613772
1015.000000	32.415011
1016.000000	32.612972
1017.000000	32.451224
1018.000000	32.587414
1019.000000	32.422382
1020.000000	32.670587
1021.000000	32.369386
1022.000000	32.509447
1023.000000	32.494312
1024.000000	32.529914
1025.000000	32.383248
1026.000000	32.486145
1027.000000	32.470610
1028.000000	32.510891
1029.000000	32.468354
1030.000000	32.356233
1031.000000	32.402475
1032.000000	32.559156
1033.000000	32.586374
1034.000000	32.439643
1035.000000	32.448214
1036.000000	32.645849
1037.000000	32.484676
1038.000000	32.520588
1039.000000	32.471520
1040.000000	32.559278
1041.000000	32.301111
1042.000000	32.542642
1043.000000	32.230312
1044.000000	32.530138
1045.000000	32.348686
1046.000000	32.459881
1047.000000	32.566438
1048.000000	32.284402
1049.000000	32.508643
1050.000000	32.396376
1051.000000	32.641565
1052.000000	32.617651
1053.000000	32.478520
1054.000000	32.469223
1055.000000	32.401451
1056.000000	32.405779
1057.000000	32.366012
1058.000000	32.526740
1059.000000	32.504046
1060.000000	32.601709
1061.000000	32.360660
1062.000000	32.351375
1063.000000	32.563427
1064.000000	32.507942
1065.000000	32.439761
1066.000000	32.340295
1067.000000	32.458033
1068.000000	32.374824
1069.000000	32.380608
1070.000000	32.524717
1071.000000	32.356882
1072.000000	32.367717
1073.000000	32.426792
1074.000000	32.241188
1075.000000	32.397359
1076.000000	32.462533
1077.000000	32.227921
1078.000000	32.502459
1079.000000	32.407317
1080.000000	32.285944
1081.000000	32.368868
1082.000000	32.342082
1083.000000	32.360913
1084.000000	32.306080
1085.000000	32.318710
1086.000000	32.368260
1087.000000	32.268610
1088.000000	32.203342
1089.000000	32.401797
1090.000000	32.399089
1091.000000	32.361349
1092.000000	32.306651
1093.000000	32.301001
1094.000000	32.357743
1095.000000	32.275476
1096.000000	32.377704
1097.000000	32.477154
1098.000000	32.362165
1099.000000	32.316748
1100.000000	32.355515
1101.000000	32.358126
1102.000000	32.383595
1103.000000	32.354194
1104.000000	32.398721
1105.000000	32.407496
1106.000000	32.496079
1107.000000	32.473735
1108.000000	32.420881
1109.000000	32.425250
1110.000000	32.464732
1111.000000	32.463545
1112.000000	32.384933
1113.000000	32.564561
1114.000000	32.361043
1115.000000	32.649867
1116.000000	32.474441
1117.000000	32.517851
1118.000000	32.503866
1119.000000	32.593819
1120.000000	32.576885
1121.000000	32.586211
1122.000000	32.557352
1123.000000	32.485276
1124.000000	32.518255
1125.000000	32.617480
1126.000000	32.458400
1127.000000	32.706707
1128.000000	32.610729
1129.000000	32.579516
1130.000000	32.545718
1131.000000	32.699645
1132.000000	32.706809
1133.000000	32.642434
1134.000000	32.505710
1135.000000	32.741395
1136.000000	32.764921
1137.000000	32.595120
1138.000000	32.601807
1139.000000	32.702525
1140.000000	32.736777
1141.000000	32.539656
1142.000000	32.758174
1143.000000	32.726823
1144.000000	32.745250
1145.000000	32.622037
1146.000000	32.713181
1147.000000	32.569216
1148.000000	32.666605
1149.000000	32.606425
1150.000000	32.676478
1151.000000	32.774785
1152.000000	32.792543
1153.000000	32.815103
1154.000000	32.665488
1155.000000	32.669449
1156.000000	32.755028
1157.000000	32.518969
1158.000000	32.652401
1159.000000	32.657096
1160.000000	32.498975
1161.000000	32.679566
1162.000000	32.577599
1163.000000	32.744430
1164.000000	32.599485
1165.000000	32.531501
1166.000000	32.431088
1167.000000	32.629066
1168.000000	32.491212
1169.000000	32.497763
1170.000000	32.423590
1171.000000	32.397869
1172.000000	32.487397
1173.000000	32.439047
1174.000000	32.463381
1175.000000	32.489617
1176.000000	32.505902
1177.000000	32.396200
1178.000000	32.415814
1179.000000	32.484350
1180.000000	32.331850
1181.000000	32.343281
1182.000000	32.251709
1183.000000	32.166925
1184.000000	32.305582
1185.000000	32.221749
1186.000000	32.339418
1187.000000	32.356817
1188.000000	32.323520
1189.000000	32.417895
1190.000000	32.329080
1191.000000	32.410809
1192.000000	32.325849
1193.000000	32.209800
1194.000000	32.560326
1195.000000	32.298684
1196.000000	32.497025
1197.000000	32.379825
1198.000000	32.479316
1199.000000	32.429587
1200.000000	32.467343
1201.000000	32.445791
1202.000000	32.334049
1203.000000	32.547362
1204.000000	32.315434
1205.000000	32.361284
1206.000000	32.432491
1207.000000	32.350249
1208.000000	32.254511
1209.000000	32.464879
1210.000000	32.243888
1211.000000	32.424834
1212.000000	32.324646
1213.000000	32.239393
1214.000000	32.508109
1215.000000	32.412110
1216.000000	32.234738
1217.000000	32.265257
1218.000000	32.365241
1219.000000	32.315222
1220.000000	32.333711
1221.000000	32.269320
1222.000000	32.088007
1223.000000	32.207014
1224.000000	32.437252
1225.000000	32.324870
1226.000000	32.277234
1227.000000	32.558548
1228.000000	32.393471
1229.000000	32.340915
1230.000000	32.417100
1231.000000	32.404498
1232.000000	32.471255
1233.000000	32.453574
1234.000000	32.376358
1235.000000	32.349874
1236.000000	32.432153
1237.000000	32.437587
1238.000000	32.481176
1239.000000	32.443531
1240.000000	32.406175
1241.000000	32.372531
1242.000000	32.463712
1243.000000	32.589160
1244.000000	32.539395
1245.000000	32.529771
1246.000000	32.589071
1247.000000	32.459812
1248.000000	32.493035
1249.000000	32.408794
1250.000000	32.735341
1251.000000	32.594113
1252.000000	32.628307
1253.000000	32.603993
1254.000000	32.596295
1255.000000	32.667568
1256.000000	32.543711
1257.000000	32.846895
1258.000000	32.613817
1259.000000	32.632852
1260.000000	32.919314
1261.000000	32.769812
1262.000000	32.723008
1263.000000	32.592803
1264.000000	32.493635
1265.000000	32.558409
1266.000000	32.655003
1267.000000	32.635295
1268.000000	32.766467
1269.000000	32.562872
1270.000000	32.759585
1271.000000	32.604161
1272.000000	32.857203
1273.000000	32.647905
1274.000000	32.578468
1275.000000	32.625419
1276.000000	32.516553
1277.000000	32.677314
1278.000000	32.491558
1279.000000	32.655126
1280.000000	32.686199
1281.000000	32.481535
1282.000000	32.546118
1283.000000	32.526018
1284.000000	32.352211
1285.000000	32.413762
1286.000000	32.617880
1287.000000	32.551670
1288.000000	32.618643
1289.000000	32.387070
1290.000000	32.440936
1291.000000	32.482535
1292.000000	32.412608
1293.000000	32.495956
1294.000000	32.482628
1295.000000	32.506314
1296.000000	32.513547
1297.000000	32.391729
1298.000000	32.414232
1299.000000	32.512935
1300.000000	32.397579
1301.000000	32.336097
1302.000000	32.441238
1303.000000	32.363401
1304.000000	32.292055
1305.000000	32.553587
1306.000000	32.347165
1307.000000	32.550189
1308.000000	32.530844
1309.000000	32.377528
1310.000000	32.424716
1311.000000	32.431561
1312.000000	32.533455
1313.000000	32.497188
1314.000000	32.439418
1315.000000	32.493745
1316.000000	32.456715
1317.000000	32.464834
1318.000000	32.520972
1319.000000	32.451433
1320.000000	32.243778
1321.000000	32.303229
1322.000000	32.423965
1323.000000	32.273628
1324.000000	32.181590
1325.000000	32.153764
1326.000000	32.382436
1327.000000	32.305032
1328.000000	32.335204
1329.000000	32.268378
1330.000000	32.430362
1331.000000	32.278511
1332.000000	32.197517
1333.000000	32.491975
1334.000000	32.282705
1335.000000	32.352945
1336.000000	32.456507
1337.000000	32.451082
1338.000000	32.406391
1339.000000	32.363842
1340.000000	32.466596
1341.000000	32.472140
1342.000000	32.451906
1343.000000	32.351660
1344.000000	32.424769
1345.000000	32.230769
1346.000000	32.198373
1347.000000	32.315479
1348.000000	32.366326
1349.000000	32.104292
1350.000000	32.311351
1351.000000	32.477146
1352.000000	32.321513
1353.000000	32.175532
1354.000000	32.300940
1355.000000	32.253226
1356.000000	32.177690
1357.000000	32.247458
1358.000000	32.201453
1359.000000	32.175300
1360.000000	32.180187
1361.000000	32.250803
1362.000000	32.039069
1363.000000	31.877113
1364.000000	32.269499
1365.000000	32.146115
1366.000000	32.039571
1367.000000	32.149130
1368.000000	32.178580
1369.000000	32.023551
1370.000000	32.234640
1371.000000	32.120867
1372.000000	32.015086
1373.000000	32.115401
1374.000000	32.013727
1375.000000	32.008032
1376.000000	32.155367
1377.000000	31.921049
1378.000000	32.138788
1379.000000	32.032052
1380.000000	32.067173
1381.000000	32.040876
1382.000000	32.017138
1383.000000	32.016457
1384.000000	32.071163
1385.000000	32.014731
1386.000000	32.054253
1387.000000	32.167855
1388.000000	31.980545
1389.000000	31.977187
1390.000000	32.314912
1391.000000	32.135990
1392.000000	32.171212
1393.000000	32.167092
1394.000000	32.162062
1395.000000	32.161629
1396.000000	32.298203
1397.000000	32.190990
1398.000000	32.120443
1399.000000	32.153523
1400.000000	32.203881
1401.000000	32.040583
1402.000000	32.079305
1403.000000	31.946012
1404.000000	32.002036
1405.000000	32.071571
1406.000000	31.953347
1407.000000	32.149183
1408.000000	32.275504
1409.000000	32.065659
1410.000000	32.127925
1411.000000	32.267003
1412.000000	32.204440
1413.000000	32.022380
1414.000000	32.112072
1415.000000	32.132424
1416.000000	32.306504
1417.000000	32.161442
1418.000000	32.158668
1419.000000	32.254797
1420.000000	32.223209
1421.000000	32.116869
1422.000000	32.128594
1423.000000	32.012385
1424.000000	32.185401
1425.000000	32.034329
1426.000000	32.087844
1427.000000	32.104945
1428.000000	32.180130
1429.000000	32.253948
1430.000000	32.188770
1431.000000	32.169348
1432.000000	32.239115
1433.000000	32.122168
1434.000000	32.317748
1435.000000	32.133718
1436.000000	32.114519
1437.000000	32.171302
1438.000000	32.031889
1439.000000	32.082120
1440.000000	32.112753
1441.000000	32.109653
1442.000000	32.156583
1443.000000	32.161613
1444.000000	32.088370
1445.000000	32.058659
1446.000000	31.998625
1447.000000	32.230157
1448.000000	32.315104
1449.000000	32.173191
1450.000000	32.262707
1451.000000	32.263490
1452.000000	32.357478
1453.000000	32.232192
1454.000000	32.297962
1455.000000	32.206532
1456.000000	32.310396
1457.000000	32.217657
1458.000000	32.260104
1459.000000	32.316059
1460.000000	32.239079
1461.000000	32.077355
1462.000000	32.219787
1463.000000	32.095966
1464.000000	32.280702
1465.000000	32.010113
1466.000000	32.077392
1467.000000	32.190206
1468.000000	32.187706
1469.000000	32.153613
1470.000000	32.202579
1471.000000	32.117563
1472.000000	32.144500
1473.000000	32.099748
1474.000000	32.112157
1475.000000	32.214283
1476.000000	32.175022
1477.000000	32.003516
1478.000000	32.063305
1479.000000	32.189619
1480.000000	32.205264
1481.000000	32.048244
1482.000000	32.049492
1483.000000	32.037034
1484.000000	32.096056
1485.000000	31.986717
1486.000000	31.938881
1487.000000	32.138715
1488.000000	32.177495
1489.000000	32.054832
1490.000000	32.241632
1491.000000	32.232861
1492.000000	32.064884
1493.000000	32.134089
1494.000000	32.024567
1495.000000	32.115539
1496.000000	32.210587
1497.000000	32.129622
1498.000000	32.168744
1499.000000	32.125489
1500.000000	31.951266
1501.000000	32.069347
1502.000000	32.011259
1503.000000	32.058626
1504.000000	32.062808
1505.000000	32.052205
1506.000000	32.000506
1507.000000	32.128304
1508.000000	32.125689
1509.000000	31.897054
1510.000000	32.014119
1511.000000	32.182202
1512.000000	32.167337
1513.000000	32.100437
1514.000000	32.210371
1515.000000	32.217604
1516.000000	32.215242
1517.000000	32.219689
1518.000000	32.036581
1519.000000	32.187159
1520.000000	32.132534
1521.000000	32.117506
1522.000000	32.119280
1523.000000	32.248184
1524.000000	32.246030
1525.000000	32.121659
1526.000000	32.049562
1527.000000	32.441503
1528.000000	32.347255
1529.000000	32.210245
1530.000000	32.242632
1531.000000	32.262560
1532.000000	32.279559
1533.000000	32.317605
1534.000000	32.282799
1535.000000	32.337908
1536.000000	32.238014
1537.000000	32.335216
1538.000000	32.320877
1539.000000	32.302523
1540.000000	32.293744
1541.000000	32.257126
1542.000000	32.345113
1543.000000	32.278593
1544.000000	32.259015
1545.000000	32.412771
1546.000000	32.525855
1547.000000	32.389775
1548.000000	32.449821
1549.000000	32.431863
1550.000000	32.316997
1551.000000	32.412016
1552.000000	32.523256
1553.000000	32.324156
1554.000000	32.464846
1555.000000	32.501933
1556.000000	32.354545
1557.000000	32.417711
1558.000000	32.301193
1559.000000	32.468220
1560.000000	32.352525
1561.000000	32.316116
1562.000000	32.361733
1563.000000	32.217841
1564.000000	32.213827
1565.000000	32.357931
1566.000000	32.329676
1567.000000	32.353859
1568.000000	32.267521
1569.000000	32.325091
1570.000000	32.393957
1571.000000	32.269760
1572.000000	32.379882
1573.000000	32.233604
1574.000000	32.412282
1575.000000	32.205635
1576.000000	32.290688
1577.000000	32.227656
1578.000000	32.156212
1579.000000	32.320730
1580.000000	32.198255
1581.000000	32.140375
1582.000000	31.956786
1583.000000	32.361345
1584.000000	32.235697
1585.000000	32.270478
1586.000000	32.190015
1587.000000	32.185237
1588.000000	32.298541
1589.000000	32.118913
1590.000000	32.039877
1591.000000	32.127884
1592.000000	32.161238
1593.000000	32.252398
1594.000000	32.336260
1595.000000	32.338769
1596.000000	32.181121
1597.000000	32.191981
1598.000000	32.212146
1599.000000	32.084413
1600.000000	32.202253
1601.000000	32.126020
1602.000000	32.259770
1603.000000	32.223923
1604.000000	32.368831
1605.000000	32.331720
1606.000000	32.235623
1607.000000	32.397498
1608.000000	32.358188
1609.000000	32.200801
1610.000000	32.333906
1611.000000	32.479781
1612.000000	32.474514
1613.000000	32.473662
1614.000000	32.349335
1615.000000	32.394254
1616.000000	32.568457
1617.000000	32.172546
1618.000000	32.387531
1619.000000	32.370920
1620.000000	32.436334
1621.000000	32.537469
1622.000000	32.278021
1623.000000	32.424577
1624.000000	32.388237
1625.000000	32.360594
1626.000000	32.338989
1627.000000	32.362573
1628.000000	32.437489
1629.000000	32.423043
1630.000000	32.310800
1631.000000	32.486512
1632.000000	32.329146
1633.000000	32.294902
1634.000000	32.409732
1635.000000	32.368611
1636.000000	32.560522
1637.000000	32.268067
1638.000000	32.195656
1639.000000	32.284561
1640.000000	32.412877
1641.000000	32.333258
1642.000000	32.296608
1643.000000	32.392598
1644.000000	32.373673
1645.000000	32.346071
1646.000000	32.434029
1647.000000	32.171481
1648.000000	32.250085
1649.000000	32.157774
1650.000000	32.387862
1651.000000	32.124486
1652.000000	32.234387
1653.000000	32.165766
1654.000000	32.171967
1655.000000	32.056452
1656.000000	31.999584
1657.000000	31.982658
1658.000000	32.156624
1659.000000	31.988398
1660.000000	32.142089
1661.000000	31.972406
1662.000000	31.998340
1663.000000	32.055746
1664.000000	32.021238
1665.000000	32.065716
1666.000000	32.178690
1667.000000	32.036356
1668.000000	32.047555
1669.000000	32.226053
1670.000000	32.109636
1671.000000	32.097749
1672.000000	32.208560
1673.000000	32.197088
1674.000000	31.891730
1675.000000	32.244680
1676.000000	31.984335
1677.000000	32.088174
1678.000000	32.339459
1679.000000	32.186743
1680.000000	31.959009
1681.000000	32.290097
1682.000000	32.239854
1683.000000	32.259745
1684.000000	32.174574
1685.000000	32.237455
1686.000000	32.123262
1687.000000	32.279127
1688.000000	32.363405
1689.000000	32.322068
1690.000000	32.177099
1691.000000	32.375534
1692.000000	32.232384
1693.000000	32.356584
1694.000000	32.339385
1695.000000	32.370887
1696.000000	32.466629
1697.000000	32.351538
1698.000000	32.252737
1699.000000	32.447932
1700.000000	32.636576
1701.000000	32.588226
1702.000000	32.456173
1703.000000	32.565042
1704.000000	32.684682
1705.000000	32.763094
1706.000000	32.760515
1707.000000	32.555725
1708.000000	32.595838
1709.000000	32.562179
1710.000000	32.834550
1711.000000	32.619055
1712.000000	32.708310
1713.000000	32.633358
1714.000000	32.543503
1715.000000	32.801575
1716.000000	32.691821
1717.000000	32.699376
1718.000000	32.742149
1719.000000	32.835411
1720.000000	32.897664
1721.000000	32.720671
1722.000000	32.758541
1723.000000	32.866904
1724.000000	32.754926
1725.000000	32.763542
1726.000000	32.916307
1727.000000	32.974562
1728.000000	32.927273
1729.000000	32.931985
1730.000000	32.757717
1731.000000	33.073780
1732.000000	33.066661
1733.000000	32.982146
1734.000000	32.951485
1735.000000	33.072556
1736.000000	33.046884
1737.000000	32.848277
1738.000000	32.892026
1739.000000	32.977997
1740.000000	33.000055
1741.000000	33.003943
1742.000000	33.045452
1743.000000	32.992455
1744.000000	32.953361
1745.000000	33.135245
1746.000000	32.919310
1747.000000	33.041674
1748.000000	33.148116
1749.000000	33.111898
1750.000000	33.219695
1751.000000	32.963588
1752.000000	33.194692
1753.000000	32.994560
1754.000000	32.998146
1755.000000	33.020938
1756.000000	32.846629
1757.000000	32.860769
1758.000000	32.927314
1759.000000	32.972416
1760.000000	32.945325
1761.000000	32.895844
1762.000000	33.014680
1763.000000	33.063357
1764.000000	33.094964
1765.000000	32.995592
1766.000000	32.968076
1767.000000	33.205731
1768.000000	33.094650
1769.000000	33.010176
1770.000000	33.067281
1771.000000	33.285632
1772.000000	33.241010
1773.000000	33.193913
1774.000000	33.148345
1775.000000	33.142686
1776.000000	33.272019
1777.000000	33.153146
1778.000000	33.197470
1779.000000	33.175330
1780.000000	33.313919
1781.000000	33.271541
1782.000000	33.187597
1783.000000	33.301897
1784.000000	33.158731
1785.000000	33.322694
1786.000000	33.523234
1787.000000	33.279749
1788.000000	33.200521
1789.000000	33.560985
1790.000000	33.352825
1791.000000	33.386665
1792.000000	33.573713
1793.000000	33.349288
1794.000000	33.477915
1795.000000	33.445079
1796.000000	33.379746
1797.000000	33.462262
1798.000000	33.421283
1799.000000	33.416155
1800.000000	33.474064
1801.000000	33.256402
1802.000000	33.430376
1803.000000	33.293052
1804.000000	33.466810
1805.000000	33.379701
1806.000000	33.604208
1807.000000	33.478624
1808.000000	33.451100
1809.000000	33.284726
1810.000000	33.436128
1811.000000	33.253698
1812.000000	33.412520
1813.000000	33.357072
1814.000000	33.412447
1815.000000	33.425334
1816.000000	33.431894
1817.000000	33.352907
1818.000000	33.103939
1819.000000	33.336507
1820.000000	33.179304
1821.000000	33.187663
1822.000000	33.243474
1823.000000	33.220955
1824.000000	33.189931
1825.000000	33.002164
1826.000000	32.950579
1827.000000	32.843313
1828.000000	32.824074
1829.000000	32.840433
1830.000000	32.744450
1831.000000	32.612838
1832.000000	32.619597
1833.000000	32.512115
1834.000000	32.383338
1835.000000	32.358069
1836.000000	32.455157
1837.000000	32.361529
1838.000000	32.185507
1839.000000	32.304742
1840.000000	32.342151
1841.000000	32.318653
1842.000000	32.201331
1843.000000	32.357094
1844.000000	32.281730
1845.000000	32.461615
1846.000000	32.277365
1847.000000	32.343599
1848.000000	32.419755
1849.000000	32.307018
1850.000000	32.393210
1851.000000	32.258244
1852.000000	32.400471
1853.000000	32.167757
1854.000000	32.406819
1855.000000	32.422537
1856.000000	32.329084
1857.000000	32.378026
1858.000000	32.376941
1859.000000	32.399015
1860.000000	32.427490
1861.000000	32.476093
1862.000000	32.605021
1863.000000	32.453199
1864.000000	32.737185
1865.000000	32.853952
1866.000000	32.959611
1867.000000	33.008577
1868.000000	33.048854
1869.000000	33.253975
1870.000000	33.158572
1871.000000	33.168440
1872.000000	33.296340
1873.000000	33.415845
1874.000000	33.300432
1875.000000	33.496407
1876.000000	33.417534
1877.000000	33.321813
1878.000000	33.288789
1879.000000	33.384759
1880.000000	33.435724
1881.000000	33.359585
1882.000000	33.344572
1883.000000	33.468418
1884.000000	33.272822
1885.000000	33.409775
1886.000000	33.281691
1887.000000	33.237816
1888.000000	33.342622
1889.000000	33.169705
1890.000000	33.319108
1891.000000	33.337776
1892.000000	33.207669
1893.000000	33.221829
1894.000000	33.176766
1895.000000	32.980608
1896.000000	33.118083
1897.000000	33.160175
1898.000000	33.069443
1899.000000	33.178916
1900.000000	33.198649
1901.000000	33.135482
1902.000000	33.176697
1903.000000	33.118499
1904.000000	33.193558
1905.000000	33.198196
1906.000000	33.161648
1907.000000	33.202736
1908.000000	33.183236
1909.000000	33.006827
1910.000000	33.192595
1911.000000	33.232003
1912.000000	33.136371
1913.000000	33.205054
1914.000000	33.235638
1915.000000	33.169603
1916.000000	33.316868
1917.000000	33.186312
1918.000000	33.161729
1919.000000	33.103401
1920.000000	33.212898
1921.000000	33.278497
1922.000000	33.207179
1923.000000	33.142976
1924.000000	33.259140
1925.000000	33.287512
1926.000000	33.253294
1927.000000	33.320581
1928.000000	33.197980
1929.000000	33.064389
1930.000000	33.081592
1931.000000	33.115305
1932.000000	33.263770
1933.000000	33.110079
1934.000000	32.945667
1935.000000	33.072030
1936.000000	33.054839
1937.000000	33.027942
1938.000000	33.089139
1939.000000	33.070226
1940.000000	33.284351
1941.000000	33.239758
1942.000000	33.045851
1943.000000	33.193492
1944.000000	33.167596
1945.000000	33.177456
1946.000000	33.210997
1947.000000	33.228702
1948.000000	33.184889
1949.000000	33.061659
1950.000000	33.112474
1951.000000	33.121677
1952.000000	33.131717
1953.000000	33.173417
1954.000000	33.243160
1955.000000	33.120168
1956.000000	33.179487
1957.000000	33.281736
1958.000000	33.202749
1959.000000	33.190726
1960.000000	33.294819
1961.000000	33.085235
1962.000000	33.326443
1963.000000	33.314200
1964.000000	33.385869
1965.000000	33.117961
1966.000000	33.176779
1967.000000	33.336882
1968.000000	33.466594
1969.000000	33.281210
1970.000000	33.452552
1971.000000	33.287264
1972.000000	33.328756
1973.000000	33.374393
1974.000000	33.354073
1975.000000	33.439449
1976.000000	33.396463
1977.000000	33.423539
1978.000000	33.531107
1979.000000	33.496795
1980.000000	33.382279
1981.000000	33.507944
1982.000000	33.502143
1983.000000	33.510440
1984.000000	33.456338
1985.000000	33.432906
1986.000000	33.576593
1987.000000	33.454335
1988.000000	33.378848
1989.000000	33.477649
1990.000000	33.379925
1991.000000	33.318941
1992.000000	33.355599
1993.000000	33.264186
1994.000000	33.305878
1995.000000	33.255721
1996.000000	33.256333
1997.000000	33.209047
1998.000000	33.254085
1999.000000	33.078948
2000.000000	33.192611
2001.000000	33.309529
2002.000000	33.070585
2003.000000	33.224974
2004.000000	33.037464
2005.000000	33.118136
2006.000000	33.103609
2007.000000	33.207563
2008.000000	33.291576
2009.000000	33.087850
2010.000000	33.127711
2011.000000	33.124402
2012.000000	33.141083
2013.000000	33.142397
2014.000000	33.144024
2015.000000	33.270603
2016.000000	33.156969
2017.000000	33.073596
2018.000000	33.102018
2019.000000	33.083301
2020.000000	32.990937
2021.000000	32.820459
2022.000000	32.960255
2023.000000	32.773929
2024.000000	32.961149
2025.000000	32.784234
2026.000000	32.818599
2027.000000	32.847580
2028.000000	32.789786
2029.000000	32.685967
2030.000000	32.556443
2031.000000	32.652046
2032.000000	32.726464
2033.000000	32.734517
2034.000000	32.964519
2035.000000	32.812655
2036.000000	32.961259
2037.000000	32.972943
2038.000000	33.008047
2039.000000	32.777727
2040.000000	32.957298
2041.000000	32.973196
2042.000000	32.924956
2043.000000	33.146023
2044.000000	32.786575
2045.000000	32.946189
2046.000000	32.925355
2047.000000	33.000406
2048.000000	32.816727
2049.000000	32.791911
2050.000000	32.832445
2051.000000	32.803517
2052.000000	32.987555
2053.000000	32.831682
2054.000000	32.828304
2055.000000	32.935950
2056.000000	32.828349
2057.000000	32.856526
2058.000000	32.886564
2059.000000	32.983178
2060.000000	32.882472
2061.000000	32.820137
2062.000000	33.037317
2063.000000	32.885597
2064.000000	33.032679
2065.000000	32.794208
2066.000000	32.898463
2067.000000	32.920448
2068.000000	33.157389
2069.000000	32.848885
2070.000000	32.890631
2071.000000	32.977495
2072.000000	32.961186
2073.000000	32.718248
2074.000000	32.874415
2075.000000	32.780423
2076.000000	32.898635
2077.000000	32.860079
2078.000000	32.842444
2079.000000	32.835472
2080.000000	32.858843
2081.000000	32.922867
2082.000000	32.900311
2083.000000	33.030439
2084.000000	32.970320
2085.000000	32.979139
2086.000000	32.903469
2087.000000	33.026180
2088.000000	33.061358
2089.000000	32.945447
2090.000000	33.024042
2091.000000	32.974203
2092.000000	32.731628
2093.000000	32.810917
2094.000000	32.746041
2095.000000	32.831470
2096.000000	32.809596
2097.000000	32.949771
2098.000000	32.851105
2099.000000	32.833856
2100.000000	32.802954
2101.000000	32.749325
2102.000000	32.902922
2103.000000	32.801335
2104.000000	32.732750
2105.000000	32.717432
2106.000000	32.806079
2107.000000	32.708767
2108.000000	32.799768
2109.000000	32.814405
2110.000000	32.719178
2111.000000	32.845524
2112.000000	32.655823
2113.000000	32.660808
2114.000000	32.545449
2115.000000	32.684604
2116.000000	32.761086
2117.000000	32.687293
2118.000000	32.522991
2119.000000	32.659324
2120.000000	32.634602
2121.000000	32.564243
2122.000000	32.439374
2123.000000	32.538823
2124.000000	32.530893
2125.000000	32.505967
2126.000000	32.584383
2127.000000	32.430501
2128.000000	32.571304
2129.000000	32.346765
2130.000000	32.365902
2131.000000	32.516704
2132.000000	32.378597
2133.000000	32.491399
2134.000000	32.601203
2135.000000	32.526132
2136.000000	32.514889
2137.000000	32.484015
2138.000000	32.743475
2139.000000	32.645257
2140.000000	32.631195
2141.000000	32.733619
2142.000000	32.884230
2143.000000	32.722140
2144.000000	32.895016
2145.000000	32.770751
2146.000000	33.069635
2147.000000	32.884654
2148.000000	32.992643
2149.000000	33.043134
2150.000000	33.050425
2151.000000	32.918114
2152.000000	33.191420
2153.000000	32.858631
2154.000000	33.258010
2155.000000	33.268743
2156.000000	33.234654
2157.000000	33.273475
2158.000000	33.168685
2159.000000	33.208207
2160.000000	33.311557
2161.000000	33.392865
2162.000000	33.333941
2163.000000	33.373635
2164.000000	33.354779
2165.000000	33.419553
2166.000000	33.451129
2167.000000	33.544431
2168.000000	33.540527
2169.000000	33.488656
2170.000000	33.471004
2171.000000	33.597611
2172.000000	33.558097
2173.000000	33.390666
2174.000000	33.479448
2175.000000	33.519897
2176.000000	33.592193
2177.000000	33.539927
2178.000000	33.530312
2179.000000	33.663874
2180.000000	33.752016
2181.000000	33.417860
2182.000000	33.534652
2183.000000	33.644346
2184.000000	33.484393
2185.000000	33.634490
2186.000000	33.640976
2187.000000	33.651852
2188.000000	33.687849
2189.000000	33.663144
2190.000000	33.689347
2191.000000	33.731859
2192.000000	33.672209
2193.000000	33.716993
2194.000000	33.765107
2195.000000	33.689832
2196.000000	33.622737
2197.000000	33.750351
2198.000000	33.738619
2199.000000	33.777672
2200.000000	33.626567
2201.000000	33.688718
2202.000000	33.619118
2203.000000	33.624169
2204.000000	33.513843
2205.000000	33.598337
2206.000000	33.472974
2207.000000	33.684635
2208.000000	33.692631
2209.000000	33.415478
2210.000000	33.638337
2211.000000	33.539242
2212.000000	33.624050
2213.000000	33.576389
2214.000000	33.474031
2215.000000	33.675301
2216.000000	33.531792
2217.000000	33.510971
2218.000000	33.517237
2219.000000	33.507230
2220.000000	33.504705
2221.000000	33.410680
2222.000000	33.358181
2223.000000	33.328797
2224.000000	33.464020
2225.000000	33.435064
2226.000000	33.465713
2227.000000	33.355864
2228.000000	33.307828
2229.000000	33.415890
2230.000000	33.198176
2231.000000	33.325529
2232.000000	33.325509
2233.000000	33.365300
2234.000000	33.453483
2235.000000	33.493482
2236.000000	33.289556
2237.000000	33.388198
2238.000000	33.371016
2239.000000	33.469780
2240.000000	33.526102
2241.000000	33.328413
2242.000000	33.303957
2243.000000	33.501657
2244.000000	33.582598
2245.000000	33.502632
2246.000000	33.381965
2247.000000	33.531572
2248.000000	33.434337
2249.000000	33.405279
2250.000000	33.413867
2251.000000	33.440310
2252.000000	33.591378
2253.000000	33.544708
2254.000000	33.380178
2255.000000	33.439743
2256.000000	33.492189
2257.000000	33.466986
2258.000000	33.547348
2259.000000	33.441619
2260.000000	33.639193
2261.000000	33.672600
2262.000000	33.478832
2263.000000	33.580012
2264.000000	33.773009
2265.000000	33.592940
2266.000000	33.778891
2267.000000	33.725299
2268.000000	33.731435
2269.000000	33.763389
2270.000000	33.729530
2271.000000	33.659893
2272.000000	33.766645
2273.000000	33.631993
2274.000000	33.526534
2275.000000	33.663519
2276.000000	33.708639
2277.000000	33.774922
2278.000000	33.826817
2279.000000	33.762675
2280.000000	33.712216
2281.000000	33.785427
2282.000000	33.810936
2283.000000	33.898808
2284.000000	33.920270
2285.000000	33.907130
2286.000000	33.740777
2287.000000	33.713122
2288.000000	33.828510
2289.000000	33.661977
2290.000000	33.812564
2291.000000	33.856618
2292.000000	33.805869
2293.000000	33.797110
2294.000000	33.662997
2295.000000	33.591475
2296.000000	33.654655
2297.000000	33.663776
2298.000000	33.546760
2299.000000	33.697640
2300.000000	33.639728
2301.000000	33.742331
2302.000000	33.643375
2303.000000	33.743147
2304.000000	33.603025
2305.000000	33.698534
2306.000000	33.475544
2307.000000	33.538589
2308.000000	33.391307
2309.000000	33.474194
2310.000000	33.437679
2311.000000	33.325337
2312.000000	33.313303
2313.000000	33.410122
2314.000000	33.520660
2315.000000	33.411443
2316.000000	33.483463
2317.000000	33.215897
2318.000000	33.317472
2319.000000	33.489411
2320.000000	33.498202
2321.000000	33.285652
2322.000000	33.300318
2323.000000	33.354228
2324.000000	33.257602
2325.000000	33.419802
2326.000000	33.321331
2327.000000	33.387068
2328.000000	33.368327
2329.000000	33.439649
2330.000000	33.207881
2331.000000	33.195903
2332.000000	33.270725
2333.000000	33.241471
2334.000000	33.311549
2335.000000	33.311810
2336.000000	33.351214
2337.000000	33.363318
2338.000000	33.304573
2339.000000	33.248578
2340.000000	33.269175
2341.000000	33.282270
2342.000000	33.464261
2343.000000	33.347730
2344.000000	33.243646
2345.000000	33.160836
2346.000000	33.318839
2347.000000	33.388406
2348.000000	33.203960
2349.000000	33.319826
2350.000000	33.347603
2351.000000	33.315363
2352.000000	33.347248
2353.000000	33.295011
2354.000000	33.348240
2355.000000	33.385767
2356.000000	33.484336
2357.000000	33.281091
2358.000000	33.416690
2359.000000	33.353869
2360.000000	33.311875
2361.000000	33.362294
2362.000000	33.334892
2363.000000	33.536757
2364.000000	33.517722
2365.000000	33.339493
2366.000000	33.465998
2367.000000	33.205209
2368.000000	33.596040
2369.000000	33.315481
2370.000000	33.321282
2371.000000	33.308457
2372.000000	33.206690
2373.000000	33.331534
2374.000000	33.419517
2375.000000	33.241998
2376.000000	33.394281
2377.000000	33.415152
2378.000000	33.223146
2379.000000	33.335553
2380.000000	33.349745
2381.000000	33.429964
2382.000000	33.276681
2383.000000	33.189454
2384.000000	33.430189
2385.000000	33.407633
2386.000000	33.378750
2387.000000	33.442252
2388.000000	33.277424
2389.000000	33.227829
2390.000000	33.379954
2391.000000	33.378616
2392.000000	33.343120
2393.000000	33.473709
2394.000000	33.357908
2395.000000	33.385220
2396.000000	33.445189
2397.000000	33.344727
2398.000000	33.333394
2399.000000	33.422654
2400.000000	33.265312
2401.000000	33.494743
2402.000000	33.503248
2403.000000	33.543370
2404.000000	33.444034
2405.000000	33.489892
2406.000000	33.549583
2407.000000	33.369008
2408.000000	33.533534
2409.000000	33.291290
2410.000000	33.364962
2411.000000	33.531360
2412.000000	33.551843
2413.000000	33.475124
2414.000000	33.581497
2415.000000	33.489451
2416.000000	33.687050
2417.000000	33.639597
2418.000000	33.643815
2419.000000	33.520072
2420.000000	33.739541
2421.000000	33.454045
2422.000000	33.517261
2423.000000	33.630875
2424.000000	33.542885
2425.000000	33.469703
2426.000000	33.457676
2427.000000	33.487155
2428.000000	33.450688
2429.000000	33.413948
2430.000000	33.411533
2431.000000	33.459059
2432.000000	33.606402
2433.000000	33.377779
2434.000000	33.284640
2435.000000	33.413907
2436.000000	33.490736
2437.000000	33.525698
2438.000000	33.595832
2439.000000	33.315265
2440.000000	33.554923
2441.000000	33.332432
2442.000000	33.463033
2443.000000	33.459716
2444.000000	33.331212
2445.000000	33.365688
2446.000000	33.364460
2447.000000	33.463640
2448.000000	33.482043
2449.000000	33.510661
2450.000000	33.517837
2451.000000	33.466847
2452.000000	33.446005
2453.000000	33.381594
2454.000000	33.370575
2455.000000	33.409848
2456.000000	33.484291
2457.000000	33.414968
2458.000000	33.413557
2459.000000	33.425848
2460.000000	33.482223
2461.000000	33.269159
2462.000000	33.376466
2463.000000	33.465546
2464.000000	33.191224
2465.000000	33.321344
2466.000000	33.225520
2467.000000	33.049498
2468.000000	33.205478
2469.000000	33.020493
2470.000000	33.234336
2471.000000	33.193423
2472.000000	33.179035
2473.000000	33.065551
2474.000000	33.159563
2475.000000	33.261175
2476.000000	33.050710
2477.000000	33.044489
2478.000000	33.149911
2479.000000	33.161530
2480.000000	33.225027
2481.000000	33.101842
2482.000000	33.324566
2483.000000	33.153109
2484.000000	33.248929
2485.000000	33.159196
2486.000000	33.129665
2487.000000	33.326015
2488.000000	33.386909
2489.000000	33.377502
2490.000000	33.091224
2491.000000	33.264447
2492.000000	33.187655
2493.000000	33.132063
2494.000000	33.318333
2495.000000	33.407678
2496.000000	33.307327
2497.000000	33.284355
2498.000000	33.197115
2499.000000	33.316591
2500.000000	33.265732
2501.000000	33.215261
2502.000000	33.327496
2503.000000	33.412830
2504.000000	33.329115
2505.000000	33.075640
2506.000000	33.250479
2507.000000	33.316644
2508.000000	33.322257
2509.000000	33.135409
2510.000000	33.157695
2511.000000	33.286676
2512.000000	33.278223
2513.000000	33.340024
2514.000000	33.339236
2515.000000	33.337123
2516.000000	33.258250
2517.000000	33.148973
2518.000000	33.231693
2519.000000	33.209394
2520.000000	33.358704
2521.000000	33.287700
2522.000000	33.196364
2523.000000	33.289617
2524.000000	33.361604
2525.000000	33.212625
2526.000000	33.075399
2527.000000	33.277526
2528.000000	33.305972
2529.000000	33.176350
2530.000000	33.378444
2531.000000	33.163953
2532.000000	33.344960
2533.000000	33.184624
2534.000000	33.417514
2535.000000	33.183436
2536.000000	33.327190
2537.000000	33.235956
2538.000000	33.352837
2539.000000	33.334977
2540.000000	33.231966
2541.000000	33.414662
2542.000000	33.378636
2543.000000	33.488750
2544.000000	33.261950
2545.000000	33.393367
2546.000000	33.363832
2547.000000	33.354518
2548.000000	33.590447
2549.000000	33.274576
2550.000000	33.317476
2551.000000	33.228613
2552.000000	33.454739
2553.000000	33.336360
2554.000000	33.400078
2555.000000	33.459337
2556.000000	33.391841
2557.000000	33.196764
2558.000000	33.543574
2559.000000	33.464746
2560.000000	33.235095
2561.000000	33.138378
2562.000000	33.395643
2563.000000	33.427125
2564.000000	33.366769
2565.000000	33.353221
2566.000000	33.279243
2567.000000	33.328010
2568.000000	33.231321
2569.000000	33.314127
2570.000000	33.451777
2571.000000	33.098342
2572.000000	33.430935
2573.000000	33.358557
2574.000000	33.077757
2575.000000	33.301636
2576.000000	33.406809
2577.000000	33.317880
2578.000000	33.195903
2579.000000	33.250691
2580.000000	33.296732
2581.000000	33.514916
2582.000000	33.358239
2583.000000	33.353996
2584.000000	33.306670
2585.000000	33.288422
2586.000000	33.314258
2587.000000	33.282319
2588.000000	33.301260
2589.000000	33.277004
2590.000000	33.371648
2591.000000	33.376254
2592.000000	33.252319
2593.000000	33.375772
2594.000000	33.229722
2595.000000	33.129889
2596.000000	33.278293
2597.000000	33.138464
2598.000000	33.282837
2599.000000	33.163834
2600.000000	33.377123
2601.000000	33.162158
2602.000000	33.255064
2603.000000	33.210124
2604.000000	33.202194
2605.000000	33.215207
2606.000000	33.078622
2607.000000	33.190620
2608.000000	33.395513
2609.000000	33.221143
2610.000000	33.111388
2611.000000	33.275865
2612.000000	33.277310
2613.000000	33.003368
2614.000000	33.132337
2615.000000	33.124349
2616.000000	33.231831
2617.000000	33.056340
2618.000000	33.177521
2619.000000	33.187487
2620.000000	33.279158
2621.000000	33.168779
2622.000000	33.179679
2623.000000	33.300538
2624.000000	33.335499
2625.000000	33.074865
2626.000000	33.370171
2627.000000	33.259609
2628.000000	33.370718
2629.000000	33.155104
2630.000000	33.210251
2631.000000	33.309876
2632.000000	33.405385
2633.000000	33.388435
2634.000000	33.285946
2635.000000	33.314474
2636.000000	33.370208
2637.000000	33.469678
2638.000000	33.351471
2639.000000	33.410003
2640.000000	33.630834
2641.000000	33.361935
2642.000000	33.290707
2643.000000	33.510840
2644.000000	33.469723
2645.000000	33.560973
2646.000000	33.478755
2647.000000	33.596685
2648.000000	33.613125
2649.000000	33.478869
2650.000000	33.557444
2651.000000	33.364754
2652.000000	33.545308
2653.000000	33.415099
2654.000000	33.456171
2655.000000	33.601699
2656.000000	33.567610
2657.000000	33.433970
2658.000000	33.503061
2659.000000	33.463808
2660.000000	33.457419
2661.000000	33.416592
2662.000000	33.467797
2663.000000	33.425730
2664.000000	33.666571
2665.000000	33.475463
2666.000000	33.445935
2667.000000	33.600544
2668.000000	33.464326
2669.000000	33.483736
2670.000000	33.611555
2671.000000	33.545549
2672.000000	33.545536
2673.000000	33.519011
2674.000000	33.544618
2675.000000	33.652978
2676.000000	33.453409
2677.000000	33.623614
2678.000000	33.518432
2679.000000	33.469890
2680.000000	33.667937
2681.000000	33.496652
2682.000000	33.550933
2683.000000	33.695755
2684.000000	33.545002
2685.000000	33.657176
2686.000000	33.591892
2687.000000	33.685357
2688.000000	33.531397
2689.000000	33.695127
2690.000000	33.598839
2691.000000	33.715068
2692.000000	33.534444
2693.000000	33.596338
2694.000000	33.682893
2695.000000	33.634979
2696.000000	33.674265
2697.000000	33.681457
2698.000000	33.575606
2699.000000	33.548461
2700.000000	33.609805
2701.000000	33.620656
2702.000000	33.650114
2703.000000	33.535142
2704.000000	33.704241
2705.000000	33.561242
2706.000000	33.437736
2707.000000	33.551386
2708.000000	33.651987
2709.000000	33.568239
2710.000000	33.505264
2711.000000	33.587849
2712.000000	33.563278
2713.000000	33.708594
2714.000000	33.571519
2715.000000	33.509559
2716.000000	33.607569
2717.000000	33.530352
2718.000000	33.699570
2719.000000	33.835474
2720.000000	33.635926
2721.000000	33.594507
2722.000000	33.628350
2723.000000	33.717010
2724.000000	33.744199
2725.000000	33.558848
2726.000000	33.646218
2727.000000	33.737211
2728.000000	33.600903
2729.000000	33.685700
2730.000000	33.556890
2731.000000	33.540445
2732.000000	33.769798
2733.000000	33.650167
2734.000000	33.607981
2735.000000	33.630353
2736.000000	33.630528
2737.000000	33.714448
2738.000000	33.629101
2739.000000	33.679699
2740.000000	33.769268
2741.000000	33.785353
2742.000000	33.695433
2743.000000	33.552112
2744.000000	33.515201
2745.000000	33.748201
2746.000000	33.636990
2747.000000	33.690101
2748.000000	33.709324
2749.000000	33.602176
2750.000000	33.635212
2751.000000	33.641188
2752.000000	33.529149
2753.000000	33.571914
2754.000000	33.703458
2755.000000	33.612432
2756.000000	33.746684
2757.000000	33.587653
2758.000000	33.650489
2759.000000	33.523091
2760.000000	33.662059
2761.000000	33.513304
2762.000000	33.649947
2763.000000	33.599422
2764.000000	33.546666
2765.000000	33.547874
2766.000000	33.628933
2767.000000	33.567896
2768.000000	33.549546
2769.000000	33.559443
2770.000000	33.618563
2771.000000	33.793602
2772.000000	33.599590
2773.000000	33.576904
2774.000000	33.573203
2775.000000	33.688665
2776.000000	33.613366
2777.000000	33.544476
2778.000000	33.591553
2779.000000	33.744318
2780.000000	33.666187
2781.000000	33.422686
2782.000000	33.462527
2783.000000	33.736008
2784.000000	33.565554
2785.000000	33.585030
2786.000000	33.517592
2787.000000	33.693744
2788.000000	33.678014
2789.000000	33.598684
2790.000000	33.633311
2791.000000	33.560989
2792.000000	33.729978
2793.000000	33.730219
2794.000000	33.617800
2795.000000	33.499622
2796.000000	33.688780
2797.000000	33.457578
2798.000000	33.713469
2799.000000	33.666909
2800.000000	33.596493
2801.000000	33.569781
2802.000000	33.541130
2803.000000	33.626714
2804.000000	33.736718
2805.000000	33.555833
2806.000000	33.560418
2807.000000	33.611669
2808.000000	33.665094
2809.000000	33.769647
2810.000000	33.567133
2811.000000	33.540131
2812.000000	33.763332
2813.000000	33.609107
2814.000000	33.641853
2815.000000	33.601511
2816.000000	33.729366
2817.000000	33.567823
2818.000000	33.652358
2819.000000	33.568981
2820.000000	33.554780
2821.000000	33.550277
2822.000000	33.726282
2823.000000	33.720547
2824.000000	33.742735
2825.000000	33.597268
2826.000000	33.649425
2827.000000	33.563176
2828.000000	33.599667
2829.000000	33.612819
2830.000000	33.620623
2831.000000	33.745121
2832.000000	33.627807
2833.000000	33.705799
2834.000000	33.693234
2835.000000	33.748634
2836.000000	33.564681
2837.000000	33.618090
2838.000000	33.681387
2839.000000	33.685206
2840.000000	33.704510
2841.000000	33.609083
2842.000000	33.669822
2843.000000	33.763430
2844.000000	33.592887
2845.000000	33.563054
2846.000000	33.623499
2847.000000	33.591692
2848.000000	33.659436
2849.000000	33.763304
2850.000000	33.564041
2851.000000	33.579131
2852.000000	33.643738
2853.000000	33.644272
2854.000000	33.546805
2855.000000	33.602849
2856.000000	33.587282
2857.000000	33.629680
2858.000000	33.645729
2859.000000	33.590831
2860.000000	33.716349
2861.000000	33.590660
2862.000000	33.610812
2863.000000	33.788694
2864.000000	33.621786
2865.000000	33.718796
2866.000000	33.584451
2867.000000	33.667374
2868.000000	33.855916
2869.000000	33.616214
2870.000000	33.759118
2871.000000	33.741980
2872.000000	33.752020
2873.000000	33.731696
2874.000000	33.589432
2875.000000	33.729599
2876.000000	33.490802
2877.000000	33.653231
2878.000000	33.598643
2879.000000	33.678250
2880.000000	33.747777
2881.000000	33.570650
2882.000000	33.762370
2883.000000	33.609654
2884.000000	33.671095
2885.000000	33.759102
2886.000000	33.803691
2887.000000	33.759865
2888.000000	33.676904
2889.000000	33.545385
2890.000000	33.735412
2891.000000	33.589509
2892.000000	33.620350
2893.000000	33.767901
2894.000000	33.560655
2895.000000	33.740014
2896.000000	33.644537
2897.000000	33.638006
2898.000000	33.566097
2899.000000	33.693646
2900.000000	33.640111
2901.000000	33.536325
2902.000000	33.664364
2903.000000	33.744489
2904.000000	33.668447
2905.000000	33.544904
2906.000000	33.681902
2907.000000	33.617890
2908.000000	33.738704
2909.000000	33.663711
2910.000000	33.662308
2911.000000	33.549057
2912.000000	33.619065
2913.000000	33.772960
2914.000000	33.656433
2915.000000	33.508446
2916.000000	33.698774
2917.000000	33.581632
2918.000000	33.660823
2919.000000	33.490679
2920.000000	33.754880
2921.000000	33.576557
2922.000000	33.656348
2923.000000	33.821636
2924.000000	33.673714
2925.000000	33.566619
2926.000000	33.754871
2927.000000	33.728848
2928.000000	33.828853
2929.000000	33.643248
2930.000000	33.704445
2931.000000	33.635456
2932.000000	33.908464
2933.000000	33.817198
2934.000000	33.628493
2935.000000	33.638724
2936.000000	33.789262
2937.000000	33.584699
2938.000000	33.642587
2939.000000	33.688102
2940.000000	33.735441
2941.000000	33.569654
2942.000000	33.724757
2943.000000	33.660207
2944.000000	33.660358
2945.000000	33.474284
2946.000000	33.622010
2947.000000	33.733976
2948.000000	33.620497
2949.000000	33.618894
2950.000000	33.774159
2951.000000	33.685047
2952.000000	33.709809
2953.000000	33.798730
2954.000000	33.732773
2955.000000	33.642461
2956.000000	33.655311
2957.000000	33.645472
2958.000000	33.570311
2959.000000	33.681175
2960.000000	33.718340
2961.000000	33.608397
2962.000000	33.634608
2963.000000	33.675366
2964.000000	33.629484
2965.000000	33.687107
2966.000000	33.646006
2967.000000	33.695396
2968.000000	33.678715
2969.000000	33.532629
2970.000000	33.555955
2971.000000	33.725344
2972.000000	33.596983
2973.000000	33.720995
2974.000000	33.656005
2975.000000	33.653818
2976.000000	33.683109
2977.000000	33.664984
2978.000000	33.743347
2979.000000	33.684308
2980.000000	33.459606
2981.000000	33.632948
2982.000000	33.647112
2983.000000	33.657208
2984.000000	33.724247
2985.000000	33.562115
2986.000000	33.665196
2987.000000	33.584785
2988.000000	33.675750
2989.000000	33.556216
2990.000000	33.688009
2991.000000	33.626502
2992.000000	33.611404
2993.000000	33.502257
2994.000000	33.602143
2995.000000	33.805775
2996.000000	33.612395
2997.000000	33.597480
2998.000000	33.607875
2999.000000	33.564902
3000.000000	33.496717
3001.000000	33.626486
3002.000000	33.738150
3003.000000	33.646259
3004.000000	33.676757
3005.000000	33.462449
3006.000000	33.601682
3007.000000	33.519709
3008.000000	33.623104
3009.000000	33.692675
3010.000000	33.561671
3011.000000	33.590015
3012.000000	33.672788
3013.000000	33.701255
3014.000000	33.564257
3015.000000	33.508670
3016.000000	33.603237
3017.000000	33.552276
3018.000000	33.625392
3019.000000	33.477478
3020.000000	33.467985
3021.000000	33.636595
3022.000000	33.601030
3023.000000	33.573391
3024.000000	33.635746
3025.000000	33.499242
3026.000000	33.616124
3027.000000	33.656939
3028.000000	33.635554
3029.000000	33.628762
3030.000000	33.435773
3031.000000	33.656176
3032.000000	33.486298
3033.000000	33.470727
3034.000000	33.472415
3035.000000	33.558807
3036.000000	33.620158
3037.000000	33.507356
3038.000000	33.521284
3039.000000	33.467279
3040.000000	33.628897
3041.000000	33.523980
3042.000000	33.481745
3043.000000	33.621170
3044.000000	33.463457
3045.000000	33.493580
3046.000000	33.429083
3047.000000	33.433501
3048.000000	33.594576
3049.000000	33.490847
3050.000000	33.489484
3051.000000	33.434741
3052.000000	33.458855
3053.000000	33.484833
3054.000000	33.496635
3055.000000	33.525290
3056.000000	33.420879
3057.000000	33.548453
3058.000000	33.467279
3059.000000	33.492238
3060.000000	33.502506
3061.000000	33.479359
3062.000000	33.534664
3063.000000	33.411929
3064.000000	33.604432
3065.000000	33.519566
3066.000000	33.398507
3067.000000	33.379721
3068.000000	33.570760
3069.000000	33.433607
3070.000000	33.513716
3071.000000	33.534722
3072.000000	33.289267
3073.000000	33.438433
3074.000000	33.435565
3075.000000	33.444606
3076.000000	33.292232
3077.000000	33.313976
3078.000000	33.420859
3079.000000	33.388052
3080.000000	33.453972
3081.000000	33.409893
3082.000000	33.511885
3083.000000	33.523230
3084.000000	33.602425
3085.000000	33.274903
3086.000000	33.461433
3087.000000	33.433950
3088.000000	33.443618
3089.000000	33.590790
3090.000000	33.328112
3091.000000	33.345947
3092.000000	33.374960
3093.000000	33.349651
3094.000000	33.287239
3095.000000	33.385502
3096.000000	33.358124
3097.000000	33.346947
3098.000000	33.346151
3099.000000	33.298882
3100.000000	33.257785
3101.000000	33.401253
3102.000000	33.392494
3103.000000	33.286134
3104.000000	33.287402
3105.000000	33.312393
3106.000000	33.379762
3107.000000	33.335683
3108.000000	33.338412
3109.000000	33.412688
3110.000000	33.373794
3111.000000	33.431176
3112.000000	33.264655
3113.000000	33.253616
3114.000000	33.399021
3115.000000	33.320870
3116.000000	33.372456
3117.000000	33.295113
3118.000000	33.399470
3119.000000	33.246595
3120.000000	33.214616
3121.000000	33.343556
3122.000000	33.435365
3123.000000	33.267070
3124.000000	33.303994
3125.000000	33.294362
3126.000000	33.438140
3127.000000	33.283286
3128.000000	33.286721
3129.000000	33.281185
3130.000000	33.522418
3131.000000	33.441656
3132.000000	33.343455
3133.000000	33.267417
3134.000000	33.323192
3135.000000	33.462078
3136.000000	33.366398
3137.000000	33.347791
3138.000000	33.186986
3139.000000	33.308636
3140.000000	33.279566
3141.000000	33.413614
3142.000000	33.395582
3143.000000	33.362693
3144.000000	33.377449
3145.000000	33.250001
3146.000000	33.468250
3147.000000	33.419092
3148.000000	33.340656
3149.000000	33.342520
3150.000000	33.335132
3151.000000	33.416922
3152.000000	33.259323
3153.000000	33.339069
3154.000000	33.214628
3155.000000	33.314339
3156.000000	33.314413
3157.000000	33.270774
3158.000000	33.407470
3159.000000	33.395231
3160.000000	33.415751
3161.000000	33.309342
3162.000000	33.308163
3163.000000	33.333656
3164.000000	33.476658
3165.000000	33.264973
3166.000000	33.424412
3167.000000	33.356011
3168.000000	33.277065
3169.000000	33.241190
3170.000000	33.151298
3171.000000	33.292098
3172.000000	33.246991
3173.000000	33.369633
3174.000000	33.237898
3175.000000	33.432930
3176.000000	33.227736
3177.000000	33.395627
3178.000000	33.391980
3179.000000	33.182013
3180.000000	33.244914
3181.000000	33.208419
3182.000000	33.184485
3183.000000	33.139023
3184.000000	33.379366
3185.000000	33.301391
3186.000000	33.280124
3187.000000	33.073200
3188.000000	33.066767
3189.000000	33.233435
3190.000000	33.337246
3191.000000	33.226940
3192.000000	33.226120
3193.000000	33.115195
3194.000000	33.315669
3195.000000	33.297124
3196.000000	33.314947
3197.000000	33.306939
3198.000000	33.373965
3199.000000	33.254987
3200.000000	33.306604
3201.000000	33.202647
3202.000000	33.266740
3203.000000	33.226369
3204.000000	33.306670
3205.000000	33.248961
3206.000000	33.395709
3207.000000	33.105726
3208.000000	33.200909
3209.000000	33.290854
3210.000000	33.391605
3211.000000	33.221457
3212.000000	33.332383
3213.000000	33.295745
3214.000000	33.255627
3215.000000	33.397288
3216.000000	33.322037
3217.000000	33.201953
3218.000000	33.300779
3219.000000	33.485980
3220.000000	33.238999
3221.000000	33.194284
3222.000000	33.401595
3223.000000	33.574272
3224.000000	33.545251
3225.000000	33.357643
3226.000000	33.307449
3227.000000	33.314666
3228.000000	33.354661
3229.000000	33.187022
3230.000000	33.286799
3231.000000	33.445095
3232.000000	33.267258
3233.000000	33.264117
3234.000000	33.346241
3235.000000	33.399527
3236.000000	33.329127
3237.000000	33.385445
3238.000000	33.482773
3239.000000	33.321017
3240.000000	33.414678
3241.000000	33.353160
3242.000000	33.411843
3243.000000	33.275661
3244.000000	33.481623
3245.000000	33.382255
3246.000000	33.338751
3247.000000	33.123545
3248.000000	33.253685
3249.000000	33.177040
3250.000000	33.247958
3251.000000	33.381039
3252.000000	33.354902
3253.000000	33.290747
3254.000000	33.375793
3255.000000	33.400343
3256.000000	33.378077
3257.000000	33.311435
3258.000000	33.556167
3259.000000	33.397883
3260.000000	33.460446
3261.000000	33.279933
3262.000000	33.241280
3263.000000	33.303410
3264.000000	33.390830
3265.000000	33.509004
3266.000000	33.281552
3267.000000	33.384123
3268.000000	33.264786
3269.000000	33.282817
3270.000000	33.257251
3271.000000	33.407295
3272.000000	33.340256
3273.000000	33.424408
3274.000000	33.536255
3275.000000	33.462009
3276.000000	33.515442
3277.000000	33.456983
3278.000000	33.480705
3279.000000	33.435268
3280.000000	33.386314
3281.000000	33.413524
3282.000000	33.275886
3283.000000	33.478559
3284.000000	33.467981
3285.000000	33.356183
3286.000000	33.241039
3287.000000	33.300624
3288.000000	33.432339
3289.000000	33.343034
3290.000000	33.287137
3291.000000	33.262774
3292.000000	33.003147
3293.000000	33.540531
3294.000000	33.473252
3295.000000	33.173829
3296.000000	33.128563
3297.000000	32.962773
3298.000000	33.123998
3299.000000	33.181907
3300.000000	32.992398
3301.000000	32.894457
3302.000000	32.851459
3303.000000	33.125520
3304.000000	33.067289
3305.000000	32.860997
3306.000000	32.868083
3307.000000	32.862254
3308.000000	32.968647
3309.000000	32.353598
3310.000000	31.861807
3311.000000	31.897364
3312.000000	31.979476
3313.000000	32.062171
3314.000000	31.994117
3315.000000	31.638210
3316.000000	31.622614
3317.000000	32.018880
3318.000000	32.113736
3319.000000	32.510230
3320.000000	32.641064
3321.000000	33.107986
3322.000000	33.261799
3323.000000	33.198102
3324.000000	33.255301
3325.000000	33.315335
3326.000000	33.424510
3327.000000	33.160257
3328.000000	32.973963
3329.000000	33.036452
3330.000000	33.240431
3331.000000	32.997293
3332.000000	33.177403
3333.000000	32.903440
3334.000000	33.343936
3335.000000	33.337584
3336.000000	33.432045
3337.000000	33.371868
3338.000000	33.266785
3339.000000	33.357488
3340.000000	33.396945
3341.000000	33.336736
3342.000000	33.368756
3343.000000	33.344368
3344.000000	33.364790
3345.000000	33.204376
3346.000000	33.187361
3347.000000	33.204882
3348.000000	33.283865
3349.000000	33.210059
3350.000000	33.385947
3351.000000	33.421287
3352.000000	33.410052
3353.000000	33.359030
3354.000000	33.435765
3355.000000	33.428349
3356.000000	33.237335
3357.000000	33.229127
3358.000000	33.402285
3359.000000	33.506581
3360.000000	33.469878
3361.000000	33.485139
3362.000000	33.413818
3363.000000	33.349957
3364.000000	33.460662
3365.000000	33.126189
3366.000000	33.316554
3367.000000	33.245122
3368.000000	33.218022
3369.000000	33.240884
3370.000000	33.335389
3371.000000	33.330943
3372.000000	33.468617
3373.000000	33.241769
3374.000000	33.333040
3375.000000	33.347102
3376.000000	33.373108
3377.000000	33.371346
3378.000000	33.355199
3379.000000	33.318374
3380.000000	33.195369
3381.000000	33.207591
3382.000000	33.284494
3383.000000	33.309117
3384.000000	33.342626
3385.000000	33.261432
3386.000000	33.263990
3387.000000	33.250842
3388.000000	33.247456
3389.000000	33.249043
3390.000000	33.195712
3391.000000	33.313054
3392.000000	33.319055
3393.000000	33.362926
3394.000000	33.437360
3395.000000	33.424987
3396.000000	33.372782
3397.000000	33.226128
3398.000000	33.464407
3399.000000	33.285893



