0.0	-0.0034750834075056823
1.0	-0.004288117014166953
2.0	-0.00220636932234882
3.0	-0.005684988095259645
4.0	0.0006178051045452534
5.0	0.0009738525579874038
6.0	0.0028849586070980953
7.0	0.0006787700704801532
8.0	-0.0011682574806626234
9.0	0.00423372059645615
10.0	0.0001280766467220018
11.0	0.00214243143550487
12.0	0.0013106162001289257
13.0	0.0023908109425182984
14.0	0.006234918201487136
15.0	0.0030212509609262566
16.0	0.005798119788223502
17.0	0.0012906293332080071
18.0	-0.004719391418985315
19.0	-0.01016375370635865
20.0	-0.010290203281502045
21.0	-0.00984707736765533
22.0	-0.014286873610084174
23.0	-0.011920488828546797
24.0	-0.007124343823124183
25.0	-0.007995329300204624
26.0	-0.009973125196730055
27.0	-0.0048368017075815185
28.0	-0.004499234573302656
29.0	-0.002313535086191587
30.0	-0.005418228705600448
31.0	-0.0031858262379955574
32.0	0.0010490795093636147
33.0	0.0007844292865652887
34.0	-0.0014120169078851714
35.0	-0.0008891443993886509
36.0	-0.0009099347584471443
37.0	-0.004181051686841472
38.0	-0.0018217978980245152
39.0	0.00020320316158069435
40.0	0.0012292626212042032
41.0	-0.002640958132234298
42.0	-0.010053072664414197
43.0	-0.006438563283743882
44.0	-0.007592377993234316
45.0	-0.007277208202288862
46.0	-0.007178679978924382
47.0	-0.007980665568694641
48.0	-0.004890936990347616
49.0	-0.010123378226447908
50.0	-0.0026763117862857225
51.0	-0.007564958824041122
52.0	-0.004338937891865701
53.0	-0.0031243590894747026
54.0	-0.004530972512734876
55.0	-0.005147150545701757
56.0	-0.004903993737582448
57.0	-0.007642897561381443
58.0	-0.006278869221410167
59.0	-0.004206662998725181
60.0	-0.0027607788972432265
61.0	-0.004315636619877432
62.0	-0.0017984966260362462
63.0	0.00010567930338835853
64.0	-0.0027565605635212504
65.0	-0.004709749513334884
66.0	-0.00488149595773152
67.0	-0.007185107916024748
68.0	-0.008771301832022503
69.0	-0.005464429503508316
70.0	-0.0051607094755225435
71.0	-0.005774477032076933
72.0	-0.006938837575872424
73.0	-0.010319430308004723
74.0	-0.012110213409520532
75.0	-0.017972893790994447
76.0	-0.013834507536655934
77.0	-0.018090705825659557
78.0	-0.017272349083587112
79.0	-0.016281542841497746
80.0	-0.014786746156143813
81.0	-0.013110561120743047
82.0	-0.014012179735566748
83.0	-0.008472704066413567
84.0	-0.009590763375783906
85.0	-0.011946301013464842
86.0	-0.0072203611335586535
87.0	-0.0085204114120793
88.0	-0.005468848710264627
89.0	-0.010444574208424822
90.0	-0.005933468038790358
91.0	-0.008054787718381659
92.0	-0.007312059673754098
93.0	-0.011557712128452661
94.0	-0.007662382245716407
95.0	-0.007648522006344
96.0	-0.015735971680116194
97.0	-0.018101753842550566
98.0	-0.015192308812561181
99.0	-0.019778139750985902
100.0	-0.01901311479954175
101.0	-0.015094081898748321
102.0	-0.01566817703101226
103.0	-0.0025146089936081873
104.0	-0.007432583494383316
105.0	-0.018233928299174036
106.0	-0.012483134197850819
107.0	0.0006393989557413218
108.0	0.004114301577516126
109.0	-0.0012718075298864203
110.0	-0.0014047854786474652
111.0	-0.006474619993415363
112.0	-0.002582403642712123
113.0	-0.008645555312499165
114.0	-0.007713705306001109
115.0	-0.007799879837750813
116.0	-0.008083612998815432
117.0	-0.007132880927085419
118.0	-0.004518016202017329
119.0	0.005366544073853755
120.0	0.006163507837764464
121.0	0.0037358567807403323
122.0	0.004102349631970489
123.0	0.005659718267534236
124.0	0.004768344177463972
125.0	0.0034502153258491775
126.0	0.0035283549362238346
127.0	0.006971820928117804
128.0	0.0027458540307885386
129.0	0.0043258208827204984
130.0	0.008876699913162466
131.0	0.00513724750510662
132.0	0.005104203890950869
133.0	0.0036075993482874522
134.0	0.004548488641332933
135.0	0.0068540088934526955
136.0	0.004453977878656094
137.0	0.0016714846063962915
138.0	0.006484201637155423
139.0	0.008739604067196729
140.0	0.004034956728935224
141.0	0.002061680475683387
142.0	0.006211516492981816
143.0	0.006533616403613356
144.0	0.005033396146331203
145.0	0.007012196408028545
146.0	0.004192943370476738
147.0	0.005312810537156562
148.0	0.008671608545058457
149.0	0.008459084874682176
150.0	0.00949408318433559
151.0	0.006054232907060592
152.0	0.009831449445580353
153.0	0.010427439738591745
154.0	0.013369727509702547
155.0	0.010522050937785635
156.0	0.01252043632033546
157.0	0.009845811867538716
158.0	0.01176947248129805
159.0	0.013780111118945131
160.0	0.009757025986341717
161.0	0.009120358903867963
162.0	0.012689671851802321
163.0	0.01231896066685019
164.0	0.013105077286904222
165.0	0.013916202599738957
166.0	0.017561043808600914
167.0	0.013163832649460966
168.0	0.016000762514038487
169.0	0.01769512655905092
170.0	0.016900975017621604
171.0	0.015473772108337273
172.0	0.017267869614920196
173.0	0.01470432795013681
174.0	0.015636680139221055
175.0	0.01893481449073967
176.0	0.014327791447187786
177.0	0.019394713302957237
178.0	0.02432102403465927
179.0	0.019779987782902065
180.0	0.018979910486958344
181.0	0.01869667950847968
182.0	0.019641787135247137
183.0	0.01841154023617448
184.0	0.02192300175020672
185.0	0.02298381224477818
186.0	0.017870990900652247
187.0	0.02286127969380514
188.0	0.01997011410994447
189.0	0.023753356839495695
190.0	0.018244614744602823
191.0	0.024917416073739564
192.0	0.021166112156655134
193.0	0.021810111104883876
194.0	0.022989336253223684
195.0	0.025319162142503626
196.0	0.02366356659312702
197.0	0.024196181443791022
198.0	0.026176086507177326
199.0	0.0261980821044423
200.0	0.02331585537061177
201.0	0.025193516059497805
202.0	0.026683190482474903
203.0	0.024377770666872193
204.0	0.028893195606745917
205.0	0.029377400056123895
206.0	0.026296811200841114
207.0	0.027459263450809835
208.0	0.02462846021378106
209.0	0.028798283098000407
210.0	0.02557407002313447
211.0	0.028542370852197654
212.0	0.0284958687447384
213.0	0.028210227289847012
214.0	0.02539147643488116
215.0	0.023984863011620984
216.0	0.031458243819287406
217.0	0.026934382211969494
218.0	0.03063948533114606
219.0	0.026840474068395893
220.0	0.026668828060516542
221.0	0.029440072442850997
222.0	0.02571859817137225
223.0	0.03117199974529301
224.0	0.029798731245740208
225.0	0.02888254933592381
226.0	0.029106221459708155
227.0	0.0322888538164571
228.0	0.034665382686230865
229.0	0.0317250032089466
230.0	0.029475225223867852
231.0	0.0347975571428541
232.0	0.03730164038946069
233.0	0.03162928720806352
234.0	0.0334091227292056
235.0	0.03151509088801738
236.0	0.03314326726820103
237.0	0.035851437517739476
238.0	0.035186045591349
239.0	0.032115199078233694
240.0	0.03263997988055675
241.0	0.028420541356845137
242.0	0.03163501208954359
243.0	0.032048910976887626
244.0	0.03056154659380597
245.0	0.03182403361489704
246.0	0.03211700693554318
247.0	0.031670164870560444
248.0	0.032062269033674075
249.0	0.028519069580209385
250.0	0.02756040302362114
251.0	0.030705974305526698
252.0	0.028918103863009335
253.0	0.028822689171677872
254.0	0.02783057725486497
255.0	0.03179169305636158
256.0	0.030439516225418885
257.0	0.031076685490478595
258.0	0.031621453159722805
259.0	0.0316439509395735
260.0	0.030186215329063192
261.0	0.028109389026587325
262.0	0.03358558968991016
263.0	0.033816392806415164
264.0	0.02830704809241929
265.0	0.02810195672431505
266.0	0.03191512953598924
267.0	0.02985015474254196
268.0	0.031660522964910016
269.0	0.03050299210428356
270.0	0.032025107522313405
271.0	0.032401945334814046
272.0	0.032451159228237644
273.0	0.029892639389313806
274.0	0.030235931405072743
275.0	0.02871572428086944
276.0	0.029829364383483468
277.0	0.027295752800822814
278.0	0.025630414909278726
279.0	0.03422757990779509
280.0	0.03324028894380741
281.0	0.027169805408265375
282.0	0.0310770872365475
283.0	0.03145482897770277
284.0	0.030827602927844876
285.0	0.029280780126586185
286.0	0.03235102402059825
287.0	0.029890831532004322
288.0	0.031160549982333093
289.0	0.027359329116204773
290.0	0.031578466330365006
291.0	0.027497630200376755
292.0	0.035115539156280955
293.0	0.032171142218309044
294.0	0.032377438824619534
295.0	0.031088034816921226
296.0	0.03323707497525734
297.0	0.02745343813281271
298.0	0.03138201250273928
299.0	0.027945275757497064
300.0	0.03171757090667456
301.0	0.030416817572533623
302.0	0.03142389453040789
303.0	0.033716759781361724
304.0	0.03229869659514163
305.0	0.02630133084411471
306.0	0.03213659205639543
307.0	0.03245798891140668
308.0	0.0317395665039393
309.0	0.030934567818653308
310.0	0.03266097111264982
311.0	0.029821028152556564
312.0	0.032261635520298246
313.0	0.029313522431190318
314.0	0.02964697166826449
315.0	0.027933825994537382
316.0	0.032848184780693776
317.0	0.03226856563998433
318.0	0.029870643792048835
319.0	0.03047848559408905
320.0	0.0349898930732749
321.0	0.03294862129788479
322.0	0.03275779191522186
323.0	0.030438612296764027
324.0	0.03379339284397852
325.0	0.032737202429197705
326.0	0.03390176384602753
327.0	0.03154702970048417
328.0	0.038364560050893025
329.0	0.03134153658631126
330.0	0.037655478239524455
331.0	0.03512608499058601
332.0	0.03369787771612977
333.0	0.03219534741895217
334.0	0.031000655046965045
335.0	0.03682285951201093
336.0	0.035594018724178854
337.0	0.038229472935271104
338.0	0.03702654476887436
339.0	0.034448540245615326
340.0	0.03322723219657257
341.0	0.03824795325443439
342.0	0.03448861441597468
343.0	0.03454184577008592
344.0	0.030576812944418958
345.0	0.03512739066530954
346.0	0.03239571827074825
347.0	0.031113344819253316
348.0	0.03310520182818549
349.0	0.032050517961162775
350.0	0.03297091820470115
351.0	0.031491287433443156
352.0	0.03543492728094838
353.0	0.03248169192946385
354.0	0.031057100369626348
355.0	0.033317323752493105
356.0	0.03624203513309548
357.0	0.035874738789727745
358.0	0.03706260147854607
359.0	0.03814430276869331
360.0	0.037866997544728824
361.0	0.031093759698401068
362.0	0.03486334306161422
363.0	0.03729340459505084
364.0	0.03443236996634771
365.0	0.036755366172458614
366.0	0.03384099975312697
367.0	0.03403524397737429
368.0	0.03263977900752242
369.0	0.037926656835940195
370.0	0.031586802561291906
371.0	0.035964930782165325
372.0	0.035295420958570155
373.0	0.03591350728536357
374.0	0.03694147503881361
375.0	0.03599285213394447
376.0	0.03826111043818627
377.0	0.03646520507429386
378.0	0.02616192495825353
379.0	0.013946835737482217
380.0	0.012566034499140087
381.0	
382.0	
383.0	
384.0	
385.0	
386.0	
387.0	
388.0	0.016256072140738
389.0	0.020386825219770137
390.0	0.024428691981088223
391.0	0.03272384437241125
392.0	0.03160950121417693
393.0	0.03530516330073764
394.0	0.03462591113497475
395.0	0.03589683482350977
396.0	0.03577560794726026
397.0	0.03420347514366925
398.0	0.03388147566955499
399.0	0.033760449666339815
400.0	0.03262692313332192
401.0	0.033585690126427446
402.0	0.03360999576358763
403.0	0.03435744432452312
404.0	0.03161181125407237
405.0	0.02726250831363273
406.0	0.03165841379804891
407.0	0.02973625973204744
408.0	0.02930468401767746
409.0	0.02680612477951661
410.0	0.03212152657881678
411.0	0.03156038775727062
412.0	0.02852620057293004
413.0	0.030098333376521052
414.0	0.0296137271810744
415.0	0.03029338109290596
416.0	0.027221329341584413
417.0	0.028955365810887295
418.0	0.034537928745915325
419.0	0.02958942154391399
420.0	0.031963841246826885
421.0	0.03185948770546551
422.0	0.031639732605851525
423.0	0.03030553391148593
424.0	0.031695876618961207
425.0	0.03205242625498931
426.0	0.031623261017032056
427.0	0.0325656568578354
428.0	0.031002362467757245
429.0	0.03219675353019275
430.0	0.03310299222480734
431.0	0.03275718929611862
432.0	0.030473363331712213
433.0	0.034362968332968626
434.0	0.029901176493275044
435.0	0.036837021060934956
436.0	0.033046747775180366
437.0	0.035311792110872105
438.0	0.034438295720861885
439.0	0.032527189671751194
440.0	0.03227700230742852
441.0	0.03729240022987893
442.0	0.03365368564856572
443.0	0.030731585617410406
444.0	0.03097223151259994
445.0	0.03252397570320113
446.0	0.03120132720831274
447.0	0.035744874372999946
448.0	0.03665081175806291
449.0	0.03235805457680162
450.0	0.03063225390190835
451.0	0.034984670374381015
452.0	0.03605241098863879
453.0	0.03310510139166844
454.0	0.03365720092666741
455.0	0.032259325480402806
456.0	0.03477184539445334
457.0	0.032610049798433786
458.0	0.03378847145463602
459.0	0.03286716728244279
460.0	0.035844005215467434
461.0	0.03600510538904173
462.0	0.036288235931003346
463.0	0.03531339909514725
464.0	0.03535879640091755
465.0	0.03701308627557086
466.0	0.03508862216967371
467.0	0.033786362287775144
468.0	0.0356359007518477
469.0	0.03653962853353227
470.0	0.03368391704024031
471.0	0.037971953705193434
472.0	0.03392777690397991
473.0	0.03138201250273928
474.0	0.03448469739180409
475.0	0.03579197909956244
476.0	0.028229008918561685
477.0	0.03576325425564572
478.0	0.0331319179417584
479.0	0.03493535604444036
480.0	0.031178728991944762
481.0	0.03244674002148133
482.0	0.03288233319653872
483.0	0.03248410240587634
484.0	0.03175332630679442
485.0	0.03386811761276854
486.0	0.03426012133936512
487.0	0.03491426437583025
488.0	0.03166966268797449
489.0	0.034264038363535476
490.0	0.029102505308572134
491.0	0.03248942554128752
492.0	0.036942178094433904
493.0	0.031136646091241584
494.0	0.03220026880829444
495.0	0.036393192091467956
496.0	0.03279445124399658
497.0	0.03394414805628209
498.0	0.029117671222667837
499.0	0.03412633989846673
500.0	0.03449554453566077
501.0	0.028339388650954752
502.0	0.03358719667418531
503.0	0.032097020068622265
504.0	0.03277004517031912
505.0	0.03401967631720969
506.0	0.0317049159055084
507.0	0.03189343524827589
508.0	0.033393755942075325
509.0	0.035023740179568455
510.0	0.03005755615054141
511.0	0.03322070382295516
512.0	0.030248787279273007
513.0	0.036654126163130026
514.0	0.03738811623076201
515.0	0.03686444023012815
516.0	0.037117038070863556
517.0	0.030934467382136257
518.0	0.036566244210587885
519.0	0.03726156621910134
520.0	0.03184150956888818
521.0	0.03342418820678425
522.0	0.03448881528900902
523.0	0.03576928044667718
524.0	0.0328339227952527
525.0	0.032161299439624515
526.0	0.0343107413440293
527.0	0.03457850509886064
528.0	0.03332786958679816
529.0	0.03514115046816466
530.0	0.03663423973272639
531.0	0.03452467112564616
532.0	0.03207904193204493
533.0	0.03643979463544449
534.0	0.03613245889283998
535.0	0.03651180761827041
536.0	0.03779026404559498
537.0	0.03364866382270617
538.0	0.03288152970440115
539.0	0.03471610312741233
540.0	0.033206944020100035
541.0	0.03238316370609937
542.0	0.03523857388983995
543.0	0.03390758916402466
544.0	0.03531349953166454
545.0	0.03075167292084861
546.0	0.03315019738788711
547.0	0.028028939376317227
548.0	0.03637561570095953
549.0	0.03348294356934099
550.0	0.033183441875077435
551.0	0.032566761659524594
552.0	0.03020549914036382
553.0	0.031207654708895822
554.0	0.03305237222014316
555.0	0.03215698066938525
556.0	0.032133076778293745
557.0	0.030335664866643235
558.0	0.02984714164702623
559.0	0.03126982491303697
560.0	0.0321363911833611
561.0	0.030638280092939812
562.0	0.030662485293582942
563.0	0.03254315907798471
564.0	0.036874283008812916
565.0	0.03629988656699736
566.0	0.03445607298440465
567.0	0.0335834805230493
568.0	0.0356414247602932
569.0	0.0332379789039122
570.0	0.03341263800730728
571.0	0.03333580407165616
572.0	0.0273255824464285
573.0	0.031742780472489365
574.0	0.035830144976095026
575.0	0.03182815151210173
576.0	0.03275980064556568
577.0	0.030257826565820198
578.0	0.0293316010042847
579.0	0.031160248672781474
580.0	0.0334320222551252
581.0	0.03264982265924152
582.0	0.03275397532756855
583.0	0.03292381347813866
584.0	0.0316740818947308
585.0	0.035601752336002754
586.0	0.03315773012667644
587.0	0.0362983800192395
588.0	0.033163957190742235
589.0	0.03164555792384865
590.0	0.03424445324268323
591.0	0.02761132433783694
592.0	0.029911521454545766
593.0	0.033751711689344245
594.0	0.029851058671196584
595.0	0.030879829916784205
596.0	0.029399696962940255
597.0	0.030590371874239745
598.0	0.03303037662287819
599.0	0.035354377194161235
600.0	0.03303278709929091
601.0	0.03166916050538854
602.0	0.0325768053112437
603.0	0.028643811734560577
604.0	0.03149992497392168
605.0	0.030509721350935312
606.0	0.02896099025584985
607.0	0.031430021157956636
608.0	0.03269411516332285
609.0	0.030421236779290168
610.0	0.035926764905632735
611.0	0.030952144209161737
612.0	
613.0	
614.0	
615.0	
616.0	
617.0	
618.0	0.02125228668840507
619.0	0.024666525653796362
620.0	
621.0	
622.0	
623.0	
624.0	
625.0	
626.0	
627.0	
628.0	0.020917029594021412
629.0	0.023920583640618734
630.0	0.03175844856917125
631.0	0.02968423361614245
632.0	0.027699909345999602
633.0	0.0261918550403765
634.0	0.028102157597349617
635.0	0.029264408974284003
636.0	0.03255480971397873
637.0	0.026723867271937266
638.0	0.02796907921207152
639.0	0.02564728824416663
640.0	0.03113232732100256
641.0	0.02549733652400063
642.0	0.025859611041508575
643.0	0.028564466885979675
644.0	0.028162017761595323
645.0	0.02742180062989754
646.0	0.026798190294658616
647.0	0.028177786294794265
648.0	0.026705587825808546
649.0	0.024722870539940614
650.0	0.027881599005598053
651.0	0.031241300942154812
652.0	0.030969419290118545
653.0	0.026622727699125957
654.0	0.030372926814521195
655.0	0.024931979368732263
656.0	0.03156239648761444
657.0	0.03000532916160208
658.0	0.02762598806934692
659.0	0.027030098212852578
660.0	0.028899020924743044
661.0	0.03068438045433063
662.0	0.031150908076682898
663.0	0.030993524054244388
664.0	0.030919401904557605
665.0	0.028869593025206027
666.0	0.03088605698085
667.0	0.0283919169494457
668.0	0.035929074945528175
669.0	0.028533130692616124
670.0	0.03166443998908037
671.0	0.033723187718461854
672.0	0.03376306101578664
673.0	0.028987706369422755
674.0	0.030942803613062925
675.0	0.034162095298586596
676.0	0.033738353632557797
677.0	0.029214291152205547
678.0	0.031150707203648327
679.0	0.03007694039835932
680.0	0.03119670712852186
681.0	0.031229348996608938
682.0	0.03350905706381066
683.0	0.031069253188206553
684.0	0.030968113615395247
685.0	0.030721843275242692
686.0	0.03389975511568371
687.0	0.03261677904508577
688.0	0.02803104854317833
689.0	0.029667460717771595
690.0	0.03111776402600986
691.0	0.030052132578613187
692.0	0.03163079375582138
693.0	0.034786308252928756
694.0	0.03014031584070671
695.0	0.03063024517156453
696.0	0.029941953719254455
697.0	0.027165486638026114
698.0	0.03161713438948354
699.0	0.03114839716375312
700.0	0.03088525348871266
701.0	0.0272746611322127
702.0	0.034852194608206155
703.0	0.030279721726567888
704.0	0.03310550313773711
705.0	0.035971660028817076
706.0	0.031407322505071375
707.0	0.03001898852794015
708.0	0.032905031849423984
709.0	0.034503077274450095
710.0	0.03237543009427571
711.0	0.037631473911915896
712.0	0.03384813074584762
713.0	0.03439018662912748
714.0	0.03617614877781808
715.0	0.037446972029836045
716.0	0.0332431011662888
717.0	0.03465734776485559
718.0	0.03196072771479387
719.0	0.032987490230037664
720.0	0.03233364850312415
721.0	0.033233157951086986
722.0	0.030767642327081887
723.0	0.03512970070520498
724.0	0.035428800653399636
725.0	0.03144910409622293
726.0	0.037722268523456476
727.0	0.032237631192689686
728.0	0.03320714489313437
729.0	0.03644431427871809
730.0	0.03517961765424887
731.0	0.03665894711595524
732.0	0.03915188190915354
733.0	0.035889603394272065
734.0	0.04067028117604735
735.0	0.03710809922083342
736.0	0.037887787903787315
737.0	0.037099662553389465
738.0	0.03539214132462491
739.0	0.03676731811800449
740.0	0.039921225630836714
741.0	0.03511122038604169
742.0	0.03658603020447471
743.0	0.03783867444688101
744.0	0.03849402272155238
745.0	0.03605863805270459
746.0	0.03352753738297371
747.0	0.033064525038723126
748.0	0.03719678466551313
749.0	0.03670735751724127
750.0	0.03491125128031452
751.0	0.03730294606418399
752.0	0.0337438776410033
753.0	0.03357283425222695
754.0	0.03436537880938135
755.0	0.03699942690923278
756.0	0.03404127016840575
757.0	0.03550201887443203
758.0	0.034335649600292714
759.0	0.03224847833654613
760.0	0.033695467239717274
761.0	0.030939890954064478
762.0	0.035944140423106834
763.0	0.030966807940671717
764.0	0.031586400815223
765.0	0.03248601069970288
766.0	0.031373374962260996
767.0	0.027256883868669937
768.0	0.029207160159485126
769.0	0.030067700238777792
770.0	0.03224044341517085
771.0	0.033741768474142196
772.0	0.036643279019273584
773.0	0.03118696478635438
774.0	0.033755427840480266
775.0	0.03159724795907968
776.0	0.03823499694371661
777.0	0.032984577571039224
778.0	0.03453581957905446
779.0	0.032731176238166244
780.0	0.03306442460220608
781.0	0.03482728635194274
782.0	0.03222648273928139
783.0	0.03910728809552058
784.0	0.032938075463579734
785.0	0.03491546961403649
786.0	0.037250919948279226
787.0	0.0337622575236493
788.0	0.03671740116896036
789.0	0.03529783143498265
790.0	0.0357907738613562
791.0	0.033275843470893164
792.0	0.03228533853835542
793.0	0.029671679051493573
794.0	0.03644963741412926
795.0	0.032512023757655495
796.0	0.030378450822966703
797.0	0.03594494391524441
798.0	0.030501184246974077
799.0	0.0351960892430681
800.0	0.03352572952566446
801.0	0.03197498970023518
802.0	0.02673602009051724
803.0	0.03203093284031053
804.0	0.030220966364011143
805.0	0.031073772831480148
806.0	0.02380287204247091
807.0	0.025976117401450154
808.0	0.03032531990537275
809.0	0.03334675165202988
810.0	0.030640590132835252
811.0	0.03158599906915433
812.0	0.029494308162134143
813.0	0.02824517919782953
814.0	0.02945604184908451
815.0	0.02706424662869752
816.0	0.031603575459662754
817.0	0.03209250042534867
818.0	0.030227996920214512
819.0	0.034870875800403545
820.0	0.03250007181210962
821.0	0.029736661478116114
822.0	0.030341791494191982
823.0	0.03139145353535538
824.0	0.030731987363479076
825.0	0.03274714564439952
826.0	0.029197919999903597
827.0	0.029889927603349697
828.0	0.029749316479282275
829.0	0.029349880450413417
830.0	0.03380745395638526
831.0	0.035818393903583726
832.0	0.035597835311832166
833.0	0.03417364549806356
834.0	0.036096201310133934
835.0	0.03330738053729105
836.0	0.03748061826309503
837.0	0.03587684795658885
838.0	0.03730877138218111
839.0	0.035877751885243475
840.0	0.033907287854473035
841.0	0.03220187579256959
842.0	0.03356620544209225
843.0	0.03763579268215515
844.0	0.03677645784106873
845.0	0.0334153497932714
846.0	0.03230884068337802
847.0	0.03423340522579221
848.0	0.03123236209212467
849.0	0.03331390891090847
850.0	0.03468175383853305
851.0	0.034348204164941595
852.0	0.036061550711703035
853.0	0.03570038099588428
854.0	0.03327684783606508
855.0	0.03374206978369381
856.0	0.03335920578016171
857.0	0.031726108010635794
858.0	0.03068016212060842
859.0	0.029396282121355855
860.0	0.028619706970434734
861.0	0.027913035635478887
862.0	0.02629932211377089
863.0	0.030178783026790917
864.0	0.031289711343440836
865.0	0.02186404551461564
866.0	0.02721911973820602
867.0	0.026792666286213112
868.0	0.02234563861454656
869.0	0.023930225546269165
870.0	0.024499801035259276
871.0	0.024691132600508158
872.0	0.02397220801045506
873.0	0.024477403691925866
874.0	0.028689008167296536
875.0	0.024843394360569832
876.0	0.024756215463647986
877.0	0.020224519807989363
878.0	0.024592303067592292
879.0	0.02416012473411931
880.0	0.024837769915607044
881.0	0.021728054470338865
882.0	0.022624550822785965
883.0	0.025501253548170986
884.0	0.023664771831333264
885.0	0.022395053381004493
886.0	0.018693465539929614
887.0	0.01974091797771462
888.0	0.01823437021984939
889.0	0.02417609414035282
890.0	0.02385138288027422
891.0	0.022934799224388916
892.0	0.02392781506985644
893.0	0.02248062529365119
894.0	0.021925211353584877
895.0	0.02923066230450773
896.0	0.022440048940706114
897.0	0.022901052554612875
898.0	0.02507942017596872
899.0	0.025684650628561873
900.0	0.029903185223618862
901.0	0.02781450741211441
902.0	0.025833597983555962
903.0	0.033487362776097304
904.0	0.03114076398844651
905.0	0.03387203463693889
906.0	0.028377654964004385
907.0	0.031134938670449384
908.0	0.03219122952174725
909.0	0.03511413304504037
910.0	0.03165660594073966
911.0	0.03356309191005947
912.0	0.03549247740529888
913.0	0.03444171056244652
914.0	0.03608455067413992
915.0	0.03314517556202756
916.0	0.03319549425714036
917.0	0.03890300021955415
918.0	0.03344065979560348
919.0	0.03258905856634096
920.0	0.03304704908473199
921.0	0.03705677616054895
922.0	0.031785566428812834
923.0	0.03304383511618192
924.0	0.026920722845631656
925.0	0.02967328603576849
926.0	0.030473363331712213
927.0	0.029132837136763772
928.0	0.03075870347705198
929.0	0.028915090767493604
930.0	0.030391608006718817
931.0	0.031472807114280105
932.0	0.03318424536721501
933.0	0.03190729548764829
934.0	0.03656965905217252
935.0	0.03290473053987236
936.0	0.030513638375105904
937.0	0.03236478382345337
938.0	0.02901713426895977
939.0	0.028569790021390845
940.0	0.027513800479644603
941.0	0.02995049082321569
942.0	0.031212475661720803
943.0	0.02600765446784804
944.0	0.0240014350369575
945.0	0.02459551703614236
946.0	0.02254731514106593
947.0	0.021209098986012934
948.0	0.023780273826102934
949.0	0.0262975142564614
950.0	0.027980328101996868
951.0	0.02285394782805015
952.0	0.02670960528649619
953.0	0.024280949864300145
954.0	0.022874135568005636
955.0	0.024833149835816398
956.0	0.024353565466229295
957.0	0.01982980429542867
958.0	0.019398429454093258
959.0	0.0212965791924864
960.0	0.021254295418748893
961.0	0.021296478755969118
962.0	0.022423175605817976
963.0	0.02249257723919683
964.0	0.018747500386178426
965.0	0.0208383878010608
966.0	0.020411130856930314
967.0	0.02132590665550613
968.0	0.01644288406271329
969.0	0.01617783209384629
970.0	0.022159730621225896
971.0	0.0211742475145477
972.0	0.01767323139830323
973.0	0.019444529815484075
974.0	0.021256002839541092
975.0	0.01645533819084488
976.0	0.017013162607323922
977.0	0.021202671048912804
978.0	0.018644753829091972
979.0	0.021203775850601764
980.0	0.017992418649936323
981.0	0.021014854761765605
982.0	0.016800438063913306
983.0	0.018784059278435863
984.0	0.016789992666125533
985.0	0.017011555623048773
986.0	0.016050679463082373
987.0	0.018306081893123913
988.0	0.016782660800370542
989.0	0.014685245011870516
990.0	0.015353348724225105
991.0	0.014767000336863909
992.0	0.014529267100672823
993.0	0.012311026181992193
994.0	0.011987319287085503
995.0	0.012271454194218791
996.0	0.0102876321066619
997.0	0.006797563570791392
998.0	0.008724237280066457
999.0	0.011178604450663493
1000.0	0.01048910776014717
1001.0	0.009591104859942206
1002.0	0.00739405604638874
1003.0	0.00620207546036572
1004.0	0.011393136851383361
1005.0	0.006865458656412378
1006.0	0.006435791235869167
1007.0	0.01074793266494837
1008.0	0.010705146708624904
1009.0	0.015062283697405495
1010.0	0.014825755699420655
1011.0	0.013524901928762666
1012.0	0.015634068789773994
1013.0	0.016038124898433495
1014.0	0.01515669402356505
1015.0	0.014062639041803505
1016.0	0.014122700079083545
1017.0	0.013309867345456843
1018.0	0.011669638583210273
1019.0	0.013504212006221457
1020.0	0.016814700049354384
1021.0	0.009566598349747692
1022.0	0.009382498213736512
1023.0	0.008223460805352193
1024.0	0.009786654758913067
1025.0	0.00830200216179552
1026.0	0.008017967691179281
1027.0	0.008113081072959128
1028.0	0.0068865503250224915
1029.0	0.006041678342411715
1030.0	0.004867073273862788
1031.0	0.00739275037166521
1032.0	0.007986531061298447
1033.0	0.008821058082638736
1034.0	0.011027447492291013
1035.0	0.001960340029837512
1036.0	0.0077442781818337645
1037.0	0.005157435245062107
1038.0	0.003998498273194838
1039.0	0.0072190956334420376
1040.0	0.008563538852560832
1041.0	0.004375838268281437
1042.0	0.003875363103118793
1043.0	0.005274845533658311
1044.0	0.0059749884949969745
1045.0	0.006404756352057236
1046.0	0.0026680157299655014
1047.0	0.0027173300599063837
1048.0	0.010568151299176452
1049.0	0.0031386612495226942
1050.0	0.0059973858383303835
1051.0	0.011609376672895664
1052.0	0.007065528198656835
1053.0	0.009634392998851627
1054.0	0.010459679860610156
1055.0	0.00817012901472367
1056.0	0.009502519851779776
1057.0	0.005381910860984027
1058.0	0.011502512218604518
1059.0	0.010281907225182059
1060.0	0.0037412803526687874
1061.0	0.0021938549323066233
1062.0	0.0022789246623676008
1063.0	
1064.0	0.002509526905838032
1065.0	
1066.0	0.0014773408186660117
1067.0	0.004061170659922172
1068.0	0.004999147293968973
1069.0	0.006714201261522849
1070.0	0.003229054114994608
1071.0	0.004722042943039055
1072.0	0.00794264030328602
1073.0	0.011508839719187364
1074.0	0.014974903927449311
1075.0	0.015563964100774619
1076.0	0.019466525412748813
1077.0	0.015023113455700999
1078.0	0.01809928310422747
1079.0	0.0230713928877687
1080.0	0.016968367920656636
1081.0	0.015458907503792956
1082.0	0.019253399123269524
1083.0	0.01428741596727681
1084.0	0.018015519048890257
1085.0	0.01814839656113402
1086.0	0.01880002868466914
1087.0	0.02054049309107239
1088.0	0.01896615068410322
1089.0	0.023335942674049974
1090.0	0.02579051071768111
1091.0	0.024152391122295645
1092.0	0.029501037408785895
1093.0	0.028981680178391294
1094.0	0.026931971735557003
1095.0	0.02797400060141379
1096.0	0.027569542746685615
1097.0	0.02829238436090931
1098.0	0.028953457517060525
1099.0	0.029680216155454808
1100.0	0.031053283781973043
1101.0	0.02309780769178998
1102.0	0.028083878151220668
1103.0	0.030451066424895853
1104.0	0.03078371216983245
1105.0	0.03180153583504611
1106.0	0.033063420237034166
1107.0	0.03739353980269047
1108.0	0.03407602120335394
1109.0	0.034081143465730775
1110.0	0.03829525885403122
1111.0	0.038501455023824425
1112.0	0.039370733080112665
1113.0	0.03852093970815962
1114.0	0.04093794449436141
1115.0	0.03931006942372938
1116.0	0.04039900214311433
1117.0	0.042338129980521215
1118.0	0.039590588616243934
1119.0	0.04321915910932076
1120.0	0.038832795094037725
1121.0	0.035620634401234474
1122.0	0.03831916274512273
1123.0	0.03743642619553099
1124.0	0.03856121475155308
1125.0	0.04196420482701902
1126.0	0.03802528549582196
1127.0	0.035403791960619165
1128.0	0.03796673100629955
1129.0	0.03542659105002148
1130.0	0.03918030544351864
1131.0	0.04029314205399509
1132.0	0.039943422101135787
1133.0	0.037124872119204504
1134.0	0.03791530750949779
1135.0	0.043620402995498866
1136.0	0.037925552034251235
1137.0	0.0388778910902564
1138.0	0.03999022551814689
1139.0	0.03774044753306814
1140.0	0.03240003704098751
1141.0	0.03393109130904726
1142.0	0.03228784945128519
1143.0	0.039820186494542456
1144.0	0.038809996004635174
1145.0	0.03287741180719646
1146.0	0.033695467239717274
1147.0	0.037534753545860895
1148.0	0.040388958491395226
1149.0	0.033534065756591125
1150.0	0.03613537155183843
1151.0	0.0342799073332517
1152.0	0.033267105493897595
1153.0	0.03354119674931178
1154.0	0.03607460745893787
1155.0	0.03175724333096501
1156.0	0.03168402510993262
1157.0	0.02885071095997407
1158.0	0.031616130024311635
1159.0	0.030455184322100544
1160.0	0.02752776115553406
1161.0	0.030525088138065586
1162.0	0.03442092020338779
1163.0	0.02824959840458584
1164.0	0.030616987551295365
1165.0	0.028413711673676102
1166.0	0.03061417532881397
1167.0	0.031053685528041948
1168.0	0.030746651094989058
1169.0	0.027918860953476014
1170.0	0.027514302662230556
1171.0	0.02852419184258622
1172.0	0.028227803680355438
1173.0	0.02652922130162103
1174.0	0.027093373218682916
1175.0	0.024705896768535428
1176.0	0.027577577668060897
1177.0	0.027576774175923323
1178.0	0.02663146567612153
1179.0	0.0237884091839955
1180.0	0.025159568516687197
1181.0	0.027466695753081874
1182.0	0.02543878203447822
1183.0	0.02809482573159463
1184.0	0.03279173945803247
1185.0	0.02373296822650587
1186.0	0.026654566075075464
1187.0	0.03008226353377049
1188.0	0.03277898402034926
1189.0	0.025724122179817756
1190.0	0.02839693877530525
1191.0	0.029008697601515584
1192.0	0.026064802846129866
1193.0	0.027549154133695793
1194.0	0.030274298154639667
1195.0	0.027912433016375648
1196.0	0.031011401754304436
1197.0	0.026744155448409804
1198.0	0.031024960684125222
1199.0	0.026722159851145063
1200.0	0.02982323775593472
1201.0	0.028684187214471555
1202.0	0.028962095057539047
1203.0	0.029876569546563245
1204.0	0.026273007746266654
1205.0	0.03038236784713706
1206.0	0.026190951111721643
1207.0	0.02924060551970978
1208.0	0.02664090670873739
1209.0	0.0296233690867246
1210.0	0.02399008571051487
1211.0	0.02637344426345767
1212.0	0.0322011727369493
1213.0	0.025802563099744033
1214.0	0.026399959503996238
1215.0	0.02599379422847563
1216.0	0.02797460322051703
1217.0	0.025826969173421494
1218.0	0.027417984042244232
1219.0	0.03164405137609078
1220.0	0.02722293632585933
1221.0	0.028869191279137358
1222.0	0.028565069505082915
1223.0	0.02677077112546542
1224.0	0.0257156855123738
1225.0	0.029952599990076795
1226.0	0.026780513467632903
1227.0	0.029177832696465397
1228.0	0.0253362363504261
1229.0	0.02971717679378115
1230.0	0.02789304876855774
1231.0	0.028539458193199207
1232.0	0.028207314630848565
1233.0	0.025287223330036836
1234.0	0.02923036099495611
1235.0	0.030995131038519537
1236.0	0.030257525256268812
1237.0	0.02392671026816748
1238.0	0.026683391355509237
1239.0	0.028741737338821818
1240.0	0.03149349703682131
1241.0	0.03053061214651109
1242.0	0.0325075041143819
1243.0	0.02859088169000096
1244.0	0.029601172616425527
1245.0	0.0312704275321402
1246.0	0.02447529452506476
1247.0	0.02795411417100992
1248.0	0.031478833305311565
1249.0	0.03139235746401001
1250.0	0.0345068938621034
1251.0	0.031541204382487045
1252.0	0.03300366050930551
1253.0	0.029004378831276323
1254.0	0.03329191331364373
1255.0	0.03293456018547805
1256.0	0.033799318598492695
1257.0	0.035457726370350696
1258.0	0.030823585467157237
1259.0	0.030852712057142632
1260.0	0.03055391341849936
1261.0	0.033761353594994443
1262.0	0.03011329841758242
1263.0	0.03476109868711395
1264.0	0.03359844556411066
1265.0	0.033219498584748916
1266.0	0.03315351179295446
1267.0	0.03089579932301772
1268.0	0.03702845306270113
1269.0	0.03210244364055048
1270.0	0.03467703332222488
1271.0	0.033467978528279624
1272.0	0.03455028243752987
1273.0	0.03299532427837861
1274.0	0.033945152421454
1275.0	0.033248122992148355
1276.0	0.03309124115229603
1277.0	0.03376828371468076
1278.0	0.030105062623172803
1279.0	0.030401852531472255
1280.0	0.03553456030600182
1281.0	0.03080701344182072
1282.0	0.034053824733054634
1283.0	0.03505527724596634
1284.0	0.03723605534373491
1285.0	0.03507215058085448
1286.0	0.03500124239971753
1287.0	0.03704361897679683
1288.0	0.03513351729285805
1289.0	0.03691968031458321
1290.0	0.034893976199357475
1291.0	0.035273425361305184
1292.0	0.03543181374891537
1293.0	0.03517570063007828
1294.0	0.03416360184634446
1295.0	0.036518235555370766
1296.0	0.038594358802226114
1297.0	0.03475467075001359
1298.0	0.03239119862747465
1299.0	0.03578424548773878
1300.0	0.031536584302696395
1301.0	0.03218389765599249
1302.0	0.03519629011610244
1303.0	0.03436437444420944
1304.0	0.038769620524724435
1305.0	0.03607832361007412
1306.0	0.036526772659332005
1307.0	0.03475728209946065
1308.0	0.03852164276377991
1309.0	0.0381332547518023
1310.0	0.03582010132437593
1311.0	0.04053147790928918
1312.0	0.039151781472636246
1313.0	0.03993408150503721
1314.0	0.03955051444588458
1315.0	0.038401721562253695
1316.0	0.037687818798060144
1317.0	0.035432014621949934
1318.0	0.038378219417231095
1319.0	0.037873023735760285
1320.0	0.034811919564812464
1321.0	0.039667824297963734
1322.0	0.03748985842267656
1323.0	0.03813204951359582
1324.0	0.04015795450185589
1325.0	0.03838304037005631
1326.0	0.03790204988922839
1327.0	0.040182461012050405
1328.0	0.03965888544793383
1329.0	0.03747519469116658
1330.0	0.040055810563872675
1331.0	0.039791059904557065
1332.0	0.042141877025930065
1333.0	0.04217371540187957
1334.0	0.040391469404325
1335.0	0.042349981489549805
1336.0	0.04266545259004688
1337.0	0.03971302073069969
1338.0	0.041696441072187916
1339.0	0.04247070618321336
1340.0	0.04121555102787729
1341.0	0.04546984102305437
1342.0	0.0433729274171403
1343.0	0.04049381421534255
1344.0	0.04165305249676144
1345.0	0.045504692494519605
1346.0	0.040105526639882226
1347.0	0.04284232129682012
1348.0	0.044812684891073505
1349.0	0.043605337517920215
1350.0	0.043330944952954406
1351.0	0.046051268021073066
1352.0	0.04357480481669424
1353.0	0.04211013908649761
1354.0	0.04499427411415491
1355.0	0.04743427886279335
1356.0	0.04401200497602678
1357.0	0.045614770917361054
1358.0	0.04123845055379688
1359.0	0.04260117321904463
1360.0	0.04508988967852071
1361.0	0.0431521679523544
1362.0	0.04162251979553523
1363.0	0.040023670878371546
1364.0	0.04395736751067472
1365.0	0.04175288639484922
1366.0	0.04384919738166005
1367.0	0.04383835023780337
1368.0	0.04342706269990616
1369.0	0.04166600880747899
1370.0	0.039039694319451215
1371.0	0.04101518017608121
1372.0	0.044649977733224065
1373.0	0.04628880038422982
1374.0	0.042279977237067716
1375.0	0.04584266137486737
1376.0	0.044964444468549226
1377.0	0.04323904553972463
1378.0	0.046262084270657144
1379.0	0.04513418218260204
1380.0	0.04539873196888308
1381.0	0.044848741600744986
1382.0	0.04920738513728368
1383.0	0.04485898612549866
1384.0	0.04566940838271287
1385.0	0.04716068978996511
1386.0	0.0447971172309089
1387.0	0.04729658039772461
1388.0	0.04816696325570181
1389.0	0.050223702254739475
1390.0	0.04985741027654388
1391.0	0.045133378690464465
1392.0	0.04838802403003933
1393.0	0.05027171090995682
1394.0	0.05244586019759069
1395.0	0.048647351117426484
1396.0	0.0461520058478157
1397.0	0.04502822165696552
1398.0	0.048347045931025345
1399.0	0.046332389832690855
1400.0	0.04952978635746684
1401.0	0.051229373101373155
1402.0	0.049364568286687616
1403.0	0.05092263997787166
1404.0	0.046733031099765725
1405.0	0.04640209277562133
1406.0	0.051458770106637346
1407.0	0.05199660765619523
1408.0	0.050473588309510764
1409.0	0.0511976351619407
1410.0	0.04912532850273843
1411.0	0.0517593766025901
1412.0	0.052107991753760206
1413.0	0.046958912826928226
1414.0	0.04982617451969738
1415.0	0.05118136444615581
1416.0	0.05072960099183057
1417.0	0.05216222747304336
1418.0	0.04879961287748816
1419.0	0.05390038183955093
1420.0	0.05073271452386358
1421.0	0.05062705530777868
1422.0	0.04931244173426534
1423.0	0.050685007178197856
1424.0	0.052852929401765926
1425.0	0.052061690519335055
1426.0	0.05279648407910462
1427.0	0.0516817391748014
1428.0	0.05372281007715717
1429.0	0.05489189113726059
1430.0	0.053827565364587444
1431.0	0.05409573086548746
1432.0	0.05237264197655853
1433.0	0.04969992581758832
1434.0	0.05152415427932879
1435.0	0.054927445664346354
1436.0	0.05347593711790184
1437.0	0.05269253228381192
1438.0	0.05503400880908588
1439.0	0.05421504944791043
1440.0	0.05440688319574527
1441.0	0.05474163810754297
1442.0	0.052598523703721034
1443.0	0.0524898513921204
1444.0	0.05416704079269308
1445.0	0.05629840412400371
1446.0	0.05662110665373849
1447.0	0.05328460555265296
1448.0	0.05564496414315887
1449.0	0.050336291590510694
1450.0	0.052923636709868306
1451.0	0.054927646537380685
1452.0	0.05541044487551785
1453.0	0.052563873105290135
1454.0	0.05575504256600032
1455.0	0.05424337254575825
1456.0	0.05373827730080473
1457.0	0.05329766229988779
1458.0	0.05579481542680782
1459.0	0.05471924076420933
1460.0	0.05584423019326599
1461.0	0.04806903765144057
1462.0	0.056663792173544676
1463.0	0.05146469586115175
1464.0	0.05130711096567891
1465.0	0.05232332764661765
1466.0	0.053606805899801546
1467.0	0.051963664478556534
1468.0	0.05171920199571369
1469.0	0.04882271327644209
1470.0	0.051093683366648004
1471.0	0.0542633594126794
1472.0	0.05303913870463797
1473.0	0.05288768043671387
1474.0	0.05382897147582826
1475.0	0.052773383680150686
1476.0	0.05144732034367766
1477.0	0.054348730452291764
1478.0	0.054020704787145817
1479.0	0.05406961737101779
1480.0	0.055420388090719905
1481.0	0.053661342928636314
1482.0	0.05854798123604813
1483.0	0.055960435243655945
1484.0	0.057686537228100604
1485.0	0.0534614742594262
1486.0	0.05343174505033779
1487.0	0.05323468860360883
1488.0	0.05619897197198461
1489.0	0.053929809739087946
1490.0	0.054464031574026864
1491.0	0.05393161759639743
1492.0	0.05560057120256049
1493.0	0.053174426693294224
1494.0	0.050751496152578256
1495.0	0.05386332076470754
1496.0	0.0530997019245042
1497.0	0.053324981032563695
1498.0	0.0542383507198987
1499.0	0.054253215324443015
1500.0	0.053547849664210466
1501.0	0.05111467459874106
1502.0	0.05361815522624418
1503.0	0.05465476052017274
1504.0	0.05431066501227623
1505.0	0.052304746890937316
1506.0	0.05414534650497996
1507.0	0.052785134752661986
1508.0	0.053640753442612155
1509.0	0.050926958748110915
1510.0	0.05335380631299747
1511.0	0.05485884752310484
1512.0	0.0554449950374317
1513.0	0.052452890753794064
1514.0	0.05224910506041359
1515.0	0.051944983286359145
1516.0	0.05503692146808456
1517.0	0.05313616038024459
1518.0	0.05301141822589339
1519.0	0.05287793809454639
1520.0	0.05210969917455241
1521.0	0.054028739708521095
1522.0	0.05501663329161202
1523.0	0.05325487634356432
1524.0	0.05447246824147105
1525.0	0.05191987415706139
1526.0	0.05294563230713328
1527.0	0.05459048114917049
1528.0	0.055304685222915664
1529.0	0.05141929855538123
1530.0	0.049198848033322445
1531.0	0.05089331251485193
1532.0	0.05532889042355879
1533.0	0.05223434089238632
1534.0	0.0534898977937913
1535.0	0.05095950017968095
1536.0	0.053029095052918876
1537.0	0.05212928429540466
1538.0	0.04688499155027578
1539.0	0.05333773647024691
1540.0	0.050925351763836
1541.0	0.05030475452411257
1542.0	0.0486985737411939
1543.0	0.0520812756401873
1544.0	0.052228616010906476
1545.0	0.05328882388637493
1546.0	0.050539273791753596
1547.0	0.049985065089893525
1548.0	0.04919523231870347
1549.0	0.04996537953252422
1550.0	0.05057131304073767
1551.0	0.05132840350732336
1552.0	0.050714033331665964
1553.0	0.050831041874193496
1554.0	0.05021908217494859
1555.0	0.04995603893642542
1556.0	0.053159963834818816
1557.0	0.04895970868589054
1558.0	0.05264633148590405
1559.0	0.052228214264837806
1560.0	0.05525215692442495
1561.0	0.0500818858924658
1562.0	0.055632108268958376
1563.0	0.05097195430781254
1564.0	0.055955312981279114
1565.0	0.04934197007031964
1566.0	0.05586100309163684
1567.0	0.0524451571419704
1568.0	0.05499634511513925
1569.0	0.053973499624066036
1570.0	0.05183480442700065
1571.0	0.05159225023798435
1572.0	0.05472868179682519
1573.0	0.054343407316880595
1574.0	0.05333110766011221
1575.0	0.0530002697724851
1576.0	0.05313997696789789
1577.0	0.05462010992174184
1578.0	0.05218442394334243
1579.0	0.04898763003766969
1580.0	0.051375909979954754
1581.0	0.046982013225882156
1582.0	0.05062906403812251
1583.0	0.050681491900096166
1584.0	0.05330087626843785
1585.0	0.05117604131074464
1586.0	0.05120506746421298
1587.0	0.053934429818878825
1588.0	0.05115384484044556
1589.0	0.05552152766353121
1590.0	0.05383349111910186
1591.0	0.05532306510556167
1592.0	0.05100831232703564
1593.0	0.05347975370555491
1594.0	0.052928758972245145
1595.0	0.050022327037771486
1596.0	0.05633506345277844
1597.0	0.05344339568633181
1598.0	0.05330087626843785
1599.0	0.052418240155363165
1600.0	0.05319581967145596
1601.0	0.05269253228381192
1602.0	0.05436851644617835
1603.0	0.05253213516585768
1604.0	0.05010257581500702
1605.0	0.05135210652538053
1606.0	0.051111460630190765
1607.0	0.05288647519850763
1608.0	0.05523267224008976
1609.0	0.054892092010295164
1610.0	0.05035236143326126
1611.0	0.05023565420028511
1612.0	0.055446501585189566
1613.0	0.05155619352831263
1614.0	0.05189677375810746
1615.0	0.05024871094751994
1616.0	0.05281847967636936
1617.0	0.04989326611318103
1618.0	0.048358596130502314
1619.0	0.05567228287583478
1620.0	0.05915220732346914
1621.0	0.0524742837319558
1622.0	0.05310793771891382
1623.0	0.05452800963547773
1624.0	0.054934877966618396
1625.0	0.052613388308265355
1626.0	0.05584935245564259
1627.0	0.05588902487993304
1628.0	0.058599103423298264
1629.0	0.05294633536275357
1630.0	0.05564687243698564
1631.0	0.05405425058388752
1632.0	0.05354754835465885
1633.0	0.056033954774239725
1634.0	0.054180599722513864
1635.0	0.05249075532077503
1636.0	0.057124293604865484
1637.0	0.0541891368264751
1638.0	0.049961964690939595
1639.0	0.053053099380527664
1640.0	0.050487247675848605
1641.0	0.05290073718394871
1642.0	0.05489540641536228
1643.0	0.05357878411150535
1644.0	0.05672294928217009
1645.0	0.050330767582065186
1646.0	0.05146228538473903
1647.0	0.053829975841000174
1648.0	0.05366686693708182
1649.0	0.053343260478692416
1650.0	0.05112039948022091
1651.0	0.05069776261588107
1652.0	0.05187979998670204
1653.0	0.05011904740382648
1654.0	0.053527762360772266
1655.0	0.051291844615065925
1656.0	0.05250582079835368
1657.0	0.051905009552517076
1658.0	0.05344530398015858
1659.0	0.050612291139751416
1660.0	0.052122153302684
1661.0	0.05114018547410749
1662.0	0.0510573253474249
1663.0	0.055393772413664284
1664.0	0.0526208206105374
1665.0	0.053043357038359946
1666.0	0.052736523478341395
1667.0	0.05261931406277953
1668.0	0.054569690790112
1669.0	0.05158301007840258
1670.0	0.056509521683139184
1671.0	0.05648652172070253
1672.0	0.05238338868389793
1673.0	0.058055340119226195
1674.0	0.05484267724383699
1675.0	0.05089542168171303
1676.0	0.05284057571015138
1677.0	0.0550180394028526
1678.0	0.05050381970118512
1679.0	0.05886485844778578
1680.0	0.05301292477365126
1681.0	0.05591021698506044
1682.0	0.0509914389921475
1683.0	0.05162137682796974
1684.0	0.049890052144630964
1685.0	0.05495576876219417
1686.0	0.054487433282532416
1687.0	0.048766669699849455
1688.0	0.048670752825932036
1689.0	0.05460253353123341
1690.0	0.05126874421611199
1691.0	0.054743144655300835
1692.0	0.05342360969244523
1693.0	0.05493859411775441
1694.0	0.05035045313943449
1695.0	0.05120145174959401
1696.0	0.05461930642960427
1697.0	0.05488797411309024
1698.0	0.05163614099599677
1699.0	0.05241623142501934
1700.0	0.051216015044586706
1701.0	0.05262523981729394
1702.0	0.051434464469477165
1703.0	0.049869964841192764
1704.0	0.049617266563940075
1705.0	0.05734776485561549
1706.0	0.0535245483922222
1707.0	0.053167295700573804
1708.0	0.05588058821248909
1709.0	0.052395340629443565
1710.0	0.05134628120738341
1711.0	0.05196416666114249
1712.0	0.055444392418328464
1713.0	0.05748646768585614
1714.0	0.053223540150200775
1715.0	0.05307599890644703
1716.0	0.0540321545501055
1717.0	0.0506896272579885
1718.0	0.053583303754778946
1719.0	0.052325336376961476
1720.0	0.052709807364768727
1721.0	0.04924113180705972
1722.0	0.05110061348633432
1723.0	0.05410165662000187
1724.0	0.05480451136730441
1725.0	0.049061953060391045
1726.0	0.05154655162266243
1727.0	0.0532691383290054
1728.0	0.05325879336773468
1729.0	0.05224117057555536
1730.0	0.052804318127445335
1731.0	0.05274114355813228
1732.0	0.05189878248845128
1733.0	0.05048132192133443
1734.0	0.05237354590521316
1735.0	0.05456687856763061
1736.0	0.049365472215342245
1737.0	0.05441290938677673
1738.0	0.05277509110094289
1739.0	0.05230253728755916
1740.0	0.049683152919217474
1741.0	0.052506523853973974
1742.0	0.04912814072521983
1743.0	0.054519874277585166
1744.0	0.051648092941542406
1745.0	0.05001640128325731
1746.0	0.048185845320933764
1747.0	0.05231890843986134
1748.0	0.04944672535774968
1749.0	0.053190396099527734
1750.0	0.05300659727306818
1751.0	0.051957136104939114
1752.0	0.05049638739891308
1753.0	0.049061250004770754
1754.0	0.0460647265143768
1755.0	0.05408337717387292
1756.0	0.05119432075687335
1757.0	0.05394909355038858
1758.0	0.05205204861368463
1759.0	0.05114259595051998
1760.0	0.05204863377210023
1761.0	0.04857423333291137
1762.0	0.04680614888428083
1763.0	0.05124263072164233
1764.0	0.05132478779270462
1765.0	0.05287151015744626
1766.0	0.053253068486254836
1767.0	0.05256909580418402
1768.0	0.05248643655053577
1769.0	0.048543098012582164
1770.0	0.04984043650513846
1771.0	0.05410195792955325
1772.0	0.049528480682743306
1773.0	0.05070700277546259
1774.0	0.04904718889236401
1775.0	0.05538443181756547
1776.0	0.04934508360235242
1777.0	0.047015759895658434
1778.0	0.05101494113717034
1779.0	0.05306937009631257
1780.0	0.05340342195248974
1781.0	0.05075912932788487
1782.0	0.04877139021615739
1783.0	0.0557335491513213
1784.0	0.05096482331509188
1785.0	0.05094794998020398
1786.0	0.048593014961626046
1787.0	0.0513032943780256
1788.0	0.05132157382415456
1789.0	0.04448516140851351
1790.0	0.049646192280891135
1791.0	0.05085474489225067
1792.0	0.053068164858106316
1793.0	0.05160420218352998
1794.0	0.052488043534810916
1795.0	0.04836130791646642
1796.0	0.04959406572846909
1797.0	0.05090124699971016
1798.0	0.050232038485666375
1799.0	0.05106977947555649
1800.0	0.051029604868680085
1801.0	0.05211271227006814
1802.0	0.05410607582675818
1803.0	0.05162760389203554
1804.0	0.04725389487791842
1805.0	0.05318547471018524
1806.0	0.04924514926774736
1807.0	0.05021335729346875
1808.0	0.05271804315917834
1809.0	0.05178378267626756
1810.0	0.052748374987369985
1811.0	0.04884008879391595
1812.0	0.05136606720126999
1813.0	0.05034844440909066
1814.0	0.05028647507798386
1815.0	0.05189044625752438
1816.0	0.05252630984786079
1817.0	0.04994679877684389
1818.0	0.0485834734924929
1819.0	0.053570447880578444
1820.0	0.05563863664257579
1821.0	0.0529175100823198
1822.0	0.05324523443791389
1823.0	0.05406278768784876
1824.0	0.048128797379169225
1825.0	0.05435425446073727
1826.0	0.05295818687178216
1827.0	0.0539369407318086
1828.0	0.05271975057997055
1829.0	0.0509668320454357
1830.0	0.05175666481662599
1831.0	0.05325989816942387
1832.0	0.0553573139579239
1833.0	0.05240448035250804
1834.0	0.05618380605788867
1835.0	0.05355216843444973
1836.0	0.048355382161952246
1837.0	0.05337429536250435
1838.0	0.05134547771524583
1839.0	0.05453343320740595
1840.0	0.05243410912507939
1841.0	0.05207032805981358
1842.0	0.05178910581167873
1843.0	0.05189998772665752
1844.0	0.0520490355181689
1845.0	0.049610035134702364
1846.0	0.052388812255826145
1847.0	0.053275566266105766
1848.0	0.056733796426026765
1849.0	0.053291234362787425
1850.0	0.05164447722692367
1851.0	0.057575354003570195
1852.0	0.051034727131056924
1853.0	0.04861169615382367
1854.0	0.052113917508274384
1855.0	0.0530588242620075
1856.0	0.05613840875211838
1857.0	0.05182044200504229
1858.0	0.051592149801467056
1859.0	0.05185197907144017
1860.0	0.05273561954968677
1861.0	0.050669841264101914
1862.0	0.055131633103795735
1863.0	0.05181592236176869
1864.0	0.054099246143589144
1865.0	0.05038982425417332
1866.0	0.05320184586248742
1867.0	0.05002775060969971
1868.0	0.0530483788642195
1869.0	0.051476547370180106
1870.0	0.05480893057406095
1871.0	0.053372889251263766
1872.0	0.05692924588848034
1873.0	0.052389314438412105
1874.0	0.05546237055490556
1875.0	0.05404611522599519
1876.0	0.05499011805107345
1877.0	0.05084419905794561
1878.0	0.053585513358157096
1879.0	0.05471321457317787
1880.0	0.051963463605522196
1881.0	0.05028115194257268
1882.0	0.052479506430849684
1883.0	0.051804673471843345
1884.0	0.05633988440560365
1885.0	0.056073024579426936
1886.0	0.05244073793521386
1887.0	0.053778150598129515
1888.0	0.053972595695411414
1889.0	0.04999812183712836
1890.0	0.05392398442109082
1891.0	0.052781920784111924
1892.0	0.05158602317391831
1893.0	0.05076857036050073
1894.0	0.05134166112759276
1895.0	0.051442800700404065
1896.0	0.05144531161333384
1897.0	0.055123497745903166
1898.0	0.05182425859269559
1899.0	0.053760775080655424
1900.0	0.055387545349598256
1901.0	0.05620439554391283
1902.0	0.050971351688709296
1903.0	0.05437614962148472
1904.0	0.053078509819376805
1905.0	0.04893500130266146
1906.0	0.052454999920655165
1907.0	0.05301402957534022
1908.0	0.054451376572860935
1909.0	0.04913657739266401
1910.0	0.049945794411671976
1911.0	0.04965041061461311
1912.0	0.04957638890144338
1913.0	0.05194076495263717
1914.0	0.053706941107441175
1915.0	0.049140996599420325
1916.0	0.050698365234984305
1917.0	0.050474090492096724
1918.0	0.050620627370678316
1919.0	0.050963517640368584
1920.0	0.053313631706121065
1921.0	0.04760170653695073
1922.0	0.05410004963572672
1923.0	0.04897698376684735
1924.0	0.04983129678207422
1925.0	0.05249788631349568
1926.0	0.05240307424126722
1927.0	0.05262694723808614
1928.0	0.051656228299434975
1929.0	0.05354212478273063
1930.0	0.047302506152238785
1931.0	0.05283264122529339
1932.0	0.052061991828886676
1933.0	0.04843392351839557
1934.0	0.04731777250285177
1935.0	0.049017760992826995
1936.0	0.04657484358518987
1937.0	0.048527429915900505
1938.0	0.04814948730171067
1939.0	0.04940263372670292
1940.0	0.05233929705285093
1941.0	0.04860506734368897
1942.0	0.04943467297568676
1943.0	0.0496068211661523
1944.0	0.05195050729480465
1945.0	0.04798617752475798
1946.0	0.048997673689388795
1947.0	0.051758171364383855
1948.0	0.05100098046128065
1949.0	0.05121722028279295
1950.0	0.04900400118997187
1951.0	0.05424970004634133
1952.0	0.049746930107633765
1953.0	0.05236199570573619
1954.0	0.05130369612409451
1955.0	0.05098099359435973
1956.0	0.05080060960948457
1957.0	0.05088738676033775
1958.0	0.050532544545101844
1959.0	0.051443704629058694
1960.0	0.049772139673448575
1961.0	0.045482696897254864
1962.0	0.04966196081409008
1963.0	0.05028828293529334
1964.0	0.05344078433688498
1965.0	0.04624922839645665
1966.0	0.05006220033509627
1967.0	0.049636952121309606
1968.0	0.05176580453969023
1969.0	0.05084691084390972
1970.0	0.05140091867273546
1971.0	0.05237846729455543
1972.0	0.052473681112852555
1973.0	0.047872382950780515
1974.0	0.04910684818357538
1975.0	0.047225772653104944
1976.0	0.05021104725357331
1977.0	0.049825772773628714
1978.0	0.0475068944647225
1979.0	0.048620534567336525
1980.0	0.048115841068451674
1981.0	0.0506415181662541
1982.0	0.05036802952994292
1983.0	0.048329971723102876
1984.0	0.049716196533373225
1985.0	0.04470551912723074
1986.0	0.044112441493217795
1987.0	0.04897879162415683
1988.0	0.05079629083924554
1989.0	0.047780383101033684
1990.0	0.05303803390294901
1991.0	0.04877470462122473
1992.0	0.05326783265428187
1993.0	0.0469926594967045
1994.0	0.048550530314854436
1995.0	0.048959507812856205
1996.0	0.05132167426067161
1997.0	0.050972556926915775
1998.0	0.05297465846060139
1999.0	0.048134522260649064
2000.0	0.04721864166038429
2001.0	0.0466825115316186
2002.0	0.04885545558104622
2003.0	0.04813000261737547
2004.0	0.04778209052182588
2005.0	0.04794700728305348
2006.0	0.045215636198043814
2007.0	0.04981251515335955
2008.0	0.0465740400930523
2009.0	0.04727699527687236
2010.0	0.046056591156484236
2011.0	0.04899285273656358
2012.0	0.049644283987064594
2013.0	0.04821356579967858
2014.0	0.04762470649938761
2015.0	0.045766831804388154
2016.0	0.04872840338679958
2017.0	0.04457736213129491
2018.0	0.04775135694756534
2019.0	0.04869787068557361
2020.0	0.04568839088446188
2021.0	0.04846365272748421
2022.0	0.045456784275819534
2023.0	0.04516180222482957
2024.0	0.049499755838826584
2025.0	0.04548329951635787
2026.0	0.04987458492098341
2027.0	0.04680775586855575
2028.0	0.045449151100512925
2029.0	0.0463782893210471
2030.0	0.047416702472284925
2031.0	0.04817630385180062
2032.0	0.05001981612484171
2033.0	0.046658105457941135
2034.0	0.04057386211954398
2035.0	0.048104993924594996
2036.0	0.04573760477788548
2037.0	0.04521041349914993
2038.0	0.04157611812459303
2039.0	0.04196741879556932
2040.0	0.046106005922942166
2041.0	0.043355953645735114
2042.0	0.044778436038711275
2043.0	0.04281048292087061
2044.0	0.04475011294086346
2045.0	0.04324035121444816
2046.0	0.044907496963301735
2047.0	0.044922763313914954
2048.0	0.045364985299106805
2049.0	0.048974472853917574
2050.0	0.0455271902743703
2051.0	0.04584236006531575
2052.0	0.04695730584265331
2053.0	0.042469099198938445
2054.0	0.04502450550582927
2055.0	0.045904429832939846
2056.0	0.04633901864282532
2057.0	0.042018239673267836
2058.0	0.044400493424521674
2059.0	0.04428659841402692
2060.0	0.046093953540879244
2061.0	0.04357580918186615
2062.0	0.04527860989432254
2063.0	0.046423485753783064
2064.0	0.047653933525890056
2065.0	0.04360694450219536
2066.0	0.044258777498765056
2067.0	0.042859797250811495
2068.0	0.051479058283109884
2069.0	0.045463613958988576
2070.0	0.049003699880420255
2071.0	0.04363325886969936
2072.0	0.04873904965762193
2073.0	0.04696363334323639
2074.0	0.04733796024280726
2075.0	0.04835387561419438
2076.0	0.05047439180164834
2077.0	0.047401235248637597
2078.0	0.049318970107882755
2079.0	0.04698763767084495
2080.0	0.053655818920190806
2081.0	0.0491323590589418
2082.0	0.05107600653962252
2083.0	0.048132915276374144
2084.0	0.05112642567125237
2085.0	0.04863369175108841
2086.0	0.05067797662199448
2087.0	0.04694013119821355
2088.0	0.05189215367831657
2089.0	0.04704207426316243
2090.0	0.049454057223504676
2091.0	0.05039123036541413
2092.0	0.05121932944965406
2093.0	0.04929436316117096
2094.0	0.05314369311903391
2095.0	0.04875552124644116
2096.0	0.05171729370188716
2097.0	0.05049769307363661
2098.0	0.05038470199179672
2099.0	0.05803043186296278
2100.0	0.0494661096055676
2101.0	0.04728713936510851
2102.0	0.05197983475782438
2103.0	0.05388069628218163
2104.0	0.05042959711498105
2105.0	0.0485270281698316
2106.0	0.05048142235785171
2107.0	0.053526155376497346
2108.0	0.052872715395652504
2109.0	0.051484180545486716
2110.0	0.04986614825353946
2111.0	0.05241944539356941
2112.0	0.05462392650939515
2113.0	0.05178860362909278
2114.0	0.05334747881241439
2115.0	0.050869408623760416
2116.0	0.05586863626694322
2117.0	0.04756886379582931
2118.0	0.051060438879457916
2119.0	0.051824760775281545
2120.0	0.055840915788198636
2121.0	0.05535942312478477
2122.0	0.05062313828360809
2123.0	0.05121380544120855
2124.0	0.053779958455439
2125.0	0.051075002174450615
2126.0	0.05689871318725437
2127.0	0.05166406234777592
2128.0	0.04833730358885786
2129.0	0.05037787230862768
2130.0	0.05247056758081978
2131.0	0.057052381058556624
2132.0	0.04989708270083434
2133.0	0.051607114842528425
2134.0	0.05537107376077902
2135.0	0.05418803202478614
2136.0	0.052640204858355306
2137.0	0.051557298330001826
2138.0	0.056401753300193175
2139.0	0.051340556325903564
2140.0	0.05190048990924348
2141.0	0.0524188427744664
2142.0	0.05212406159651077
2143.0	0.05070429098949848
2144.0	0.05755566844620089
2145.0	0.05108153054806803
2146.0	0.05095578402854469
2147.0	0.0536340241959604
2148.0	0.04866784016693335
2149.0	0.05184444633265085
2150.0	0.04948418817866198
2151.0	0.05165281345785034
2152.0	0.0556441606510213
2153.0	0.049418000513833195
2154.0	0.05174963426042262
2155.0	0.052071231988468206
2156.0	0.05180266474149952
2157.0	0.05002212616473715
2158.0	0.050527020536656336
2159.0	0.05274154530420095
2160.0	0.05254318318274869
2161.0	0.04923450299692525
2162.0	0.05365511586457052
2163.0	0.051124919123494504
2164.0	0.04980448023198426
2165.0	0.0519159571328908
2166.0	0.052117231913341736
2167.0	0.0533530028208599
2168.0	0.05562879386389126
2169.0	0.056448958463272955
2170.0	0.05485071216521228
2171.0	0.052347432410743494
2172.0	0.05092816398631716
2173.0	0.04960812684087583
2174.0	0.053589028636258786
2175.0	0.051854791293921565
2176.0	0.05408900161883571
2177.0	0.04845531649655731
2178.0	0.05126683592228545
2179.0	0.054513747650036415
2180.0	0.05392739926267546
2181.0	0.04862394940892093
2182.0	0.04929074744655222
2183.0	0.04838591486317822
2184.0	0.05117282734219457
2185.0	0.0520691228216071
2186.0	0.04846214617972634
2187.0	0.049937960363331035
2188.0	0.04970635375468846
2189.0	0.050389422508104645
2190.0	0.05556823064402503
2191.0	0.05321570610185983
2192.0	0.0536794215017307
2193.0	0.05209905290373007
2194.0	0.05227923601557089
2195.0	0.05424578302217097
2196.0	0.05323217769067906
2197.0	0.051662354926983484
2198.0	0.05203196131024642
2199.0	0.052584864337382964
2200.0	0.05295637901447267
2201.0	0.049771235744793946
2202.0	0.0476187807448732
2203.0	0.05001620041022274
2204.0	0.04998084675617155
2205.0	0.053568439150234626
2206.0	0.049337952609632
2207.0	0.050911792834015215
2208.0	0.04886529835973098
2209.0	0.048662014848936466
2210.0	0.04947012706625523
2211.0	0.04936135431813732
2212.0	0.05088105925975467
2213.0	0.048741661007068754
2214.0	0.04417772522939195
2215.0	0.05029832658701244
2216.0	0.04597945591128149
2217.0	0.04964086914547996
2218.0	0.04970565069906817
2219.0	0.04699727957649538
2220.0	0.04856368749860632
2221.0	0.047128148358395086
2222.0	0.04975255455259633
2223.0	0.047753767423978064
2224.0	0.05054630434795697
2225.0	0.0453695049423804
2226.0	0.05018222197313953
2227.0	0.04679489999435548
2228.0	0.048525019439487775
2229.0	0.044396978146419984
2230.0	0.04748660628824996
2231.0	0.044471502042175676
2232.0	0.04687946754183027
2233.0	0.04859482281893553
2234.0	0.04470762829409161
2235.0	0.041991623996212216
2236.0	0.04318541243954472
2237.0	0.04348852984842725
2238.0	0.04482533989223967
2239.0	0.045363177441797554
2240.0	0.04077654301123526
2241.0	0.04531727795344108
2242.0	0.04455777701044266
2243.0	0.0420197462210257
2244.0	0.04340828107119149
2245.0	0.03896908744786588
2246.0	0.037619220656818636
2247.0	0.042184160799667345
2248.0	0.04181113957482001
2249.0	0.04505724781043363
2250.0	0.04125160773754877
2251.0	0.03938459331948507
2252.0	0.04212118710338862
2253.0	0.04215423071754461
2254.0	0.04154859851888278
2255.0	0.036685060610424904
2256.0	0.042397588398698255
2257.0	0.0417720697696328
2258.0	0.04200086415579374
2259.0	0.04131829758496374
2260.0	0.042860198996880164
2261.0	0.03958014321845593
2262.0	0.03753013346607025
2263.0	0.04376794423925261
2264.0	0.04398699628324607
2265.0	0.041938693951652596
2266.0	0.0437211408222415
2267.0	0.04170688646997568
2268.0	0.04196972883546453
2269.0	0.04259424309935831
2270.0	0.04336619817048855
2271.0	0.041759916951052585
2272.0	0.04316542557262357
2273.0	0.04365706232427359
2274.0	0.03756548712012144
2275.0	0.04270160973623564
2276.0	0.040070373858865374
2277.0	0.04103396180479588
2278.0	0.041400956838611995
2279.0	0.041656567774863124
2280.0	0.0423243701776661
2281.0	0.03953102976154962
2282.0	0.03792977036797321
2283.0	0.0401125571960856
2284.0	0.03898124026644586
2285.0	0.04148190867146781
2286.0	0.04325471363640652
2287.0	0.04086974809918857
2288.0	0.04064256069730254
2289.0	0.039454698008484446
2290.0	0.04141712711787961
2291.0	0.03715711224122268
2292.0	0.03846660355235919
2293.0	0.03752109417952306
2294.0	0.03769946943405416
2295.0	0.036200554851495544
2296.0	0.03902814411997425
2297.0	0.03707987655950288
2298.0	0.04095963878207453
2299.0	0.03780261773720929
2300.0	0.040794420711295305
2301.0	0.03870433678855027
2302.0	0.03602177785089553
2303.0	0.0398196843119565
2304.0	0.03615535841875958
2305.0	0.04108920188925094
2306.0	0.03927692537305635
2307.0	0.037637198793395735
2308.0	0.04310606759096382
2309.0	0.038991384354682246
2310.0	0.03752179723514335
2311.0	0.03834808846207379
2312.0	0.03898596078275402
2313.0	0.038113468757915485
2314.0	0.035251228891006105
2315.0	0.032632447141767426
2316.0	0.0387112669082366
2317.0	0.03801142525644955
2318.0	0.04014208553213966
2319.0	0.04241898137685999
2320.0	0.04085126778002552
2321.0	0.038687764763213756
2322.0	0.042233876875676896
2323.0	0.04328775725056227
2324.0	0.04501857975131509
2325.0	0.04643794861225847
2326.0	0.0438591405968621
2327.0	0.042416570900447495
2328.0	0.04284272304288902
2329.0	0.04453407399238572
2330.0	0.04007157909707162
2331.0	0.04373942026837022
2332.0	0.04461291665838067
2333.0	0.041844384062010326
2334.0	0.04001895036206362
2335.0	0.04704046727888752
2336.0	0.043812337179850995
2337.0	0.04516772797934375
2338.0	0.04253498555421561
2339.0	0.04372244649696503
2340.0	0.044403004337451445
2341.0	0.04361246851064087
2342.0	0.04208161511561546
2343.0	0.04503223911765316
2344.0	0.040329299200183855
2345.0	0.041419437157775046
2346.0	0.04189590799532913
2347.0	0.040951001241596244
2348.0	0.04422623606719526
2349.0	0.041408991759987274
2350.0	0.04346261722699192
2351.0	0.042570740954335703
2352.0	0.041877126366614455
2353.0	0.042207060325586944
2354.0	0.040432447503338985
2355.0	0.03922017874084342
2356.0	0.0446405367006082
2357.0	0.03795005854444575
2358.0	0.0407033247902031
2359.0	0.043286552012356025
2360.0	0.042545531388520665
2361.0	0.04251419519515712
2362.0	0.042008497331100354
2363.0	0.042653098898432336
2364.0	0.043143429975358825
2365.0	0.04332401483326832
2366.0	0.04219048830025043
2367.0	0.04632485709390153
2368.0	0.04461261534882905
2369.0	0.042162868258022894
2370.0	0.03904712662172326
2371.0	0.043999349974860616
2372.0	0.04612117183703811
2373.0	0.04433852409341463
2374.0	0.04272300271439714
2375.0	0.04530060549158751
2376.0	0.0431538753731466
2377.0	0.04379586559103176
2378.0	0.04697327524888659
2379.0	0.04513006428539711
2380.0	0.04312766144215988
2381.0	0.04628187026454373
2382.0	0.048916018800912446
2383.0	0.04837456553673559
2384.0	0.04618514989848874
2385.0	0.048525019439487775
2386.0	0.045131068650569026
2387.0	0.04362090517808482
2388.0	0.04586967879799166
2389.0	0.04496765843709929
2390.0	0.046082001595333606
2391.0	0.04622462144974485
2392.0	0.044127205661244825
2393.0	0.04611303647914554
2394.0	0.04467157158442013
2395.0	0.04789869731828474
2396.0	0.0466249614072681
2397.0	0.04726444071222348
2398.0	0.05113536452128228
2399.0	0.046572834854846056
2400.0	0.04938505733619449
2401.0	0.04508657527345336
2402.0	0.04330161748993468
2403.0	0.04679941963762908
2404.0	0.04603790996428661
2405.0	0.046099377112807705
2406.0	0.04705894759805057
2407.0	0.044591624116735985
2408.0	0.04482061937593151
2409.0	0.04693872508697297
2410.0	0.04414930169502685
2411.0	0.04539381057954082
2412.0	0.04285537804405495
2413.0	0.050536461569272204
2414.0	0.04409195244371068
2415.0	0.04656138509188637
2416.0	0.04517736988499418
2417.0	0.045931045509995466
2418.0	0.04351886167661889
2419.0	0.04674196994979563
2420.0	0.047583627963856345
2421.0	0.04575708946222067
2422.0	0.04751573287823536
2423.0	0.04796619065783706
2424.0	0.046674476610243314
2425.0	0.042983032857404825
2426.0	0.04294737789380201
2427.0	0.04351886167661889
2428.0	0.043110386361203075
2429.0	0.04510786781509781
2430.0	0.04584557403386582
2431.0	0.041138315346157486
2432.0	0.03994643519665152
2433.0	0.04197786419335709
2434.0	0.042029287690158845
2435.0	0.042944264361769
2436.0	0.04634032431754886
2437.0	0.04443213092743684
2438.0	0.041720144090244854
2439.0	0.04215613901137114
2440.0	0.04439938862283248
2441.0	0.04080356043435979
2442.0	0.04506327400146509
2443.0	0.042276662832000364
2444.0	0.04051088842326502
2445.0	0.03860721467642661
2446.0	0.037732010865624194
2447.0	0.04349335080125223
2448.0	0.04452292553897743
2449.0	0.04144424497752118
2450.0	0.048144766785402734
2451.0	0.04340024614981621
2452.0	0.047200462650772615
2453.0	0.04389821040204931
2454.0	0.042956718489900826
2455.0	0.04287104614073684
2456.0	0.0421420778989644
2457.0	0.04595615463929322
2458.0	0.041162721419834715
2459.0	0.04213042726297015
2460.0	0.04176935798366845
2461.0	0.038500350222135465
2462.0	0.03911974222365241
2463.0	0.040641656768647914
2464.0	0.03848859914962392
2465.0	0.04312454791012687
2466.0	0.03977378482360026
2467.0	0.03872723631446987
2468.0	0.04201532701426939
2469.0	0.03334865994585665
2470.0	0.038424219342104625
2471.0	0.040213897641931236
2472.0	0.039334174187855224
2473.0	0.04155934522622218
2474.0	0.036142904290627755
2475.0	0.03975922152860756
2476.0	0.0408280669445543
2477.0	0.03604045904309292
2478.0	0.03859245050839958
2479.0	0.040568840293684426
2480.0	0.03551316732784009
2481.0	0.03682537042494071
2482.0	0.035809655926588156
2483.0	0.04082796650803725
2484.0	0.0394468639601435
2485.0	0.040464988934908776
2486.0	0.037210243158816866
2487.0	0.036028808407098906
2488.0	0.03364765945753426
2489.0	0.012844946707379491
2490.0	-0.010022740836222557
2491.0	-0.002991280704196607
2492.0	0.010824967473633833
2493.0	0.01039198564802327
2494.0	0.011610682347619194
2495.0	0.0007235647571474397
2496.0	-0.004096182829815063
2497.0	-0.0043408461856922365
2498.0	0.0011108479674360892
2499.0	0.014407839351388977
2500.0	0.03572759929204291
2501.0	0.043510625882209275
2502.0	0.04252343535473864
2503.0	0.03635462446886646
2504.0	0.027501245914995726
2505.0	0.022429503106401058
2506.0	0.02270108344888547
2507.0	0.022203018760135317
2508.0	0.024160928226256883
2509.0	0.023590549245129197
2510.0	0.03082268153850261
2511.0	0.0350328799026327
2512.0	0.0332822714079933
2513.0	0.034330326464881544
2514.0	0.030697838947634132
2515.0	0.0347577842820466
2516.0	0.0327964599743404
2517.0	0.03692751436292416
2518.0	0.036127738376532055
2519.0	0.036128843178221015
2520.0	0.035894424347097276
2521.0	0.03357886044325841
2522.0	0.03706742243137105
2523.0	0.03742015547974609
2524.0	0.03426755364163716
2525.0	0.03258915900285824
2526.0	0.03461305526077425
2527.0	0.035897437442613006
2528.0	0.03695824793718447
2529.0	0.03771112007004841
2530.0	0.03715831747942892
2531.0	0.03635462446886646
2532.0	0.03771764844366583
2533.0	0.03648870721931647
2534.0	0.04070714137785641
2535.0	0.03599536304687425
2536.0	0.03695995535797667
2537.0	0.03630741930578669
2538.0	0.03665181612323482
2539.0	0.035430005891606116
2540.0	0.04066817200918625
2541.0	0.0365828162359244
2542.0	0.03543472640791405
2543.0	0.03515470939798545
2544.0	0.04010402009212436
2545.0	0.03822384849030855
2546.0	0.043374634837932496
2547.0	0.03665422659964731
2548.0	0.039270196126404595
2549.0	0.03893152419043631
2550.0	0.041666510990064944
2551.0	0.0375665919218104
2552.0	0.041862362198587424
2553.0	0.03913541032033407
2554.0	0.03433484610815514
2555.0	0.043529106201372327
2556.0	0.03746957024620402
2557.0	0.03518333380538489
2558.0	0.036977531748485094
2559.0	0.038380328584092196
2560.0	0.0380147396615169
2561.0	0.0376352904995692
2562.0	0.040843232858650234
2563.0	0.04302682317889996
2564.0	0.03851672137443741
2565.0	0.039113916905655285
2566.0	0.0358718261307293
2567.0	0.03906560694088631
2568.0	0.04051390151878075
2569.0	0.03798249953949849
2570.0	0.03870755075710034
2571.0	0.03905164626499685
2572.0	0.036233799338685625
2573.0	0.03339385637859261
2574.0	0.03588648986223928
2575.0	0.03830952083947253
2576.0	0.03767114633620634
2577.0	0.03982520832040201
2578.0	0.0356559880552859
2579.0	0.03576837651802255
2580.0	0.0359920486418069
2581.0	0.03837108842451044
2582.0	0.04012862703883616
2583.0	0.03928646684218949
2584.0	0.03850426724630582
2585.0	0.037406295240373685
2586.0	0.036465506383845485
2587.0	0.038220734958275535
2588.0	0.03673276795609064
2589.0	0.03352814000207695
2590.0	0.030669314976751978
2591.0	0.03690290741621236
2592.0	0.033374371694257415
2593.0	0.0326696086531281
2594.0	0.03447334806536169
2595.0	0.03157685934608985
2596.0	0.03404538806561068
2597.0	0.03433273694129427
2598.0	0.03301661682002306
2599.0	0.0340262046908271
2600.0	0.036796143398438265
2601.0	0.03472855725554392
2602.0	0.03697321297824607
2603.0	0.04006424723131662
2604.0	0.03390789047357627
2605.0	0.039176287982830994
2606.0	0.04084443809685648
2607.0	0.03628462021638437
2608.0	0.03726367538596244
2609.0	0.03558799253314739
2610.0	0.0384468175584726
2611.0	0.03437994210437405
2612.0	0.03438697266057742
2613.0	0.03755634739705697
2614.0	0.035354578067195566
2615.0	0.03853721042394452
2616.0	0.038250363730846886
2617.0	0.03647685571028789
2618.0	0.03531339909514725
2619.0	0.038784886875337425
2620.0	0.03659527036405623
2621.0	0.03783325087495255
2622.0	0.03622074259145079
2623.0	0.02840035361688965
2624.0	0.019254503924958487
2625.0	0.015138213704401996
2626.0	-0.0017022784425672066
2627.0	-0.014576833835214591
2628.0	-0.017308606666293164
2629.0	-0.02166383536124722
2630.0	-0.019889523848550646
2631.0	-0.00870360761943562
2632.0	-0.011894877516663089
2633.0	0.0016683710743632765
2634.0	0.009252834670042818
2635.0	0.018888011073728565
2636.0	0.029576967415782397
2637.0	0.03508088855785005
2638.0	0.037958193902338316
2639.0	0.037662709668762395
2640.0	0.035733324173522985
2641.0	0.035243595715699495
2642.0	0.03455108592966744
2643.0	0.0323231026688191
2644.0	0.035845411326708015
2645.0	0.030873301543166788
2646.0	0.03173364074942512
2647.0	0.034178064704820106
2648.0	0.034042274533577666
2649.0	0.02798374294358127
2650.0	0.031161956093573907
2651.0	0.02785910122574736
2652.0	0.026527714753863164
2653.0	0.028627641455292965
2654.0	0.024032771230321052
2655.0	0.028681274555472872
2656.0	0.0250791188664171
2657.0	0.026803613866586837
2658.0	0.02748818916776089
2659.0	0.02457683584394497
2660.0	0.02563232320310526
2661.0	0.026963207492403503
2662.0	0.02923839591633139
2663.0	0.030398839435956525
2664.0	0.03142791199109553
2665.0	0.026861565737006005
2666.0	0.02803396120217678
2667.0	0.026815766685167042
2668.0	0.03113905656765431
2669.0	0.027133146079490654
2670.0	0.028887571161783362
2671.0	0.02537550702864788
2672.0	0.02758069120009368
2673.0	0.028179795025138087
2674.0	0.026814762319995133
2675.0	0.029318544257049866
2676.0	0.03265353881037754
2677.0	0.03149118699692587
2678.0	0.028409091593885223
2679.0	0.029046963914565457
2680.0	0.02998172658006219
2681.0	0.029902883914067244
2682.0	0.028480301084573792
2683.0	0.030711096567903298
2684.0	0.030190534099302217
2685.0	0.02537992623540419
2686.0	0.030579725603417405
2687.0	0.02744861717998749
2688.0	0.02958942154391399
2689.0	0.03031638105534261
2690.0	0.029035313278571204
2691.0	0.027902188491622213
2692.0	0.027957529012594556
2693.0	0.02870588150218467
2694.0	0.030044097657237905
2695.0	0.0314298202849223
2696.0	0.03222306789769699
2697.0	0.03309566035905234
2698.0	0.026969836302537967
2699.0	0.03284989220148597
2700.0	0.031502034140782544
2701.0	0.03419423498408772
2702.0	0.03620477318521752
2703.0	0.03408244914045407
2704.0	0.03348525360923643
2705.0	0.0364290479281051
2706.0	0.03239391041343877
2707.0	0.0351826307497646
2708.0	0.037344727655335544
2709.0	0.03590547236398829
2710.0	0.03229347389624775
2711.0	0.03394736202483216
2712.0	0.033564598457817334
2713.0	0.03530817639625337
2714.0	0.033825833839031025
2715.0	0.036211904177938174
2716.0	0.03610815325567981
2717.0	0.0368029730816073
2718.0	0.03760375343317108
2719.0	0.03374809597472527
2720.0	0.03532484885810693
2721.0	0.03028645097321964
2722.0	0.03211911610240429
2723.0	0.021057540281571786
2724.0	0.018706522287164445
2725.0	0.015021908217494754
2726.0	0.011752699582927196
2727.0	0.012861820042267628
2728.0	0.0005525213683710933
2729.0	-0.005250298848856883
2730.0	-0.008916332162846237
2731.0	0.001936335702228953
2732.0	0.018874150834356156
2733.0	0.016814097430251376
2734.0	0.02021106131468586
2735.0	0.030220564617942473
2736.0	0.03599576479294292
2737.0	0.03850848558002779
2738.0	0.03721566673074509
2739.0	0.03648559368728369
2740.0	0.036377222685234446
2741.0	0.03598541983167243
2742.0	0.034673718917157766
2743.0	0.03692922178371636
2744.0	0.03415355819462536
2745.0	0.03139426575783654
2746.0	0.0365375193666714
2747.0	0.032040574745960726
2748.0	0.03334755514416746
2749.0	0.02882168480650596
2750.0	0.02935148743468857
2751.0	0.03211600257037127
2752.0	0.02800694377905249
2753.0	0.0326097484888824
2754.0	0.033671161602556864
2755.0	0.037680486932305156
2756.0	0.03617896100029947
2757.0	0.031520313586911264
2758.0	0.038851476286235115
2759.0	0.032219552619595304
2760.0	0.03393289916635674
2761.0	0.03749538243112207
2762.0	0.03441168004380627
2763.0	0.03353808321727877
2764.0	0.03628994335179554
2765.0	0.029741381994424044
2766.0	0.031182545579598066
2767.0	0.031371265795399894
2768.0	0.035222805356641004
2769.0	0.027383132570778998
2770.0	0.03289518907073922
2771.0	0.025863829375230553
2772.0	0.02830373368735194
2773.0	0.0302131323156702
2774.0	0.028944418230513334
2775.0	0.03185044841891832
2776.0	0.03017526774868923
2777.0	0.03406135747184396
2778.0	0.033828846934546755
2779.0	0.033673371205935256
2780.0	0.030073726429809253
2781.0	0.02961201976028197
2782.0	0.03256766558817922
2783.0	0.027991677428439502
2784.0	0.01911529891213188
2785.0	0.016496416726376147
2786.0	0.0091915683945563
2787.0	-0.008842410886193556
2788.0	-0.005422246166288089
2789.0	-0.009816946412498027
2790.0	-0.006550750873446199
2791.0	0.005019234597407177
2792.0	0.013955171968409117
2793.0	0.013055260774377618
2794.0	0.017835335937049435
2795.0	0.01541471543622891
2796.0	0.025320869563295826
2797.0	0.032342788226188635
2798.0	0.0305780181826252
2799.0	0.03016612802562499
2800.0	0.028854427111110324
2801.0	0.030306337403623505
2802.0	0.03183287202840989
2803.0	0.0040804544712228
2804.0	-0.019894143928341525
2805.0	-0.02280720467294965
2806.0	-0.003484323567087443
2807.0	0.011702883070400592
2808.0	0.014244931320505198
2809.0	0.021295373954279922
2810.0	0.022227625706847116
2811.0	0.0253657646864804
2812.0	0.02516700081895924
2813.0	0.02447891023968373
2814.0	0.0268973211371261
2815.0	0.03068679093074312
2816.0	0.02812786934575038
2817.0	0.028633065027221186
2818.0	0.030215743665117256
2819.0	0.028230716339354117
2820.0	0.030938083096754995
2821.0	0.03146286389907805
2822.0	0.032567062969076216
2823.0	0.03169135697568761
2824.0	0.033089734604538165
2825.0	0.035439145614670355
2826.0	0.032152461026111655
2827.0	0.032726957904444264
2828.0	0.0326020148770585
2829.0	0.029738368898908314
2830.0	0.032556416698253876
2831.0	0.036094192579790116
2832.0	0.02784383487513414
2833.0	0.03249725958962846
2834.0	0.03648780329066185
2835.0	0.036378327486923635
2836.0	0.03587815363131238
2837.0	0.038689371747488904
2838.0	0.03815766082547953
2839.0	0.03704874123917367
2840.0	0.03361009620010491
2841.0	0.038028599900889075
2842.0	0.03593731073993779
2843.0	0.03386992547007802
2844.0	0.033918838053950004
2845.0	0.03916192556087263
2846.0	0.04382308388719038
2847.0	0.04086904504356828
2848.0	0.04343891420893475
2849.0	0.03832980901594507
2850.0	0.03851079561992323
2851.0	0.03849412315806943
2852.0	0.03783646484350285
2853.0	0.03999052682769851
2854.0	0.03765517692997306
2855.0	0.038174132414299
2856.0	0.03955262361274568
2857.0	0.038565734394826676
2858.0	0.041195363287921796
2859.0	0.03938188153352096
2860.0	0.03961067591968214
2861.0	0.038908122481930985
2862.0	0.03917950195138106
2863.0	0.03843054684268771
2864.0	0.03920732286664293
2865.0	0.04026763117862843
2866.0	0.04046147365680709
2867.0	0.03167167141831831
2868.0	0.0343950075819527
2869.0	0.03512538193496572
2870.0	0.032474560936743196
2871.0	0.029768901600134522
2872.0	0.029865320656637898
2873.0	0.03186681957122027
2874.0	0.02953136923697777
2875.0	0.0319741862080976
2876.0	0.03224064428820542
2877.0	0.03222035611173264
2878.0	0.030522376352101473
2879.0	0.03191010771012969
2880.0	0.03724519506679915
2881.0	0.028391515203376794
2882.0	0.03232872711378189
2883.0	0.03566271730193765
2884.0	0.03376657629388833
2885.0	0.028213943440983033
2886.0	0.03301310154192138
2887.0	0.023752754220392688
2888.0	0.033995169807015176
2889.0	0.030232617000005395
2890.0	0.030962790479984077
2891.0	0.028682881539748024
2892.0	0.028226899751700812
2893.0	0.028916396442217135
2894.0	0.031644553558676736
2895.0	0.028783518929973374
2896.0	0.02929554429461322
2897.0	0.02668198524426866
2898.0	0.03156189430502849
2899.0	0.028421646158534097
2900.0	0.03019786596505721
2901.0	0.03094792587543976
2902.0	0.02928831286537551
2903.0	0.0309831790929739
2904.0	0.027241416645022616
2905.0	0.029301470049127396
2906.0	0.025004996716730083
2907.0	0.029838303233513372
2908.0	0.0305181580183795
2909.0	0.02595844057442444
2910.0	0.025776750914825987
2911.0	0.02726060001980596
2912.0	0.02695728173788909
2913.0	0.024162133464463127
2914.0	0.029040736850499658
2915.0	0.028743043013545348
2916.0	0.032693914290288284
2917.0	0.026721958978110496
2918.0	0.030147145523875745
2919.0	0.02288458096579341
2920.0	0.027826660230694616
2921.0	0.029156540154820713
2922.0	0.030713306171281454
2923.0	0.025213904672487394
2924.0	0.027425315907999223
2925.0	0.02859650613496375
2926.0	0.025047581800019213
2927.0	0.02996806721372412
2928.0	0.0270588230567693
2929.0	0.028094423985525724
2930.0	0.025128131886806362
2931.0	0.030038874958343786
2932.0	0.031254257252872356
2933.0	0.0311134452557706
2934.0	0.02801226691446366
2935.0	0.031105008588326415
2936.0	0.03329884343332982
2937.0	0.02966896726552946
2938.0	0.027198028069595908
2939.0	0.026598422061965547
2940.0	0.03027379597205371
2941.0	0.03169366701558305
2942.0	0.027554075523038058
2943.0	0.02451597131452712
2944.0	0.025870859931433923
2945.0	0.023552483805113662
2946.0	0.02669644810274407
2947.0	0.02606399935399229
2948.0	0.025176441851575335
2949.0	0.022327861351003564
2950.0	0.028067506998918718
2951.0	0.022763253653026616
2952.0	0.02854799529716044
2953.0	0.030809423918233443
2954.0	0.027431241662513633
2955.0	0.030530109963925134
2956.0	0.033352376096992674
2957.0	0.03416159311600064
2958.0	0.034056335645984405
2959.0	0.0357415599679326
2960.0	0.030806009076648808
2961.0	0.03228624246701004
2962.0	0.032576504001692076
2963.0	0.032821368230603824
2964.0	0.037084697512328096
2965.0	0.027649590650886808
2966.0	0.029986547532887407
2967.0	0.032579316224173475
2968.0	0.02865576368010645
2969.0	0.02804500921906779
2970.0	0.03286696640940845
2971.0	0.03709353592584072
2972.0	0.03478610737989442
2973.0	0.03497924680245279
2974.0	0.0366494056468221
2975.0	0.03809739891516492
2976.0	0.03321799203699105
2977.0	0.0328702808144758
2978.0	0.033636310131091626
2979.0	0.03518614602786628
2980.0	0.03429768459679446
2981.0	0.03148857564747905
2982.0	0.03321236759202849
2983.0	0.03621471640041933
2984.0	0.03523636428646179
2985.0	0.03690069781283397
2986.0	0.031010296952615476
2987.0	0.03197529100978656
2988.0	0.03739223412796694
2989.0	0.03436357095207186
2990.0	0.0351580238030528
2991.0	0.037918320605013524
2992.0	0.036186694612123135
2993.0	0.0335844848882212
2994.0	0.03686725245260955
2995.0	0.03686514328574844
2996.0	0.03396122226420456
2997.0	0.034202269905463004
2998.0	0.03263304976087067
2999.0	0.03278119362372742
3000.0	0.030244669382068316
3001.0	0.02616915638749124
3002.0	0.029885508396593152
3003.0	0.028957374541231116
3004.0	0.022516983312874293
3005.0	0.023951919833982285
3006.0	0.025547353909561567
3007.0	0.021931940600236625
3008.0	0.021798360032372576
3009.0	0.023753859022081648
3010.0	0.020482641657170272
3011.0	0.017758702874432878
3012.0	0.019612459672227404
3013.0	0.023546256741047867
3014.0	0.0193727177056925
3015.0	0.018337518523004515
3016.0	0.018595640372185425
3017.0	0.017683777232608288
3018.0	0.01912162641271496
3019.0	0.01956334621532086
3020.0	0.020144672776822505
3021.0	0.016911822161478046
3022.0	0.017362079068045416
3023.0	0.017799680973446624
3024.0	0.01828900768520144
3025.0	0.015817867616233553
3026.0	0.017816353435300428
3027.0	0.012602794264432093
3028.0	0.01976211008284202
3029.0	0.01811716080428752
3030.0	0.018550644812484036
3031.0	0.01965002292965675
3032.0	0.020171991509498412
3033.0	0.016877372436081717
3034.0	0.016094971967163706
3035.0	0.015816662378027306
3036.0	0.015025523932113724
3037.0	0.017944912177304928
3038.0	0.016104011253710897
3039.0	0.01655677907320781
3040.0	0.0176736331443719
3041.0	0.015166135056181146
3042.0	0.017143529206637906
3043.0	0.015245680777796384
3044.0	0.012232484825548631
3045.0	0.010143204394941171
3046.0	0.012607916526808694
3047.0	0.012929212945302894
3048.0	0.01101077503043721
3049.0	0.01264276799827393
3050.0	0.010305409370204662
3051.0	0.016084526569375698
3052.0	0.011431604037467567
3053.0	0.008184491436682033
3054.0	0.011924345590806783
3055.0	0.009903462428406264
3056.0	0.010360147272073765
3057.0	0.008302203034829855
3058.0	0.010479566291014023
3059.0	0.010870967398507365
3060.0	0.01004387267943935
3061.0	0.009749694120586726
3062.0	0.01229294760889781
3063.0	0.009428598575127095
3064.0	0.005606587349940282
3065.0	0.012849767660204707
3066.0	0.007173999637223131
3067.0	0.00842553907794047
3068.0	0.012890645322701403
3069.0	0.00842051725208092
3070.0	0.009664222644457312
3071.0	0.012490305365178155
3072.0	0.013234640394080632
3073.0	0.00877626339597145
3074.0	0.01068596333384156
3075.0	0.01610993700822507
3076.0	0.010436177715587318
3077.0	0.009861982146806328
3078.0	0.0123858513872995
3079.0	0.012268742408254681
3080.0	0.01016771090513592
3081.0	0.01187864697548487
3082.0	0.012909527387933361
3083.0	0.009381594285081655
3084.0	0.008577700401484858
3085.0	0.010640465591553983
3086.0	0.00598021119389086
3087.0	0.01084626001527828
3088.0	0.008951725991504107
3089.0	0.00575402815717674
3090.0	0.007352073582202848
3091.0	0.007357396717614019
3092.0	0.012529877352951323
3093.0	0.0141856737753625
3094.0	0.010239020832341541
3095.0	0.008962070952774829
3096.0	0.007860181922672337
3097.0	0.010200553646257335
3098.0	0.008570569408764203
3099.0	0.008143212028116431
3100.0	0.0077132432980218345
3101.0	0.008219342908147268
3102.0	0.010225461902520754
3103.0	0.011399363915449157
3104.0	0.010250771904852842
3105.0	0.009962719973548964
3106.0	0.006617882641536525
3107.0	0.00919548541872689
3108.0	0.009286581339819093
3109.0	0.00700637109003142
3110.0	0.004422039066189304
3111.0	0.004272388655574691
3112.0	0.0011594592417564474
3113.0	-0.0011593186306324828
3114.0	0.00613769565284642
3115.0	0.006394813136855419
3116.0	0.005948171944906786
3117.0	0.008026504795140518
3118.0	0.00799788038774108
3119.0	0.009754816382963561
3120.0	0.008783997007795112
3121.0	0.009156817359608348
3122.0	0.009462546117937705
3123.0	0.009959405568481614
3124.0	0.009776209361125294
3125.0	0.010663565990507917
3126.0	0.011611385403239484
3127.0	0.008584329211619559
3128.0	0.01242753254193377
3129.0	0.012958942154391294
3130.0	0.017161206033663386
3131.0	0.011075154837956746
3132.0	0.0140605298749424
3133.0	0.01503406103607496
3134.0	0.016552862049037453
3135.0	0.01335516421470985
3136.0	0.015778396064977437
3137.0	0.016209469596761464
3138.0	0.014809685856670092
3139.0	0.015918203696907517
3140.0	0.021073911433873733
3141.0	0.016482355613969404
3142.0	0.015877326034410586
3143.0	0.01680656469146205
3144.0	0.014277974934660948
3145.0	0.012165995851168225
3146.0	0.016307495637539752
3147.0	0.013745661393548566
3148.0	0.015876723415307582
3149.0	0.01175179565427257
3150.0	-0.0005556951623144791
3151.0	-0.012327558032721796
3152.0	-0.030835095492027523
3153.0	-0.030165384795397786
3154.0	-0.018480700821912315
3155.0	-0.012398164904307127
3156.0	-0.00310728488155223
3157.0	-0.0026303118614121905
3158.0	-0.012987425950666768
3159.0	-0.025408410031679665
3160.0	-0.01799087192757178
3161.0	-0.02372981451986641
3162.0	-0.014597122011687362
3163.0	0.008409569671707192
3164.0	0.030649930728934065
3165.0	0.03163169768447624
3166.0	0.0235627283298671
3167.0	0.01371392345411611
3168.0	0.010292553496004166
3169.0	0.012169008946683955
3170.0	0.009495991478162361
3171.0	0.01148634193933667
3172.0	0.011494075551160332
3173.0	0.011276429618407448
3174.0	0.010850880095069161
3175.0	0.009094848028501305
3176.0	0.009207537800789811
3177.0	0.009042520603044925
3178.0	0.012049790800778268
3179.0	0.008979948652834876
3180.0	0.008915769718349911
3181.0	0.007878863114869725
3182.0	0.0035495470413509983
3183.0	0.007868317280564668
3184.0	0.0044910389534997186
3185.0	0.0037869789679906996
3186.0	0.010253885436885624
3187.0	0.011071940869406447
3188.0	0.014254472789638345
3189.0	0.014919262096925583
3190.0	0.017573096190663835
3191.0	0.019460298348683017
3192.0	0.01981704885774546
3193.0	0.023424728555246736
3194.0	0.019561839667562992
3195.0	0.02115295497290325
3196.0	0.01699679145502174
3197.0	0.022399171278209184
3198.0	0.02327527901766646
3199.0	0.022147979548714593
3200.0	0.02317765472295684
3201.0	0.023319069339161835
3202.0	0.02296924894978548
3203.0	0.017582637659796983
3204.0	0.022096455615395555
3205.0	0.02066031385608132
3206.0	0.02375857953838958
3207.0	0.02382245716332316
3208.0	0.02417187580663061
3209.0	0.02291189969846932
3210.0	0.025973204742451475
3211.0	0.023206178693838994
3212.0	0.02372483286861354
3213.0	0.024908276350675322
3214.0	0.027807376419393987
3215.0	0.026431797879945745
3216.0	0.0227980046879748
3217.0	0.013431596404292307
3218.0	0.018564304178821874
3219.0	0.013946233118378977
3220.0	0.011482927097752268
3221.0	0.01892185818002189
3222.0	0.021870373015198487
3223.0	0.023376318153960716
3224.0	0.023703038144383137
3225.0	0.024055068137137644
3226.0	0.0244529976182484
3227.0	0.026872412880862683
3228.0	0.022936406208664068
3229.0	0.023198545518532617
3230.0	0.017752074064298178
3231.0	0.02108305115693821
3232.0	0.022619127250857508
3233.0	0.01765304365834774
3234.0	0.0170933109480424
3235.0	0.01490078177776253
3236.0	0.019963183990258385
3237.0	0.018482046671242525
3238.0	0.02012518809248754
3239.0	0.022080486209162278
3240.0	0.018756238363174
3241.0	0.016498124147168346
3242.0	0.021002601506668113
3243.0	0.02176210244966676
3244.0	0.02693096737038509
3245.0	0.020327868984179057
3246.0	0.02394378447608995
3247.0	0.022438743265982584
3248.0	0.019303516945347748
3249.0	0.021033335080928656
3250.0	0.016574455900233518
3251.0	0.014530572775396353
3252.0	0.013966521294851516
3253.0	0.023609029564292252
3254.0	0.019547577682121918
3255.0	0.02803295683700487
3256.0	0.024940717345727833
3257.0	0.01947235073074594
3258.0	0.028904444496671265
3259.0	0.029417373789965968
3260.0	0.034911552589865905
3261.0	0.02814082565646816
3262.0	0.01625135162443007
3263.0	-0.004970281838928519
3264.0	-0.00963485500683067
3265.0	-0.0057223504796546565
3266.0	0.011051050073830901
3267.0	0.02219357772751922
3268.0	0.02454901492868287
3269.0	0.027844035748168707
3270.0	0.021317871734130852
3271.0	0.0208266367285495
3272.0	0.018782050548092042
3273.0	0.019938677480063872
3274.0	0.01904810688213095
3275.0	0.01979183929193042
3276.0	0.016260190037942924
3277.0	0.016886713032180294
3278.0	0.01834926959551605
3279.0	0.01673133774008584
3280.0	0.0070193274007489675
3281.0	0.003044853542466145
3282.0	0.012119795053260359
3283.0	0.038897777520660266
3284.0	0.04319947355195146
3285.0	0.04598035983993635
3286.0	0.03491958751124119
3287.0	0.03454124315098268
3288.0	0.029917346772542656
3289.0	0.027235390453991155
3290.0	0.026202501311198608
3291.0	0.028309659441866118
3292.0	0.024959398537925455
3293.0	0.02623474143321702
3294.0	0.02914840479692838
3295.0	0.03084598281049088
3296.0	0.03534935536830168
3297.0	0.02888023929602837
3298.0	0.034437592665241594
3299.0	0.03336272105826339
3300.0	0.031984330296333754
3301.0	0.034194435857122056
3302.0	0.03535056060650793
3303.0	0.036965077620353504
3304.0	0.03589573002182081
3305.0	0.03191824306802225
3306.0	0.03348816626823488
3307.0	0.03553787471106917
3308.0	0.032372115689208364
3309.0	0.03495474029225804
3310.0	0.03531038599963152
3311.0	0.03235514191780317
3312.0	0.029163470274507032
3313.0	0.030039176267895405
3314.0	0.031893535684793174
3315.0	0.03290392704773479
3316.0	0.026448872087868218
3317.0	0.02933260536945661
3318.0	0.03135338809533984
3319.0	0.031844020481817954
3320.0	0.03580814937883029
3321.0	0.03564735051480738
3322.0	0.036700326961037893
3323.0	0.0364161920539046
3324.0	0.03503810260152659
3325.0	0.03369275545375293
3326.0	0.0345616317639725
3327.0	0.03017315858182836
3328.0	0.031136244345172915
3329.0	0.03250569625707241
3330.0	0.03303831110773642
3331.0	0.03510519419501023
3332.0	0.034790225277099344
3333.0	0.031207252962826917
3334.0	0.03658623107750904
3335.0	0.03678047530175637
3336.0	0.04135134119911949
3337.0	0.042001968957482934
3338.0	0.04728221797576625
3339.0	0.04126436317523221
3340.0	0.02456578782705396
3341.0	0.02134358348253161
3342.0	0.015244174230038519
3343.0	0.01979374758575719
3344.0	0.020399178911384677
3345.0	0.016965354825140905
3346.0	0.020511065191535376
3347.0	0.021088575165383715
3348.0	0.018290212923407687
3349.0	0.026632068295224538
3350.0	0.021001496704979153
3351.0	0.021304714550378735
3352.0	0.023364366208414845
3353.0	0.018106313660430844
3354.0	0.01758695643003624
3355.0	0.016696888014689274
3356.0	0.019826891636430224
3357.0	0.016421189774999935
3358.0	0.0178368424848073
3359.0	0.020658104252702928
3360.0	0.030171350724518875
3361.0	0.0443074892096027
3362.0	0.04714140597866449
3363.0	0.046102390208323435
3364.0	0.04139201798858185
3365.0	0.03263596241986911
3366.0	0.030539350123506663
3367.0	0.02931161413736378
3368.0	0.03249494954973302
3369.0	0.03698365837603384
3370.0	0.033183642748111766
3371.0	0.03587242874983254
3372.0	0.032698735243113494
3373.0	0.02939417295449475
3374.0	0.03380705221031635
3375.0	0.03470344812624617
3376.0	0.03630279922599604
3377.0	0.031861898181878005
3378.0	0.03563871297432886
3379.0	0.030427162533804345
3380.0	0.02819847621733571
3381.0	0.03244553478327509
3382.0	0.03292481784331057
3383.0	0.03610062051689048
3384.0	0.04369080899404986
3385.0	0.04161297832640209
3386.0	0.041077450816739636
3387.0	0.04405258132897186
3388.0	0.030567773657871767
3389.0	0.011481119240442783
3390.0	0.013593801379555797
3391.0	0.01597063155888118
3392.0	0.017731685451308356

