0.000000	39.320004
1.000000	39.287924
2.000000	39.370064
3.000000	39.232808
4.000000	39.481498
5.000000	39.495546
6.000000	39.570953
7.000000	39.483903
8.000000	39.411025
9.000000	39.624171
10.000000	39.462174
11.000000	39.541655
12.000000	39.508834
13.000000	39.551455
14.000000	39.703133
15.000000	39.576331
16.000000	39.685898
17.000000	39.508045
18.000000	39.270907
19.000000	39.056088
20.000000	39.051099
21.000000	39.068584
22.000000	38.893402
23.000000	38.986773
24.000000	39.176015
25.000000	39.141648
26.000000	39.063610
27.000000	39.266275
28.000000	39.279594
29.000000	39.365835
30.000000	39.243333
31.000000	39.331417
32.000000	39.498515
33.000000	39.488072
34.000000	39.401407
35.000000	39.422038
36.000000	39.421217
37.000000	39.292149
38.000000	39.385238
39.000000	39.465139
40.000000	39.505624
41.000000	39.352916
42.000000	39.060456
43.000000	39.203074
44.000000	39.157548
45.000000	39.169983
46.000000	39.173871
47.000000	39.142227
48.000000	39.264139
49.000000	39.057682
50.000000	39.351521
51.000000	39.158629
52.000000	39.285919
53.000000	39.333843
54.000000	39.278342
55.000000	39.254029
56.000000	39.263623
57.000000	39.155554
58.000000	39.209375
59.000000	39.291138
60.000000	39.348189
61.000000	39.286838
62.000000	39.386157
63.000000	39.461291
64.000000	39.348355
65.000000	39.271288
66.000000	39.264511
67.000000	39.173617
68.000000	39.111031
69.000000	39.241510
70.000000	39.253494
71.000000	39.229277
72.000000	39.183334
73.000000	39.049946
74.000000	38.979287
75.000000	38.747962
76.000000	38.911251
77.000000	38.743314
78.000000	38.775604
79.000000	38.814698
80.000000	38.873678
81.000000	38.939816
82.000000	38.904241
83.000000	39.122812
84.000000	39.078697
85.000000	38.985754
86.000000	39.172226
87.000000	39.120930
88.000000	39.241336
89.000000	39.045008
90.000000	39.223003
91.000000	39.139302
92.000000	39.168608
93.000000	39.001087
94.000000	39.154785
95.000000	39.155332
96.000000	38.836225
97.000000	38.742878
98.000000	38.857676
99.000000	38.676732
100.000000	38.706918
101.000000	38.861552
102.000000	38.838900
103.000000	39.357902
104.000000	39.163853
105.000000	38.737663
106.000000	38.964572
107.000000	39.482350
108.000000	39.619459
109.000000	39.406939
110.000000	39.401692
111.000000	39.201651
112.000000	39.355227
113.000000	39.115992
114.000000	39.152760
115.000000	39.149360
116.000000	39.138165
117.000000	39.175678
118.000000	39.278853
119.000000	39.668869
120.000000	39.700315
121.000000	39.604527
122.000000	39.618988
123.000000	39.680437
124.000000	39.645266
125.000000	39.593256
126.000000	39.596340
127.000000	39.732209
128.000000	39.565464
129.000000	39.627805
130.000000	39.807370
131.000000	39.659822
132.000000	39.658518
133.000000	39.599466
134.000000	39.636591
135.000000	39.727560
136.000000	39.632862
137.000000	39.523073
138.000000	39.712969
139.000000	39.801961
140.000000	39.616329
141.000000	39.538469
142.000000	39.702209
143.000000	39.714919
144.000000	39.655724
145.000000	39.733802
146.000000	39.622562
147.000000	39.666749
148.000000	39.799278
149.000000	39.790892
150.000000	39.831730
151.000000	39.696003
152.000000	39.845042
153.000000	39.868558
154.000000	39.984652
155.000000	39.872291
156.000000	39.951141
157.000000	39.845608
158.000000	39.921510
159.000000	40.000844
160.000000	39.842105
161.000000	39.816984
162.000000	39.957819
163.000000	39.943192
164.000000	39.974210
165.000000	40.006214
166.000000	40.150029
167.000000	39.976528
168.000000	40.088465
169.000000	40.155320
170.000000	40.123985
171.000000	40.067671
172.000000	40.138461
173.000000	40.037311
174.000000	40.074099
175.000000	40.204234
176.000000	40.022454
177.000000	40.222380
178.000000	40.416758
179.000000	40.237582
180.000000	40.206014
181.000000	40.194838
182.000000	40.232129
183.000000	40.183587
184.000000	40.322139
185.000000	40.363996
186.000000	40.162259
187.000000	40.359161
188.000000	40.245084
189.000000	40.394360
190.000000	40.177001
191.000000	40.440290
192.000000	40.292275
193.000000	40.317685
194.000000	40.364214
195.000000	40.456142
196.000000	40.390817
197.000000	40.411833
198.000000	40.489954
199.000000	40.490822
200.000000	40.377097
201.000000	40.451185
202.000000	40.509963
203.000000	40.418998
204.000000	40.597163
205.000000	40.616269
206.000000	40.494717
207.000000	40.540584
208.000000	40.428889
209.000000	40.593418
210.000000	40.466200
211.000000	40.583321
212.000000	40.581486
213.000000	40.570215
214.000000	40.458995
215.000000	40.403495
216.000000	40.698373
217.000000	40.519874
218.000000	40.666067
219.000000	40.516169
220.000000	40.509396
221.000000	40.618741
222.000000	40.471903
223.000000	40.687078
224.000000	40.632893
225.000000	40.596743
226.000000	40.605569
227.000000	40.731146
228.000000	40.824917
229.000000	40.708898
230.000000	40.620128
231.000000	40.830132
232.000000	40.928936
233.000000	40.705122
234.000000	40.775349
235.000000	40.700616
236.000000	40.764859
237.000000	40.871715
238.000000	40.845461
239.000000	40.724294
240.000000	40.745001
241.000000	40.578514
242.000000	40.705347
243.000000	40.721679
244.000000	40.662992
245.000000	40.712806
246.000000	40.724366
247.000000	40.706734
248.000000	40.722206
249.000000	40.582401
250.000000	40.544575
251.000000	40.668690
252.000000	40.598146
253.000000	40.594381
254.000000	40.555235
255.000000	40.711530
256.000000	40.658177
257.000000	40.683317
258.000000	40.704812
259.000000	40.705700
260.000000	40.648182
261.000000	40.566236
262.000000	40.782312
263.000000	40.791418
264.000000	40.574036
265.000000	40.565943
266.000000	40.716400
267.000000	40.634922
268.000000	40.706354
269.000000	40.660681
270.000000	40.720739
271.000000	40.735608
272.000000	40.737550
273.000000	40.636598
274.000000	40.650144
275.000000	40.590161
276.000000	40.634102
277.000000	40.534133
278.000000	40.468423
279.000000	40.807643
280.000000	40.768687
281.000000	40.529163
282.000000	40.683333
283.000000	40.698238
284.000000	40.673489
285.000000	40.612456
286.000000	40.733599
287.000000	40.636527
288.000000	40.686626
289.000000	40.536641
290.000000	40.703116
291.000000	40.542098
292.000000	40.842679
293.000000	40.726502
294.000000	40.734641
295.000000	40.683765
296.000000	40.768560
297.000000	40.540355
298.000000	40.695365
299.000000	40.559761
300.000000	40.708605
301.000000	40.657281
302.000000	40.697017
303.000000	40.787487
304.000000	40.731534
305.000000	40.494896
306.000000	40.725138
307.000000	40.737820
308.000000	40.709473
309.000000	40.677710
310.000000	40.745829
311.000000	40.633773
312.000000	40.730072
313.000000	40.613748
314.000000	40.626905
315.000000	40.559309
316.000000	40.753216
317.000000	40.730346
318.000000	40.635730
319.000000	40.659714
320.000000	40.837721
321.000000	40.757179
322.000000	40.749649
323.000000	40.658141
324.000000	40.790511
325.000000	40.748837
326.000000	40.794787
327.000000	40.701876
328.000000	40.970876
329.000000	40.693768
330.000000	40.942898
331.000000	40.843095
332.000000	40.786742
333.000000	40.727457
334.000000	40.680317
335.000000	40.910045
336.000000	40.861558
337.000000	40.965546
338.000000	40.918082
339.000000	40.816361
340.000000	40.768172
341.000000	40.966275
342.000000	40.817942
343.000000	40.820043
344.000000	40.663594
345.000000	40.843147
346.000000	40.735363
347.000000	40.684764
348.000000	40.763357
349.000000	40.721742
350.000000	40.758058
351.000000	40.699676
352.000000	40.855281
353.000000	40.738755
354.000000	40.682545
355.000000	40.771727
356.000000	40.887127
357.000000	40.872635
358.000000	40.919504
359.000000	40.962185
360.000000	40.951244
361.000000	40.683991
362.000000	40.832728
363.000000	40.928611
364.000000	40.815723
365.000000	40.907382
366.000000	40.792389
367.000000	40.800054
368.000000	40.744993
369.000000	40.953598
370.000000	40.703445
371.000000	40.876194
372.000000	40.849777
373.000000	40.874164
374.000000	40.914725
375.000000	40.877295
376.000000	40.966794
377.000000	40.895933
378.000000	40.489395
379.000000	40.007423
380.000000	39.952940
388.000000	40.098539
389.000000	40.261526
390.000000	40.421007
391.000000	40.748310
392.000000	40.704341
393.000000	40.850161
394.000000	40.823360
395.000000	40.873507
396.000000	40.868723
397.000000	40.806692
398.000000	40.793986
399.000000	40.789211
400.000000	40.744485
401.000000	40.782316
402.000000	40.783275
403.000000	40.812767
404.000000	40.704432
405.000000	40.532821
406.000000	40.706271
407.000000	40.630428
408.000000	40.613399
409.000000	40.514813
410.000000	40.724544
411.000000	40.702403
412.000000	40.582683
413.000000	40.644714
414.000000	40.625593
415.000000	40.652410
416.000000	40.531196
417.000000	40.599616
418.000000	40.819888
419.000000	40.624634
420.000000	40.718322
421.000000	40.714205
422.000000	40.705534
423.000000	40.652890
424.000000	40.707749
425.000000	40.721817
426.000000	40.704884
427.000000	40.742068
428.000000	40.680385
429.000000	40.727512
430.000000	40.763270
431.000000	40.749625
432.000000	40.659512
433.000000	40.812985
434.000000	40.636935
435.000000	40.910604
436.000000	40.761050
437.000000	40.850423
438.000000	40.815957
439.000000	40.740550
440.000000	40.730678
441.000000	40.928572
442.000000	40.784998
443.000000	40.669701
444.000000	40.679196
445.000000	40.740423
446.000000	40.688235
447.000000	40.867511
448.000000	40.903256
449.000000	40.733877
450.000000	40.665781
451.000000	40.837515
452.000000	40.879645
453.000000	40.763353
454.000000	40.785137
455.000000	40.729981
456.000000	40.829118
457.000000	40.743820
458.000000	40.790317
459.000000	40.753965
460.000000	40.871422
461.000000	40.877779
462.000000	40.888950
463.000000	40.850486
464.000000	40.852277
465.000000	40.917551
466.000000	40.841617
467.000000	40.790233
468.000000	40.863211
469.000000	40.898869
470.000000	40.786191
471.000000	40.955385
472.000000	40.795813
473.000000	40.695365
474.000000	40.817788
475.000000	40.869369
476.000000	40.570956
477.000000	40.868236
478.000000	40.764411
479.000000	40.835569
480.000000	40.687344
481.000000	40.737376
482.000000	40.754563
483.000000	40.738850
484.000000	40.710016
485.000000	40.793459
486.000000	40.808927
487.000000	40.834737
488.000000	40.706715
489.000000	40.809081
490.000000	40.605422
491.000000	40.739060
492.000000	40.914753
493.000000	40.685683
494.000000	40.727651
495.000000	40.893091
496.000000	40.751096
497.000000	40.796459
498.000000	40.606020
499.000000	40.803648
500.000000	40.818216
501.000000	40.575312
502.000000	40.782375
503.000000	40.723577
504.000000	40.750133
505.000000	40.799439
506.000000	40.708106
507.000000	40.715544
508.000000	40.774742
509.000000	40.839057
510.000000	40.643106
511.000000	40.767914
512.000000	40.650651
513.000000	40.903387
514.000000	40.932348
515.000000	40.911686
516.000000	40.921652
517.000000	40.677706
518.000000	40.899920
519.000000	40.927355
520.000000	40.713495
521.000000	40.775943
522.000000	40.817950
523.000000	40.868474
524.000000	40.752653
525.000000	40.726113
526.000000	40.810924
527.000000	40.821489
528.000000	40.772143
529.000000	40.843690
530.000000	40.902603
531.000000	40.819365
532.000000	40.722868
533.000000	40.894930
534.000000	40.882804
535.000000	40.897772
536.000000	40.948216
537.000000	40.784800
538.000000	40.754531
539.000000	40.826918
540.000000	40.767371
541.000000	40.734867
542.000000	40.847534
543.000000	40.795017
544.000000	40.850490
545.000000	40.670493
546.000000	40.765132
547.000000	40.563062
548.000000	40.892398
549.000000	40.778261
550.000000	40.766444
551.000000	40.742112
552.000000	40.648943
553.000000	40.688485
554.000000	40.761272
555.000000	40.725943
556.000000	40.725000
557.000000	40.654079
558.000000	40.634803
559.000000	40.690938
560.000000	40.725130
561.000000	40.666019
562.000000	40.666974
563.000000	40.741180
564.000000	40.912074
565.000000	40.889410
566.000000	40.816658
567.000000	40.782228
568.000000	40.863429
569.000000	40.768596
570.000000	40.775487
571.000000	40.772456
572.000000	40.535310
573.000000	40.709600
574.000000	40.870875
575.000000	40.712968
576.000000	40.749728
577.000000	40.651008
578.000000	40.614461
579.000000	40.686615
580.000000	40.776252
581.000000	40.745389
582.000000	40.749498
583.000000	40.756200
584.000000	40.706889
585.000000	40.861864
586.000000	40.765429
587.000000	40.889350
588.000000	40.765675
589.000000	40.705763
590.000000	40.808308
591.000000	40.546584
592.000000	40.637343
593.000000	40.788866
594.000000	40.634958
595.000000	40.675550
596.000000	40.617148
597.000000	40.664129
598.000000	40.760404
599.000000	40.852103
600.000000	40.760500
601.000000	40.706695
602.000000	40.742508
603.000000	40.587323
604.000000	40.700017
605.000000	40.660947
606.000000	40.599838
607.000000	40.697259
608.000000	40.747137
609.000000	40.657455
610.000000	40.874688
611.000000	40.678403
618.000000	40.295675
619.000000	40.430391
628.000000	40.282447
629.000000	40.400958
630.000000	40.710218
631.000000	40.628375
632.000000	40.550080
633.000000	40.490576
634.000000	40.565951
635.000000	40.611810
636.000000	40.741640
637.000000	40.511568
638.000000	40.560700
639.000000	40.469089
640.000000	40.685513
641.000000	40.463172
642.000000	40.477467
643.000000	40.584193
644.000000	40.568313
645.000000	40.539106
646.000000	40.514500
647.000000	40.568935
648.000000	40.510847
649.000000	40.432614
650.000000	40.557249
651.000000	40.689813
652.000000	40.679085
653.000000	40.507577
654.000000	40.655549
655.000000	40.440865
656.000000	40.702482
657.000000	40.641045
658.000000	40.547163
659.000000	40.523651
660.000000	40.597393
661.000000	40.667838
662.000000	40.686246
663.000000	40.680036
664.000000	40.677111
665.000000	40.596232
666.000000	40.675796
667.000000	40.577384
668.000000	40.874779
669.000000	40.582956
670.000000	40.706509
671.000000	40.787741
672.000000	40.789314
673.000000	40.600892
674.000000	40.678035
675.000000	40.805059
676.000000	40.788339
677.000000	40.609833
678.000000	40.686238
679.000000	40.643870
680.000000	40.688053
681.000000	40.689341
682.000000	40.779292
683.000000	40.683024
684.000000	40.679033
685.000000	40.669316
686.000000	40.794708
687.000000	40.744085
688.000000	40.563145
689.000000	40.627713
690.000000	40.684938
691.000000	40.642892
692.000000	40.705181
693.000000	40.829688
694.000000	40.646371
695.000000	40.665702
696.000000	40.638544
697.000000	40.528993
698.000000	40.704642
699.000000	40.686147
700.000000	40.675764
701.000000	40.533300
702.000000	40.832288
703.000000	40.651872
704.000000	40.763369
705.000000	40.876459
706.000000	40.696363
707.000000	40.641584
708.000000	40.755459
709.000000	40.818513
710.000000	40.734562
711.000000	40.941951
712.000000	40.792671
713.000000	40.814059
714.000000	40.884528
715.000000	40.934671
716.000000	40.768798
717.000000	40.824600
718.000000	40.718199
719.000000	40.758712
720.000000	40.732914
721.000000	40.768406
722.000000	40.671123
723.000000	40.843238
724.000000	40.855039
725.000000	40.698012
726.000000	40.945533
727.000000	40.729125
728.000000	40.767379
729.000000	40.895109
730.000000	40.845207
731.000000	40.903577
732.000000	41.001941
733.000000	40.873221
734.000000	41.061853
735.000000	40.921300
736.000000	40.952064
737.000000	40.920967
738.000000	40.853593
739.000000	40.907853
740.000000	41.032298
741.000000	40.842509
742.000000	40.900700
743.000000	40.950126
744.000000	40.975984
745.000000	40.879891
746.000000	40.780021
747.000000	40.761752
748.000000	40.924799
749.000000	40.905488
750.000000	40.834618
751.000000	40.928988
752.000000	40.788557
753.000000	40.781808
754.000000	40.813080
755.000000	40.917012
756.000000	40.800291
757.000000	40.857928
758.000000	40.811907
759.000000	40.729553
760.000000	40.786647
761.000000	40.677920
762.000000	40.875373
763.000000	40.678982
764.000000	40.703429
765.000000	40.738925
766.000000	40.695024
767.000000	40.532599
768.000000	40.609551
769.000000	40.643506
770.000000	40.729236
771.000000	40.788474
772.000000	40.902959
773.000000	40.687669
774.000000	40.789013
775.000000	40.703857
776.000000	40.965764
777.000000	40.758597
778.000000	40.819805
779.000000	40.748599
780.000000	40.761748
781.000000	40.831305
782.000000	40.728685
783.000000	41.000182
784.000000	40.756763
785.000000	40.834785
786.000000	40.926935
787.000000	40.789282
788.000000	40.905884
789.000000	40.849872
790.000000	40.869322
791.000000	40.770090
792.000000	40.731007
793.000000	40.627880
794.000000	40.895319
795.000000	40.739952
796.000000	40.655767
797.000000	40.875405
798.000000	40.660610
799.000000	40.845857
800.000000	40.779950
801.000000	40.718762
802.000000	40.512047
803.000000	40.720969
804.000000	40.649553
805.000000	40.683203
806.000000	40.396314
807.000000	40.482064
808.000000	40.653671
809.000000	40.772888
810.000000	40.666110
811.000000	40.703413
812.000000	40.620881
813.000000	40.571594
814.000000	40.619371
815.000000	40.524998
816.000000	40.704107
817.000000	40.723399
818.000000	40.649831
819.000000	40.833025
820.000000	40.739480
821.000000	40.630444
822.000000	40.654321
823.000000	40.695737
824.000000	40.669717
825.000000	40.749229
826.000000	40.609187
827.000000	40.636491
828.000000	40.630943
829.000000	40.615183
830.000000	40.791066
831.000000	40.870412
832.000000	40.861709
833.000000	40.805515
834.000000	40.881373
835.000000	40.771334
836.000000	40.935998
837.000000	40.872718
838.000000	40.929218
839.000000	40.872754
840.000000	40.795005
841.000000	40.727714
842.000000	40.781547
843.000000	40.942121
844.000000	40.908214
845.000000	40.775594
846.000000	40.731935
847.000000	40.807873
848.000000	40.689460
849.000000	40.771592
850.000000	40.825563
851.000000	40.812402
852.000000	40.880006
853.000000	40.865755
854.000000	40.770130
855.000000	40.788486
856.000000	40.773379
857.000000	40.708942
858.000000	40.667672
859.000000	40.617014
860.000000	40.586372
861.000000	40.558489
862.000000	40.494816
863.000000	40.647889
864.000000	40.691723
865.000000	40.319813
866.000000	40.531109
867.000000	40.514282
868.000000	40.338815
869.000000	40.401339
870.000000	40.423813
871.000000	40.431362
872.000000	40.402995
873.000000	40.422929
874.000000	40.589107
875.000000	40.437370
876.000000	40.433930
877.000000	40.255122
878.000000	40.427462
879.000000	40.410410
880.000000	40.437148
881.000000	40.314447
882.000000	40.349821
883.000000	40.463327
884.000000	40.390865
885.000000	40.340765
886.000000	40.194711
887.000000	40.236041
888.000000	40.176597
889.000000	40.411040
890.000000	40.398228
891.000000	40.362062
892.000000	40.401244
893.000000	40.344142
894.000000	40.322227
895.000000	40.610479
896.000000	40.342541
897.000000	40.360730
898.000000	40.446683
899.000000	40.470563
900.000000	40.637014
901.000000	40.554601
902.000000	40.476440
903.000000	40.778436
904.000000	40.685846
905.000000	40.793614
906.000000	40.576821
907.000000	40.685616
908.000000	40.727294
909.000000	40.842623
910.000000	40.706199
911.000000	40.781424
912.000000	40.857552
913.000000	40.816092
914.000000	40.880913
915.000000	40.764934
916.000000	40.766920
917.000000	40.992121
918.000000	40.776593
919.000000	40.742991
920.000000	40.761062
921.000000	40.919275
922.000000	40.711288
923.000000	40.760935
924.000000	40.519335
925.000000	40.627943
926.000000	40.659512
927.000000	40.606619
928.000000	40.670771
929.000000	40.598027
930.000000	40.656286
931.000000	40.698947
932.000000	40.766476
933.000000	40.716091
934.000000	40.900054
935.000000	40.755447
936.000000	40.661101
937.000000	40.734142
938.000000	40.602053
939.000000	40.584403
940.000000	40.542736
941.000000	40.638881
942.000000	40.688675
943.000000	40.483308
944.000000	40.404148
945.000000	40.427589
946.000000	40.346773
947.000000	40.293971
948.000000	40.395422
949.000000	40.494745
950.000000	40.561144
951.000000	40.358872
952.000000	40.511005
953.000000	40.415177
954.000000	40.359668
955.000000	40.436965
956.000000	40.418042
957.000000	40.239548
958.000000	40.222527
959.000000	40.297423
960.000000	40.295754
961.000000	40.297419
962.000000	40.341875
963.000000	40.344613
964.000000	40.196843
965.000000	40.279344
966.000000	40.262485
967.000000	40.298580
968.000000	40.105910
969.000000	40.095452
970.000000	40.331480
971.000000	40.292596
972.000000	40.154456
973.000000	40.224346
974.000000	40.295822
975.000000	40.106401
976.000000	40.128411
977.000000	40.293717
978.000000	40.192789
979.000000	40.293761
980.000000	40.167050
981.000000	40.286307
982.000000	40.120018
983.000000	40.198286
984.000000	40.119606
985.000000	40.128348
986.000000	40.090434
987.000000	40.179426
988.000000	40.119316
989.000000	40.036558
990.000000	40.062920
991.000000	40.039784
992.000000	40.030404
993.000000	39.942879
994.000000	39.930106
995.000000	39.941317
996.000000	39.863041
997.000000	39.725333
998.000000	39.801354
999.000000	39.898196
1000.000000	39.870991
1001.000000	39.835558
1002.000000	39.748869
1003.000000	39.701837
1004.000000	39.906661
1005.000000	39.728012
1006.000000	39.711059
1007.000000	39.881203
1008.000000	39.879515
1009.000000	40.051435
1010.000000	40.042103
1011.000000	39.990775
1012.000000	40.073996
1013.000000	40.089939
1014.000000	40.055160
1015.000000	40.011992
1016.000000	40.014362
1017.000000	39.982290
1018.000000	39.917571
1019.000000	39.989958
1020.000000	40.120581
1021.000000	39.834591
1022.000000	39.827327
1023.000000	39.781595
1024.000000	39.843274
1025.000000	39.784694
1026.000000	39.773487
1027.000000	39.777240
1028.000000	39.728844
1029.000000	39.695508
1030.000000	39.649162
1031.000000	39.748818
1032.000000	39.772246
1033.000000	39.805174
1034.000000	39.892232
1035.000000	39.534470
1036.000000	39.762688
1037.000000	39.660618
1038.000000	39.614890
1039.000000	39.741966
1040.000000	39.795013
1041.000000	39.629779
1042.000000	39.610032
1043.000000	39.665251
1044.000000	39.692877
1045.000000	39.709834
1046.000000	39.562393
1047.000000	39.564339
1048.000000	39.874110
1049.000000	39.580963
1050.000000	39.693760
1051.000000	39.915193
1052.000000	39.735906
1053.000000	39.837266
1054.000000	39.869830
1055.000000	39.779491
1056.000000	39.832063
1057.000000	39.669476
1058.000000	39.910977
1059.000000	39.862815
1060.000000	39.604741
1061.000000	39.543684
1062.000000	39.547041
1064.000000	39.556140
1066.000000	39.515413
1067.000000	39.617363
1068.000000	39.654373
1069.000000	39.722044
1070.000000	39.584530
1071.000000	39.643439
1072.000000	39.770515
1073.000000	39.911227
1074.000000	40.047987
1075.000000	40.071230
1076.000000	40.225214
1077.000000	40.049890
1078.000000	40.171266
1079.000000	40.367452
1080.000000	40.126644
1081.000000	40.067085
1082.000000	40.216805
1083.000000	40.020861
1084.000000	40.167961
1085.000000	40.173204
1086.000000	40.198916
1087.000000	40.267590
1088.000000	40.205471
1089.000000	40.377890
1090.000000	40.474740
1091.000000	40.410105
1092.000000	40.621147
1093.000000	40.600655
1094.000000	40.519779
1095.000000	40.560894
1096.000000	40.544936
1097.000000	40.573457
1098.000000	40.599541
1099.000000	40.628217
1100.000000	40.682394
1101.000000	40.368494
1102.000000	40.565230
1103.000000	40.658632
1104.000000	40.671758
1105.000000	40.711918
1106.000000	40.761708
1107.000000	40.932562
1108.000000	40.801663
1109.000000	40.801865
1110.000000	40.968142
1111.000000	40.976277
1112.000000	41.010577
1113.000000	40.977046
1114.000000	41.072414
1115.000000	41.008183
1116.000000	41.051149
1117.000000	41.127662
1118.000000	41.019252
1119.000000	41.162424
1120.000000	40.989351
1121.000000	40.862609
1122.000000	40.969085
1123.000000	40.934254
1124.000000	40.978635
1125.000000	41.112908
1126.000000	40.957489
1127.000000	40.854053
1128.000000	40.955179
1129.000000	40.854952
1130.000000	41.003063
1131.000000	41.046972
1132.000000	41.033173
1133.000000	40.921961
1134.000000	40.953150
1135.000000	41.178256
1136.000000	40.953554
1137.000000	40.991131
1138.000000	41.035020
1139.000000	40.946250
1140.000000	40.735533
1141.000000	40.795944
1142.000000	40.731106
1143.000000	41.028311
1144.000000	40.988452
1145.000000	40.754369
1146.000000	40.786647
1147.000000	40.938134
1148.000000	41.050753
1149.000000	40.780279
1150.000000	40.882919
1151.000000	40.809707
1152.000000	40.769745
1153.000000	40.780560
1154.000000	40.880521
1155.000000	40.710170
1156.000000	40.707281
1157.000000	40.595487
1158.000000	40.704602
1159.000000	40.658795
1160.000000	40.543287
1161.000000	40.661553
1162.000000	40.815271
1163.000000	40.571769
1164.000000	40.665179
1165.000000	40.578244
1166.000000	40.665068
1167.000000	40.682410
1168.000000	40.670295
1169.000000	40.558719
1170.000000	40.542756
1171.000000	40.582603
1172.000000	40.570909
1173.000000	40.503888
1174.000000	40.526147
1175.000000	40.431944
1176.000000	40.545253
1177.000000	40.545221
1178.000000	40.507922
1179.000000	40.395743
1180.000000	40.449845
1181.000000	40.540878
1182.000000	40.460862
1183.000000	40.565662
1184.000000	40.750989
1185.000000	40.393555
1186.000000	40.508833
1187.000000	40.644080
1188.000000	40.750485
1189.000000	40.472121
1190.000000	40.577582
1191.000000	40.601721
1192.000000	40.485563
1193.000000	40.544131
1194.000000	40.651658
1195.000000	40.558465
1196.000000	40.680742
1197.000000	40.512368
1198.000000	40.681277
1199.000000	40.511500
1200.000000	40.633860
1201.000000	40.588916
1202.000000	40.599882
1203.000000	40.635964
1204.000000	40.493778
1205.000000	40.655922
1206.000000	40.490540
1207.000000	40.610871
1208.000000	40.508294
1209.000000	40.625974
1210.000000	40.403701
1211.000000	40.497741
1212.000000	40.727686
1213.000000	40.475216
1214.000000	40.498787
1215.000000	40.482761
1216.000000	40.560918
1217.000000	40.476179
1218.000000	40.538956
1219.000000	40.705704
1220.000000	40.531260
1221.000000	40.596216
1222.000000	40.584216
1223.000000	40.513418
1224.000000	40.471788
1225.000000	40.638964
1226.000000	40.513803
1227.000000	40.608394
1228.000000	40.456816
1229.000000	40.629675
1230.000000	40.557700
1231.000000	40.583206
1232.000000	40.570100
1233.000000	40.454882
1234.000000	40.610467
1235.000000	40.680100
1236.000000	40.650996
1237.000000	40.401200
1238.000000	40.509971
1239.000000	40.591187
1240.000000	40.699764
1241.000000	40.661771
1242.000000	40.739773
1243.000000	40.585235
1244.000000	40.625098
1245.000000	40.690962
1246.000000	40.422846
1247.000000	40.560110
1248.000000	40.699185
1249.000000	40.695773
1250.000000	40.818664
1251.000000	40.701646
1252.000000	40.759350
1253.000000	40.601550
1254.000000	40.770724
1255.000000	40.756624
1256.000000	40.790745
1257.000000	40.856181
1258.000000	40.673331
1259.000000	40.674480
1260.000000	40.662690
1261.000000	40.789247
1262.000000	40.645305
1263.000000	40.828694
1264.000000	40.782819
1265.000000	40.767867
1266.000000	40.765263
1267.000000	40.676180
1268.000000	40.918157
1269.000000	40.723791
1270.000000	40.825377
1271.000000	40.777671
1272.000000	40.820376
1273.000000	40.759021
1274.000000	40.796499
1275.000000	40.768996
1276.000000	40.762806
1277.000000	40.789520
1278.000000	40.644980
1279.000000	40.656690
1280.000000	40.859212
1281.000000	40.672677
1282.000000	40.800787
1283.000000	40.840301
1284.000000	40.926348
1285.000000	40.840967
1286.000000	40.838169
1287.000000	40.918755
1288.000000	40.843388
1289.000000	40.913865
1290.000000	40.833937
1291.000000	40.848909
1292.000000	40.855158
1293.000000	40.845053
1294.000000	40.805118
1295.000000	40.898025
1296.000000	40.979943
1297.000000	40.828440
1298.000000	40.735184
1299.000000	40.869064
1300.000000	40.701464
1301.000000	40.727005
1302.000000	40.845865
1303.000000	40.813040
1304.000000	40.986858
1305.000000	40.880668
1306.000000	40.898362
1307.000000	40.828543
1308.000000	40.977074
1309.000000	40.961749
1310.000000	40.870479
1311.000000	41.056376
1312.000000	41.001937
1313.000000	41.032805
1314.000000	41.017670
1315.000000	40.972342
1316.000000	40.944174
1317.000000	40.855166
1318.000000	40.971415
1319.000000	40.951481
1320.000000	40.830699
1321.000000	41.022299
1322.000000	40.936363
1323.000000	40.961702
1324.000000	41.041638
1325.000000	40.971605
1326.000000	40.952627
1327.000000	41.042605
1328.000000	41.021946
1329.000000	40.935784
1330.000000	41.037608
1331.000000	41.027162
1332.000000	41.119918
1333.000000	41.121174
1334.000000	41.050852
1335.000000	41.128129
1336.000000	41.140577
1337.000000	41.024082
1338.000000	41.102342
1339.000000	41.132893
1340.000000	41.083368
1341.000000	41.251230
1342.000000	41.168492
1343.000000	41.054890
1344.000000	41.100630
1345.000000	41.252605
1346.000000	41.039570
1347.000000	41.147556
1348.000000	41.225300
1349.000000	41.177662
1350.000000	41.166835
1351.000000	41.274171
1352.000000	41.176457
1353.000000	41.118666
1354.000000	41.232465
1355.000000	41.328741
1356.000000	41.193708
1357.000000	41.256948
1358.000000	41.084271
1359.000000	41.138041
1360.000000	41.236238
1361.000000	41.159781
1362.000000	41.099426
1363.000000	41.036340
1364.000000	41.191552
1365.000000	41.104570
1366.000000	41.187284
1367.000000	41.186856
1368.000000	41.170628
1369.000000	41.101142
1370.000000	40.997515
1371.000000	41.075462
1372.000000	41.218880
1373.000000	41.283544
1374.000000	41.125367
1375.000000	41.265940
1376.000000	41.231288
1377.000000	41.163209
1378.000000	41.282490
1379.000000	41.237986
1380.000000	41.248424
1381.000000	41.226723
1382.000000	41.398703
1383.000000	41.227127
1384.000000	41.259104
1385.000000	41.317946
1386.000000	41.224686
1387.000000	41.323308
1388.000000	41.357651
1389.000000	41.438804
1390.000000	41.424351
1391.000000	41.237954
1392.000000	41.366373
1393.000000	41.440698
1394.000000	41.526484
1395.000000	41.376605
1396.000000	41.278146
1397.000000	41.233805
1398.000000	41.364756
1399.000000	41.285264
1400.000000	41.411424
1401.000000	41.478484
1402.000000	41.404905
1403.000000	41.466382
1404.000000	41.301072
1405.000000	41.288014
1406.000000	41.487536
1407.000000	41.508757
1408.000000	41.448663
1409.000000	41.477232
1410.000000	41.395465
1411.000000	41.499397
1412.000000	41.513152
1413.000000	41.309984
1414.000000	41.423118
1415.000000	41.476590
1416.000000	41.458765
1417.000000	41.515292
1418.000000	41.382613
1419.000000	41.583875
1420.000000	41.458888
1421.000000	41.454719
1422.000000	41.402848
1423.000000	41.457005
1424.000000	41.542545
1425.000000	41.511325
1426.000000	41.540318
1427.000000	41.496334
1428.000000	41.576868
1429.000000	41.622997
1430.000000	41.581002
1431.000000	41.591583
1432.000000	41.523595
1433.000000	41.418137
1434.000000	41.490116
1435.000000	41.624400
1436.000000	41.567127
1437.000000	41.536217
1438.000000	41.628604
1439.000000	41.596291
1440.000000	41.603860
1441.000000	41.617068
1442.000000	41.532507
1443.000000	41.528219
1444.000000	41.594396
1445.000000	41.678494
1446.000000	41.691227
1447.000000	41.559578
1448.000000	41.652711
1449.000000	41.443246
1450.000000	41.545335
1451.000000	41.624408
1452.000000	41.643458
1453.000000	41.531140
1454.000000	41.657054
1455.000000	41.597408
1456.000000	41.577479
1457.000000	41.560093
1458.000000	41.658624
1459.000000	41.616185
1460.000000	41.660573
1461.000000	41.353787
1462.000000	41.692911
1463.000000	41.487770
1464.000000	41.481552
1465.000000	41.521649
1466.000000	41.572291
1467.000000	41.507457
1468.000000	41.497812
1469.000000	41.383525
1470.000000	41.473131
1471.000000	41.598197
1472.000000	41.549893
1473.000000	41.543916
1474.000000	41.581057
1475.000000	41.539407
1476.000000	41.487084
1477.000000	41.601565
1478.000000	41.588622
1479.000000	41.590552
1480.000000	41.643850
1481.000000	41.574443
1482.000000	41.767256
1483.000000	41.665159
1484.000000	41.733266
1485.000000	41.566557
1486.000000	41.565384
1487.000000	41.557608
1488.000000	41.674571
1489.000000	41.585036
1490.000000	41.606115
1491.000000	41.585107
1492.000000	41.650959
1493.000000	41.555231
1494.000000	41.459629
1495.000000	41.582412
1496.000000	41.552282
1497.000000	41.561171
1498.000000	41.597210
1499.000000	41.597797
1500.000000	41.569965
1501.000000	41.473959
1502.000000	41.572739
1503.000000	41.613640
1504.000000	41.600063
1505.000000	41.520916
1506.000000	41.593540
1507.000000	41.539870
1508.000000	41.573631
1509.000000	41.466552
1510.000000	41.562308
1511.000000	41.621693
1512.000000	41.644821
1513.000000	41.526761
1514.000000	41.518720
1515.000000	41.506720
1516.000000	41.628719
1517.000000	41.553721
1518.000000	41.548799
1519.000000	41.543532
1520.000000	41.513220
1521.000000	41.588939
1522.000000	41.627919
1523.000000	41.558405
1524.000000	41.606448
1525.000000	41.505730
1526.000000	41.546203
1527.000000	41.611104
1528.000000	41.639285
1529.000000	41.485978
1530.000000	41.398366
1531.000000	41.465224
1532.000000	41.640240
1533.000000	41.518138
1534.000000	41.567678
1535.000000	41.467836
1536.000000	41.549496
1537.000000	41.513992
1538.000000	41.307068
1539.000000	41.561674
1540.000000	41.466489
1541.000000	41.442002
1542.000000	41.378626
1543.000000	41.512098
1544.000000	41.517912
1545.000000	41.559744
1546.000000	41.451255
1547.000000	41.429388
1548.000000	41.398223
1549.000000	41.428611
1550.000000	41.452519
1551.000000	41.482392
1552.000000	41.458151
1553.000000	41.462767
1554.000000	41.438621
1555.000000	41.428242
1556.000000	41.554660
1557.000000	41.388930
1558.000000	41.534394
1559.000000	41.517896
1560.000000	41.637212
1561.000000	41.433208
1562.000000	41.652204
1563.000000	41.468327
1564.000000	41.664956
1565.000000	41.404013
1566.000000	41.661235
1567.000000	41.526456
1568.000000	41.627118
1569.000000	41.586760
1570.000000	41.502373
1571.000000	41.492803
1572.000000	41.616557
1573.000000	41.601355
1574.000000	41.561413
1575.000000	41.548359
1576.000000	41.553871
1577.000000	41.612273
1578.000000	41.516168
1579.000000	41.390032
1580.000000	41.484266
1581.000000	41.310896
1582.000000	41.454798
1583.000000	41.456867
1584.000000	41.560220
1585.000000	41.476380
1586.000000	41.477525
1587.000000	41.585218
1588.000000	41.475504
1589.000000	41.647841
1590.000000	41.581235
1591.000000	41.640010
1592.000000	41.469762
1593.000000	41.567278
1594.000000	41.545537
1595.000000	41.430858
1596.000000	41.679940
1597.000000	41.565843
1598.000000	41.560220
1599.000000	41.525394
1600.000000	41.556075
1601.000000	41.536217
1602.000000	41.602346
1603.000000	41.529888
1604.000000	41.434024
1605.000000	41.483327
1606.000000	41.473832
1607.000000	41.543869
1608.000000	41.636443
1609.000000	41.623005
1610.000000	41.443880
1611.000000	41.439275
1612.000000	41.644880
1613.000000	41.491380
1614.000000	41.504818
1615.000000	41.439790
1616.000000	41.541186
1617.000000	41.425766
1618.000000	41.365212
1619.000000	41.653789
1620.000000	41.791097
1621.000000	41.527605
1622.000000	41.552607
1623.000000	41.608639
1624.000000	41.624693
1625.000000	41.533094
1626.000000	41.660776
1627.000000	41.662341
1628.000000	41.769273
1629.000000	41.546231
1630.000000	41.652786
1631.000000	41.589946
1632.000000	41.569953
1633.000000	41.668059
1634.000000	41.594931
1635.000000	41.528255
1636.000000	41.711081
1637.000000	41.595268
1638.000000	41.428476
1639.000000	41.550443
1640.000000	41.449202
1641.000000	41.544432
1642.000000	41.623136
1643.000000	41.571185
1644.000000	41.695245
1645.000000	41.443028
1646.000000	41.487675
1647.000000	41.581097
1648.000000	41.574661
1649.000000	41.561892
1650.000000	41.474185
1651.000000	41.457509
1652.000000	41.504148
1653.000000	41.434674
1654.000000	41.569172
1655.000000	41.480949
1656.000000	41.528849
1657.000000	41.505143
1658.000000	41.565919
1659.000000	41.454136
1660.000000	41.513711
1661.000000	41.474965
1662.000000	41.471696
1663.000000	41.642800
1664.000000	41.533387
1665.000000	41.550059
1666.000000	41.537952
1667.000000	41.533328
1668.000000	41.610284
1669.000000	41.492438
1670.000000	41.686824
1671.000000	41.685916
1672.000000	41.524019
1673.000000	41.747817
1674.000000	41.621055
1675.000000	41.465308
1676.000000	41.542058
1677.000000	41.627974
1678.000000	41.449856
1679.000000	41.779759
1680.000000	41.548858
1681.000000	41.663177
1682.000000	41.469096
1683.000000	41.493952
1684.000000	41.425639
1685.000000	41.625517
1686.000000	41.607038
1687.000000	41.381313
1688.000000	41.377529
1689.000000	41.611580
1690.000000	41.480038
1691.000000	41.617128
1692.000000	41.565063
1693.000000	41.624840
1694.000000	41.443805
1695.000000	41.477383
1696.000000	41.612241
1697.000000	41.622842
1698.000000	41.494534
1699.000000	41.525314
1700.000000	41.477957
1701.000000	41.533561
1702.000000	41.486577
1703.000000	41.424846
1704.000000	41.414875
1705.000000	41.719899
1706.000000	41.569045
1707.000000	41.554949
1708.000000	41.662008
1709.000000	41.524490
1710.000000	41.483097
1711.000000	41.507477
1712.000000	41.644797
1713.000000	41.725371
1714.000000	41.557169
1715.000000	41.551347
1716.000000	41.589074
1717.000000	41.457188
1718.000000	41.571364
1719.000000	41.521728
1720.000000	41.536898
1721.000000	41.400034
1722.000000	41.473404
1723.000000	41.591817
1724.000000	41.619549
1725.000000	41.392964
1726.000000	41.490999
1727.000000	41.558968
1728.000000	41.558560
1729.000000	41.518407
1730.000000	41.540627
1731.000000	41.538135
1732.000000	41.504897
1733.000000	41.448969
1734.000000	41.523630
1735.000000	41.610173
1736.000000	41.404940
1737.000000	41.604098
1738.000000	41.539474
1739.000000	41.520828
1740.000000	41.417475
1741.000000	41.528877
1742.000000	41.395576
1743.000000	41.608318
1744.000000	41.495006
1745.000000	41.430624
1746.000000	41.358396
1747.000000	41.521474
1748.000000	41.408146
1749.000000	41.555861
1750.000000	41.548609
1751.000000	41.507200
1752.000000	41.449563
1753.000000	41.392937
1754.000000	41.274702
1755.000000	41.591095
1756.000000	41.477101
1757.000000	41.585797
1758.000000	41.510945
1759.000000	41.475060
1760.000000	41.510810
1761.000000	41.373720
1762.000000	41.303957
1763.000000	41.479008
1764.000000	41.482249
1765.000000	41.543278
1766.000000	41.558334
1767.000000	41.531346
1768.000000	41.528085
1769.000000	41.372492
1770.000000	41.423681
1771.000000	41.591828
1772.000000	41.411372
1773.000000	41.457873
1774.000000	41.392382
1775.000000	41.642431
1776.000000	41.404136
1777.000000	41.312227
1778.000000	41.470024
1779.000000	41.551085
1780.000000	41.564266
1781.000000	41.459930
1782.000000	41.381500
1783.000000	41.656206
1784.000000	41.468046
1785.000000	41.467380
1786.000000	41.374461
1787.000000	41.481401
1788.000000	41.482122
1789.000000	41.212377
1790.000000	41.416017
1791.000000	41.463703
1792.000000	41.551038
1793.000000	41.493274
1794.000000	41.528148
1795.000000	41.365319
1796.000000	41.413960
1797.000000	41.465538
1798.000000	41.439133
1799.000000	41.472187
1800.000000	41.470602
1801.000000	41.513338
1802.000000	41.591991
1803.000000	41.494198
1804.000000	41.321624
1805.000000	41.555667
1806.000000	41.400193
1807.000000	41.438395
1808.000000	41.537223
1809.000000	41.500360
1810.000000	41.538420
1811.000000	41.384210
1812.000000	41.483878
1813.000000	41.443726
1814.000000	41.441280
1815.000000	41.504569
1816.000000	41.529658
1817.000000	41.427878
1818.000000	41.374085
1819.000000	41.570857
1820.000000	41.652461
1821.000000	41.545093
1822.000000	41.558025
1823.000000	41.590283
1824.000000	41.356145
1825.000000	41.601783
1826.000000	41.546698
1827.000000	41.585317
1828.000000	41.537290
1829.000000	41.468125
1830.000000	41.499290
1831.000000	41.558603
1832.000000	41.641361
1833.000000	41.524851
1834.000000	41.673972
1835.000000	41.570135
1836.000000	41.365085
1837.000000	41.563117
1838.000000	41.483066
1839.000000	41.608853
1840.000000	41.526020
1841.000000	41.511666
1842.000000	41.500570
1843.000000	41.504945
1844.000000	41.510826
1845.000000	41.414590
1846.000000	41.524233
1847.000000	41.559221
1848.000000	41.695673
1849.000000	41.559840
1850.000000	41.494863
1851.000000	41.728879
1852.000000	41.470804
1853.000000	41.375198
1854.000000	41.513386
1855.000000	41.550669
1856.000000	41.672181
1857.000000	41.501806
1858.000000	41.492799
1859.000000	41.503051
1860.000000	41.537917
1861.000000	41.456407
1862.000000	41.632456
1863.000000	41.501628
1864.000000	41.591721
1865.000000	41.445358
1866.000000	41.556313
1867.000000	41.431072
1868.000000	41.550257
1869.000000	41.488237
1870.000000	41.619723
1871.000000	41.563061
1872.000000	41.703385
1873.000000	41.524252
1874.000000	41.645506
1875.000000	41.589625
1876.000000	41.626873
1877.000000	41.463287
1878.000000	41.571451
1879.000000	41.615947
1880.000000	41.507450
1881.000000	41.441070
1882.000000	41.527811
1883.000000	41.501184
1884.000000	41.680131
1885.000000	41.669601
1886.000000	41.526281
1887.000000	41.579052
1888.000000	41.586724
1889.000000	41.429903
1890.000000	41.584806
1891.000000	41.539744
1892.000000	41.492557
1893.000000	41.460303
1894.000000	41.482915
1895.000000	41.486906
1896.000000	41.487005
1897.000000	41.632135
1898.000000	41.501957
1899.000000	41.578366
1900.000000	41.642554
1901.000000	41.674785
1902.000000	41.468304
1903.000000	41.602647
1904.000000	41.551446
1905.000000	41.387955
1906.000000	41.526844
1907.000000	41.548902
1908.000000	41.605615
1909.000000	41.395909
1910.000000	41.427838
1911.000000	41.416183
1912.000000	41.413262
1913.000000	41.506554
1914.000000	41.576242
1915.000000	41.396083
1916.000000	41.457532
1917.000000	41.448683
1918.000000	41.454465
1919.000000	41.467995
1920.000000	41.560723
1921.000000	41.335347
1922.000000	41.591753
1923.000000	41.389612
1924.000000	41.423320
1925.000000	41.528536
1926.000000	41.524795
1927.000000	41.533629
1928.000000	41.495327
1929.000000	41.569739
1930.000000	41.323542
1931.000000	41.541745
1932.000000	41.511337
1933.000000	41.368184
1934.000000	41.324144
1935.000000	41.391221
1936.000000	41.294830
1937.000000	41.371874
1938.000000	41.356961
1939.000000	41.406407
1940.000000	41.522279
1941.000000	41.374937
1942.000000	41.407671
1943.000000	41.414463
1944.000000	41.506938
1945.000000	41.350517
1946.000000	41.390428
1947.000000	41.499349
1948.000000	41.469473
1949.000000	41.478005
1950.000000	41.390678
1951.000000	41.597658
1952.000000	41.419992
1953.000000	41.523174
1954.000000	41.481417
1955.000000	41.468684
1956.000000	41.461567
1957.000000	41.464991
1958.000000	41.450990
1959.000000	41.486941
1960.000000	41.420986
1961.000000	41.251737
1962.000000	41.416639
1963.000000	41.441352
1964.000000	41.565740
1965.000000	41.281982
1966.000000	41.432431
1967.000000	41.415652
1968.000000	41.499651
1969.000000	41.463394
1970.000000	41.485253
1971.000000	41.523824
1972.000000	41.527581
1973.000000	41.346027
1974.000000	41.394736
1975.000000	41.320514
1976.000000	41.438304
1977.000000	41.423102
1978.000000	41.331606
1979.000000	41.375547
1980.000000	41.355633
1981.000000	41.455289
1982.000000	41.444498
1983.000000	41.364082
1984.000000	41.418779
1985.000000	41.221072
1986.000000	41.197671
1987.000000	41.389683
1988.000000	41.461396
1989.000000	41.342397
1990.000000	41.549849
1991.000000	41.381630
1992.000000	41.558916
1993.000000	41.311316
1994.000000	41.372785
1995.000000	41.388922
1996.000000	41.482126
1997.000000	41.468351
1998.000000	41.547348
1999.000000	41.356371
2000.000000	41.320233
2001.000000	41.299078
2002.000000	41.384817
2003.000000	41.356192
2004.000000	41.342465
2005.000000	41.348972
2006.000000	41.241200
2007.000000	41.422579
2008.000000	41.294798
2009.000000	41.322535
2010.000000	41.274381
2011.000000	41.390238
2012.000000	41.415941
2013.000000	41.359489
2014.000000	41.336255
2015.000000	41.262948
2016.000000	41.379803
2017.000000	41.216015
2018.000000	41.341252
2019.000000	41.378599
2020.000000	41.259853
2021.000000	41.369357
2022.000000	41.250715
2023.000000	41.239076
2024.000000	41.410239
2025.000000	41.251761
2026.000000	41.425028
2027.000000	41.304020
2028.000000	41.250414
2029.000000	41.287075
2030.000000	41.328047
2031.000000	41.358019
2032.000000	41.430759
2033.000000	41.298115
2034.000000	41.058049
2035.000000	41.355205
2036.000000	41.261795
2037.000000	41.240994
2038.000000	41.097595
2039.000000	41.113034
2040.000000	41.276331
2041.000000	41.167822
2042.000000	41.223949
2043.000000	41.146299
2044.000000	41.222832
2045.000000	41.163261
2046.000000	41.229041
2047.000000	41.229644
2048.000000	41.247093
2049.000000	41.389513
2050.000000	41.253493
2051.000000	41.265928
2052.000000	41.309921
2053.000000	41.132829
2054.000000	41.233658
2055.000000	41.268378
2056.000000	41.285525
2057.000000	41.115040
2058.000000	41.209037
2059.000000	41.204543
2060.000000	41.275856
2061.000000	41.176497
2062.000000	41.243684
2063.000000	41.288858
2064.000000	41.337408
2065.000000	41.177725
2066.000000	41.203445
2067.000000	41.148245
2068.000000	41.488336
2069.000000	41.250984
2070.000000	41.390666
2071.000000	41.178764
2072.000000	41.380223
2073.000000	41.310171
2074.000000	41.324941
2075.000000	41.365026
2076.000000	41.448695
2077.000000	41.327437
2078.000000	41.403105
2079.000000	41.311118
2080.000000	41.574225
2081.000000	41.395742
2082.000000	41.472433
2083.000000	41.356307
2084.000000	41.474422
2085.000000	41.376066
2086.000000	41.456728
2087.000000	41.309243
2088.000000	41.504636
2089.000000	41.313266
2090.000000	41.408436
2091.000000	41.445414
2092.000000	41.478088
2093.000000	41.402135
2094.000000	41.554018
2095.000000	41.380873
2096.000000	41.497736
2097.000000	41.449614
2098.000000	41.445156
2099.000000	41.746835
2100.000000	41.408911
2101.000000	41.322935
2102.000000	41.508096
2103.000000	41.583098
2104.000000	41.446928
2105.000000	41.371858
2106.000000	41.448972
2107.000000	41.569109
2108.000000	41.543326
2109.000000	41.488538
2110.000000	41.424696
2111.000000	41.525441
2112.000000	41.612424
2113.000000	41.500550
2114.000000	41.562059
2115.000000	41.464281
2116.000000	41.661536
2117.000000	41.334051
2118.000000	41.471819
2119.000000	41.501977
2120.000000	41.660443
2121.000000	41.641444
2122.000000	41.454564
2123.000000	41.477870
2124.000000	41.579123
2125.000000	41.472393
2126.000000	41.702180
2127.000000	41.495636
2128.000000	41.364372
2129.000000	41.444887
2130.000000	41.527458
2131.000000	41.708244
2132.000000	41.425916
2133.000000	41.493389
2134.000000	41.641904
2135.000000	41.595225
2136.000000	41.534152
2137.000000	41.491423
2138.000000	41.682572
2139.000000	41.482871
2140.000000	41.504965
2141.000000	41.525418
2142.000000	41.513786
2143.000000	41.457766
2144.000000	41.728102
2145.000000	41.472651
2146.000000	41.467689
2147.000000	41.573365
2148.000000	41.377414
2149.000000	41.502753
2150.000000	41.409624
2151.000000	41.495192
2152.000000	41.652679
2153.000000	41.407013
2154.000000	41.499012
2155.000000	41.511702
2156.000000	41.501105
2157.000000	41.430850
2158.000000	41.450772
2159.000000	41.538150
2160.000000	41.530324
2161.000000	41.399773
2162.000000	41.574197
2163.000000	41.474363
2164.000000	41.422262
2165.000000	41.505575
2166.000000	41.513517
2167.000000	41.562277
2168.000000	41.652073
2169.000000	41.684434
2170.000000	41.621372
2171.000000	41.522600
2172.000000	41.466600
2173.000000	41.414515
2174.000000	41.571590
2175.000000	41.503162
2176.000000	41.591317
2177.000000	41.369028
2178.000000	41.479963
2179.000000	41.608076
2180.000000	41.584941
2181.000000	41.375682
2182.000000	41.401992
2183.000000	41.366290
2184.000000	41.476253
2185.000000	41.511619
2186.000000	41.369298
2187.000000	41.427529
2188.000000	41.418391
2189.000000	41.445342
2190.000000	41.649683
2191.000000	41.556859
2192.000000	41.575156
2193.000000	41.512800
2194.000000	41.519909
2195.000000	41.597503
2196.000000	41.557509
2197.000000	41.495569
2198.000000	41.510152
2199.000000	41.531968
2200.000000	41.546627
2201.000000	41.420951
2202.000000	41.336021
2203.000000	41.430616
2204.000000	41.429221
2205.000000	41.570777
2206.000000	41.403854
2207.000000	41.465954
2208.000000	41.385205
2209.000000	41.377184
2210.000000	41.409070
2211.000000	41.404778
2212.000000	41.464741
2213.000000	41.380327
2214.000000	41.200247
2215.000000	41.441748
2216.000000	41.271338
2217.000000	41.415807
2218.000000	41.418363
2219.000000	41.311498
2220.000000	41.373304
2221.000000	41.316662
2222.000000	41.420213
2223.000000	41.341347
2224.000000	41.451533
2225.000000	41.247271
2226.000000	41.437167
2227.000000	41.303513
2228.000000	41.371778
2229.000000	41.208898
2230.000000	41.330806
2231.000000	41.211838
2232.000000	41.306850
2233.000000	41.374533
2234.000000	41.221155
2235.000000	41.113989
2236.000000	41.161093
2237.000000	41.173053
2238.000000	41.225800
2239.000000	41.247021
2240.000000	41.066046
2241.000000	41.245210
2242.000000	41.215242
2243.000000	41.115099
2244.000000	41.169887
2245.000000	40.994729
2246.000000	40.941467
2247.000000	41.121586
2248.000000	41.106868
2249.000000	41.234950
2250.000000	41.084791
2251.000000	41.011124
2252.000000	41.119102
2253.000000	41.120405
2254.000000	41.096509
2255.000000	40.904608
2256.000000	41.130008
2257.000000	41.105327
2258.000000	41.114354
2259.000000	41.087422
2260.000000	41.148261
2261.000000	41.018839
2262.000000	40.937952
2263.000000	41.184078
2264.000000	41.192721
2265.000000	41.111901
2266.000000	41.182231
2267.000000	41.102755
2268.000000	41.113126
2269.000000	41.137767
2270.000000	41.168226
2271.000000	41.104847
2272.000000	41.160304
2273.000000	41.179703
2274.000000	40.939347
2275.000000	41.142003
2276.000000	41.038182
2277.000000	41.076203
2278.000000	41.090683
2279.000000	41.100769
2280.000000	41.127119
2281.000000	41.016902
2282.000000	40.953720
2283.000000	41.039847
2284.000000	40.995208
2285.000000	41.093878
2286.000000	41.163827
2287.000000	41.069723
2288.000000	41.060759
2289.000000	41.013890
2290.000000	41.091321
2291.000000	40.923234
2292.000000	40.974902
2293.000000	40.937595
2294.000000	40.944633
2295.000000	40.885491
2296.000000	40.997059
2297.000000	40.920186
2298.000000	41.073270
2299.000000	40.948703
2300.000000	41.066751
2301.000000	40.984283
2302.000000	40.878437
2303.000000	41.028291
2304.000000	40.883707
2305.000000	41.078383
2306.000000	41.006875
2307.000000	40.942176
2308.000000	41.157962
2309.000000	40.995609
2310.000000	40.937623
2311.000000	40.970226
2312.000000	40.995395
2313.000000	40.960969
2314.000000	40.848033
2315.000000	40.744703
2316.000000	40.984556
2317.000000	40.956942
2318.000000	41.041012
2319.000000	41.130852
2320.000000	41.068994
2321.000000	40.983629
2322.000000	41.123548
2323.000000	41.165131
2324.000000	41.233424
2325.000000	41.289429
2326.000000	41.187676
2327.000000	41.130757
2328.000000	41.147571
2329.000000	41.214307
2330.000000	41.038230
2331.000000	41.182952
2332.000000	41.217418
2333.000000	41.108180
2334.000000	41.036153
2335.000000	41.313202
2336.000000	41.185830
2337.000000	41.239309
2338.000000	41.135429
2339.000000	41.182283
2340.000000	41.209136
2341.000000	41.177943
2342.000000	41.117540
2343.000000	41.233963
2344.000000	41.048399
2345.000000	41.091413
2346.000000	41.110213
2347.000000	41.072930
2348.000000	41.202161
2349.000000	41.091000
2350.000000	41.172031
2351.000000	41.136840
2352.000000	41.109472
2353.000000	41.122490
2354.000000	41.052469
2355.000000	41.004636
2356.000000	41.218508
2357.000000	40.954521
2358.000000	41.063157
2359.000000	41.165084
2360.000000	41.135845
2361.000000	41.134609
2362.000000	41.114655
2363.000000	41.140089
2364.000000	41.159436
2365.000000	41.166562
2366.000000	41.121836
2367.000000	41.284966
2368.000000	41.217406
2369.000000	41.120746
2370.000000	40.997808
2371.000000	41.193209
2372.000000	41.276930
2373.000000	41.206591
2374.000000	41.142848
2375.000000	41.244552
2376.000000	41.159849
2377.000000	41.185180
2378.000000	41.310551
2379.000000	41.237823
2380.000000	41.158814
2381.000000	41.283270
2382.000000	41.387206
2383.000000	41.365842
2384.000000	41.279454
2385.000000	41.371778
2386.000000	41.237863
2387.000000	41.178276
2388.000000	41.267006
2389.000000	41.231415
2390.000000	41.275384
2391.000000	41.281011
2392.000000	41.198253
2393.000000	41.276609
2394.000000	41.219732
2395.000000	41.347066
2396.000000	41.296808
2397.000000	41.322040
2398.000000	41.474775
2399.000000	41.294751
2400.000000	41.405713
2401.000000	41.236107
2402.000000	41.165678
2403.000000	41.303691
2404.000000	41.273644
2405.000000	41.276070
2406.000000	41.313931
2407.000000	41.216578
2408.000000	41.225613
2409.000000	41.309188
2410.000000	41.199125
2411.000000	41.248230
2412.000000	41.148071
2413.000000	41.451144
2414.000000	41.196862
2415.000000	41.294299
2416.000000	41.239690
2417.000000	41.269428
2418.000000	41.174250
2419.000000	41.301424
2420.000000	41.334634
2421.000000	41.262564
2422.000000	41.331955
2423.000000	41.349729
2424.000000	41.298761
2425.000000	41.153108
2426.000000	41.151701
2427.000000	41.174250
2428.000000	41.158133
2429.000000	41.236947
2430.000000	41.266055
2431.000000	41.080320
2432.000000	41.033292
2433.000000	41.113447
2434.000000	41.115476
2435.000000	41.151578
2436.000000	41.285577
2437.000000	41.210285
2438.000000	41.103278
2439.000000	41.120481
2440.000000	41.208993
2441.000000	41.067112
2442.000000	41.235188
2443.000000	41.125236
2444.000000	41.055564
2445.000000	40.980450
2446.000000	40.945917
2447.000000	41.173243
2448.000000	41.213867
2449.000000	41.092391
2450.000000	41.356775
2451.000000	41.169570
2452.000000	41.319515
2453.000000	41.189218
2454.000000	41.152069
2455.000000	41.148689
2456.000000	41.119926
2457.000000	41.270418
2458.000000	41.081283
2459.000000	41.119466
2460.000000	41.105220
2461.000000	40.976234
2462.000000	41.000673
2463.000000	41.060724
2464.000000	40.975770
2465.000000	41.158691
2466.000000	41.026480
2467.000000	40.985186
2468.000000	41.114925
2469.000000	40.772963
2470.000000	40.973230
2471.000000	41.043846
2472.000000	41.009134
2473.000000	41.096933
2474.000000	40.883216
2475.000000	41.025905
2476.000000	41.068079
2477.000000	40.879174
2478.000000	40.979868
2479.000000	41.057851
2480.000000	40.858368
2481.000000	40.910144
2482.000000	40.870067
2483.000000	41.068075
2484.000000	41.013581
2485.000000	41.053753
2486.000000	40.925330
2487.000000	40.878714
2488.000000	40.784761
2489.000000	39.963946
2490.000000	39.061652
2491.000000	39.339094
2492.000000	39.884243
2493.000000	39.867159
2494.000000	39.915245
2495.000000	39.485671
2496.000000	39.295497
2497.000000	39.285844
2498.000000	39.500952
2499.000000	40.025613
2500.000000	40.866829
2501.000000	41.173925
2502.000000	41.134973
2503.000000	40.891570
2504.000000	40.542241
2505.000000	40.342125
2506.000000	40.352840
2507.000000	40.333188
2508.000000	40.410442
2509.000000	40.387936
2510.000000	40.673295
2511.000000	40.839417
2512.000000	40.770344
2513.000000	40.811697
2514.000000	40.668369
2515.000000	40.828563
2516.000000	40.751175
2517.000000	40.914174
2518.000000	40.882617
2519.000000	40.882661
2520.000000	40.873412
2521.000000	40.782046
2522.000000	40.919695
2523.000000	40.933612
2524.000000	40.809220
2525.000000	40.742995
2526.000000	40.822852
2527.000000	40.873530
2528.000000	40.915387
2529.000000	40.945093
2530.000000	40.923281
2531.000000	40.891570
2532.000000	40.945351
2533.000000	40.896860
2534.000000	41.063307
2535.000000	40.877394
2536.000000	40.915454
2537.000000	40.889707
2538.000000	40.903296
2539.000000	40.855087
2540.000000	41.061770
2541.000000	40.900573
2542.000000	40.855273
2543.000000	40.844225
2544.000000	41.039510
2545.000000	40.965324
2546.000000	41.168559
2547.000000	40.903391
2548.000000	41.006610
2549.000000	40.993247
2550.000000	41.101161
2551.000000	40.939390
2552.000000	41.108889
2553.000000	41.001292
2554.000000	40.811875
2555.000000	41.174654
2556.000000	40.935562
2557.000000	40.845354
2558.000000	40.916148
2559.000000	40.971498
2560.000000	40.957073
2561.000000	40.942101
2562.000000	41.068677
2563.000000	41.154835
2564.000000	40.976880
2565.000000	41.000443
2566.000000	40.872520
2567.000000	40.998537
2568.000000	41.055683
2569.000000	40.955801
2570.000000	40.984409
2571.000000	40.997986
2572.000000	40.886802
2573.000000	40.774746
2574.000000	40.873098
2575.000000	40.968704
2576.000000	40.943516
2577.000000	41.028509
2578.000000	40.864004
2579.000000	40.868438
2580.000000	40.877264
2581.000000	40.971134
2582.000000	41.040481
2583.000000	41.007252
2584.000000	40.976388
2585.000000	40.933066
2586.000000	40.895945
2587.000000	40.965201
2588.000000	40.906490
2589.000000	40.780045
2590.000000	40.667244
2591.000000	40.913203
2592.000000	40.773978
2593.000000	40.746170
2594.000000	40.817340
2595.000000	40.703053
2596.000000	40.800454
2597.000000	40.811792
2598.000000	40.759862
2599.000000	40.799697
2600.000000	40.908991
2601.000000	40.827410
2602.000000	40.915977
2603.000000	41.037941
2604.000000	40.795029
2605.000000	41.002904
2606.000000	41.068725
2607.000000	40.888808
2608.000000	40.927438
2609.000000	40.861321
2610.000000	40.974122
2611.000000	40.813654
2612.000000	40.813932
2613.000000	40.938986
2614.000000	40.852111
2615.000000	40.977688
2616.000000	40.966370
2617.000000	40.896393
2618.000000	40.850486
2619.000000	40.987461
2620.000000	40.901065
2621.000000	40.949912
2622.000000	40.886287
2623.000000	40.577717
2624.000000	40.216848
2625.000000	40.054431
2626.000000	39.389954
2627.000000	38.881961
2628.000000	38.774173
2629.000000	38.602328
2630.000000	38.672338
2631.000000	39.113702
2632.000000	38.987783
2633.000000	39.522950
2634.000000	39.822211
2635.000000	40.202387
2636.000000	40.624143
2637.000000	40.841312
2638.000000	40.954842
2639.000000	40.943183
2640.000000	40.867055
2641.000000	40.847732
2642.000000	40.820407
2643.000000	40.732497
2644.000000	40.871478
2645.000000	40.675292
2646.000000	40.709239
2647.000000	40.805689
2648.000000	40.800331
2649.000000	40.561279
2650.000000	40.686682
2651.000000	40.556361
2652.000000	40.503828
2653.000000	40.586685
2654.000000	40.405385
2655.000000	40.588801
2656.000000	40.446671
2657.000000	40.514714
2658.000000	40.541726
2659.000000	40.426852
2660.000000	40.468499
2661.000000	40.521011
2662.000000	40.610784
2663.000000	40.656572
2664.000000	40.697176
2665.000000	40.517001
2666.000000	40.563260
2667.000000	40.515194
2668.000000	40.685778
2669.000000	40.527717
2670.000000	40.596941
2671.000000	40.458365
2672.000000	40.545376
2673.000000	40.569014
2674.000000	40.515154
2675.000000	40.613946
2676.000000	40.745536
2677.000000	40.699672
2678.000000	40.578062
2679.000000	40.603230
2680.000000	40.640114
2681.000000	40.637003
2682.000000	40.580872
2683.000000	40.668892
2684.000000	40.648352
2685.000000	40.458540
2686.000000	40.663709
2687.000000	40.540164
2688.000000	40.624634
2689.000000	40.653318
2690.000000	40.602771
2691.000000	40.558061
2692.000000	40.560244
2693.000000	40.589772
2694.000000	40.642574
2695.000000	40.697251
2696.000000	40.728550
2697.000000	40.762980
2698.000000	40.521273
2699.000000	40.753283
2700.000000	40.700100
2701.000000	40.806327
2702.000000	40.885657
2703.000000	40.801916
2704.000000	40.778353
2705.000000	40.894506
2706.000000	40.735291
2707.000000	40.845326
2708.000000	40.930636
2709.000000	40.873847
2710.000000	40.731328
2711.000000	40.796586
2712.000000	40.781483
2713.000000	40.850280
2714.000000	40.791791
2715.000000	40.885938
2716.000000	40.881845
2717.000000	40.909260
2718.000000	40.940857
2719.000000	40.788724
2720.000000	40.850938
2721.000000	40.652137
2722.000000	40.724449
2723.000000	40.287991
2724.000000	40.195226
2725.000000	40.049842
2726.000000	39.920849
2727.000000	39.964611
2728.000000	39.478922
2729.000000	39.249959
2730.000000	39.105308
2731.000000	39.533523
2732.000000	40.201841
2733.000000	40.120557
2734.000000	40.254591
2735.000000	40.649537
2736.000000	40.877410
2737.000000	40.976555
2738.000000	40.925544
2739.000000	40.896737
2740.000000	40.892461
2741.000000	40.877002
2742.000000	40.825246
2743.000000	40.914242
2744.000000	40.804722
2745.000000	40.695848
2746.000000	40.898786
2747.000000	40.721350
2748.000000	40.772919
2749.000000	40.594342
2750.000000	40.615246
2751.000000	40.724326
2752.000000	40.562194
2753.000000	40.743808
2754.000000	40.785688
2755.000000	40.943884
2756.000000	40.884639
2757.000000	40.700822
2758.000000	40.990088
2759.000000	40.728412
2760.000000	40.796015
2761.000000	40.936581
2762.000000	40.814907
2763.000000	40.780437
2764.000000	40.889018
2765.000000	40.630630
2766.000000	40.687494
2767.000000	40.694941
2768.000000	40.846911
2769.000000	40.537580
2770.000000	40.755070
2771.000000	40.477633
2772.000000	40.573905
2773.000000	40.649244
2774.000000	40.599184
2775.000000	40.713848
2776.000000	40.647750
2777.000000	40.801084
2778.000000	40.791910
2779.000000	40.785775
2780.000000	40.643744
2781.000000	40.625526
2782.000000	40.742147
2783.000000	40.561592
2784.000000	40.211356
2785.000000	40.108022
2786.000000	39.819794
2787.000000	39.108225
2788.000000	39.243175
2789.000000	39.069772
2790.000000	39.198647
2791.000000	39.655165
2792.000000	40.007752
2793.000000	39.972244
2794.000000	40.160852
2795.000000	40.065341
2796.000000	40.456210
2797.000000	40.733274
2798.000000	40.663641
2799.000000	40.647389
2800.000000	40.595634
2801.000000	40.652922
2802.000000	40.713154
2803.000000	39.618124
2804.000000	38.672155
2805.000000	38.557214
2806.000000	39.319640
2807.000000	39.918883
2808.000000	40.019185
2809.000000	40.297375
2810.000000	40.334159
2811.000000	40.457981
2812.000000	40.450138
2813.000000	40.422988
2814.000000	40.518412
2815.000000	40.667933
2816.000000	40.566966
2817.000000	40.586899
2818.000000	40.649347
2819.000000	40.571024
2820.000000	40.677849
2821.000000	40.698555
2822.000000	40.742123
2823.000000	40.707571
2824.000000	40.762747
2825.000000	40.855448
2826.000000	40.725764
2827.000000	40.748432
2828.000000	40.743503
2829.000000	40.630511
2830.000000	40.741703
2831.000000	40.881294
2832.000000	40.555758
2833.000000	40.739369
2834.000000	40.896825
2835.000000	40.892505
2836.000000	40.872770
2837.000000	40.983692
2838.000000	40.962712
2839.000000	40.918958
2840.000000	40.783279
2841.000000	40.957620
2842.000000	40.875104
2843.000000	40.793531
2844.000000	40.795461
2845.000000	41.002338
2846.000000	41.186254
2847.000000	41.069696
2848.000000	41.171095
2849.000000	40.969505
2850.000000	40.976646
2851.000000	40.975988
2852.000000	40.950039
2853.000000	41.035032
2854.000000	40.942886
2855.000000	40.963362
2856.000000	41.017754
2857.000000	40.978814
2858.000000	41.082571
2859.000000	41.011017
2860.000000	41.020044
2861.000000	40.992323
2862.000000	41.003031
2863.000000	40.973480
2864.000000	41.004129
2865.000000	41.045966
2866.000000	41.053614
2867.000000	40.706794
2868.000000	40.814249
2869.000000	40.843067
2870.000000	40.738474
2871.000000	40.631716
2872.000000	40.635520
2873.000000	40.714494
2874.000000	40.622344
2875.000000	40.718730
2876.000000	40.729244
2877.000000	40.728443
2878.000000	40.661446
2879.000000	40.716202
2880.000000	40.926709
2881.000000	40.577368
2882.000000	40.732719
2883.000000	40.864269
2884.000000	40.789453
2885.000000	40.570362
2886.000000	40.759723
2887.000000	40.394336
2888.000000	40.798472
2889.000000	40.650013
2890.000000	40.678823
2891.000000	40.588865
2892.000000	40.570873
2893.000000	40.598079
2894.000000	40.705724
2895.000000	40.592836
2896.000000	40.613039
2897.000000	40.509915
2898.000000	40.702462
2899.000000	40.578557
2900.000000	40.648642
2901.000000	40.678237
2902.000000	40.612753
2903.000000	40.679628
2904.000000	40.531989
2905.000000	40.613273
2906.000000	40.443746
2907.000000	40.634454
2908.000000	40.661280
2909.000000	40.481366
2910.000000	40.474197
2911.000000	40.532746
2912.000000	40.520778
2913.000000	40.410489
2914.000000	40.602985
2915.000000	40.591239
2916.000000	40.747129
2917.000000	40.511492
2918.000000	40.646640
2919.000000	40.360081
2920.000000	40.555081
2921.000000	40.607554
2922.000000	40.668980
2923.000000	40.451989
2924.000000	40.539245
2925.000000	40.585457
2926.000000	40.445426
2927.000000	40.639575
2928.000000	40.524784
2929.000000	40.565646
2930.000000	40.448605
2931.000000	40.642368
2932.000000	40.690324
2933.000000	40.684768
2934.000000	40.562404
2935.000000	40.684435
2936.000000	40.770997
2937.000000	40.627773
2938.000000	40.530277
2939.000000	40.506618
2940.000000	40.651638
2941.000000	40.707662
2942.000000	40.544325
2943.000000	40.424451
2944.000000	40.477911
2945.000000	40.386434
2946.000000	40.510486
2947.000000	40.485531
2948.000000	40.450511
2949.000000	40.338114
2950.000000	40.564584
2951.000000	40.355293
2952.000000	40.583543
2953.000000	40.672772
2954.000000	40.539479
2955.000000	40.661751
2956.000000	40.773110
2957.000000	40.805039
2958.000000	40.800886
2959.000000	40.867380
2960.000000	40.672637
2961.000000	40.731043
2962.000000	40.742496
2963.000000	40.752158
2964.000000	40.920376
2965.000000	40.548094
2966.000000	40.640304
2967.000000	40.742607
2968.000000	40.587795
2969.000000	40.563696
2970.000000	40.753957
2971.000000	40.920725
2972.000000	40.829681
2973.000000	40.837301
2974.000000	40.903201
2975.000000	40.960335
2976.000000	40.767807
2977.000000	40.754088
2978.000000	40.784313
2979.000000	40.845465
2980.000000	40.810409
2981.000000	40.699569
2982.000000	40.767585
2983.000000	40.886049
2984.000000	40.847446
2985.000000	40.913116
2986.000000	40.680698
2987.000000	40.718774
2988.000000	40.932511
2989.000000	40.813008
2990.000000	40.844355
2991.000000	40.953269
2992.000000	40.884944
2993.000000	40.782268
2994.000000	40.911797
2995.000000	40.911713
2996.000000	40.797133
2997.000000	40.806644
2998.000000	40.744727
2999.000000	40.750572
3000.000000	40.650488
3001.000000	40.489680
3002.000000	40.636317
3003.000000	40.599696
3004.000000	40.345576
3005.000000	40.402195
3006.000000	40.465146
3007.000000	40.322492
3008.000000	40.317221
3009.000000	40.394380
3010.000000	40.265307
3011.000000	40.157828
3012.000000	40.230972
3013.000000	40.386188
3014.000000	40.221513
3015.000000	40.180667
3016.000000	40.190851
3017.000000	40.154872
3018.000000	40.211605
3019.000000	40.229034
3020.000000	40.251972
3021.000000	40.124413
3022.000000	40.142179
3023.000000	40.159445
3024.000000	40.178752
3025.000000	40.081248
3026.000000	40.160103
3027.000000	39.954391
3028.000000	40.236877
3029.000000	40.171972
3030.000000	40.189076
3031.000000	40.232454
3032.000000	40.253050
3033.000000	40.123053
3034.000000	40.092182
3035.000000	40.081201
3036.000000	40.049985
3037.000000	40.165175
3038.000000	40.092539
3039.000000	40.110404
3040.000000	40.154472
3041.000000	40.055533
3042.000000	40.133555
3043.000000	40.058672
3044.000000	39.939780
3045.000000	39.857343
3046.000000	39.954593
3047.000000	39.967270
3048.000000	39.891574
3049.000000	39.955968
3050.000000	39.863743
3051.000000	40.091770
3052.000000	39.908179
3053.000000	39.780057
3054.000000	39.927621
3055.000000	39.847883
3056.000000	39.865902
3057.000000	39.784702
3058.000000	39.870614
3059.000000	39.886058
3060.000000	39.853423
3061.000000	39.841816
3062.000000	39.942165
3063.000000	39.829146
3064.000000	39.678341
3065.000000	39.964136
3066.000000	39.740186
3067.000000	39.789568
3068.000000	39.965749
3069.000000	39.789370
3070.000000	39.838443
3071.000000	39.949952
3072.000000	39.979322
3073.000000	39.803407
3074.000000	39.878758
3075.000000	40.092773
3076.000000	39.868902
3077.000000	39.846246
3078.000000	39.945831
3079.000000	39.941210
3080.000000	39.858309
3081.000000	39.925818
3082.000000	39.966494
3083.000000	39.827292
3084.000000	39.795572
3085.000000	39.876963
3086.000000	39.693083
3087.000000	39.885083
3088.000000	39.810330
3089.000000	39.684158
3090.000000	39.747213
3091.000000	39.747423
3092.000000	39.951514
3093.000000	40.016847
3094.000000	39.861123
3095.000000	39.810738
3096.000000	39.767261
3097.000000	39.859605
3098.000000	39.795291
3099.000000	39.778429
3100.000000	39.761463
3101.000000	39.781433
3102.000000	39.860588
3103.000000	39.906907
3104.000000	39.861587
3105.000000	39.850221
3106.000000	39.718243
3107.000000	39.819948
3108.000000	39.823543
3109.000000	39.733572
3110.000000	39.631602
3111.000000	39.625697
3112.000000	39.502870
3113.000000	39.411378
3114.000000	39.699297
3115.000000	39.709442
3116.000000	39.691819
3117.000000	39.773824
3118.000000	39.772694
3119.000000	39.842018
3120.000000	39.803712
3121.000000	39.818423
3122.000000	39.830486
3123.000000	39.850090
3124.000000	39.842862
3125.000000	39.877875
3126.000000	39.915273
3127.000000	39.795834
3128.000000	39.947476
3129.000000	39.968443
3130.000000	40.134253
3131.000000	39.894115
3132.000000	40.011909
3133.000000	40.050322
3134.000000	40.110249
3135.000000	39.984077
3136.000000	40.079691
3137.000000	40.096700
3138.000000	40.041468
3139.000000	40.085207
3140.000000	40.288637
3141.000000	40.107467
3142.000000	40.083594
3143.000000	40.120260
3144.000000	40.020489
3145.000000	39.937156
3146.000000	40.100568
3147.000000	39.999485
3148.000000	40.083571
3149.000000	39.920813
3150.000000	39.435195
3151.000000	38.970711
3152.000000	38.240457
3153.000000	38.266882
3154.000000	38.727926
3155.000000	38.967925
3156.000000	39.334516
3157.000000	39.353336
3158.000000	38.944674
3159.000000	38.454578
3160.000000	38.747253
3161.000000	38.520811
3162.000000	38.881160
3163.000000	39.788938
3164.000000	40.666479
3165.000000	40.705217
3166.000000	40.386838
3167.000000	39.998233
3168.000000	39.863235
3169.000000	39.937275
3170.000000	39.831805
3171.000000	39.910339
3172.000000	39.910644
3173.000000	39.902056
3174.000000	39.885265
3175.000000	39.815977
3176.000000	39.820424
3177.000000	39.813913
3178.000000	39.932571
3179.000000	39.811444
3180.000000	39.808911
3181.000000	39.767998
3182.000000	39.597176
3183.000000	39.767582
3184.000000	39.634324
3185.000000	39.606544
3186.000000	39.861710
3187.000000	39.893988
3188.000000	40.019561
3189.000000	40.045792
3190.000000	40.150505
3191.000000	40.224968
3192.000000	40.239045
3193.000000	40.381393
3194.000000	40.228975
3195.000000	40.291756
3196.000000	40.127765
3197.000000	40.340928
3198.000000	40.375496
3199.000000	40.331016
3200.000000	40.371644
3201.000000	40.377224
3202.000000	40.363421
3203.000000	40.150881
3204.000000	40.328983
3205.000000	40.272317
3206.000000	40.394566
3207.000000	40.397086
3208.000000	40.410874
3209.000000	40.361158
3210.000000	40.481949
3211.000000	40.372770
3212.000000	40.393234
3213.000000	40.439930
3214.000000	40.554320
3215.000000	40.500044
3216.000000	40.356665
3217.000000	39.987093
3218.000000	40.189615
3219.000000	40.007399
3220.000000	39.910204
3221.000000	40.203723
3222.000000	40.320063
3223.000000	40.379483
3224.000000	40.392375
3225.000000	40.406265
3226.000000	40.421966
3227.000000	40.517429
3228.000000	40.362125
3229.000000	40.372469
3230.000000	40.157567
3231.000000	40.288997
3232.000000	40.349607
3233.000000	40.153659
3234.000000	40.131574
3235.000000	40.045063
3236.000000	40.244811
3237.000000	40.186369
3238.000000	40.251203
3239.000000	40.328353
3240.000000	40.197188
3241.000000	40.108089
3242.000000	40.285823
3243.000000	40.315791
3244.000000	40.519739
3245.000000	40.259200
3246.000000	40.401874
3247.000000	40.342489
3248.000000	40.218782
3249.000000	40.287036
3250.000000	40.111101
3251.000000	40.030455
3252.000000	40.008200
3253.000000	40.388665
3254.000000	40.228412
3255.000000	40.563221
3256.000000	40.441210
3257.000000	40.225444
3258.000000	40.597607
3259.000000	40.617846
3260.000000	40.834630
3261.000000	40.567477
3262.000000	40.098352
3263.000000	39.261008
3264.000000	39.076957
3265.000000	39.231333
3266.000000	39.893164
3267.000000	40.332816
3268.000000	40.425754
3269.000000	40.555766
3270.000000	40.298263
3271.000000	40.278880
3272.000000	40.198207
3273.000000	40.243844
3274.000000	40.208704
3275.000000	40.238050
3276.000000	40.098701
3277.000000	40.123422
3278.000000	40.181130
3279.000000	40.117291
3280.000000	39.734083
3281.000000	39.577262
3282.000000	39.935333
3283.000000	40.991915
3284.000000	41.161648
3285.000000	41.271374
3286.000000	40.834947
3287.000000	40.820019
3288.000000	40.637573
3289.000000	40.531751
3290.000000	40.490996
3291.000000	40.574139
3292.000000	40.441947
3293.000000	40.492268
3294.000000	40.607233
3295.000000	40.674215
3296.000000	40.851905
3297.000000	40.596652
3298.000000	40.815929
3299.000000	40.773518
3300.000000	40.719130
3301.000000	40.806335
3302.000000	40.851952
3303.000000	40.915656
3304.000000	40.873463
3305.000000	40.716523
3306.000000	40.778468
3307.000000	40.859343
3308.000000	40.734431
3309.000000	40.836334
3310.000000	40.850367
3311.000000	40.733762
3312.000000	40.607827
3313.000000	40.642380
3314.000000	40.715548
3315.000000	40.755415
3316.000000	40.500717
3317.000000	40.614501
3318.000000	40.694235
3319.000000	40.713594
3320.000000	40.870007
3321.000000	40.863663
3322.000000	40.905210
3323.000000	40.893999
3324.000000	40.839624
3325.000000	40.786540
3326.000000	40.820823
3327.000000	40.647667
3328.000000	40.685667
3329.000000	40.739702
3330.000000	40.760718
3331.000000	40.842271
3332.000000	40.829843
3333.000000	40.688469
3334.000000	40.900708
3335.000000	40.908373
3336.000000	41.088726
3337.000000	41.114398
3338.000000	41.322741
3339.000000	41.085294
3340.000000	40.426416
3341.000000	40.299277
3342.000000	40.058612
3343.000000	40.238125
3344.000000	40.262014
3345.000000	40.126525
3346.000000	40.266428
3347.000000	40.289215
3348.000000	40.178800
3349.000000	40.507946
3350.000000	40.285779
3351.000000	40.297744
3352.000000	40.379012
3353.000000	40.171544
3354.000000	40.151052
3355.000000	40.115932
3356.000000	40.239433
3357.000000	40.105054
3358.000000	40.160911
3359.000000	40.272230
3360.000000	40.647596
3361.000000	41.205367
3362.000000	41.317185
3363.000000	41.276188
3364.000000	41.090331
3365.000000	40.744842
3366.000000	40.662116
3367.000000	40.613673
3368.000000	40.739278
3369.000000	40.916390
3370.000000	40.766452
3371.000000	40.872544
3372.000000	40.747319
3373.000000	40.616930
3374.000000	40.791050
3375.000000	40.826419
3376.000000	40.889525
3377.000000	40.714300
3378.000000	40.863322
3379.000000	40.657689
3380.000000	40.569752
3381.000000	40.737328
3382.000000	40.756239
3383.000000	40.881547
3384.000000	41.181034
3385.000000	41.099049
3386.000000	41.077919
3387.000000	41.195309
3388.000000	40.663237
3389.000000	39.910133
3390.000000	39.993493
3391.000000	40.087276
3392.000000	40.156762

