0.0	0.008954569487016652
1.0	0.008489644021556785
2.0	0.00624039036224584
3.0	0.004213379961924069
4.0	0.0006075618515265981
5.0	0.005386155458375779
6.0	0.0019785062735689866
7.0	-0.0002398869986339591
8.0	0.0028766889538442432
9.0	-0.001835659842982854
10.0	-0.0034248082063297663
11.0	-0.0032428773378299423
12.0	-0.0013005310361703906
13.0	-0.0012282272496218969
14.0	-0.004642177770016005
15.0	-0.002298646435954345
16.0	-0.005990017294904275
17.0	-0.0041366167686524985
18.0	-0.004363222490740236
19.0	-0.006044224938227299
20.0	-0.004532550688064675
21.0	-0.007460975222809498
22.0	-0.008589156652027056
23.0	-0.006262024947763395
24.0	-0.007460167359272643
25.0	-0.007508235239715497
26.0	-0.009477402610798774
27.0	-0.00971257168637687
28.0	-0.011406257591392702
29.0	-0.013791232324895233
30.0	-0.016119010319988226
31.0	-0.013637253534770657
32.0	-0.015060385941293932
33.0	-0.013896335371040102
34.0	-0.014621958399842748
35.0	-0.010734519060498037
36.0	-0.013492565175319908
37.0	-0.013408708940194544
38.0	-0.014160587533945342
39.0	-0.013622065700277939
40.0	-0.013298920285536068
41.0	-0.013141144536788123
42.0	-0.010678938049162586
43.0	-0.013700347676999082
44.0	-0.010067385351763596
45.0	-0.00746751891745772
46.0	-0.011194920490151819
47.0	-0.009803456334273021
48.0	-0.011598205967749449
49.0	-0.008358269253193763
50.0	-0.008084726659614693
51.0	-0.01077273100579149
52.0	-0.009044630114105574
53.0	-0.008698137443148677
54.0	-0.007408140947498901
55.0	-0.009767991125005177
56.0	-0.008281279858131662
57.0	-0.008093936303935139
58.0	-0.005916420926696738
59.0	-0.00738891379532191
60.0	-0.007672312324050381
61.0	-0.007238166459344752
62.0	-0.008441883129258223
63.0	-0.008686504208218045
64.0	-0.007504842212860557
65.0	-0.0058547809388348766
66.0	-0.010450958959062045
67.0	-0.008845653324978416
68.0	-0.008989453034538549
69.0	-0.00791281329897217
70.0	-0.009292482647212438
71.0	-0.012149976763421194
72.0	-0.005147254053257701
73.0	-0.011345829398836122
74.0	-0.0077374261251209435
75.0	-0.007209083372017984
76.0	-0.009840456484261191
77.0	-0.008050877177420559
78.0	-0.009119357491264631
79.0	-0.006454861974010381
80.0	-0.010423653171516507
81.0	-0.008683757472192438
82.0	-0.008723261999144933
83.0	-0.009352830053415633
84.0	-0.008670993228310284
85.0	-0.007695094075789833
86.0	-0.00792880899700174
87.0	-0.008596427423858749
88.0	-0.008652735512377293
89.0	-0.0077180374002364304
90.0	-0.00962015209776077
91.0	-0.006917121489798778
92.0	-0.006236254100937806
93.0	-0.007465014540493771
94.0	-0.010057044698492005
95.0	-0.007631030497317408
96.0	-0.011737966359625308
97.0	-0.009408653423812367
98.0	-0.0092387597220116
99.0	-0.007005824906145272
100.0	-0.006923018893617667
101.0	-0.009563359291120037
102.0	-0.007816112033610514
103.0	-0.008171168058058145
104.0	-0.007701314625023764
105.0	-0.0056167035545236525
106.0	-0.0077715987527301215
107.0	-0.010975181608127348
108.0	-0.011471613751524546
109.0	-0.010109232682972516
110.0	-0.009639298463584377
111.0	-0.008604425272873533
112.0	-0.008046918646090046
113.0	-0.007710039551221645
114.0	-0.009830600549111414
115.0	-0.011361825096865695
116.0	-0.008019370499483225
117.0	-0.011721809088888214
118.0	-0.010456129285698217
119.0	-0.007876944157935897
120.0	-0.009066684788661555
121.0	-0.007374856969780714
122.0	-0.006811210580117055
123.0	-0.008915937452684774
124.0	-0.005621793094806063
125.0	-0.005191848120491853
126.0	-0.006149166411664646
127.0	-0.005167612214386212
128.0	-0.004487310330000813
129.0	-0.00437097798069374
130.0	-0.006994837962044349
131.0	-0.005551751326160612
132.0	-0.004902229042529451
133.0	-0.005261728316429783
134.0	-0.005196695301712981
135.0	-0.007438678189192234
136.0	-0.004947630973300835
137.0	-0.0014217105666985922
138.0	-0.005236603760433527
139.0	-0.004880497513388135
140.0	-0.002337827817491797
141.0	-0.0020076539899791398
142.0	-0.001881384919168904
143.0	-0.004433345045739071
144.0	-0.005049098633529857
145.0	-0.0037374513950925265
146.0	-0.005451980179359059
147.0	-0.004800438236885762
148.0	-0.0034029151044809294
149.0	-0.0031013396461732285
150.0	-0.003035014049797384
151.0	-0.005267868079309953
152.0	-0.002046996944224113
153.0	-0.0005658599357548217
154.0	-0.0031421367547843897
155.0	-0.0014953877212595132
156.0	-0.0008436842060790702
157.0	-0.0035582672626179334
158.0	-0.0036132019831240513
159.0	-0.0031609599751929534
160.0	-0.006543403817649729
161.0	-0.004379137402416047
162.0	-0.004976229342505414
163.0	-0.00575088968799529
164.0	-0.005041747075344404
165.0	-0.004546042009130298
166.0	-0.004509526577264317
167.0	-0.005955359949173285
168.0	-0.00570750741606642
169.0	-0.002895899948750858
170.0	-0.004524956770818316
171.0	-0.004391093782761722
172.0	-0.0038731724692841127
173.0	-0.008552641220161073
174.0	-0.002968122948945591
175.0	-0.004713835265735166
176.0	-0.003082193280349622
177.0	-0.0022441156472166545
178.0	-0.0060708844349435034
179.0	-0.0036220076956760684
180.0	-0.00402480845515151
181.0	-0.00391760496381112
182.0	-0.0034573651068648594
183.0	-0.00388230132725042
184.0	-0.0029755552934848046
185.0	-0.0035225596942891823
186.0	-0.00449611604255283
187.0	-0.0015613901722206908
188.0	-0.001954819714668919
189.0	-0.0029745858572404285
190.0	-0.0030746801494570242
191.0	-0.0005361305575983438
192.0	-0.0032403729608656176
193.0	-0.0037765519902762178
194.0	-0.004108583903923491
195.0	-0.004452168266147635
196.0	-0.003292884090761172
197.0	-0.002166237602263939
198.0	-0.003959613867727563
199.0	-0.0032931264498224535
200.0	-0.0014562063397220613
201.0	-0.0004417720964938679
202.0	-0.0032383533020234807
203.0	-0.0036321867762401363
204.0	-0.0054085979074301885
205.0	-0.003887067722117787
206.0	-0.0029413018795222414
207.0	-0.00024263373465918979
208.0	7.477584897093794e-05
209.0	0.00038152163391480965
210.0	0.0004587533880381921
211.0	-0.000807976637749943
212.0	0.0004628734920762262
213.0	-0.0006470502212087169
214.0	-0.0003214004295025209
215.0	0.000885305335497462
216.0	0.003765823562506577
217.0	0.00478696307309089
218.0	-0.0018011640699590087
219.0	0.002454580255837674
220.0	0.005767790193185854
221.0	0.0037160591686362537
222.0	0.002785965878655237
223.0	0.0037933717091130207
224.0	0.004937144904592099
225.0	0.00838090558949607
226.0	0.005540538180268783
227.0	0.008832097374829408
228.0	0.008327182664295234
229.0	0.012751851255648304
230.0	0.010717085365372653
231.0	0.010362756418108117
232.0	0.011671010629690507
233.0	0.013617234676327186
234.0	0.015829084253881534
235.0	0.012783115574524731
236.0	0.019227766153429166
237.0	0.014423967204230344
238.0	0.017663984705139413
239.0	0.01765550213800244
240.0	0.018242172638466458
241.0	0.015828841894820627
242.0	0.0188103430639362
243.0	0.020331873249248605
244.0	0.01829945016322938
245.0	0.021084236561121215
246.0	0.01727467526672922
247.0	0.018283858396968233
248.0	0.020304325102641782
249.0	0.020732008059052575
250.0	0.019666355267587494
251.0	0.01863180522229132
252.0	0.022046644392576042
253.0	0.01796984184019267
254.0	0.017584248574052084
255.0	0.017825072694388537
256.0	0.02206304402237442
257.0	0.017544340115331538
258.0	0.018409561963302897
259.0	0.019366072390938835
260.0	0.021630756243803406
261.0	0.019168388183470345
262.0	0.020324036972940964
263.0	0.02117746401327417
264.0	0.01961408649675322
265.0	0.02132069821835873
266.0	0.01751735747320029
267.0	0.018309306098379156
268.0	0.021744261070731487
269.0	0.022180265021572106
270.0	0.021831833478126457
271.0	0.021869722278004867
272.0	0.026497891694291932
273.0	0.020829355615243562
274.0	0.02312328412814242
275.0	0.020137743641342198
276.0	0.0225880745349762
277.0	0.021543830127237765
278.0	0.020790820524535444
279.0	0.023626179179834457
280.0	0.02386264083707197
281.0	0.02567831413615286
282.0	0.02510028777553334
283.0	0.020564699520569895
284.0	0.029496681143096497
285.0	0.02579367704921556
286.0	0.025285773243594874
287.0	0.027001109891398638
288.0	0.022027821172167478
289.0	0.023454912110021268
290.0	0.026770545637980387
291.0	0.0304785584857896
292.0	0.02873551211867187
293.0	0.030773105531326887
294.0	0.027254294323848818
295.0	0.029025211982988033
296.0	0.02892931858116323
297.0	0.02988195126382242
298.0	0.029806173664065225
299.0	0.028750215235042776
300.0	0.0314805516305503
301.0	0.03063431457569503
302.0	0.032896655624302794
303.0	0.028888198327137404
304.0	0.03274760480175311
305.0	0.03072697652337241
306.0	0.026343751331459834
307.0	0.028379809803394905
308.0	0.030109122490385727
309.0	0.0282298703309546
310.0	0.03251324358971187
311.0	0.03338210082359907
312.0	0.032996345984750965
313.0	0.032645329277987606
314.0	0.030257769381166987
315.0	0.029987942959857527
316.0	0.031826155651616964
317.0	0.03034582650668415
318.0	0.03082812103818639
319.0	0.033357460985725
320.0	0.03186347894701942
321.0	0.03238350070569293
322.0	0.03167209607513862
323.0	0.031009405615856883
324.0	0.03185540031165088
325.0	0.03166369429435541
326.0	0.034375692187576565
327.0	0.03158428130868237
328.0	0.035681280449487485
329.0	0.03128698752711985
330.0	0.035332283401566265
331.0	0.035347794381473646
332.0	0.03353607961372327
333.0	0.029369200276980603
334.0	0.03279470324595196
335.0	0.03026576723018215
336.0	0.035021740657999026
337.0	0.03613360324377234
338.0	0.0320838641198736
339.0	0.030636980525366876
340.0	0.030898728311307792
341.0	0.030302686593816183
342.0	0.03153685971906923
343.0	0.03369942962087544
344.0	0.03495032552134115
345.0	0.03437181444259944
346.0	0.033042959710827255
347.0	0.032198257596691926
348.0	0.03269767883517564
349.0	0.033648615004407356
350.0	0.033435096671616434
351.0	0.0316981092810255
352.0	0.03636158233387251
353.0	0.03392248074340109
354.0	0.029583526473308374
355.0	0.03314119591690885
356.0	0.030946069114567175
357.0	0.030938879129089242
358.0	0.03204032027523684
359.0	0.03026617116195058
360.0	0.032714563183095825
361.0	0.03291757928990763
362.0	0.031120325279466877
363.0	0.03488101082987916
364.0	0.03297784590975669
365.0	0.03329347819360596
366.0	0.03070265983091301
367.0	0.030830140697028528
368.0	0.03566423452885978
369.0	0.031109015189950913
370.0	0.034729132484950485
371.0	0.03326786891948752
372.0	0.03429102808891397
373.0	0.03315266757913234
374.0	0.036427019280357735
375.0	0.030596668134877526
376.0	0.031249825804424532
377.0	0.034675005627981224
378.0	0.030166400015149024
379.0	0.033628176056924704
380.0	0.03238131947414327
381.0	0.03131946364130156
382.0	0.032220069912187004
383.0	0.03316559339572202
384.0	0.03163348019807712
385.0	0.030052087324684087
386.0	0.032124257296716335
387.0	0.032275893282583734
388.0	0.03246961895872171
389.0	0.03556462495476537
390.0	0.03470303849270985
391.0	0.03343558138973862
392.0	0.03441471199640649
393.0	0.03164180119250657
394.0	0.032605016887498256
395.0	0.032822009033497496
396.0	0.03288825384351958
397.0	0.035108424415503756
398.0	0.032776122384604305
399.0	0.03351830661591247
400.0	0.03281942387017979
401.0	0.03481193849747809
402.0	0.03291499412658955
403.0	0.033580108176481854
404.0	0.03231055062831473
405.0	0.032580942554100135
406.0	0.03372673540842098
407.0	0.029440211481870055
408.0	0.03355449890236378
409.0	0.032904411114256675
410.0	0.03461150755398437
411.0	0.03514744422433369
412.0	0.035517122578798466
413.0	0.03604918150417103
414.0	0.033528162551062245
415.0	0.031796103128045816
416.0	0.03161433383225352
417.0	0.029671502812471773
418.0	0.029437868677613253
419.0	0.03198570870014576
420.0	0.03145074146604044
421.0	0.031061755173044915
422.0	0.03230255277929994
423.0	0.033391714399687564
424.0	0.027523474454328945
425.0	0.03310354947609135
426.0	0.03179755728241201
427.0	0.029612044056159196
428.0	0.03133747899817327
429.0	0.033992280152985256
430.0	0.03180280839540156
431.0	0.032015114932887195
432.0	0.03162015044971902
433.0	0.03020630847386957
434.0	0.031164030696810792
435.0	0.030894446634562235
436.0	0.03000094956280096
437.0	0.030552074067643372
438.0	0.0302298980891455
439.0	0.029218129795588778
440.0	0.02818010593708428
441.0	0.030403507963215875
442.0	0.0289375587892393
443.0	0.02862709683202582
444.0	0.02703100084226226
445.0	0.02888529001840465
446.0	0.02763083951837686
447.0	0.028619179769364796
448.0	0.030534705001601
449.0	0.03019079749396181
450.0	0.028766210933072345
451.0	0.026721508321293157
452.0	0.02886428556644643
453.0	0.029668190571970596
454.0	0.025935618672641075
455.0	0.026695737474467567
456.0	0.024736426038533692
457.0	0.023258116552443392
458.0	0.02384906872965259
459.0	0.021117924470608205
460.0	0.026473251856417863
461.0	0.02310284518066015
462.0	0.023465414336000377
463.0	0.01994014022022747
464.0	0.022933516983335334
465.0	0.02508041433252664
466.0	0.023630380070226255
467.0	0.018529933630294242
468.0	0.025028953425228845
469.0	0.023770867539285208
470.0	0.02374000715217721
471.0	0.021706372270853078
472.0	0.023346335250668072
473.0	0.023356756690293422
474.0	0.018996717181888726
475.0	0.020332600326431697
476.0	0.018954465918911378
477.0	0.017967983754058055
478.0	0.01700606064072504
479.0	0.01702585329737798
480.0	0.020750346561339325
481.0	0.01892198980472967
482.0	0.018621787714434394
483.0	0.017741297245616558
484.0	0.01822027953661762
485.0	0.02157711410495633
486.0	0.019242711628860976
487.0	0.01970077025425758
488.0	0.020606062133657007
489.0	0.024360850280250028
490.0	0.021713481469977248
491.0	0.02196076849860854
492.0	0.02435729568068794
493.0	0.02450190325378493
494.0	0.02240153884431653
495.0	0.021000622685056754
496.0	0.01849656886622192
497.0	0.019988369673377842
498.0	0.01882609640290487
499.0	0.022087360714833817
500.0	0.020109064485783857
501.0	0.02139486009104184
502.0	0.023658574507662407
503.0	0.02143686899495828
504.0	0.024094336099441744
505.0	0.02404020924247248
506.0	0.026018505471522065
507.0	0.025366721169987862
508.0	0.02717027651601593
509.0	0.028291267959755558
510.0	0.027773023500863282
511.0	0.026889220791544263
512.0	0.02371997213646336
513.0	0.02905809202893779
514.0	0.024724227299127488
515.0	0.026308851626667937
516.0	0.024359072980469174
517.0	0.023993595516395815
518.0	0.025346766940627402
519.0	0.02617894716994148
520.0	0.02381287644320165
521.0	0.022671688411040655
522.0	0.024478959929338334
523.0	0.02227026101957764
524.0	0.027274086980501756
525.0	0.028408812104367912
526.0	0.026612042812049347
527.0	0.029533923652145196
528.0	0.028413820858296187
529.0	0.02829813479981882
530.0	0.02961834539174651
531.0	0.03145381134748034
532.0	0.03210874631680858
533.0	0.028991281714440136
534.0	0.027732549537666788
535.0	0.026513402674199316
536.0	0.02925238320955134
537.0	0.0271079094509706
538.0	0.025655128452644983
539.0	0.027302523776999193
540.0	0.029243092778877513
541.0	0.02926005791315146
542.0	0.02631935385264705
543.0	0.02792150881893702
544.0	0.028918008491647267
545.0	0.028199252302907884
546.0	0.02746361176624794
547.0	0.028373589254160975
548.0	0.031299913343709525
549.0	0.03269590153539441
550.0	0.031129938855555372
551.0	0.03078732392957523
552.0	0.02990449065650059
553.0	0.03153702129177637
554.0	0.028497596307068166
555.0	0.026445865282518192
556.0	0.031142056808608196
557.0	0.030653622514225782
558.0	0.029629655481262476
559.0	0.02900428831738357
560.0	0.030186919748985058
561.0	0.02835476603375241
562.0	0.027959963123291378
563.0	0.03093160835725755
564.0	0.028528295121468643
565.0	0.030486071616682195
566.0	0.030595698698633527
567.0	0.03024031952877123
568.0	0.03129385436718311
569.0	0.02953586252463395
570.0	0.029922506013372298
571.0	0.03100754752972189
572.0	0.032663102275798404
573.0	0.032553798339261746
574.0	0.029539982628671607
575.0	0.029132253901621278
576.0	0.02739381235666377
577.0	0.03005103710208595
578.0	0.02998592330101539
579.0	0.0297058370127881
580.0	0.03286191749221804
581.0	0.029527864675618787
582.0	0.03138554687861612
583.0	0.02731278364391702
584.0	0.030775448335583693
585.0	0.028245462097215745
586.0	0.03129159234928007
587.0	0.031024835809410505
588.0	0.02761621718835971
589.0	0.02885273311786956
590.0	0.032413957161032125
591.0	0.028776551586343936
592.0	0.031494770028799024
593.0	0.028085101185150094
594.0	0.031555117435002215
595.0	0.027091994539294787
596.0	0.027033343646519062
597.0	0.02949611563862055
598.0	0.0270650926835173
599.0	0.028484993635893158
600.0	0.02731827711596786
601.0	0.027718169566710922
602.0	0.025032831170205973
603.0	0.029588292868175742
604.0	0.027634394117938943
605.0	0.027382017549025618
606.0	0.03036246849554343
607.0	0.029221522822443717
608.0	0.029821765430326743
609.0	0.032068433926319605
610.0	0.026528348149631127
611.0	0.03253949915465964
612.0	0.029341328984959118
613.0	0.03125265332680353
614.0	0.02907505716321174
615.0	0.029047266657544014
616.0	0.029209324083037138
617.0	0.028105136200864314
618.0	0.02996007166783604
619.0	0.026651385766294323
620.0	0.026509848074637233
621.0	0.02888520923205089
622.0	0.025615139207570675
623.0	0.027202267912075452
624.0	0.03137892239761414
625.0	0.027822626322026082
626.0	0.033720838004602086
627.0	0.03074717311179378
628.0	0.02966415125428632
629.0	0.03097628321084584
630.0	0.03111265057586676
631.0	0.026843334142650693
632.0	0.030801946259592376
633.0	0.028264285317624687
634.0	0.028568042007482045
635.0	0.026582394220246632
636.0	0.028090756229908077
637.0	0.02400110864728879
638.0	0.03076535004137301
639.0	0.02932945339096758
640.0	0.027500450343528587
641.0	0.028022087829275427
642.0	0.028243846370142038
643.0	0.029403372904589782
644.0	0.027284669992834628
645.0	0.032388105527852776
646.0	0.027614439888578483
647.0	0.02973411223657801
648.0	0.029717874179487156
649.0	0.027216001592201982
650.0	0.030100235991480328
651.0	0.02667432909074092
652.0	0.027863423430637243
653.0	0.02838821158417812
654.0	0.028554954618184848
655.0	0.029860058161973582
656.0	0.030193301870926136
657.0	0.030346957515636045
658.0	0.026271851476679767
659.0	0.021674219302086035
660.0	0.029999091476666347
661.0	0.029055022147497896
662.0	0.02652955994493641
663.0	0.031365592649256036
664.0	0.03088030902266728
665.0	0.03196567368443154
666.0	0.03280892164420068
667.0	0.0320160843691312
668.0	0.02591534129786595
669.0	0.03061007866958939
670.0	0.03050085551940686
671.0	0.031380295765626565
672.0	0.025888762587503507
673.0	0.028843038755427302
674.0	0.02829651907274511
675.0	0.030299697498730047
676.0	0.031023139295983413
677.0	0.030339605957450593
678.0	0.030272472497537894
679.0	0.026791226944523565
680.0	0.02915883261198372
681.0	0.029353527724365697
682.0	0.028269778789675147
683.0	0.028961067618161845
684.0	0.030105244745408977
685.0	0.030510307522787838
686.0	0.027143940164714393
687.0	0.029572943460975505
688.0	0.027118250104242566
689.0	0.030982988478201582
690.0	0.032494339582949165
691.0	0.028836252701717798
692.0	0.027926113641097244
693.0	0.03324387537244316
694.0	0.028777763381649217
695.0	0.02841697152609022
696.0	0.029336320231030843
697.0	0.031196668383699645
698.0	0.027751453544429112
699.0	0.0303522086286256
700.0	0.030690299518799286
701.0	0.029534085224852718
702.0	0.027202671843843878
703.0	0.027980402070773652
704.0	0.030509742018312264
705.0	0.02929859300385958
706.0	0.0284486397767347
707.0	0.02812088953983298
708.0	0.031438542726633864
709.0	0.028529426130420164
710.0	0.03020889363718728
711.0	0.03150196001427695
712.0	0.028698996686805887
713.0	0.030985412068812147
714.0	0.030271341488586373
715.0	0.02917709032791671
716.0	0.030289276059104323
717.0	0.028483135549758544
718.0	0.02970995711682613
719.0	0.031204908591775715
720.0	0.028990231491842
721.0	0.029479635222468787
722.0	0.030503683041785853
723.0	0.03102588603200864
724.0	0.030338071016730646
725.0	0.03129474301707373
726.0	0.03169576647676831
727.0	0.03211989483361702
728.0	0.02958086052363653
729.0	0.030694581195544465
730.0	0.030653137796103968
731.0	0.02782294946744075
732.0	0.030608220583454773
733.0	0.02788693225955979
734.0	0.03274913974247343
735.0	0.029357163110281543
736.0	0.02972336765153762
737.0	0.028983526224486255
738.0	0.03197956893726559
739.0	0.03031617791488181
740.0	0.03162952166674623
741.0	0.03034938110624661
742.0	0.030081170412010857
743.0	0.031101825204472983
744.0	0.029220634172553103
745.0	0.03097345568846685
746.0	0.02960299598454627
747.0	0.029217402718405686
748.0	0.03202787917676935
749.0	0.030938636770028338
750.0	0.030319894087151415
751.0	0.03326471825169386
752.0	0.03159631847538181
753.0	0.0304048813312283
754.0	0.03206786842184366
755.0	0.03194895090921887
756.0	0.03049196902050146
757.0	0.030314966119576525
758.0	0.032850041898226504
759.0	0.03193174341588364
760.0	0.03182462071089664
761.0	0.03337951566028099
762.0	0.03358568243488645
763.0	0.03132204880461964
764.0	0.03306113664040648
765.0	0.03333516395210774
766.0	0.03153694050542299
767.0	0.029478746572578172
768.0	0.03201616515548496
769.0	0.026713510472278372
770.0	0.03311623293362012
771.0	0.02888472451392908
772.0	0.030760826005566545
773.0	0.03056839291108761
774.0	0.030457150102062947
775.0	0.031072338185377787
776.0	0.029643631520450287
777.0	0.032179595948990884
778.0	0.03103889263495208
779.0	0.03425435108434084
780.0	0.03368609987251733
781.0	0.03297938085047701
782.0	0.03570850545067926
783.0	0.03134450741094405
784.0	0.032671180911166955
785.0	0.03146916075468058
786.0	0.03536290142961298
787.0	0.03275172490579114
788.0	0.03183043732836214
789.0	0.03417421102148508
790.0	0.03224220537309712
791.0	0.030739821553608326
792.0	0.03186840691459431
793.0	0.03227508541904688
794.0	0.03277192149421251
795.0	0.03075921027849284
796.0	0.03275705680513446
797.0	0.031659170258548947
798.0	0.031627178862489426
799.0	0.03220932532714699
800.0	0.03032829586793463
801.0	0.032801489299661465
802.0	0.029116015844530423
803.0	0.03408219536463703
804.0	0.03376866352598403
805.0	0.033212449480859586
806.0	0.03215099757978593
807.0	0.033722857663444225
808.0	0.030320782737041654
809.0	0.037462377189190765
810.0	0.03452902468687143
811.0	0.030302363448401516
812.0	0.03337208331574177
813.0	0.03582637274070628
814.0	0.031933116783896445
815.0	0.0312150068859864
816.0	0.03600991933627982
817.0	0.033714617455368155
818.0	0.03135016245570203
819.0	0.033865930295821266
820.0	0.03286587602354893
821.0	0.035727571030149105
822.0	0.03392118816174205
823.0	0.03395536078935085
824.0	0.03485257403338173
825.0	0.03764762029819177
826.0	0.03491469873936578
827.0	0.03270212208462834
828.0	0.03518727189670085
829.0	0.03357962345836004
830.0	0.0343037923327965
831.0	0.03200097732099224
832.0	0.03310645778482411
833.0	0.03264726815047598
834.0	0.03270212208462834
835.0	0.03305968248604029
836.0	0.03224656783619606
837.0	0.031452114834053246
838.0	0.033446891479254594
839.0	0.032658335880930665
840.0	0.03406838089815712
841.0	0.034540981067217105
842.0	0.03560469498619344
843.0	0.03642758478483368
844.0	0.03267166562928877
845.0	0.03509097456310762
846.0	0.035314752762816363
847.0	0.032041289711481215
848.0	0.03625462120159302
849.0	0.03517022597607314
850.0	0.032814253543543614
851.0	0.03590053461338977
852.0	0.03224915299951377
853.0	0.03612431281309852
854.0	0.03545839089966898
855.0	0.030914562436629843
856.0	0.03464527624982475
857.0	0.037467789874887844
858.0	0.03506059889412181
859.0	0.03356976752321026
860.0	0.03583598631679515
861.0	0.03218387762573606
862.0	0.033637708846659814
863.0	0.033456828200758126
864.0	0.03628637023859164
865.0	0.03310758879377563
866.0	0.03533397991499336
867.0	0.0375942205184056
868.0	0.0351703067624269
869.0	0.0360806073957546
870.0	0.03679677842117628
871.0	0.03683838339332429
872.0	0.0341739686624238
873.0	0.0369368619584668
874.0	0.03275786466867131
875.0	0.03563095055114121
876.0	0.034806283452720105
877.0	0.03432334263038816
878.0	0.03582750374965818
879.0	0.03274065717533646
880.0	0.03456974100912883
881.0	0.034317041294800836
882.0	0.03447780613863492
883.0	0.03669256402492202
884.0	0.03425685546130516
885.0	0.03633411497361945
886.0	0.03525424378390603
887.0	0.035073928642479914
888.0	0.030521779185011325
889.0	0.035938746558682844
890.0	0.03465577847580385
891.0	0.031851603353027884
892.0	0.0349991204789671
893.0	0.03349495935969744
894.0	0.03791833536939147
895.0	0.03478972225021459
896.0	0.03725919950967182
897.0	0.03798005614360747
898.0	0.03350416900401751
899.0	0.035808438170188334
900.0	0.03756279462682203
901.0	0.03520149029494919
902.0	0.03674596380470819
903.0	0.03402734143048468
904.0	0.03521805149745471
905.0	0.03413494885359387
906.0	0.03742893163876506
907.0	0.03381689297913403
908.0	0.03561374305780636
909.0	0.03530901693170462
910.0	0.03270559589783666
911.0	0.03588558913795796
912.0	0.0366935334611664
913.0	0.035052520258753266
914.0	0.03434273135527267
915.0	0.04114090301790478
916.0	0.03508515794564212
917.0	0.037172111820399034
918.0	0.0385361086160244
919.0	0.03550306575325727
920.0	0.03423181169166267
921.0	0.037988457924390685
922.0	0.03378603259202641
923.0	0.03837413197688503
924.0	0.036457314162989786
925.0	0.034433454430461675
926.0	0.03633993159108495
927.0	0.03638783789882029
928.0	0.0389249333363124
929.0	0.035936646113486945
930.0	0.0356964682839802
931.0	0.03694849519339743
932.0	0.03873346967807784
933.0	0.03588558913795796
934.0	0.03839699451497787
935.0	0.036132956952942635
936.0	0.036382748358538254
937.0	0.03794798396119419
938.0	0.0345550378927583
939.0	0.0392660133215726
940.0	0.03420725264014236
941.0	0.03827646127527937
942.0	0.036729079456788
943.0	0.03492285816108809
944.0	0.03450672765325417
945.0	0.034597127583028506
946.0	0.03627392914012378
947.0	0.03856357597627746
948.0	0.03850330935642802
949.0	0.03859063940476209
950.0	0.03887072569298975
951.0	0.03786210806722669
952.0	0.03961686845562843
953.0	0.03713244572073939
954.0	0.03628257327996827
955.0	0.03796559538629747
956.0	0.03587783364800408
957.0	0.0355191422376406
958.0	0.038014309557570035
959.0	0.03666445037383963
960.0	0.03745179417685789
961.0	0.037789077203494725
962.0	0.03739088126617913
963.0	0.03876893488734606
964.0	0.038884217014055
965.0	0.038582964701161966
966.0	0.03706006114783714
967.0	0.03764107660354317
968.0	0.03930592178029314
969.0	0.03627724138062496
970.0	0.035949895075491664
971.0	0.03813750874694037
972.0	0.03464664961783755
973.0	0.038493211062217335
974.0	0.03823186720804485
975.0	0.03537308051017742
976.0	0.03948898365774449
977.0	0.036607011276369186
978.0	0.03577571969694572
979.0	0.03757491257987485
980.0	0.03452587401907777
981.0	0.03763736043127357
982.0	0.03853376581176759
983.0	0.037033159292060025
984.0	0.03669821906968
985.0	0.03625122817473846
986.0	0.034565216973322745
987.0	0.035999013178532276
988.0	0.03867772709403487
989.0	0.03944584374487652
990.0	0.03793950139405722
991.0	0.039900428557064424
992.0	0.035514052697358564
993.0	0.036888713291670185
994.0	0.037065069901765786
995.0	0.03671300297240429
996.0	0.03881587175883702
997.0	0.03842001862577823
998.0	0.038898758557718384
999.0	0.03711329935491579
1000.0	0.038173216315269126
1001.0	0.036669782273182565
1002.0	0.038222980709139445
1003.0	0.03604562690460895
1004.0	0.03936433031400796
1005.0	0.036946556320909055
1006.0	0.03898269557919751
1007.0	0.038578359879001746
1008.0	0.03851486180500527
1009.0	0.0367026623191327
1010.0	0.03684710831952217
1011.0	0.036879342074642975
1012.0	0.03824608560629356
1013.0	0.037250313010766416
1014.0	0.037668624750149995
1015.0	0.03584899291973821
1016.0	0.04244156331224081
1017.0	0.0376712099134677
1018.0	0.040009086202771375
1019.0	0.039094907824466923
1020.0	0.03916656532018571
1021.0	0.03536492108845512
1022.0	0.03962914798138877
1023.0	0.040133739546508285
1024.0	0.03750083149354513
1025.0	0.03706603933800979
1026.0	0.036064207765956605
1027.0	0.03623515169035475
1028.0	0.03472396215831469
1029.0	0.038656318710308224
1030.0	0.03854677241471103
1031.0	0.03983781913295819
1032.0	0.03744169588264721
1033.0	0.036883866110449054
1034.0	0.03990883033784801
1035.0	0.03567683720003478
1036.0	0.03926108535399771
1037.0	0.04136726638093161
1038.0	0.04050462969627834
1039.0	0.034920676929538805
1040.0	0.03924040404745415
1041.0	0.037139554919863565
1042.0	0.036283946647981076
1043.0	0.03806779012370959
1044.0	0.037309448621664326
1045.0	0.03505445913124164
1046.0	0.03795743596457554
1047.0	0.037869540411765525
1048.0	0.0375795174020347
1049.0	0.03581829410533774
1050.0	0.0366376293044159
1051.0	0.03778124092718746
1052.0	0.03862141900551633
1053.0	0.041236634847022065
1054.0	0.03945093328515856
1055.0	0.038093157038767124
1056.0	0.03759494759558869
1057.0	0.0399198980683027
1058.0	0.03693944712178489
1059.0	0.03650344317094426
1060.0	0.03715482354071042
1061.0	0.036723182052968734
1062.0	0.03628079598018704
1063.0	0.03861552160169706
1064.0	0.037713380390091665
1065.0	0.03838390712568105
1066.0	0.03479707380840004
1067.0	0.039255107163825055
1068.0	0.03804904768965479
1069.0	0.039097169842369967
1070.0	0.036651766916310856
1071.0	0.03550338889867193
1072.0	0.038116342722274626
1073.0	0.036845331019741315
1074.0	0.03856616113959554
1075.0	0.03851922426810421
1076.0	0.03825472974613806
1077.0	0.03811367677260316
1078.0	0.03965508040092188
1079.0	0.03702992783791261
1080.0	0.03748798646330921
1081.0	0.034655293757682046
1082.0	0.03530392739142259
1083.0	0.03446649604911896
1084.0	0.03875172739401083
1085.0	0.039260277490460856
1086.0	0.03264662185964627
1087.0	0.03850775260588072
1088.0	0.03716815328906852
1089.0	0.037887232623222564
1090.0	0.03825739569580953
1091.0	0.03775506614859344
1092.0	0.037273256335213015
1093.0	0.04052030224889325
1094.0	0.040567562265799245
1095.0	0.03506601157981889
1096.0	0.035865958054012166
1097.0	0.036681092362698536
1098.0	0.035695660420443344
1099.0	0.03545911797685245
1100.0	0.03473906920645365
1101.0	0.039433806578177466
1102.0	0.033728997426324396
1103.0	0.03593721161796289
1104.0	0.03853287716187698
1105.0	0.034733656520756946
1106.0	0.03666768182798705
1107.0	0.03672786766148272
1108.0	0.03316018071002494
1109.0	0.03399195700757059
1110.0	0.03510357723428263
1111.0	0.03850605609245325
1112.0	0.03879607910218408
1113.0	0.034047295659845135
1114.0	0.037194085708601256
1115.0	0.03517555787541646
1116.0	0.035927678828228164
1117.0	0.035785494845741735
1118.0	0.03338565542316116
1119.0	0.03340043932588545
1120.0	0.03586927029451334
1121.0	0.038263212313275036
1122.0	0.037869621198119284
1123.0	0.03514485906101598
1124.0	0.03927166836633058
1125.0	0.03555525373773816
1126.0	0.0329499746177352
1127.0	0.034428445676533026
1128.0	0.03524269133532878
1129.0	0.0361028236430181
1130.0	0.03509016669957077
1131.0	0.035431973762014055
1132.0	0.034484592192344427
1133.0	0.03203361500788109
1134.0	0.03628790517931159
1135.0	0.03377722687947439
1136.0	0.036541574329883954
1137.0	0.03539691248451464
1138.0	0.03723762955323802
1139.0	0.03159825734787018
1140.0	0.03706490832905827
1141.0	0.03885553785849666
1142.0	0.034624514156927806
1143.0	0.035726197662136305
1144.0	0.03239683045405103
1145.0	0.034419155245859194
1146.0	0.0362887938292022
1147.0	0.03303415399827561
1148.0	0.0367431362823292
1149.0	0.03141664962478503
1150.0	0.03525763681076059
1151.0	0.03469326334391421
1152.0	0.03607091303331234
1153.0	0.03555832361917805
1154.0	0.033697086816618635
1155.0	0.0341674249677752
1156.0	0.03390543482277338
1157.0	0.03191720187222026
1158.0	0.032275893282583734
1159.0	0.033230787983145965
1160.0	0.03746189247106858
1161.0	0.03546243021735325
1162.0	0.034999766769796804
1163.0	0.03244829136134845
1164.0	0.03522572620105483
1165.0	0.03470521972425951
1166.0	0.03493441060966534
1167.0	0.032735890780468714
1168.0	0.030557486753340073
1169.0	0.034553583738391735
1170.0	0.035452331923142566
1171.0	0.03357711908139571
1172.0	0.03521902093369909
1173.0	0.030789424374771127
1174.0	0.036186356732728804
1175.0	0.034259117479208206
1176.0	0.03346119066385707
1177.0	0.03592743646916688
1178.0	0.03362575246631414
1179.0	0.034809353334160006
1180.0	0.03342944162685845
1181.0	0.037218079255645985
1182.0	0.0366605726288625
1183.0	0.03597631221314659
1184.0	0.03707419875973209
1185.0	0.03503345467928342
1186.0	0.031015545378736676
1187.0	0.03076963171811819
1188.0	0.03458711007517121
1189.0	0.03303286141661657
1190.0	0.031928188816321555
1191.0	0.03236427355351556
1192.0	0.03445510517324923
1193.0	0.03775547008036187
1194.0	0.032759803541159684
1195.0	0.035165055649437345
1196.0	0.03481549309704018
1197.0	0.0353219427482943
1198.0	0.034042286905916486
1199.0	0.03341845468275753
1200.0	0.039350192702113006
1201.0	0.035602109822875726
1202.0	0.03505445913124164
1203.0	0.033857690087745196
1204.0	0.03913740144650518
1205.0	0.03848109310916452
1206.0	0.037331260937159404
1207.0	0.03364756478180922
1208.0	0.03663439785026848
1209.0	0.032092992977839914
1210.0	0.036676487540538684
1211.0	0.03715498511341756
1212.0	0.03701748673944512
1213.0	0.03485709806918819
1214.0	0.03350012968633324
1215.0	0.038373889617824126
1216.0	0.03816432981636372
1217.0	0.038089844798265944
1218.0	0.03559241546043347
1219.0	0.03671873880351604
1220.0	0.0351525337646161
1221.0	0.039276434761197944
1222.0	0.037031785924047225
1223.0	0.037442019028062254
1224.0	0.03541517020044725
1225.0	0.03926237793565675
1226.0	0.03799233566936744
1227.0	0.03672705979794587
1228.0	0.035899807536206675
1229.0	0.037978521202887146
1230.0	0.037605853753336235
1231.0	0.03587532927103975
1232.0	0.040484433107856974
1233.0	0.03910847993188593
1234.0	0.03695051485223957
1235.0	0.03514712107891902
1236.0	0.03827856172047527
1237.0	0.03630260829568212
1238.0	0.037060949797727755
1239.0	0.039417326162025326
1240.0	0.037137212115606756
1241.0	0.03777631295961257
1242.0	0.037139554919863565
1243.0	0.038776044086470236
1244.0	0.03824770133336727
1245.0	0.033594165002023425
1246.0	0.03957962594657973
1247.0	0.03726897465846783
1248.0	0.03824059213424311
1249.0	0.03747740345097634
1250.0	0.03716233667160301
1251.0	0.0385155080958346
1252.0	0.03902551234665081
1253.0	0.03761102407997203
1254.0	0.038555982059031095
1255.0	0.035220394301711894
1256.0	0.036843553719960086
1257.0	0.03828470148335507
1258.0	0.03886410121198739
1259.0	0.03869663110079757
1260.0	0.036707105568585405
1261.0	0.04005497285166495
1262.0	0.033993976666412726
1263.0	0.038249155487733465
1264.0	0.036372084559851615
1265.0	0.034936511054860855
1266.0	0.038393601488123305
1267.0	0.03723867977583578
1268.0	0.03560178667746068
1269.0	0.037091810184835754
1270.0	0.03399543082077892
1271.0	0.033368609502533446
1272.0	0.03749945812553232
1273.0	0.035316287703536314
1274.0	0.03625639850137426
1275.0	0.03610363150655496
1276.0	0.037442019028062254
1277.0	0.036868193557834154
1278.0	0.0358457614655908
1279.0	0.03900563890364448
1280.0	0.03588316554734739
1281.0	0.04128171363237878
1282.0	0.03618482179200885
1283.0	0.03778196800437055
1284.0	0.03903084424599412
1285.0	0.0392673866895854
1286.0	0.03813872054224565
1287.0	0.03929832786304678
1288.0	0.03475070244138428
1289.0	0.03826127344078628
1290.0	0.03646910897062794
1291.0	0.036607495994491375
1292.0	0.03548375781472651
1293.0	0.03615161860064405
1294.0	0.03475191423668956
1295.0	0.034119841805454534
1296.0	0.03821417499658781
1297.0	0.036034639960507646
1298.0	0.03801172439425195
1299.0	0.03449574070915325
1300.0	0.03593713083160913
1301.0	0.0404317604052539
1302.0	0.03737537028627175
1303.0	0.040541710632619896
1304.0	0.0416957436950168
1305.0	0.03651960044168136
1306.0	0.038278077002353084
1307.0	0.03914281413220226
1308.0	0.03769512267415868
1309.0	0.03921778386842222
1310.0	0.039368369631692234
1311.0	0.03657752425727399
1312.0	0.035970253236620175
1313.0	0.03904037703572923
1314.0	0.03578468698220488
1315.0	0.036588268842314
1316.0	0.03724619290672838
1317.0	0.03433691473780754
1318.0	0.03648736668656093
1319.0	0.03726695499962569
1320.0	0.03880633896910229
1321.0	0.03803789917284597
1322.0	0.0364551329314405
1323.0	0.03549119015926535
1324.0	0.038088067498484715
1325.0	0.036063642261480656
1326.0	0.036245573129980474
1327.0	0.03792592928663821
1328.0	0.04022817879396652
1329.0	0.033679475391514974
1330.0	0.0367684224110326
1331.0	0.03782171489038395
1332.0	0.03770812927710211
1333.0	0.0382081160200614
1334.0	0.03725879557790339
1335.0	0.036740389546303966
1336.0	0.03591515694340691
1337.0	0.03824438909286609
1338.0	0.035162874417887686
1339.0	0.03803337513703988
1340.0	0.03489458293729817
1341.0	0.03810955666856512
1342.0	0.037927706586419065
1343.0	0.03641700177250081
1344.0	0.03751658483251379
1345.0	0.03677827834618238
1346.0	0.038193089758275824
1347.0	0.03649689947629567
1348.0	0.03761126643903331
1349.0	0.03895143126032146
1350.0	0.037324959601571714
1351.0	0.03601145427699977
1352.0	0.03704560039052751
1353.0	0.038553073750298344
1354.0	0.03226724914273962
1355.0	0.03526434207811671
1356.0	0.038504278792672396
1357.0	0.03583477452148987
1358.0	0.03745470248559065
1359.0	0.038562444967325936
1360.0	0.03735590077503347
1361.0	0.03427018520966327
1362.0	0.03678975000840549
1363.0	0.03726695499962569
1364.0	0.03798110636620523
1365.0	0.03726687421327193
1366.0	0.036356573579944235
1367.0	0.0341753420304366
1368.0	0.041125957542472974
1369.0	0.03702952390614418
1370.0	0.03827856172047527
1371.0	0.03422429856077007
1372.0	0.037954931587611214
1373.0	0.03631375681249094
1374.0	0.03569452941149183
1375.0	0.03720676916613002
1376.0	0.03726695499962569
1377.0	0.04020030750194503
1378.0	0.03758913097812319
1379.0	0.03601654381728218
1380.0	0.036545856006629136
1381.0	0.037281092611520655
1382.0	0.03582564566352319
1383.0	0.03700989282219839
1384.0	0.03488012217998855
1385.0	0.03764366176686088
1386.0	0.038345210462265786
1387.0	0.03683652530718967
1388.0	0.03781395940043007
1389.0	0.038694207510187005
1390.0	0.03603318580614108
1391.0	0.0386727183401066
1392.0	0.037122105067467805
1393.0	0.03940924752665678
1394.0	0.03776605309269437
1395.0	0.034786167650652504
1396.0	0.03570099231978666
1397.0	0.03573968898320193
1398.0	0.03310476127139664
1399.0	0.03560299847276596
1400.0	0.03479424628602105
1401.0	0.03605128194936693
1402.0	0.03503587826989398
1403.0	0.03935972549184774
1404.0	0.03427882934950777
1405.0	0.03810309376027029
1406.0	0.034974723000154306
1407.0	0.03683062790337041
1408.0	0.03912237518471998
1409.0	0.03616454441723373
1410.0	0.0392851596873962
1411.0	0.03652291268218254
1412.0	0.036321189157029775
1413.0	0.03501010742306839
1414.0	0.03362332887570358
1415.0	0.03686859748960258
1416.0	0.036010888772524195
1417.0	0.03623975651251497
1418.0	0.032225401811530316
1419.0	0.03524059089013326
1420.0	0.035561070355203284
1421.0	0.03239537629968447
1422.0	0.03427907170856867
1423.0	0.032031029844563005
1424.0	0.037106836446620946
1425.0	0.03185047234407599
1426.0	0.03283832787694211
1427.0	0.03628548158870102
1428.0	0.03543916374749199
1429.0	0.03613408796189453
1430.0	0.03525287041589322
1431.0	0.03302195525886903
1432.0	0.03536080098441708
1433.0	0.03224923378586753
1434.0	0.03330325334240198
1435.0	0.035756169399353686
1436.0	0.03563531301424015
1437.0	0.034283757317082275
1438.0	0.03487818330750017
1439.0	0.032993518462371973
1440.0	0.03017472100957848
1441.0	0.0330821410923647
1442.0	0.03541185795994645
1443.0	0.03284123618567487
1444.0	0.03500929955953154
1445.0	0.03305071520078113
1446.0	0.03368997761749409
1447.0	0.03476540555775519
1448.0	0.03310993159803243
1449.0	0.0360354478240445
1450.0	0.03304619116497467
1451.0	0.031169443382507492
1452.0	0.035454917086460654
1453.0	0.036464423362114334
1454.0	0.0338789368987647
1455.0	0.031899024942641026
1456.0	0.03480402143481669
1457.0	0.03408308401452765
1458.0	0.03391335188543441
1459.0	0.03306113664040648
1460.0	0.0326987290577734
1461.0	0.03449994159954466
1462.0	0.03620380658512494
1463.0	0.03380017020392137
1464.0	0.03297978478224544
1465.0	0.034401463034402155
1466.0	0.030616541577884227
1467.0	0.03183900068185287
1468.0	0.03507279763352839
1469.0	0.03322844517888916
1470.0	0.03238713609160877
1471.0	0.031024351091288694
1472.0	0.03407549009728129
1473.0	0.03540636448789561
1474.0	0.033935244987283245
1475.0	0.03271238195154654
1476.0	0.036466846952724896
1477.0	0.03539400417578189
1478.0	0.03215762206078829
1479.0	0.03574211257381249
1480.0	0.038028204810403705
1481.0	0.032380026892484225
1482.0	0.032717471491828576
1483.0	0.033600708696671644
1484.0	0.035862726599864746
1485.0	0.031716286210604724
1486.0	0.03491833412528163
1487.0	0.03416435508633531
1488.0	0.03494790193073058
1489.0	0.03512506640436304
1490.0	0.0340901932136522
1491.0	0.034104330825547154
1492.0	0.03434911347721412
1493.0	0.03300159709774052
1494.0	0.03447554412073188
1495.0	0.03516715609463287
1496.0	0.03566819306019029
1497.0	0.032468084018001386
1498.0	0.035179758765807874
1499.0	0.03415651881002767
1500.0	0.033667599797523436
1501.0	0.03609692623919922
1502.0	0.03257334863685378
1503.0	0.032991337230822315
1504.0	0.035705112423824695
1505.0	0.034480391301953
1506.0	0.03629016719721463
1507.0	0.033473147044202366
1508.0	0.03476354747162057
1509.0	0.03242664061856089
1510.0	0.03596257853302006
1511.0	0.03468760829915623
1512.0	0.03531564141270698
1513.0	0.03478317855556599
1514.0	0.036684485389553476
1515.0	0.034950971812170856
1516.0	0.03341401143330483
1517.0	0.03410118015775312
1518.0	0.036411185155035684
1519.0	0.033915533116984066
1520.0	0.03162451291281796
1521.0	0.03432794745254838
1522.0	0.032140980071929004
1523.0	0.03330591929207345
1524.0	0.03388394565269297
1525.0	0.0317708977856958
1526.0	0.03478592529159122
1527.0	0.032465741213744584
1528.0	0.03601597831280623
1529.0	0.033452384951305425
1530.0	0.03448055287466015
1531.0	0.034020555376775174
1532.0	0.03642435333068627
1533.0	0.03454445488042543
1534.0	0.03542236018592556
1535.0	0.033420231982538386
1536.0	0.034047618805259805
1537.0	0.034671774173833804
1538.0	0.034720811490520656
1539.0	0.031814845562101
1540.0	0.0356403217681688
1541.0	0.035056398003730393
1542.0	0.03140049235404793
1543.0	0.03679104259006453
1544.0	0.035018670776559124
1545.0	0.03379758504060328
1546.0	0.036324420611177195
1547.0	0.03310241846713983
1548.0	0.03918910471286388
1549.0	0.034048749814211327
1550.0	0.03693661959940589
1551.0	0.03381891263797617
1552.0	0.03398072770440839
1553.0	0.036702177601010515
1554.0	0.03353276737322247
1555.0	0.031468918395619674
1556.0	0.035440052397382606
1557.0	0.03242373230982814
1558.0	0.0358249185863401
1559.0	0.035480607146932484
1560.0	0.033718252841284005
1561.0	0.03899747948192218
1562.0	0.035570037640462446
1563.0	0.034864368841019885
1564.0	0.037024030434093344
1565.0	0.03337628420613357
1566.0	0.031515208976281295
1567.0	0.035454351581984705
1568.0	0.031760799491485116
1569.0	0.03465779813464599
1570.0	0.03331795645877251
1571.0	0.03353494860477175
1572.0	0.034230519110003625
1573.0	0.03162047359513368
1574.0	0.03607091303331234
1575.0	0.029124336838959874
1576.0	0.03361113013629737
1577.0	0.035973161545352926
1578.0	0.03392167287986424
1579.0	0.03144452091680651
1580.0	0.03391658333958183
1581.0	0.03523057338227596
1582.0	0.037383691280701195
1583.0	0.03330196076074294
1584.0	0.03358212783532399
1585.0	0.03732673690135294
1586.0	0.03458113188499856
1587.0	0.033586490298423304
1588.0	0.036006445523071494
1589.0	0.03678054036408542
1590.0	0.03858247998303978
1591.0	0.033309635464343054
1592.0	0.03376615914901971
1593.0	0.03587250174866076
1594.0	0.03542639950360983
1595.0	0.032561311470154716
1596.0	0.03653963545739558
1597.0	0.03512878257663227
1598.0	0.035084188509398116
1599.0	0.03319524198752436
1600.0	0.03456109686928471
1601.0	0.03560954216741456
1602.0	0.03609272534880742
1603.0	0.036622279897215664
1604.0	0.0340078719192464
1605.0	0.034134060203703256
1606.0	0.03547559839300421
1607.0	0.0356854813398789
1608.0	0.03388636924330354
1609.0	0.03367196226062238
1610.0	0.035984633207576416
1611.0	0.03619451615445111
1612.0	0.03391343267178817
1613.0	0.03382117465587959
1614.0	0.036534869062527835
1615.0	0.03640843841901008
1616.0	0.033851711897572544
1617.0	0.030935566888588062
1618.0	0.03513492233951244
1619.0	0.031876727909023767
1620.0	0.03582540330446228
1621.0	0.03292606185704461
1622.0	0.03495525348891604
1623.0	0.03509355972642571
1624.0	0.03443280813963196
1625.0	0.03567069743715461
1626.0	0.03549676441766957
1627.0	0.035624972360968565
1628.0	0.036077618300668086
1629.0	0.035890355532825324
1630.0	0.034345235732236995
1631.0	0.035812881419641035
1632.0	0.03395770359360803
1633.0	0.0368235994906
1634.0	0.03505001588178894
1635.0	0.03517903168862478
1636.0	0.03823227113981328
1637.0	0.037796832693448607
1638.0	0.036442287901204594
1639.0	0.03813718560152571
1640.0	0.03558223637986903
1641.0	0.03321454992605511
1642.0	0.03707686470940394
1643.0	0.03712388236724866
1644.0	0.039557571272023376
1645.0	0.03204492509739706
1646.0	0.0357186845312437
1647.0	0.03673392663800913
1648.0	0.03558288267069836
1649.0	0.03721056612475339
1650.0	0.037491944994639724
1651.0	0.03880827784159066
1652.0	0.036779651714194804
1653.0	0.03621285465673786
1654.0	0.03671623442655171
1655.0	0.036110983064740414
1656.0	0.03732528274698675
1657.0	0.038285751705953205
1658.0	0.03611615339137621
1659.0	0.038179598437210575
1660.0	0.032153744315811535
1661.0	0.03837687871291026
1662.0	0.03555137599276103
1663.0	0.03890433281612261
1664.0	0.035539581185122876
1665.0	0.03647427929726373
1666.0	0.03565559038901528
1667.0	0.035541843203026294
1668.0	0.03962349293663079
1669.0	0.03926665961240193
1670.0	0.03529754526948151
1671.0	0.04073745596759963
1672.0	0.03564646153104897
1673.0	0.03773486956017207
1674.0	0.03754865701492707
1675.0	0.0374278814161673
1676.0	0.03973998685864539
1677.0	0.039758567719993046
1678.0	0.03883873429693023
1679.0	0.036673417659098415
1680.0	0.038893830590143494
1681.0	0.03952792268022103
1682.0	0.038717958698170456
1683.0	0.037593170295807464
1684.0	0.03705157858070016
1685.0	0.03832436758301471
1686.0	0.03986569042497967
1687.0	0.040098112764532914
1688.0	0.04034297620255364
1689.0	0.03780668862859838
1690.0	0.037820018376956484
1691.0	0.03952994233906317
1692.0	0.03791445762441472
1693.0	0.03939874530067767
1694.0	0.03881587175883702
1695.0	0.04269466695833761
1696.0	0.04006466721410721
1697.0	0.04204918399239072
1698.0	0.03980631245502086
1699.0	0.0410308720041854
1700.0	0.04052337213033314
1701.0	0.03864347368007231
1702.0	0.04011717834400276
1703.0	0.03761053936184984
1704.0	0.03689558013173345
1705.0	0.03960329634820942
1706.0	0.03963908470289194
1707.0	0.039718012970442786
1708.0	0.042271184892318237
1709.0	0.03997410571162572
1710.0	0.037636633354090475
1711.0	0.0389822108610757
1712.0	0.04027131870683448
1713.0	0.03794200577102154
1714.0	0.03922125768163092
1715.0	0.04014052560021779
1716.0	0.04247654380338685
1717.0	0.038256668618626435
1718.0	0.03804492758561675
1719.0	0.03846437033395185
1720.0	0.03967341890320826
1721.0	0.03989566216219706
1722.0	0.039420799975234025
1723.0	0.03905427228856291
1724.0	0.040181807426951134
1725.0	0.0358413182161381
1726.0	0.03881150929573808
1727.0	0.03955086600466763
1728.0	0.040667252626247034
1729.0	0.04024756751885103
1730.0	0.03799160859218434
1731.0	0.04149709005130431
1732.0	0.03994534576971362
1733.0	0.03986771008382181
1734.0	0.041488849843228245
1735.0	0.03897106234426688
1736.0	0.04117402542291582
1737.0	0.03731881983869192
1738.0	0.03930252875343858
1739.0	0.03547091278449022
1740.0	0.03921931880914255
1741.0	0.03863402167669133
1742.0	0.03783140925282621
1743.0	0.039830871506541535
1744.0	0.03853877456569586
1745.0	0.03983523396964048
1746.0	0.041512843390272974
1747.0	0.04110737668112532
1748.0	0.03827864250682866
1749.0	0.04193180142048551
1750.0	0.03895231991021208
1751.0	0.04139158307339102
1752.0	0.038204238275084644
1753.0	0.040318740296448004
1754.0	0.03712420551266332
1755.0	0.038221768913834164
1756.0	0.037542759611107805
1757.0	0.039330884763581875
1758.0	0.03960014568041577
1759.0	0.037514807532732564
1760.0	0.038798583479148406
1761.0	0.03882508140315746
1762.0	0.038370981309091376
1763.0	0.03875770558418348
1764.0	0.042753883355588905
1765.0	0.04003776535832972
1766.0	0.036329590937813364
1767.0	0.038423977157109115
1768.0	0.0404696492051323
1769.0	0.040181807426951134
1770.0	0.041541360973123796
1771.0	0.03996497685365941
1772.0	0.04032237568236385
1773.0	0.03844780913144633
1774.0	0.037482089059489944
1775.0	0.03952388336253676
1776.0	0.03880803548252976
1777.0	0.037647701084545154
1778.0	0.04320434806373915
1779.0	0.03906485530089578
1780.0	0.04034758102471349
1781.0	0.03738328734893277
1782.0	0.03584535753382237
1783.0	0.03848755601745935
1784.0	0.04139125992797635
1785.0	0.03719004639091698
1786.0	0.03654529050215356
1787.0	0.03562408371107795
1788.0	0.03609660309378417
1789.0	0.03791461919712224
1790.0	0.03781258603241727
1791.0	0.04140798270318902
1792.0	0.036632782123194776
1793.0	0.03501010742306839
1794.0	0.038768207810162596
1795.0	0.03738595329860424
1796.0	0.039116881712669145
1797.0	0.036215843751823996
1798.0	0.04132840814480883
1799.0	0.03442779938570369
1800.0	0.03615097230981472
1801.0	0.036544886570385134
1802.0	0.037569015176055584
1803.0	0.03732075871118029
1804.0	0.03711790417707601
1805.0	0.037358162792936515
1806.0	0.03546671189409881
1807.0	0.03512094630032501
1808.0	0.036460707189844725
1809.0	0.03596540605539905
1810.0	0.033615007881274125
1811.0	0.03612754426724593
1812.0	0.03848416299060479
1813.0	0.034598743310102216
1814.0	0.03646838189344485
1815.0	0.034235851009346945
1816.0	0.0352770255356451
1817.0	0.03413236369027579
1818.0	0.03607584100088723
1819.0	0.03663690222723281
1820.0	0.033559992374414246
1821.0	0.03314006490795733
1822.0	0.03401045708256449
1823.0	0.03465909071630503
1824.0	0.03419368053272298
1825.0	0.03315194050194887
1826.0	0.03325195400781171
1827.0	0.032479313321163966
1828.0	0.034505919789717315
1829.0	0.0337895871915885
1830.0	0.032444332830017936
1831.0	0.03340876032031528
1832.0	0.0346207979846582
1833.0	0.03178172315708996
1834.0	0.03062841717187614
1835.0	0.03161756528640093
1836.0	0.031045840261368727
1837.0	0.02819327411273486
1838.0	0.030533250847234433
1839.0	0.030816326230548613
1840.0	0.030006281462144277
1841.0	0.02894596057002251
1842.0	0.03290053336927992
1843.0	0.032574883577573724
1844.0	0.030177306172896563
1845.0	0.030954470895350764
1846.0	0.03266770709795826
1847.0	0.027873440938494167
1848.0	0.03340932582479085
1849.0	0.03215350195675025
1850.0	0.029173454942000864
1851.0	0.03343291544006716
1852.0	0.029230651680410027
1853.0	0.031170897536874055
1854.0	0.02830855623944417
1855.0	0.030632375703206653
1856.0	0.031272930701578654
1857.0	0.03151076572682859
1858.0	0.027724390115944478
1859.0	0.03423851695901842
1860.0	0.030251144900165006
1861.0	0.029219341590894062
1862.0	0.029957728863579235
1863.0	0.028343940662358257
1864.0	0.03214768533928512
1865.0	0.03133675192099017
1866.0	0.0283739931859294
1867.0	0.03009344993777082
1868.0	0.028085343544211376
1869.0	0.03201034853801983
1870.0	0.028009969876222608
1871.0	0.029866763429329323
1872.0	0.03186089378370171
1873.0	0.03056605010683081
1874.0	0.030252841413592475
1875.0	0.028995159459416886
1876.0	0.027799117493103535
1877.0	0.02999674867240954
1878.0	0.02810384361920527
1879.0	0.02834911098899443
1880.0	0.029675865275570715
1881.0	0.02860132598520023
1882.0	0.02685278614603204
1883.0	0.03054464172310416
1884.0	0.03342120141878276
1885.0	0.030243874128333313
1886.0	0.029593624767519058
1887.0	0.029548788341223625
1888.0	0.03213952591756281
1889.0	0.02954967699111386
1890.0	0.029826127893425685
1891.0	0.02847239096471815
1892.0	0.027156865981304068
1893.0	0.029081035353384764
1894.0	0.028426585102178714
1895.0	0.03161376832777756
1896.0	0.029431001837549986
1897.0	0.0270517629351592
1898.0	0.029580295019160957
1899.0	0.02983751876929541
1900.0	0.029134839064938987
1901.0	0.028538231842971808
1902.0	0.025521103891880868
1903.0	0.029062777637451773
1904.0	0.026351022103291526
1905.0	0.028339578199259318
1906.0	0.028994351595880034
1907.0	0.029768769582309004
1908.0	0.031658766326780524
1909.0	0.030381938006781704
1910.0	0.02958667714110203
1911.0	0.02897399343475152
1912.0	0.027818748577049333
1913.0	0.03135387862797164
1914.0	0.02960792395212116
1915.0	0.030064286064090295
1916.0	0.029730638423369312
1917.0	0.02815999013501667
1918.0	0.031962280657576975
1919.0	0.029208677792207805
1920.0	0.02945030977608074
1921.0	0.026948841120563987
1922.0	0.02993939036129286
1923.0	0.029821442284912077
1924.0	0.029937855420572534
1925.0	0.030393571241712335
1926.0	0.03021786092244644
1927.0	0.028994593954941316
1928.0	0.032582962212942275
1929.0	0.02859874082188252
1930.0	0.029017618065741674
1931.0	0.02931450791553577
1932.0	0.031094716005348435
1933.0	0.031597368697979564
1934.0	0.03332256128093273
1935.0	0.030615410568932706
1936.0	0.03212853897346152
1937.0	0.02856004415846688
1938.0	0.03175910297805802
1939.0	0.029152450490042645
1940.0	0.029550323281943573
1941.0	0.030844682240691913
1942.0	0.02867217561738254
1943.0	0.026938904399060826
1944.0	0.03205785091398673
1945.0	0.028764756778706158
1946.0	0.02911981280315379
1947.0	0.03253836814570774
1948.0	0.029759640724342694
1949.0	0.03179101358776378
1950.0	0.029598795094154855
1951.0	0.030279824055723346
1952.0	0.02907845019006668
1953.0	0.02683937561132018
1954.0	0.02798524925199478
1955.0	0.027802348947250956
1956.0	0.029988427677979716
1957.0	0.031797799641473286
1958.0	0.027716553839637215
1959.0	0.029310064666083067
1960.0	0.030084967370633847
1961.0	0.031178087522351988
1962.0	0.027969576699379873
1963.0	0.026707693854812867
1964.0	0.024944046967505344
1965.0	0.032291485048845256
1966.0	0.02666956269587355
1967.0	0.027910925806604148
1968.0	0.02796295221837789
1969.0	0.027605634176026843
1970.0	0.025739792551307202
1971.0	0.025606252708665275
1972.0	0.02346961522639217
1973.0	0.027749353099233213
1974.0	0.022949189535950237
1975.0	0.025939334844910306
1976.0	0.02476712485293417
1977.0	0.024956891997741634
1978.0	0.023553229102456632
1979.0	0.025922935215112308
1980.0	0.026688547488989637
1981.0	0.026569387617303573
1982.0	0.026130636930437722
1983.0	0.026092424985144268
1984.0	0.02643229317509918
1985.0	0.02467753278669706
1986.0	0.02633098708757768
1987.0	0.024551021356825544
1988.0	0.028144075223340486
1989.0	0.02335489860415881
1990.0	0.025307504772736564
1991.0	0.023095332049767173
1992.0	0.024706939019438497
1993.0	0.024952852680057362
1994.0	0.021776656398559434
1995.0	0.023508231103453677
1996.0	0.02058101836401451
1997.0	0.02358505892580863
1998.0	0.02568316131737399
1999.0	0.02286113241043308
2000.0	0.023010021660275246
2001.0	0.01883401346556627
2002.0	0.02179394467824805
2003.0	0.02094762683703901
2004.0	0.022593891152441703
2005.0	0.024296059624594506
2006.0	0.02261206808202093
2007.0	0.024857928714476937
2008.0	0.023686041867915467
2009.0	0.02344093607083383
2010.0	0.021084963638304307
2011.0	0.021768981694959316
2012.0	0.021178837381286973
2013.0	0.021088518237866394
2014.0	0.020341163679922433
2015.0	0.01983140178816713
2016.0	0.018728102555884547
2017.0	0.01982954370203214
2018.0	0.020181449058686112
2019.0	0.017931064390423645
2020.0	0.023417265669203765
2021.0	0.019147383731512126
2022.0	0.021933462711063
2023.0	0.01849511471185573
2024.0	0.020524467916434683
2025.0	0.021671957284182992
2026.0	0.01658451744719442
2027.0	0.019464631742435106
2028.0	0.01888353550037531
2029.0	0.016666354023477648
2030.0	0.01839195053819924
2031.0	0.016046480331649203
2032.0	0.015897752654514184
2033.0	0.017171834238487768
2034.0	0.017390846043329147
2035.0	0.016857979254419727
2036.0	0.014677797927509858
2037.0	0.016312348221628154
2038.0	0.01441330340554371
2039.0	0.016717007067238585
2040.0	0.014410799028579386
2041.0	0.018073733091032256
2042.0	0.015588098560837935
2043.0	0.014792756908804505
2044.0	0.017353684320633833
2045.0	0.014163835145363138
2046.0	0.014712293700533704
2047.0	0.015581150934420909
2048.0	0.012898316914880284
2049.0	0.014166581881388368
2050.0	0.014759957649208129
2051.0	0.01166301278067572
2052.0	0.015723900421382903
2053.0	0.017187910722871104
2054.0	0.012720021432296306
2055.0	0.013673542764845732
2056.0	0.013479493943293465
2057.0	0.01235971429485912
2058.0	0.014918137329724124
2059.0	0.011568088815095296
2060.0	0.013867753159105897
2061.0	0.012841766467300456
2062.0	0.011713423465375378
2063.0	0.012230052197193943
2064.0	0.013032664621059066
2065.0	0.013039935392890759
2066.0	0.015624452419996394
2067.0	0.010537578087483394
2068.0	0.013567551068810624
2069.0	0.013220169747963112
2070.0	0.010639126534066177
2071.0	0.012558691083986277
2072.0	0.012205816291088304
2073.0	0.014988825389198908
2074.0	0.013915013176011896
2075.0	0.012702733152607691
2076.0	0.015026875761784839
2077.0	0.01198308831397732
2078.0	0.011350046446498294
2079.0	0.016209022475264137
2080.0	0.012529769569367029
2081.0	0.014301091160274672
2082.0	0.01224847148583408
2083.0	0.007523196872417684
2084.0	0.01214740775737386
2085.0	0.0144336615666726
2086.0	0.012154678529205553
2087.0	0.010713773124871474
2088.0	0.009578805641944412
2089.0	0.01041688327507738
2090.0	0.011233714097191221
2091.0	0.013982792926753928
2092.0	0.011389470187096651
2093.0	0.010516896780939838
2094.0	0.013444351879440286
2095.0	0.008088620561862199
2096.0	0.011394963659147113
2097.0	0.008797843960866844
2098.0	0.011323063804367046
2099.0	0.013588474734415086
2100.0	0.010635006430028142
2101.0	0.011932192911155473
2102.0	0.009995905586022332
2103.0	0.012005142988533677
2104.0	0.010039611003366245
2105.0	0.012133593290893571
2106.0	0.011679897128595908
2107.0	0.010398463986436868
2108.0	0.009506501855395918
2109.0	0.012336367038644094
2110.0	0.008981632915501284
2111.0	0.011703729102933122
2112.0	0.010524894629954625
2113.0	0.012090211018964323
2114.0	0.012843301408020405
2115.0	0.006594234591388189
2116.0	0.009548510759312363
2117.0	0.00888501243649339
2118.0	0.010536043146763445
2119.0	0.010042923243867425
2120.0	0.013471334521571156
2121.0	0.011829351882914023
2122.0	0.009836029392078867
2123.0	0.01133049614890626
2124.0	0.009086412816231485
2125.0	0.011683290155450849
2126.0	0.01145644207430183
2127.0	0.012355836549882367
2128.0	0.012174228826797211
2129.0	0.008746221480861906
2130.0	0.010532003829079171
2131.0	0.01013889743204561
2132.0	0.011371777975639609
2133.0	0.011906422064329885
2134.0	0.01123193679740999
2135.0	0.00797584281211721
2136.0	0.009940728506455308
2137.0	0.011918540017382705
2138.0	0.010039772576073391
2139.0	0.01220072675080627
2140.0	0.01254899672154402
2141.0	0.01294428435012724
2142.0	0.011683209369097088
2143.0	0.011621327022173944
2144.0	0.012705641461340443
2145.0	0.01001618296079746
2146.0	0.012204119777660833
2147.0	0.011511861512930136
2148.0	0.014707204160251293
2149.0	0.013878416957792154
2150.0	0.011992863462773335
2151.0	0.015405359828801255
2152.0	0.014834038735537477
2153.0	0.010752389001932977
2154.0	0.012753709341783296
2155.0	0.01283473805452967
2156.0	0.01566274515164323
2157.0	0.016021598134713853
2158.0	0.016459379385335704
2159.0	0.014453211864264256
2160.0	0.01438026178688643
2161.0	0.014611957049256202
2162.0	0.017545632696990204
2163.0	0.010467132387069516
2164.0	0.018654183042262344
2165.0	0.019842146373207147
2166.0	0.019226150426355455
2167.0	0.014799946894282436
2168.0	0.01644903873206374
2169.0	0.01852088555868132
2170.0	0.018063554010467813
2171.0	0.01949436112059121
2172.0	0.01872729469234769
2173.0	0.019669344362674007
2174.0	0.023068187834928783
2175.0	0.021914397131593155
2176.0	0.016804660260987318
2177.0	0.019988046527963176
2178.0	0.021966989047842472
2179.0	0.017406276236882772
2180.0	0.020360390832099423
2181.0	0.024593999696986363
2182.0	0.019631213203734316
2183.0	0.020928318898508262
2184.0	0.02385520849253276
2185.0	0.023346173677960554
2186.0	0.025234877840773027
2187.0	0.02645572121766797
2188.0	0.02388558416151857
2189.0	0.027740062668559384
2190.0	0.023226852233567342
2191.0	0.025844249306622737
2192.0	0.023716094391486232
2193.0	0.02498468250340936
2194.0	0.028819368353797236
2195.0	0.028100692951411613
2196.0	0.026435282270185694
2197.0	0.026493286872131712
2198.0	0.02696063592820214
2199.0	0.02758842668269199
2200.0	0.025606979785848367
2201.0	0.028701177918355546
2202.0	0.030118655280120837
2203.0	0.02453211735006322
2204.0	0.026523258609349093
2205.0	0.02734202830395131
2206.0	0.025904111994703743
2207.0	0.026649850825573997
2208.0	0.0284839434132954
2209.0	0.026013496717593794
2210.0	0.025487577555101396
2211.0	0.029111491808723963
2212.0	0.029141463545941344
2213.0	0.027566291221782245
2214.0	0.024976280722626146
2215.0	0.029186784690358968
2216.0	0.028828739570824824
2217.0	0.027120916053914035
2218.0	0.028047858676101017
2219.0	0.02784395391939897
2220.0	0.026573346148634085
2221.0	0.026775796750969943
2222.0	0.026241475807693957
2223.0	0.02570553913734464
2224.0	0.028889248549735163
2225.0	0.02535508793505723
2226.0	0.029242688847109087
2227.0	0.026051708662886867
2228.0	0.026559208536739126
2229.0	0.02562257155210989
2230.0	0.027547387215019543
2231.0	0.027448989436230795
2232.0	0.025741165919320005
2233.0	0.02950944538697865
2234.0	0.02915883261198372
2235.0	0.029661000586492663
2236.0	0.027744586704365845
2237.0	0.02922604685825018
2238.0	0.027735296273692017
2239.0	0.028632428731369137
2240.0	0.02932872631378411
2241.0	0.02857805951533897
2242.0	0.03023821908357533
2243.0	0.02821379384657127
2244.0	0.02369880611179762
2245.0	0.028761848469973407
2246.0	0.027632616818157714
2247.0	0.026890513373203306
2248.0	0.027708798349683334
2249.0	0.02735842793374931
2250.0	0.025867596562837762
2251.0	0.03189878258358012
2252.0	0.027677291671746002
2253.0	0.030057257651319884
2254.0	0.0314227893876652
2255.0	0.03108082075251476
2256.0	0.03406603809389994
2257.0	0.02650685897955072
2258.0	0.029184926604223976
2259.0	0.03250476102257489
2260.0	0.0319161516496225
2261.0	0.0292292783123976
2262.0	0.03281182995293305
2263.0	0.03310128745818831
2264.0	0.02818293345946327
2265.0	0.031389828555361675
2266.0	0.03204516745645796
2267.0	0.028615302024388042
2268.0	0.031286906740766465
2269.0	0.030572997733247835
2270.0	0.03199556463529516
2271.0	0.03063423378934127
2272.0	0.030727622814201744
2273.0	0.031113943157525803
2274.0	0.03178317731145614
2275.0	0.035515991569846944
2276.0	0.03699123117449735
2277.0	0.030280227987491776
2278.0	0.031346042351664
2279.0	0.02886889038860665
2280.0	0.03311106260698433
2281.0	0.034077671328830945
2282.0	0.0335420578038963
2283.0	0.03230877332853387
2284.0	0.034390395303947094
2285.0	0.03261075271861
2286.0	0.03480733367531787
2287.0	0.03274930131518058
2288.0	0.035627153592518224
2289.0	0.033422090068673374
2290.0	0.032791633364511685
2291.0	0.03089695101152656
2292.0	0.03552196976001959
2293.0	0.035047592291178375
2294.0	0.03492455467451556
2295.0	0.035381886222729066
2296.0	0.03585351695554467
2297.0	0.03347952916614345
2298.0	0.0325447502676492
2299.0	0.031011990779174593
2300.0	0.03474577447380977
2301.0	0.03557957043019718
2302.0	0.03404850745515042
2303.0	0.0343688253475133
2304.0	0.03503434332917403
2305.0	0.03291741771720011
2306.0	0.03284002439036958
2307.0	0.03422009767037828
2308.0	0.032342784383435526
2309.0	0.034755388049898264
2310.0	0.03397652681401659
2311.0	0.0321444538851377
2312.0	0.03512207730927652
2313.0	0.03326067893400959
2314.0	0.038011482035191044
2315.0	0.03525367827943008
2316.0	0.033617189112823784
2317.0	0.03615299196865686
2318.0	0.03346337189540635
2319.0	0.03418366302486606
2320.0	0.03392441961588947
2321.0	0.03159268308946596
2322.0	0.034590907033794575
2323.0	0.03378134698351243
2324.0	0.034853381896918584
2325.0	0.030273845865550698
2326.0	0.037712168594786384
2327.0	0.033237493250502084
2328.0	0.03446625369005805
2329.0	0.03427705204972653
2330.0	0.03297154457416937
2331.0	0.034993950152331296
2332.0	0.032790421569206404
2333.0	0.03397693074578502
2334.0	0.03680623042455762
2335.0	0.036845654165155985
2336.0	0.03237582600209281
2337.0	0.035973403904413837
2338.0	0.03265171139992868
2339.0	0.03418196651143859
2340.0	0.03339728865809179
2341.0	0.03347338940326365
2342.0	0.0366362559364031
2343.0	0.0322156266627343
2344.0	0.033513701793752626
2345.0	0.035052681831460784
2346.0	0.03614879107826506
2347.0	0.03422454091983098
2348.0	0.035817647814508406
2349.0	0.033970063905721756
2350.0	0.035975665922317254
2351.0	0.033267384201365706
2352.0	0.03462798797013613
2353.0	0.03863555661741128
2354.0	0.03710675566026756
2355.0	0.03461982854841382
2356.0	0.035786221922924834
2357.0	0.035703739055811895
2358.0	0.033040859265631356
2359.0	0.03481064591581905
2360.0	0.03279518796407415
2361.0	0.03482058263732221
2362.0	0.03570777837349617
2363.0	0.036383637008428865
2364.0	0.03625462120159302
2365.0	0.038174912828696596
2366.0	0.03326786891948752
2367.0	0.034699160747733104
2368.0	0.03647629895610587
2369.0	0.0344280417447646
2370.0	0.03560356397724192
2371.0	0.03302284390875965
2372.0	0.03600240620538722
2373.0	0.03900159958596021
2374.0	0.03628208856184608
2375.0	0.037327867910304464
2376.0	0.0344554283186639
2377.0	0.036679234276563916
2378.0	0.034513432920610286
2379.0	0.03462233292537815
2380.0	0.034698918388672194
2381.0	0.03639575496148169
2382.0	0.037931907476810856
2383.0	0.03521885936099157
2384.0	0.03517305349845213
2385.0	0.03630713233148858
2386.0	0.03688612812835248
2387.0	0.03547454817040607
2388.0	0.03434596280942009
2389.0	0.037736000569123594
2390.0	0.03443983655240275
2391.0	0.035629173251360356
2392.0	0.03924573594679747
2393.0	0.03753968972966791
2394.0	0.037685993816192365
2395.0	0.03816780362957242
2396.0	0.03919912222072118
2397.0	0.037472313910694305
2398.0	0.03652614413632996
2399.0	0.03418439010204915
2400.0	0.037850151686881016
2401.0	0.03490936684002284
2402.0	0.03305023048265894
2403.0	0.03979314427937027
2404.0	0.03604239545046153
2405.0	0.036357623802542
2406.0	0.035673524959533603
2407.0	0.03609110962173371
2408.0	0.03452377357388187
2409.0	0.035021013580815934
2410.0	0.034999362838028375
2411.0	0.036533253335454124
2412.0	0.039045224216950364
2413.0	0.03593082949602182
2414.0	0.03777186971015987
2415.0	0.03876764230568702
2416.0	0.04115455591167793
2417.0	0.03698937308836235
2418.0	0.03612956392608807
2419.0	0.03468421527230129
2420.0	0.039565892266453205
2421.0	0.035351591340097015
2422.0	0.03348655757891423
2423.0	0.03560275611370506
2424.0	0.03581207355610418
2425.0	0.03749041005391977
2426.0	0.0359748580587804
2427.0	0.03351321707563044
2428.0	0.03485249324702797
2429.0	0.03426315679689248
2430.0	0.03565462095277128
2431.0	0.03414326984802332
2432.0	0.03665984555167941
2433.0	0.039118497439742855
2434.0	0.03683983754769048
2435.0	0.03743143601572938
2436.0	0.03795388136501308
2437.0	0.03492802848772388
2438.0	0.03669506840188635
2439.0	0.03376939060316713
2440.0	0.03465270859436396
2441.0	0.033827152846052234
2442.0	0.03685930705892875
2443.0	0.03340350920732572
2444.0	0.03475966972664344
2445.0	0.035295767969700284
2446.0	0.034745532114748484
2447.0	0.03559500062375118
2448.0	0.03620065591733128
2449.0	0.032855293011216063
2450.0	0.03397838490015121
2451.0	0.03919387110773163
2452.0	0.039009516648621234
2453.0	0.03684339214725294
2454.0	0.03817151980184203
2455.0	0.03602914648845681
2456.0	0.03783229790271645
2457.0	0.03544142576539503
2458.0	0.03609110962173371
2459.0	0.03580714558852929
2460.0	0.035331879469797836
2461.0	0.033093855113649095
2462.0	0.03658067492506765
2463.0	0.03264751050953689
2464.0	0.035460895276633306
2465.0	0.03348332612476681
2466.0	0.037905975057277747
2467.0	0.03167371180221233
2468.0	0.03883025172979326
2469.0	0.03249498587377887
2470.0	0.0374740104241214
2471.0	0.0367934661806751
2472.0	0.038445708686250434
2473.0	0.03551461820183414
2474.0	0.03837437433594594
2475.0	0.03782389612193324
2476.0	0.03911082273614274
2477.0	0.04042804423298429
2478.0	0.03522580698740859
2479.0	0.03639413923440798
2480.0	0.039287744850713915
2481.0	0.03450995910740159
2482.0	0.03765901117406112
2483.0	0.03590756302616018
2484.0	0.038283004969927974
2485.0	0.03547277087062522
2486.0	0.03695697776053441
2487.0	0.03765149804316852
2488.0	0.03807562640001723
2489.0	0.03511593754639636
2490.0	0.03860493858936456
2491.0	0.03867287991281374
2492.0	0.04147810525818823
2493.0	0.038633052240446955
2494.0	0.039992040282144044
2495.0	0.038190989313079925
2496.0	0.04053290492006825
2497.0	0.03840361899598023
2498.0	0.036672609795561556
2499.0	0.04231448637789372
2500.0	0.03815318129955528
2501.0	0.036603052745038674
2502.0	0.044223467915481325
2503.0	0.03877967947238608
2504.0	0.039913031228239436
2505.0	0.04053597480150815
2506.0	0.036345101917720744
2507.0	0.03880771233711509
2508.0	0.03916672689289323
2509.0	0.03858692323249248
2510.0	0.040292080799731796
2511.0	0.03830610986708172
2512.0	0.04047627368613466
2513.0	0.04105930880068246
2514.0	0.040882063540696616
2515.0	0.04043418399586446
2516.0	0.04155590251678718
2517.0	0.03922723587180357
2518.0	0.038332769363797925
2519.0	0.03538285565897307
2520.0	0.03984153530522779
2521.0	0.04074109135351548
2522.0	0.03657041505814944
2523.0	0.04008817604302975
2524.0	0.03802263055199949
2525.0	0.04112458417446054
2526.0	0.03870325558179955
2527.0	0.03946256652008919
2528.0	0.03892307525017778
2529.0	0.042117044529486516
2530.0	0.039997695326902026
2531.0	0.04154418849550279
2532.0	0.04301991281827538
2533.0	0.039164949593112
2534.0	0.040703768058113016
2535.0	0.041777095553177844
2536.0	0.040205962546703014
2537.0	0.04079125967915423
2538.0	0.04302185169076375
2539.0	0.03751618090074536
2540.0	0.03824164235684086
2541.0	0.038689198756258356
2542.0	0.04053904468294805
2543.0	0.03990632596088369
2544.0	0.04289388610652605
2545.0	0.03854022872006243
2546.0	0.04070998860734657
2547.0	0.03997539829328477
2548.0	0.03968085124774747
2549.0	0.041439327808419205
2550.0	0.04722548881843331
2551.0	0.04491007113545405
2552.0	0.043331990502562194
2553.0	0.04486281111854804
2554.0	0.044035720429516374
2555.0	0.040427317155801196
2556.0	0.03914846917696024
2557.0	0.04086873379233852
2558.0	0.0368287698172358
2559.0	0.040963334612504274
2560.0	0.038361125373941596
2561.0	0.04099613387210065
2562.0	0.03919379032137786
2563.0	0.037813717041368794
2564.0	0.03989832811186891
2565.0	0.04064366301097073
2566.0	0.03877976025873984
2567.0	0.04217763429475062
2568.0	0.04359422300662529
2569.0	0.04381735491550433
2570.0	0.04130982728346117
2571.0	0.04038530825188475
2572.0	0.043351621586507606
2573.0	0.040368181544903285
2574.0	0.04204167086149775
2575.0	0.03956274159865917
2576.0	0.03989800496645386
2577.0	0.04092463794908901
2578.0	0.042612830382054004
2579.0	0.03789458418140802
2580.0	0.038047916680703266
2581.0	0.04051004238197504
2582.0	0.03904288141269319
2583.0	0.03972996935078809
2584.0	0.041699621439993555
2585.0	0.03755479677780687
2586.0	0.04109275435110855
2587.0	0.0389999838588865
2588.0	0.04144433656234747
2589.0	0.04329838337942896
2590.0	0.04119018269365292
2591.0	0.040320356023521714
2592.0	0.04303792817514709
2593.0	0.04274006888910862
2594.0	0.04064398615638577
2595.0	0.03970476400843845
2596.0	0.040726226664437426
2597.0	0.04281843165218352
2598.0	0.04017817204103529
2599.0	0.03930592178029314
2600.0	0.04434464744600953
2601.0	0.04254900916264249
2602.0	0.04364002886916473
2603.0	0.04049073444344429
2604.0	0.042923130766559965
2605.0	0.04081937333023662
2606.0	0.03987110311067675
2607.0	0.04151680192160349
2608.0	0.04295827283041314
2609.0	0.044950464312296774
2610.0	0.04349493657794593
2611.0	0.046378039968272756
2612.0	0.04336608234381761
2613.0	0.03956847742977091
2614.0	0.04011532025786777
2615.0	0.0412805018370735
2616.0	0.04388933555663816
2617.0	0.04120989456395247
2618.0	0.043378361869577574
2619.0	0.04326017143413589
2620.0	0.04302653729927736
2621.0	0.04240424001683835
2622.0	0.04451930754267766
2623.0	0.040371655358111984
2624.0	0.044119334305580835
2625.0	0.0433195494040947
2626.0	0.04218135046702022
2627.0	0.04289429003829447
2628.0	0.0465145689060012
2629.0	0.04441250798310532
2630.0	0.04526027997868055
2631.0	0.04814225236005585
2632.0	0.042691112358775526
2633.0	0.04147729739465137
2634.0	0.04534761002701461
2635.0	0.04182088175687552
2636.0	0.04209773659095577
2637.0	0.043044956587917876
2638.0	0.041888257575849124
2639.0	0.04459904367376499
2640.0	0.042474200999130046
2641.0	0.04513877730273768
2642.0	0.04299842364819497
2643.0	0.04371144400582298
2644.0	0.04541910595002625
2645.0	0.04532943309743538
2646.0	0.0444268071677078
2647.0	0.050775806703848715
2648.0	0.04494577870378317
2649.0	0.04467385183727781
2650.0	0.04543356670733587
2651.0	0.04364447211861743
2652.0	0.04517820104333604
2653.0	0.044362743589235
2654.0	0.043891274429126534
2655.0	0.04412531249575349
2656.0	0.04457375754506159
2657.0	0.04441606258266741
2658.0	0.044146720879480135
2659.0	0.04255959217497536
2660.0	0.044383344109424794
2661.0	0.04592975649167217
2662.0	0.04645002060940658
2663.0	0.043947501731291694
2664.0	0.045066311943481666
2665.0	0.044852066533508025
2666.0	0.045807849883960874
2667.0	0.04744773207742211
2668.0	0.04678100230045572
2669.0	0.044123050477850444
2670.0	0.04452989055501016
2671.0	0.04705373703049793
2672.0	0.04323835911864081
2673.0	0.045503204544212895
2674.0	0.04153788715991547
2675.0	0.04260943735519944
2676.0	0.04487234390828315
2677.0	0.04423388935510668
2678.0	0.04719228562706851
2679.0	0.04702198799349969
2680.0	0.04560499534985659
2681.0	0.04652200125054041
2682.0	0.04430942459580259
2683.0	0.045180543847593214
2684.0	0.04542540728561357
2685.0	0.04625556785608551
2686.0	0.048320063124517636
2687.0	0.04580881932020487
2688.0	0.049899921057190724
2689.0	0.04586852043557836
2690.0	0.0446336202331426
2691.0	0.0486799663301864
2692.0	0.045337834878218596
2693.0	0.04705591826204759
2694.0	0.04581778660546403
2695.0	0.04416651353613307
2696.0	0.046425299985178754
2697.0	0.045093536944673815
2698.0	0.04595932429712112
2699.0	0.0470222303525606
2700.0	0.04722532724572579
2701.0	0.04649114086343241
2702.0	0.04636559886980527
2703.0	0.047564953076619794
2704.0	0.04711553859106731
2705.0	0.04695453138817233
2706.0	0.04821318277859191
2707.0	0.047629097441445986
2708.0	0.04613681191616787
2709.0	0.04661991431120697
2710.0	0.047844393074017756
2711.0	0.04850441758362803
2712.0	0.04785150227314192
2713.0	0.046070647892499546
2714.0	0.04390428103206997
2715.0	0.0454358287252393
2716.0	0.04497639673182989
2717.0	0.048674715217196844
2718.0	0.047103582210722014
2719.0	0.045852605523902544
2720.0	0.04751793541877471
2721.0	0.04894179490248107
2722.0	0.04398175514525426
2723.0	0.04311362498855052
2724.0	0.04792816852278936
2725.0	0.04542702301268728
2726.0	0.04704654704502
2727.0	0.04634217082723648
2728.0	0.047704955827556565
2729.0	0.04949849366572771
2730.0	0.048211405478810684
2731.0	0.04581552458756099
2732.0	0.04922995982607729
2733.0	0.04663744494995686
2734.0	0.047346345203546844
2735.0	0.047050667149058034
2736.0	0.04751938957314089
2737.0	0.05006496757776998
2738.0	0.04646973247970576
2739.0	0.0471457526873456
2740.0	0.047137108547501486
2741.0	0.04755881331373962
2742.0	0.046805803711037305
2743.0	0.04624094552606837
2744.0	0.04936309573695079
2745.0	0.047880181428700264
2746.0	0.04744118838277351
2747.0	0.045374835028206766
2748.0	0.049375456049064514
2749.0	0.04551968496036466
2750.0	0.04848543279051194
2751.0	0.04523103531864663
2752.0	0.05008863797940005
2753.0	0.04349703702314145
2754.0	0.04609100605362844
2755.0	0.04697852493521668
2756.0	0.04983044479302122
2757.0	0.04721070491570902
2758.0	0.04767781161271817
2759.0	0.04212108384717079
2760.0	0.04777459366443359
2761.0	0.04491483753032141
2762.0	0.04706682441979513
2763.0	0.047511068578711436
2764.0	0.046021933721227364
2765.0	0.04595302296153343
2766.0	0.04402255225386542
2767.0	0.04469671437537065
2768.0	0.04884848666397436
2769.0	0.04872237916587127
2770.0	0.04565540603455624
2771.0	0.04644888960045506
2772.0	0.04672122039872847
2773.0	0.047429716720550026
2774.0	0.04696462968238301
2775.0	0.046355581361948346
2776.0	0.0452809612852241
2777.0	0.04656449487257866
2778.0	0.04549423725895373
2779.0	0.047759082684525826
2780.0	0.04565088199874978
2781.0	0.0431586229875531
2782.0	0.04565112435781107
2783.0	0.04848212055001076
2784.0	0.0471478531325415
2785.0	0.04473888485199461
2786.0	0.04496500585596016
2787.0	0.045555554101400934
2788.0	0.043033727284755297
2789.0	0.04610619388812116
2790.0	0.04533605757843774
2791.0	0.04367872553258037
2792.0	0.043012965191858356
2793.0	0.043425056382008
2794.0	0.04209733265918734
2795.0	0.04512819429040481
2796.0	0.04448877030098433
2797.0	0.042809141221509694
2798.0	0.04299688870747502
2799.0	0.04488252298884722
2800.0	0.044143812570747384
2801.0	0.04453748447225689
2802.0	0.04570985603694017
2803.0	0.04274354270231732
2804.0	0.041479397839846895
2805.0	0.042384932078307604
2806.0	0.04614408268799956
2807.0	0.042487773106549054
2808.0	0.045338723528109214
2809.0	0.04275170212403963
2810.0	0.04165672388618649
2811.0	0.044036124361284804
2812.0	0.04556864149069813
2813.0	0.04428236116731796
2814.0	0.043190937529027286
2815.0	0.04428995508456432
2816.0	0.041239704728462334
2817.0	0.04006062789642293
2818.0	0.04264045931501459
2819.0	0.04720545380271947
2820.0	0.043436124112462685
2821.0	0.03938961644271136
2822.0	0.04326372603369797
2823.0	0.04526383457824263
2824.0	0.04360068591492013
2825.0	0.041625944285432634
2826.0	0.04462424901611501
2827.0	0.041418000211045934
2828.0	0.04263561213379346
2829.0	0.03897170863509659
2830.0	0.04284097104486207
2831.0	0.040453330361688064
2832.0	0.04277286814870499
2833.0	0.042069138221750804
2834.0	0.04204764905167077
2835.0	0.04429092452080869
2836.0	0.04399896263858949
2837.0	0.041313785814791684
2838.0	0.0417594033417208
2839.0	0.039869729742663944
2840.0	0.04447624841616308
2841.0	0.04431839188106175
2842.0	0.04464024471414458
2843.0	0.041139529649892356
2844.0	0.04340025497142641
2845.0	0.042052738591952805
2846.0	0.04197841514656218
2847.0	0.04101859247842506
2848.0	0.0416131800415501
2849.0	0.04153085874714468
2850.0	0.044307889655082644
2851.0	0.0432082258087159
2852.0	0.041539341314281664
2853.0	0.04193971848314691
2854.0	0.04386146426461667
2855.0	0.04135215933279228
2856.0	0.044653493676148924
2857.0	0.042575507086651546
2858.0	0.04091058112354781
2859.0	0.040451068343784646
2860.0	0.042957303394169144
2861.0	0.042786440256124374
2862.0	0.03855856722234881
2863.0	0.04177903442566659
2864.0	0.04339815452623051
2865.0	0.04039968822284062
2866.0	0.04410794342971111
2867.0	0.0400586082375808
2868.0	0.03906695574609168
2869.0	0.042579223258921155
2870.0	0.044832758594977276
2871.0	0.043872047276949544
2872.0	0.043334575665880275
2873.0	0.04501242744557368
2874.0	0.04079772258744906
2875.0	0.04220461693688149
2876.0	0.04062790967200206
2877.0	0.04294179241426138
2878.0	0.042792499232650785
2879.0	0.04351392137106201
2880.0	0.04163208404831243
2881.0	0.04312299620557773
2882.0	0.04050745721865733
2883.0	0.04324821505379021
2884.0	0.04123122216132536
2885.0	0.04431378705890153
2886.0	0.044629015410982374
2887.0	0.046046977490869855
2888.0	0.04306983878485285
2889.0	0.04217270632717573
2890.0	0.045261168628571165
2891.0	0.04160809050126807
2892.0	0.041108911621845635
2893.0	0.043579277531193485
2894.0	0.042388163532455024
2895.0	0.04101083698847118
2896.0	0.04284008239497145
2897.0	0.04395453014406248
2898.0	0.04103959693038328
2899.0	0.04275250998757648
2900.0	0.04494585949013693
2901.0	0.04333829183814951
2902.0	0.046833351857644125
2903.0	0.04067080722580912
2904.0	0.04174680067054579
2905.0	0.04202058562318614
2906.0	0.0475560665777144
2907.0	0.04151211631308951
2908.0	0.042408521693583535
2909.0	0.04299147602177794
2910.0	0.0451487948105946
2911.0	0.042845414294314765
2912.0	0.044819994351094745
2913.0	0.04106383283648892
2914.0	0.043689874049388816
2915.0	0.0400667676593031
2916.0	0.041572221360231795
2917.0	0.04189633621121767
2918.0	0.04197494133335385
2919.0	0.043693267076243755
2920.0	0.04285623966570855
2921.0	0.04323730889604267
2922.0	0.0434126960698939
2923.0	0.04436128943486881
2924.0	0.044967671805632006
2925.0	0.043331263425379095
2926.0	0.042586978748874654
2927.0	0.039755740197614055
2928.0	0.04215501411571868
2929.0	0.044421475268364485
2930.0	0.04076435782337712
2931.0	0.04178985979706037
2932.0	0.042212533999542515
2933.0	0.0455979669370858
2934.0	0.04078932080666585
2935.0	0.04354785163960991
2936.0	0.04318916022924643
2937.0	0.04425554009789461
2938.0	0.045318607726041606
2939.0	0.04180141224563724
2940.0	0.04516317478155084
2941.0	0.04380871077566021
2942.0	0.04546806248035972
2943.0	0.042834992854689044
2944.0	0.043813396384173815
2945.0	0.04169703627667584
2946.0	0.03973352395035055
2947.0	0.0430505308463221
2948.0	0.0442384941772669
2949.0	0.04229283563510617
2950.0	0.043173406890277766
2951.0	0.04262979551632795
2952.0	0.04038159207961515
2953.0	0.043585336507719896
2954.0	0.04725134045161266
2955.0	0.04487274784005158
2956.0	0.0464114047323447
2957.0	0.04347837537544041
2958.0	0.04447495583450404
2959.0	0.04475294167753581
2960.0	0.04381355795688134
2961.0	0.04574742169140392
2962.0	0.04615329233231963
2963.0	0.04491289865783304
2964.0	0.04543453614358025
2965.0	0.046046169627333
2966.0	0.042841132617569215
2967.0	0.04534833710419771
2968.0	0.043873420644962344
2969.0	0.04582109884596521
2970.0	0.04427105107780199
2971.0	0.04339694273092523
2972.0	0.04513457641234588
2973.0	0.044064722730489385
2974.0	0.04460696073642639
2975.0	0.04100219284862706
2976.0	0.047404592164554143
2977.0	0.04360747196862964
2978.0	0.045611862189919854
2979.0	0.045253817070385706
2980.0	0.0438796411941959
2981.0	0.04459233840640925
2982.0	0.04133172038531001
2983.0	0.04552251248274365
2984.0	0.04445306273265558
2985.0	0.04489019769244734
2986.0	0.042959646198425946
2987.0	0.04336794042995223
2988.0	0.04421506613469811
2989.0	0.04654866074725661
2990.0	0.042924746493633675
2991.0	0.04584331509322872
2992.0	0.04492445110641028
2993.0	0.04206356396334659
2994.0	0.04388513466624674
2995.0	0.0440237640491707
2996.0	0.042591421998327356
2997.0	0.04420512941319458
2998.0	0.047319039416000935
2999.0	0.043217677812097254
3000.0	0.04600101005562252
3001.0	0.04519435831407313
3002.0	0.04298137772756726
3003.0	0.043847569011782994
3004.0	0.04823200599900048
3005.0	0.04144304398068843
3006.0	0.045686347208017626
3007.0	0.04436395538454028
3008.0	0.04304099805658698
3009.0	0.0437266318403157
3010.0	0.045074229006143066
3011.0	0.04622535375980722
3012.0	0.045119388577853164
3013.0	0.04698490705715814
3014.0	0.04421288490314846
3015.0	0.04268941584534806
3016.0	0.04369253999906028
3017.0	0.046609816016996285
3018.0	0.041975102906061
3019.0	0.046455594867810805
3020.0	0.04459799345116723
3021.0	0.040648348619484714
3022.0	0.04722476174125022
3023.0	0.046859122704469715
3024.0	0.04693764704025214
3025.0	0.04511195623331395
3026.0	0.04472935206225988
3027.0	0.04323617788709115
3028.0	0.04608349292273546
3029.0	0.04718356070087063
3030.0	0.04209111210995341
3031.0	0.044742520237910456
3032.0	0.04750929127893021
3033.0	0.04405349342732718
3034.0	0.0470561606211085
3035.0	0.04385096203863756
3036.0	0.04522489555576646
3037.0	0.04412684743647343
3038.0	0.04858383056930069
3039.0	0.04375611885941089
3040.0	0.04460712230913354
3041.0	0.04340292092109788
3042.0	0.04555620039223064
3043.0	0.044685242713147534
3044.0	0.04719915246713177
3045.0	0.04563448236895178
3046.0	0.04366790016118621
3047.0	0.04265370827701893
3048.0	0.043141415494218245
3049.0	0.04571502636357597
3050.0	0.04076306524171808
3051.0	0.04454087749911145
3052.0	0.04723316352203343
3053.0	0.04612404767228572
3054.0	0.043899191491787934
3055.0	0.04579532799913962
3056.0	0.04307662483856235
3057.0	0.044166351963425554
3058.0	0.04466730814262921
3059.0	0.04358242819898714
3060.0	0.0458335399444327
3061.0	0.04358590201219546
3062.0	0.04370005312995326
3063.0	0.04464759627233003
3064.0	0.04384837687531985
3065.0	0.04426087199723755
3066.0	0.04451122890730912
3067.0	0.04513659607118802
3068.0	0.03976575770547097
3069.0	0.04526448086907234
3070.0	0.0443089398776804
3071.0	0.045262461210230205
3072.0	0.048060981288248567
3073.0	0.04410576219816145
3074.0	0.04353775334539923
3075.0	0.04402505663082974
3076.0	0.044624410588822154
3077.0	0.04475172988223053
3078.0	0.04595423475683871
3079.0	0.045669705219158724
3080.0	0.04141993908353469
3081.0	0.04366798094753998
3082.0	0.0445917729019333
3083.0	0.044964036419716163
3084.0	0.041542976700197506
3085.0	0.04273578721236344
3086.0	0.042908427650189436
3087.0	0.040842720586452025
3088.0	0.04765729187888214
3089.0	0.04487969546646823
3090.0	0.04474534776028945
3091.0	0.04529954214657176
3092.0	0.04464476874995104
3093.0	0.045517503728815
3094.0	0.04407425552022412
3095.0	0.04369876054829421
3096.0	0.043855566860797786
3097.0	0.0444839231197632
3098.0	0.04543130468943283
3099.0	0.04371928028213025
3100.0	0.04401657406369277
3101.0	0.04239301071367615
3102.0	0.041100590627415806
3103.0	0.04092205278577093
3104.0	0.047891249159155325
3105.0	0.04303501986641434
3106.0	0.042465960791053976
3107.0	0.045224330051290514
3108.0	0.04462796518838461
3109.0	0.043054974095774794
3110.0	0.0431541797381004
3111.0	0.04373866900701476
3112.0	0.04558859572005821
3113.0	0.045964736982817826
3114.0	0.04481167335666529
3115.0	0.04265160783182303
3116.0	0.04292506963904834
3117.0	0.043596888956296764
3118.0	0.04043886960437807
3119.0	0.04350665059923032
3120.0	0.04369173213552343
3121.0	0.043312359418616775
3122.0	0.04660230288610369
3123.0	0.042813665257316155
3124.0	0.044339396333019976
3125.0	0.042027452463249404
3126.0	0.044988595471236466
3127.0	0.04159039828981102
3128.0	0.04243469647217755
3129.0	0.04161503812768509
3130.0	0.04369181292187719
3131.0	0.04427896814046339
3132.0	0.04545287464586663
3133.0	0.04330024146556395
3134.0	0.040280932282922975
3135.0	0.04389167836089496
3136.0	0.043692863144475326
3137.0	0.04321533500784045
3138.0	0.04160962544198802
3139.0	0.04262624091676587
3140.0	0.043904119459362824
3141.0	0.044715779954840496
3142.0	0.04133018544459006
3143.0	0.04242920300012709
3144.0	0.04191265505466228
3145.0	0.04511534926016889
3146.0	0.04570953289152551
3147.0	0.04426264929701878
3148.0	0.04370126492525854
3149.0	0.04507641023769235
3150.0	0.04226730714734148
3151.0	0.04226116738446131
3152.0	0.042094909068576776
3153.0	0.043257424698110655
3154.0	0.04008138998931987
3155.0	0.04084360923634226
3156.0	0.04408265730100771
3157.0	0.04383221960458276
3158.0	0.04408023371039715
3159.0	0.04168217158759742
3160.0	0.04502325281696746
3161.0	0.042191448761230904
3162.0	0.04421789365707711
3163.0	0.04352127292924709
3164.0	0.04330226112440609
3165.0	0.04417895463460056
3166.0	0.04389797969648265
3167.0	0.04154572343622274
3168.0	0.04434488980507043
3169.0	0.046500673653167145
3170.0	0.04510945185635001
3171.0	0.04237079446641265
3172.0	0.03965427253738503
3173.0	0.04410511590733212
3174.0	0.04287296244092121
3175.0	0.04212108384717079
3176.0	0.04294494308205504
3177.0	0.043706758397309003
3178.0	0.04337844265593133
3179.0	0.04109202727392507
3180.0	0.046642211344824235
3181.0	0.04168297945113427
3182.0	0.044363551452771856
3183.0	0.04117273284125716
3184.0	0.045257694815362834
3185.0	0.042482764352620404
3186.0	0.04433147927035895
3187.0	0.043432811871961505
3188.0	0.043408333606794955
3189.0	0.046641726626702046
3190.0	0.04328990081229199
3191.0	0.043518930124990286
3192.0	0.04354744770784148
3193.0	0.04253761828677314
3194.0	0.04306983878485285
3195.0	0.04353201751428749
3196.0	0.04375224111443415
3197.0	0.04346843865393687
3198.0	0.04225825907572856
3199.0	0.04351012441243865
3200.0	0.04266307949404652
3201.0	0.04377995083374811
3202.0	0.04025241470007216
3203.0	0.044038467165541606
3204.0	0.045500134662772626
3205.0	0.045281849935114714
3206.0	0.041652442209441316
3207.0	0.042811645598474016
3208.0	0.045110421292594
3209.0	0.042295016866655454
3210.0	0.04603639447853699
3211.0	0.0444836807607023
3212.0	0.045284031166664
3213.0	0.044259175483810455
3214.0	0.044551945229566514
3215.0	0.04390315002311845
3216.0	0.04700469971381108
3217.0	0.04171747522415812
3218.0	0.043906946981741815
3219.0	0.04359260727955158
3220.0	0.045729891052654396
3221.0	0.04153950288698918
3222.0	0.04324239843632508
3223.0	0.04465413996697863
3224.0	0.04521342389354298
3225.0	0.04231739468662648
3226.0	0.04221366500849441
3227.0	0.04607961517775871
3228.0	0.046094399080483
3229.0	0.04334677440528648
3230.0	0.044682334404414784
3231.0	0.04356764429626285
3232.0	0.04621759826985334
3233.0	0.04072412621924153
3234.0	0.04391195573567009
3235.0	0.04404896939152072
3236.0	0.046233917113297954
3237.0	0.04313624516758245
3238.0	0.045208334353260944
3239.0	0.04491483753032141
3240.0	0.04524662708490778
3241.0	0.04589356420522085
3242.0	0.04387996433961057
3243.0	0.04211195498920411
3244.0	0.04738463793519368
3245.0	0.043201682114067684
3246.0	0.043212265126400175
3247.0	0.0447623128945634
3248.0	0.04341099955646643
3249.0	0.0455958664918899
3250.0	0.043541469517668456
3251.0	0.0434753862803539
3252.0	0.04198641299557696
3253.0	0.04197784964208623
3254.0	0.042922726834791536
3255.0	0.04192348042605606
3256.0	0.04297095628794191
3257.0	0.04346391461813041
3258.0	0.04476352468986868
3259.0	0.04301046081489403
3260.0	0.04393029423795684
3261.0	0.04526908569123219
3262.0	0.040668302848844796
3263.0	0.042505384531652333
3264.0	0.04518361372903311
3265.0	0.04050244846472868
3266.0	0.04328949688052356
3267.0	0.041402085299370124
3268.0	0.042813746043669915
3269.0	0.04298291266828721
3270.0	0.042030926276457735
3271.0	0.04181514592576377
3272.0	0.04272528498638433
3273.0	0.04377106433484271
3274.0	0.03912439484356212
3275.0	0.04491814977082259
3276.0	0.04141719234750908
3277.0	0.045877891652605945
3278.0	0.0409637385442727
3279.0	0.046162825122054746
3280.0	0.042877324904020526
3281.0	0.045572923167443304
3282.0	0.04383270432270457
3283.0	0.04334305823301725
3284.0	0.04331744895889881
3285.0	0.04366272983455042
3286.0	0.04413516843090326
3287.0	0.04198342390049083
3288.0	0.04479882832642938
3289.0	0.0453052779776835
3290.0	0.041564223511216636
3291.0	0.0423989889038488
3292.0	0.043840944530780634
3293.0	0.04496654079668011
3294.0	0.041845521594749586
3295.0	0.0432709160191759
3296.0	0.04443763253910158
3297.0	0.042887988702706784
3298.0	0.042025190445345986
3299.0	0.044598639741996564
3300.0	0.043628718779648766
3301.0	0.04345615912817691
3302.0	0.04263100731163324
3303.0	0.04371919949577649
3304.0	0.04215234816604684
3305.0	0.04094798520530404
3306.0	0.04156414272486325
3307.0	0.04286157156505186
3308.0	0.04522626892377889
3309.0	0.04172813902284475
3310.0	0.043951864194390636
3311.0	0.040451795420967745
3312.0	0.042998989152670544
3313.0	0.04250045656407782
3314.0	0.041734117213017397
3315.0	0.043111362970647105
3316.0	0.04246377955950432
3317.0	0.04409784513550043
3318.0	0.042725608131798994
3319.0	0.042468949886140486
3320.0	0.04343345816279121
3321.0	0.04120860198229343
3322.0	0.04459581221961757
3323.0	0.04090726888304663
3324.0	0.04293670287397935
3325.0	0.04139077520985416
3326.0	0.04233783363410875
3327.0	0.04258318179025167
3328.0	0.042211322204237234
3329.0	0.042267468720048634
3330.0	0.04332068041304622
3331.0	0.04378027397916277
3332.0	0.04203149178093368
3333.0	0.04262979551632795
3334.0	0.0438772983899391
3335.0	0.04143738893593045
3336.0	0.044038951883663795
3337.0	0.04183429229158738
3338.0	0.04127500836502266
3339.0	0.0423222418678476
3340.0	0.0435736224864355
3341.0	0.04165147277319694
3342.0	0.04437849692820366
3343.0	0.03992393738598697
3344.0	0.04258108134505577
3345.0	0.04127743195563322
3346.0	0.04118202327193099
3347.0	0.04302791066729016
3348.0	0.04283984003591017
3349.0	0.04090888461012034
3350.0	0.04242451739161348
3351.0	0.041241078096474766
3352.0	0.04388400365729484
3353.0	0.042868196046053846
3354.0	0.041509692722478946
3355.0	0.04272310375483467
3356.0	0.043659579166756765
3357.0	0.0437516756099582
3358.0	0.03972439509238387
3359.0	0.04080265055502395
3360.0	0.04174017618954381
3361.0	0.04468031474557265
3362.0	0.041297870903115874
3363.0	0.039855753703476514
3364.0	0.04094119915159453
3365.0	0.042080933029388964
3366.0	0.0419949763490677
3367.0	0.044449346560385974
3368.0	0.04335178315921513
3369.0	0.04265112311370122
3370.0	0.04380644875775679
3371.0	0.040176394741254055
3372.0	0.04423720159560786
3373.0	0.04146219034651204
3374.0	0.04102820605451356
3375.0	0.04457012215914574
3376.0	0.041268383884020675
3377.0	0.0423119820009294
3378.0	0.042164627691807184
3379.0	0.043598423897016715
3380.0	0.042943246568627566
3381.0	0.04090646101950978
3382.0	0.042140068640286875
3383.0	0.03856381833533836
3384.0	0.04177572218516541
3385.0	0.04261436532277433
3386.0	0.042035531098617955
3387.0	0.04033352419917229
3388.0	0.041187920675749876
3389.0	0.042738210802974005
3390.0	0.042458124514746336
3391.0	0.03799976801390665
3392.0	0.04148036727609127
3393.0	0.04070392963082016
3394.0	0.04131322031031611
3395.0	0.044146397734065465
3396.0	0.04182572893809664
3397.0	0.04214394638526363
3398.0	0.04017284014169197
3399.0	0.042329997357801484
3400.0	0.04086049358426282
3401.0	0.04165696624524778
3402.0	0.04122282038054215
3403.0	0.042126900464635915
3404.0	0.040674927329847156
3405.0	0.04163022596217781
3406.0	0.039212048037310855
3407.0	0.04476522120329615
3408.0	0.04094911621425556
3409.0	0.043387813872958925
3410.0	0.044424787508865665
3411.0	0.042186682366363165
3412.0	0.04120464345096292
3413.0	0.041512843390272974
3414.0	0.039363360877763584
3415.0	0.04236295819010501
3416.0	0.0422181890443005
3417.0	0.04033570543072195
3418.0	0.03984177766428908
3419.0	0.0401568444436624
3420.0	0.039747096057769556
3421.0	0.04494367825858727
3422.0	0.038882035782505715
3423.0	0.04233783363410875
3424.0	0.04029797820355069
3425.0	0.041789455865291945
3426.0	0.04157125192398742
3427.0	0.04327754050017826
3428.0	0.04265201176359146
3429.0	0.04119026348000668
3430.0	0.04117111711418345
3431.0	0.04112959292838882
3432.0	0.041935840738169784
3433.0	0.04156042655259364
3434.0	0.040480716935587364
3435.0	0.040286344968620054
3436.0	0.04397391886894699
3437.0	0.04233637947974256
3438.0	0.04321541579419421
3439.0	0.040337078798734376
3440.0	0.044193173032849274
3441.0	0.038990289496444244
3442.0	0.03927877756545475
3443.0	0.036935084658685946
3444.0	0.04177741869859288
3445.0	0.04035816403704636
3446.0	0.03984420125489964
3447.0	0.042835396786457466
3448.0	0.038470267737770736
3449.0	0.04180044280939324
3450.0	0.03965289916937223
3451.0	0.0407036064854055
3452.0	0.0413303470172972
3453.0	0.04479535451322068
3454.0	0.04208578021061009
3455.0	0.04123687720608334
3456.0	0.040943945887619765
3457.0	0.042186359220948495
3458.0	0.03966113937744829
3459.0	0.04146647202325722
3460.0	0.040634776512065325
3461.0	0.04285809775184316
3462.0	0.04136128819075897
3463.0	0.04339621565374214
3464.0	0.04156624317005877
3465.0	0.039497789370296126
3466.0	0.04192186469898235
3467.0	0.041025459318488326
3468.0	0.0426540314224336
3469.0	0.04109501636901159
3470.0	0.042595946034133816
3471.0	0.040410109662466345
3472.0	0.04298170087298193
3473.0	0.04033344341281853
3474.0	0.03966978351729242
3475.0	0.038746960999143466
3476.0	0.04391647977147655
3477.0	0.04309908344488714
3478.0	0.0421545293975965
3479.0	0.03953535502475987
3480.0	0.040644309301800435
3481.0	0.039720517347407114
3482.0	0.039575748201602604
3483.0	0.04150242195064725
3484.0	0.043331344211732854
3485.0	0.04013874830043655
3486.0	0.04170826557983805
3487.0	0.04226763029275615
3488.0	0.04095606384067258
3489.0	0.04250691947237266
3490.0	0.042214230512969984
3491.0	0.041513570467456073
3492.0	0.03844885935404409
3493.0	0.041180165185795994
3494.0	0.044468169780794535
3495.0	0.042919818526058785
3496.0	0.04309972973571647
3497.0	0.042742411693365796
3498.0	0.04364027122822601
3499.0	0.040676543056920866
3500.0	0.04303631244807338
3501.0	0.04267196599295192
3502.0	0.04195757226731148
3503.0	0.0417207874646593
3504.0	0.03963569167603737
3505.0	0.04194836262299104
3506.0	0.03991545481885
3507.0	0.040453572720748975
3508.0	0.03731914298410658
3509.0	0.04299091051730199
3510.0	0.041302798870690764
3511.0	0.04071006939370033
3512.0	0.042112924425448485
3513.0	0.04353347166865367
3514.0	0.03973610911366826
3515.0	0.03650562440249392
3516.0	0.04323351193741968
3517.0	0.03850944911930819
3518.0	0.039858258080440835
3519.0	0.040829875556215735
3520.0	0.042006286438583666
3521.0	0.04061668036883986
3522.0	0.041436904217808636
