0.000000	32.367896
1.000000	32.352981
2.000000	32.280824
3.000000	32.215796
4.000000	32.100119
5.000000	32.253419
6.000000	32.144100
7.000000	32.072932
8.000000	32.172914
9.000000	32.021739
10.000000	31.970758
11.000000	31.976595
12.000000	32.038906
13.000000	32.041226
14.000000	31.931704
15.000000	32.006886
16.000000	31.888465
17.000000	31.947923
18.000000	31.940653
19.000000	31.886726
20.000000	31.935221
21.000000	31.841275
22.000000	31.805083
23.000000	31.879738
24.000000	31.841301
25.000000	31.839759
26.000000	31.776587
27.000000	31.769043
28.000000	31.714708
29.000000	31.638197
30.000000	31.563520
31.000000	31.643136
32.000000	31.597481
33.000000	31.634825
34.000000	31.611547
35.000000	31.736258
36.000000	31.647778
37.000000	31.650468
38.000000	31.626348
39.000000	31.643624
40.000000	31.653990
41.000000	31.659052
42.000000	31.738041
43.000000	31.641112
44.000000	31.757660
45.000000	31.841065
46.000000	31.721488
47.000000	31.766127
48.000000	31.708550
49.000000	31.812490
50.000000	31.821265
51.000000	31.735032
52.000000	31.790471
53.000000	31.801586
54.000000	31.842970
55.000000	31.767265
56.000000	31.814959
57.000000	31.820970
58.000000	31.890826
59.000000	31.843587
60.000000	31.834496
61.000000	31.848423
62.000000	31.809807
63.000000	31.801960
64.000000	31.839868
65.000000	31.892803
66.000000	31.745355
67.000000	31.796854
68.000000	31.792241
69.000000	31.826780
70.000000	31.782519
71.000000	31.690849
72.000000	31.915501
73.000000	31.716647
74.000000	31.832407
75.000000	31.849356
76.000000	31.764940
77.000000	31.822351
78.000000	31.788073
79.000000	31.873552
80.000000	31.746231
81.000000	31.802048
82.000000	31.800780
83.000000	31.780583
84.000000	31.802457
85.000000	31.833765
86.000000	31.826267
87.000000	31.804849
88.000000	31.803043
89.000000	31.833029
90.000000	31.772008
91.000000	31.858723
92.000000	31.880565
93.000000	31.841146
94.000000	31.757992
95.000000	31.835820
96.000000	31.704067
97.000000	31.778793
98.000000	31.784243
99.000000	31.855877
100.000000	31.858533
101.000000	31.773830
102.000000	31.829882
103.000000	31.818492
104.000000	31.833565
105.000000	31.900441
106.000000	31.831310
107.000000	31.728537
108.000000	31.712612
109.000000	31.756318
110.000000	31.771393
111.000000	31.804593
112.000000	31.822478
113.000000	31.833285
114.000000	31.765256
115.000000	31.716134
116.000000	31.823362
117.000000	31.704585
118.000000	31.745189
119.000000	31.827931
120.000000	31.789763
121.000000	31.844038
122.000000	31.862120
123.000000	31.794599
124.000000	31.900277
125.000000	31.914070
126.000000	31.883359
127.000000	31.914848
128.000000	31.936672
129.000000	31.940404
130.000000	31.856229
131.000000	31.902524
132.000000	31.923362
133.000000	31.911829
134.000000	31.913915
135.000000	31.841991
136.000000	31.921905
137.000000	32.035019
138.000000	31.912635
139.000000	31.924059
140.000000	32.005629
141.000000	32.016221
142.000000	32.020272
143.000000	31.938404
144.000000	31.918650
145.000000	31.960728
146.000000	31.905725
147.000000	31.926627
148.000000	31.971460
149.000000	31.981135
150.000000	31.983263
151.000000	31.911632
152.000000	32.014959
153.000000	32.062475
154.000000	31.979826
155.000000	32.032655
156.000000	32.053562
157.000000	31.966477
158.000000	31.964714
159.000000	31.979223
160.000000	31.870712
161.000000	31.940143
162.000000	31.920988
163.000000	31.896136
164.000000	31.918886
165.000000	31.934788
166.000000	31.935960
167.000000	31.889576
168.000000	31.897528
169.000000	31.987726
170.000000	31.935465
171.000000	31.939759
172.000000	31.956374
173.000000	31.806254
174.000000	31.985409
175.000000	31.929405
176.000000	31.981749
177.000000	32.008635
178.000000	31.885870
179.000000	31.964432
180.000000	31.951510
181.000000	31.954949
182.000000	31.969714
183.000000	31.956081
184.000000	31.985170
185.000000	31.967622
186.000000	31.936390
187.000000	32.030538
188.000000	32.017916
189.000000	31.985202
190.000000	31.981990
191.000000	32.063429
192.000000	31.976675
193.000000	31.959474
194.000000	31.948822
195.000000	31.937800
196.000000	31.974990
197.000000	32.011134
198.000000	31.953601
199.000000	31.974983
200.000000	32.033912
201.000000	32.066456
202.000000	31.976740
203.000000	31.964105
204.000000	31.907117
205.000000	31.955929
206.000000	31.986269
207.000000	32.072844
208.000000	32.083027
209.000000	32.092868
210.000000	32.095345
211.000000	32.054708
212.000000	32.095477
213.000000	32.059870
214.000000	32.070317
215.000000	32.109029
216.000000	32.201438
217.000000	32.234197
218.000000	32.022846
219.000000	32.159373
220.000000	32.265662
221.000000	32.199842
222.000000	32.170004
223.000000	32.202322
224.000000	32.239015
225.000000	32.349493
226.000000	32.258372
227.000000	32.363967
228.000000	32.347769
229.000000	32.489716
230.000000	32.424439
231.000000	32.413072
232.000000	32.455041
233.000000	32.517478
234.000000	32.588435
235.000000	32.490719
236.000000	32.697467
237.000000	32.543358
238.000000	32.647300
239.000000	32.647028
240.000000	32.665848
241.000000	32.588427
242.000000	32.684076
243.000000	32.732887
244.000000	32.667686
245.000000	32.757024
246.000000	32.634811
247.000000	32.667186
248.000000	32.732004
249.000000	32.745724
250.000000	32.711537
251.000000	32.678348
252.000000	32.787898
253.000000	32.657112
254.000000	32.644742
255.000000	32.652468
256.000000	32.788424
257.000000	32.643462
258.000000	32.671218
259.000000	32.701904
260.000000	32.774556
261.000000	32.695562
262.000000	32.732636
263.000000	32.760014
264.000000	32.709860
265.000000	32.764610
266.000000	32.642596
267.000000	32.668002
268.000000	32.778198
269.000000	32.792185
270.000000	32.781007
271.000000	32.782223
272.000000	32.930697
273.000000	32.748847
274.000000	32.822438
275.000000	32.726660
276.000000	32.805268
277.000000	32.771768
278.000000	32.747611
279.000000	32.838571
280.000000	32.846157
281.000000	32.904405
282.000000	32.885861
283.000000	32.740357
284.000000	33.026900
285.000000	32.908105
286.000000	32.891812
287.000000	32.946841
288.000000	32.787294
289.000000	32.833076
290.000000	32.939444
291.000000	33.058399
292.000000	33.002481
293.000000	33.067849
294.000000	32.954963
295.000000	33.011775
296.000000	33.008699
297.000000	33.039260
298.000000	33.036829
299.000000	33.002953
300.000000	33.090544
301.000000	33.063396
302.000000	33.135974
303.000000	33.007380
304.000000	33.131192
305.000000	33.066369
306.000000	32.925752
307.000000	32.991070
308.000000	33.046548
309.000000	32.986260
310.000000	33.123673
311.000000	33.151547
312.000000	33.139172
313.000000	33.127911
314.000000	33.051316
315.000000	33.042660
316.000000	33.101631
317.000000	33.054141
318.000000	33.069614
319.000000	33.150756
320.000000	33.102829
321.000000	33.119511
322.000000	33.096689
323.000000	33.075429
324.000000	33.102569
325.000000	33.096419
326.000000	33.183422
327.000000	33.093872
328.000000	33.225306
329.000000	33.084334
330.000000	33.214110
331.000000	33.214608
332.000000	33.156487
333.000000	33.022811
334.000000	33.132703
335.000000	33.051573
336.000000	33.204148
337.000000	33.239817
338.000000	33.109899
339.000000	33.063482
340.000000	33.071879
341.000000	33.052757
342.000000	33.092350
343.000000	33.161727
344.000000	33.201857
345.000000	33.183298
346.000000	33.140667
347.000000	33.113568
348.000000	33.129590
349.000000	33.160097
350.000000	33.153247
351.000000	33.097523
352.000000	33.247131
353.000000	33.168883
354.000000	33.029686
355.000000	33.143819
356.000000	33.073397
357.000000	33.073167
358.000000	33.108502
359.000000	33.051586
360.000000	33.130132
361.000000	33.136645
362.000000	33.078988
363.000000	33.199633
364.000000	33.138578
365.000000	33.148704
366.000000	33.065589
367.000000	33.069678
368.000000	33.224759
369.000000	33.078625
370.000000	33.194761
371.000000	33.147882
372.000000	33.180706
373.000000	33.144187
374.000000	33.249230
375.000000	33.062188
376.000000	33.083142
377.000000	33.193024
378.000000	33.048385
379.000000	33.159441
380.000000	33.119441
381.000000	33.085376
382.000000	33.114268
383.000000	33.144601
384.000000	33.095450
385.000000	33.044718
386.000000	33.111194
387.000000	33.116059
388.000000	33.122274
389.000000	33.221564
390.000000	33.193923
391.000000	33.153263
392.000000	33.184674
393.000000	33.095717
394.000000	33.126618
395.000000	33.133579
396.000000	33.135704
397.000000	33.206928
398.000000	33.132107
399.000000	33.155916
400.000000	33.133496
401.000000	33.197417
402.000000	33.136562
403.000000	33.157899
404.000000	33.117171
405.000000	33.125845
406.000000	33.162603
407.000000	33.025089
408.000000	33.157078
409.000000	33.136222
410.000000	33.190987
411.000000	33.208180
412.000000	33.220040
413.000000	33.237109
414.000000	33.156233
415.000000	33.100667
416.000000	33.094836
417.000000	33.032509
418.000000	33.025013
419.000000	33.106750
420.000000	33.089588
421.000000	33.077109
422.000000	33.116914
423.000000	33.151855
424.000000	32.963598
425.000000	33.142611
426.000000	33.100714
427.000000	33.030601
428.000000	33.085954
429.000000	33.171122
430.000000	33.100882
431.000000	33.107693
432.000000	33.095022
433.000000	33.049665
434.000000	33.080390
435.000000	33.071741
436.000000	33.043077
437.000000	33.060758
438.000000	33.050422
439.000000	33.017964
440.000000	32.984664
441.000000	33.055992
442.000000	33.008963
443.000000	32.999003
444.000000	32.947800
445.000000	33.007286
446.000000	32.967043
447.000000	32.998749
448.000000	33.060201
449.000000	33.049168
450.000000	33.003466
451.000000	32.937871
452.000000	33.006613
453.000000	33.032402
454.000000	32.912659
455.000000	32.937044
456.000000	32.874188
457.000000	32.826763
458.000000	32.845721
459.000000	32.758104
460.000000	32.929907
461.000000	32.821782
462.000000	32.833413
463.000000	32.720320
464.000000	32.816350
465.000000	32.885224
466.000000	32.838706
467.000000	32.675080
468.000000	32.883573
469.000000	32.843212
470.000000	32.842222
471.000000	32.776982
472.000000	32.829593
473.000000	32.829928
474.000000	32.690055
475.000000	32.732911
476.000000	32.688699
477.000000	32.657052
478.000000	32.626193
479.000000	32.626828
480.000000	32.746312
481.000000	32.687657
482.000000	32.678027
483.000000	32.649780
484.000000	32.665146
485.000000	32.772836
486.000000	32.697946
487.000000	32.712641
488.000000	32.741684
489.000000	32.862140
490.000000	32.777210
491.000000	32.785143
492.000000	32.862025
493.000000	32.866665
494.000000	32.799284
495.000000	32.754341
496.000000	32.674010
497.000000	32.721868
498.000000	32.684581
499.000000	32.789205
500.000000	32.725740
501.000000	32.766989
502.000000	32.839610
503.000000	32.768336
504.000000	32.853590
505.000000	32.851853
506.000000	32.915318
507.000000	32.894408
508.000000	32.952268
509.000000	32.988230
510.000000	32.971604
511.000000	32.943251
512.000000	32.841580
513.000000	33.012830
514.000000	32.873797
515.000000	32.924633
516.000000	32.862082
517.000000	32.850358
518.000000	32.893768
519.000000	32.920465
520.000000	32.844560
521.000000	32.807950
522.000000	32.865929
523.000000	32.795072
524.000000	32.955598
525.000000	32.992001
526.000000	32.934359
527.000000	33.028095
528.000000	32.992161
529.000000	32.988450
530.000000	33.030803
531.000000	33.089686
532.000000	33.110697
533.000000	33.010687
534.000000	32.970306
535.000000	32.931195
536.000000	33.019063
537.000000	32.950267
538.000000	32.903661
539.000000	32.956510
540.000000	33.018765
541.000000	33.019309
542.000000	32.924970
543.000000	32.976368
544.000000	33.008336
545.000000	32.985278
546.000000	32.961678
547.000000	32.990871
548.000000	33.084749
549.000000	33.129533
550.000000	33.079296
551.000000	33.068305
552.000000	33.039983
553.000000	33.092356
554.000000	32.994849
555.000000	32.929028
556.000000	33.079685
557.000000	33.064016
558.000000	33.031166
559.000000	33.011104
560.000000	33.049043
561.000000	32.990267
562.000000	32.977601
563.000000	33.072934
564.000000	32.995834
565.000000	33.058640
566.000000	33.062157
567.000000	33.050757
568.000000	33.084555
569.000000	33.028157
570.000000	33.040561
571.000000	33.075370
572.000000	33.128481
573.000000	33.124974
574.000000	33.028289
575.000000	33.015209
576.000000	32.959439
577.000000	33.044684
578.000000	33.042595
579.000000	33.033610
580.000000	33.134859
581.000000	33.027901
582.000000	33.087496
583.000000	32.956839
584.000000	33.067924
585.000000	32.986760
586.000000	33.084482
587.000000	33.075924
588.000000	32.966574
589.000000	33.006242
590.000000	33.120488
591.000000	33.003798
592.000000	33.091000
593.000000	32.981616
594.000000	33.092936
595.000000	32.949756
596.000000	32.947875
597.000000	33.026882
598.000000	32.948893
599.000000	32.994445
600.000000	32.957016
601.000000	32.969844
602.000000	32.883697
603.000000	33.029839
604.000000	32.967157
605.000000	32.959060
606.000000	33.054675
607.000000	33.018073
608.000000	33.037329
609.000000	33.109404
610.000000	32.931674
611.000000	33.124516
612.000000	33.021916
613.000000	33.083233
614.000000	33.013374
615.000000	33.012483
616.000000	33.017682
617.000000	32.982259
618.000000	33.041766
619.000000	32.935621
620.000000	32.931081
621.000000	33.007284
622.000000	32.902378
623.000000	32.953294
624.000000	33.087284
625.000000	32.973195
626.000000	33.162414
627.000000	33.067017
628.000000	33.032273
629.000000	33.074367
630.000000	33.078742
631.000000	32.941779
632.000000	33.068774
633.000000	32.987364
634.000000	32.997109
635.000000	32.933408
636.000000	32.981797
637.000000	32.850599
638.000000	33.067600
639.000000	33.021535
640.000000	32.962860
641.000000	32.979594
642.000000	32.986708
643.000000	33.023907
644.000000	32.955937
645.000000	33.119659
646.000000	32.966517
647.000000	33.034517
648.000000	33.033996
649.000000	32.953735
650.000000	33.046263
651.000000	32.936357
652.000000	32.974504
653.000000	32.991340
654.000000	32.996689
655.000000	33.038558
656.000000	33.049248
657.000000	33.054178
658.000000	32.923446
659.000000	32.775951
660.000000	33.043018
661.000000	33.012731
662.000000	32.931713
663.000000	33.086856
664.000000	33.071288
665.000000	33.106107
666.000000	33.133159
667.000000	33.107724
668.000000	32.912009
669.000000	33.062619
670.000000	33.059115
671.000000	33.087328
672.000000	32.911156
673.000000	33.005931
674.000000	32.988398
675.000000	33.052661
676.000000	33.075870
677.000000	33.053942
678.000000	33.051788
679.000000	32.940108
680.000000	33.016062
681.000000	33.022308
682.000000	32.987540
683.000000	33.009717
684.000000	33.046423
685.000000	33.059418
686.000000	32.951423
687.000000	33.029347
688.000000	32.950599
689.000000	33.074582
690.000000	33.123067
691.000000	33.005713
692.000000	32.976515
693.000000	33.147113
694.000000	33.003837
695.000000	32.992262
696.000000	33.021756
697.000000	33.081437
698.000000	32.970912
699.000000	33.054346
700.000000	33.065192
701.000000	33.028100
702.000000	32.953307
703.000000	32.978257
704.000000	33.059400
705.000000	33.020545
706.000000	32.993278
707.000000	32.982764
708.000000	33.089196
709.000000	32.995870
710.000000	33.049748
711.000000	33.091231
712.000000	33.001310
713.000000	33.074660
714.000000	33.051752
715.000000	33.016648
716.000000	33.052327
717.000000	32.994385
718.000000	33.033742
719.000000	33.081701
720.000000	33.010653
721.000000	33.026353
722.000000	33.059205
723.000000	33.075958
724.000000	33.053893
725.000000	33.084583
726.000000	33.097448
727.000000	33.111055
728.000000	33.029601
729.000000	33.065330
730.000000	33.064000
731.000000	32.973206
732.000000	33.062559
733.000000	32.975258
734.000000	33.131241
735.000000	33.022424
736.000000	33.034172
737.000000	33.010438
738.000000	33.106553
739.000000	33.053190
740.000000	33.095323
741.000000	33.054255
742.000000	33.045651
743.000000	33.078394
744.000000	33.018044
745.000000	33.074276
746.000000	33.030311
747.000000	33.017941
748.000000	33.108103
749.000000	33.073159
750.000000	33.053309
751.000000	33.147781
752.000000	33.094258
753.000000	33.056036
754.000000	33.109385
755.000000	33.105571
756.000000	33.058830
757.000000	33.053151
758.000000	33.134478
759.000000	33.105019
760.000000	33.101582
761.000000	33.151464
762.000000	33.158078
763.000000	33.085459
764.000000	33.141250
765.000000	33.150041
766.000000	33.092353
767.000000	33.026325
768.000000	33.107727
769.000000	32.937614
770.000000	33.143018
771.000000	33.007268
772.000000	33.067455
773.000000	33.061281
774.000000	33.057713
775.000000	33.077448
776.000000	33.031614
777.000000	33.112970
778.000000	33.076375
779.000000	33.179529
780.000000	33.161299
781.000000	33.138627
782.000000	33.226179
783.000000	33.086180
784.000000	33.128740
785.000000	33.090179
786.000000	33.215092
787.000000	33.131324
788.000000	33.101769
789.000000	33.176958
790.000000	33.114978
791.000000	33.066781
792.000000	33.102987
793.000000	33.116033
794.000000	33.131972
795.000000	33.067403
796.000000	33.131495
797.000000	33.096274
798.000000	33.095248
799.000000	33.113924
800.000000	33.053579
801.000000	33.132921
802.000000	33.014688
803.000000	33.174006
804.000000	33.163948
805.000000	33.146104
806.000000	33.112052
807.000000	33.162479
808.000000	33.053338
809.000000	33.282445
810.000000	33.188341
811.000000	33.052747
812.000000	33.151226
813.000000	33.229961
814.000000	33.105063
815.000000	33.082025
816.000000	33.235849
817.000000	33.162214
818.000000	33.086361
819.000000	33.167068
820.000000	33.134986
821.000000	33.226791
822.000000	33.168841
823.000000	33.169937
824.000000	33.198721
825.000000	33.288387
826.000000	33.200714
827.000000	33.129733
828.000000	33.209458
829.000000	33.157884
830.000000	33.181115
831.000000	33.107240
832.000000	33.142704
833.000000	33.127973
834.000000	33.129733
835.000000	33.141204
836.000000	33.115118
837.000000	33.089632
838.000000	33.153625
839.000000	33.128328
840.000000	33.173563
841.000000	33.188725
842.000000	33.222849
843.000000	33.249248
844.000000	33.128756
845.000000	33.206369
846.000000	33.213548
847.000000	33.108533
848.000000	33.243699
849.000000	33.208911
850.000000	33.133330
851.000000	33.232340
852.000000	33.115201
853.000000	33.239519
854.000000	33.218156
855.000000	33.072387
856.000000	33.192070
857.000000	33.282618
858.000000	33.205394
859.000000	33.157567
860.000000	33.230269
861.000000	33.113107
862.000000	33.159747
863.000000	33.153944
864.000000	33.244718
865.000000	33.142740
866.000000	33.214164
867.000000	33.286674
868.000000	33.208914
869.000000	33.238117
870.000000	33.261092
871.000000	33.262427
872.000000	33.176951
873.000000	33.265586
874.000000	33.131521
875.000000	33.223691
876.000000	33.197236
877.000000	33.181743
878.000000	33.229997
879.000000	33.130969
880.000000	33.189647
881.000000	33.181540
882.000000	33.186698
883.000000	33.257749
884.000000	33.179610
885.000000	33.246249
886.000000	33.211606
887.000000	33.205822
888.000000	33.059786
889.000000	33.233566
890.000000	33.192407
891.000000	33.102448
892.000000	33.203422
893.000000	33.155167
894.000000	33.297072
895.000000	33.196704
896.000000	33.275927
897.000000	33.299052
898.000000	33.155463
899.000000	33.229385
900.000000	33.285666
901.000000	33.209914
902.000000	33.259462
903.000000	33.172247
904.000000	33.210445
905.000000	33.175699
906.000000	33.281372
907.000000	33.165495
908.000000	33.223139
909.000000	33.213364
910.000000	33.129844
911.000000	33.231860
912.000000	33.257780
913.000000	33.205135
914.000000	33.182365
915.000000	33.400454
916.000000	33.206182
917.000000	33.273133
918.000000	33.316891
919.000000	33.219589
920.000000	33.178806
921.000000	33.299322
922.000000	33.164505
923.000000	33.311694
924.000000	33.250202
925.000000	33.185275
926.000000	33.246436
927.000000	33.247973
928.000000	33.329364
929.000000	33.233498
930.000000	33.225793
931.000000	33.265959
932.000000	33.323222
933.000000	33.231860
934.000000	33.312428
935.000000	33.239796
936.000000	33.247810
937.000000	33.298023
938.000000	33.189175
939.000000	33.340307
940.000000	33.178018
941.000000	33.308561
942.000000	33.258920
943.000000	33.200975
944.000000	33.187626
945.000000	33.190526
946.000000	33.244319
947.000000	33.317772
948.000000	33.315838
949.000000	33.318640
950.000000	33.327625
951.000000	33.295268
952.000000	33.351562
953.000000	33.271860
954.000000	33.244596
955.000000	33.298588
956.000000	33.231612
957.000000	33.220105
958.000000	33.300151
959.000000	33.256847
960.000000	33.282105
961.000000	33.292925
962.000000	33.280151
963.000000	33.324360
964.000000	33.328058
965.000000	33.318394
966.000000	33.269538
967.000000	33.288178
968.000000	33.341587
969.000000	33.244425
970.000000	33.233923
971.000000	33.304103
972.000000	33.192114
973.000000	33.315515
974.000000	33.307130
975.000000	33.215419
976.000000	33.347460
977.000000	33.255004
978.000000	33.228336
979.000000	33.286055
980.000000	33.188240
981.000000	33.288058
982.000000	33.316816
983.000000	33.268675
984.000000	33.257930
985.000000	33.243590
986.000000	33.189502
987.000000	33.235499
988.000000	33.321434
989.000000	33.346076
990.000000	33.297751
991.000000	33.360659
992.000000	33.219941
993.000000	33.264041
994.000000	33.269699
995.000000	33.258404
996.000000	33.325866
997.000000	33.313166
998.000000	33.328525
999.000000	33.271246
1000.000000	33.305249
1001.000000	33.257018
1002.000000	33.306845
1003.000000	33.236994
1004.000000	33.343461
1005.000000	33.265897
1006.000000	33.331217
1007.000000	33.318246
1008.000000	33.316209
1009.000000	33.258073
1010.000000	33.262707
1011.000000	33.263741
1012.000000	33.307587
1013.000000	33.275642
1014.000000	33.289061
1015.000000	33.230686
1016.000000	33.442180
1017.000000	33.289144
1018.000000	33.364145
1019.000000	33.334817
1020.000000	33.337116
1021.000000	33.215157
1022.000000	33.351956
1023.000000	33.368144
1024.000000	33.283678
1025.000000	33.269730
1026.000000	33.237591
1027.000000	33.243075
1028.000000	33.194595
1029.000000	33.320747
1030.000000	33.317233
1031.000000	33.358650
1032.000000	33.281781
1033.000000	33.263886
1034.000000	33.360928
1035.000000	33.225163
1036.000000	33.340148
1037.000000	33.407716
1038.000000	33.380042
1039.000000	33.200905
1040.000000	33.339485
1041.000000	33.272088
1042.000000	33.244640
1043.000000	33.301867
1044.000000	33.277539
1045.000000	33.205197
1046.000000	33.298327
1047.000000	33.295507
1048.000000	33.286203
1049.000000	33.229702
1050.000000	33.255986
1051.000000	33.292674
1052.000000	33.319628
1053.000000	33.403525
1054.000000	33.346239
1055.000000	33.302681
1056.000000	33.286698
1057.000000	33.361284
1058.000000	33.265669
1059.000000	33.251682
1060.000000	33.272578
1061.000000	33.258731
1062.000000	33.244539
1063.000000	33.319438
1064.000000	33.290497
1065.000000	33.312008
1066.000000	33.196940
1067.000000	33.339957
1068.000000	33.301265
1069.000000	33.334890
1070.000000	33.256440
1071.000000	33.219599
1072.000000	33.303424
1073.000000	33.262649
1074.000000	33.317855
1075.000000	33.316349
1076.000000	33.307864
1077.000000	33.303339
1078.000000	33.352788
1079.000000	33.268571
1080.000000	33.283266
1081.000000	33.192392
1082.000000	33.213200
1083.000000	33.186335
1084.000000	33.323808
1085.000000	33.340122
1086.000000	33.127952
1087.000000	33.315981
1088.000000	33.273006
1089.000000	33.296074
1090.000000	33.307949
1091.000000	33.291834
1092.000000	33.276378
1093.000000	33.380545
1094.000000	33.382061
1095.000000	33.205568
1096.000000	33.231231
1097.000000	33.257381
1098.000000	33.225767
1099.000000	33.218179
1100.000000	33.195079
1101.000000	33.345689
1102.000000	33.162676
1103.000000	33.233516
1104.000000	33.316787
1105.000000	33.194906
1106.000000	33.256950
1107.000000	33.258881
1108.000000	33.144428
1109.000000	33.171111
1110.000000	33.206773
1111.000000	33.315927
1112.000000	33.325231
1113.000000	33.172887
1114.000000	33.273838
1115.000000	33.209082
1116.000000	33.233211
1117.000000	33.228649
1118.000000	33.151661
1119.000000	33.152135
1120.000000	33.231337
1121.000000	33.308136
1122.000000	33.295509
1123.000000	33.208097
1124.000000	33.340488
1125.000000	33.221263
1126.000000	33.137684
1127.000000	33.185114
1128.000000	33.211236
1129.000000	33.238829
1130.000000	33.206343
1131.000000	33.217308
1132.000000	33.186916
1133.000000	33.108287
1134.000000	33.244767
1135.000000	33.164223
1136.000000	33.252905
1137.000000	33.216183
1138.000000	33.275235
1139.000000	33.094320
1140.000000	33.269694
1141.000000	33.327138
1142.000000	33.191404
1143.000000	33.226747
1144.000000	33.119939
1145.000000	33.184816
1146.000000	33.244795
1147.000000	33.140385
1148.000000	33.259371
1149.000000	33.088494
1150.000000	33.211715
1151.000000	33.193610
1152.000000	33.237806
1153.000000	33.221361
1154.000000	33.161652
1155.000000	33.176741
1156.000000	33.168336
1157.000000	33.104552
1158.000000	33.116059
1159.000000	33.146693
1160.000000	33.282429
1161.000000	33.218285
1162.000000	33.203443
1163.000000	33.121590
1164.000000	33.210692
1165.000000	33.193993
1166.000000	33.201346
1167.000000	33.130816
1168.000000	33.060932
1169.000000	33.189129
1170.000000	33.217961
1171.000000	33.157803
1172.000000	33.210476
1173.000000	33.068372
1174.000000	33.241509
1175.000000	33.179682
1176.000000	33.154084
1177.000000	33.233203
1178.000000	33.159363
1179.000000	33.197334
1180.000000	33.153066
1181.000000	33.274607
1182.000000	33.256722
1183.000000	33.234771
1184.000000	33.269992
1185.000000	33.204523
1186.000000	33.075626
1187.000000	33.067737
1188.000000	33.190204
1189.000000	33.140343
1190.000000	33.104904
1191.000000	33.118894
1192.000000	33.185970
1193.000000	33.291847
1194.000000	33.131583
1195.000000	33.208745
1196.000000	33.197531
1197.000000	33.213778
1198.000000	33.172726
1199.000000	33.152713
1200.000000	33.343007
1201.000000	33.222766
1202.000000	33.205197
1203.000000	33.166804
1204.000000	33.336181
1205.000000	33.315126
1206.000000	33.278238
1207.000000	33.160063
1208.000000	33.255883
1209.000000	33.110192
1210.000000	33.257233
1211.000000	33.272583
1212.000000	33.268172
1213.000000	33.198866
1214.000000	33.155333
1215.000000	33.311687
1216.000000	33.304964
1217.000000	33.302574
1218.000000	33.222455
1219.000000	33.258588
1220.000000	33.208343
1221.000000	33.340641
1222.000000	33.268631
1223.000000	33.281792
1224.000000	33.216769
1225.000000	33.340190
1226.000000	33.299446
1227.000000	33.258855
1228.000000	33.232317
1229.000000	33.299003
1230.000000	33.287048
1231.000000	33.231531
1232.000000	33.379394
1233.000000	33.335253
1234.000000	33.266024
1235.000000	33.208170
1236.000000	33.308628
1237.000000	33.245239
1238.000000	33.269567
1239.000000	33.345161
1240.000000	33.272013
1241.000000	33.292516
1242.000000	33.272088
1243.000000	33.324588
1244.000000	33.307638
1245.000000	33.158350
1246.000000	33.350367
1247.000000	33.276240
1248.000000	33.307410
1249.000000	33.282927
1250.000000	33.272819
1251.000000	33.316230
1252.000000	33.332591
1253.000000	33.287213
1254.000000	33.317528
1255.000000	33.210521
1256.000000	33.262592
1257.000000	33.308825
1258.000000	33.327413
1259.000000	33.322040
1260.000000	33.258215
1261.000000	33.365617
1262.000000	33.171176
1263.000000	33.307685
1264.000000	33.247467
1265.000000	33.201413
1266.000000	33.312319
1267.000000	33.275268
1268.000000	33.222756
1269.000000	33.270557
1270.000000	33.171223
1271.000000	33.151114
1272.000000	33.283634
1273.000000	33.213597
1274.000000	33.243756
1275.000000	33.238855
1276.000000	33.281792
1277.000000	33.263383
1278.000000	33.230583
1279.000000	33.331954
1280.000000	33.231783
1281.000000	33.404971
1282.000000	33.241460
1283.000000	33.292697
1284.000000	33.332762
1285.000000	33.340351
1286.000000	33.304142
1287.000000	33.341343
1288.000000	33.195452
1289.000000	33.308074
1290.000000	33.250580
1291.000000	33.255020
1292.000000	33.218969
1293.000000	33.240395
1294.000000	33.195491
1295.000000	33.175214
1296.000000	33.306563
1297.000000	33.236642
1298.000000	33.300068
1299.000000	33.187273
1300.000000	33.233514
1301.000000	33.377704
1302.000000	33.279653
1303.000000	33.381232
1304.000000	33.418254
1305.000000	33.252200
1306.000000	33.308613
1307.000000	33.336354
1308.000000	33.289911
1309.000000	33.338759
1310.000000	33.343590
1311.000000	33.254058
1312.000000	33.234576
1313.000000	33.333068
1314.000000	33.228623
1315.000000	33.254403
1316.000000	33.275509
1317.000000	33.182178
1318.000000	33.251166
1319.000000	33.276175
1320.000000	33.325560
1321.000000	33.300908
1322.000000	33.250132
1323.000000	33.219208
1324.000000	33.302517
1325.000000	33.237572
1326.000000	33.243409
1327.000000	33.297316
1328.000000	33.371173
1329.000000	33.161087
1330.000000	33.260182
1331.000000	33.293973
1332.000000	33.290329
1333.000000	33.306368
1334.000000	33.275914
1335.000000	33.259283
1336.000000	33.232809
1337.000000	33.307532
1338.000000	33.208675
1339.000000	33.300763
1340.000000	33.200068
1341.000000	33.303207
1342.000000	33.297373
1343.000000	33.248908
1344.000000	33.284184
1345.000000	33.260498
1346.000000	33.305886
1347.000000	33.251472
1348.000000	33.287221
1349.000000	33.330215
1350.000000	33.278036
1351.000000	33.235898
1352.000000	33.269074
1353.000000	33.317435
1354.000000	33.115782
1355.000000	33.211930
1356.000000	33.315870
1357.000000	33.230230
1358.000000	33.282199
1359.000000	33.317736
1360.000000	33.279029
1361.000000	33.180037
1362.000000	33.260866
1363.000000	33.276175
1364.000000	33.299086
1365.000000	33.276173
1366.000000	33.246970
1367.000000	33.176995
1368.000000	33.399975
1369.000000	33.268559
1370.000000	33.308628
1371.000000	33.178565
1372.000000	33.298246
1373.000000	33.245596
1374.000000	33.225731
1375.000000	33.274245
1376.000000	33.276175
1377.000000	33.370279
1378.000000	33.286511
1379.000000	33.236061
1380.000000	33.253042
1381.000000	33.276629
1382.000000	33.229937
1383.000000	33.267929
1384.000000	33.199604
1385.000000	33.288260
1386.000000	33.310767
1387.000000	33.262367
1388.000000	33.293724
1389.000000	33.321963
1390.000000	33.236595
1391.000000	33.321273
1392.000000	33.271529
1393.000000	33.344902
1394.000000	33.292187
1395.000000	33.196590
1396.000000	33.225938
1397.000000	33.227180
1398.000000	33.142650
1399.000000	33.222795
1400.000000	33.196849
1401.000000	33.237176
1402.000000	33.204601
1403.000000	33.343313
1404.000000	33.180315
1405.000000	33.302999
1406.000000	33.202639
1407.000000	33.262178
1408.000000	33.335699
1409.000000	33.240809
1410.000000	33.340921
1411.000000	33.252306
1412.000000	33.245835
1413.000000	33.203774
1414.000000	33.159286
1415.000000	33.263396
1416.000000	33.235880
1417.000000	33.243222
1418.000000	33.114439
1419.000000	33.211168
1420.000000	33.221450
1421.000000	33.119892
1422.000000	33.180322
1423.000000	33.108204
1424.000000	33.271039
1425.000000	33.102411
1426.000000	33.134102
1427.000000	33.244689
1428.000000	33.217539
1429.000000	33.239832
1430.000000	33.211562
1431.000000	33.139993
1432.000000	33.215025
1433.000000	33.115204
1434.000000	33.149017
1435.000000	33.227709
1436.000000	33.223831
1437.000000	33.180473
1438.000000	33.199542
1439.000000	33.139081
1440.000000	33.048652
1441.000000	33.141924
1442.000000	33.216663
1443.000000	33.134196
1444.000000	33.203748
1445.000000	33.140916
1446.000000	33.161424
1447.000000	33.195924
1448.000000	33.142816
1449.000000	33.236668
1450.000000	33.140771
1451.000000	33.080563
1452.000000	33.218044
1453.000000	33.250430
1454.000000	33.167486
1455.000000	33.103969
1456.000000	33.197163
1457.000000	33.174035
1458.000000	33.168590
1459.000000	33.141250
1460.000000	33.129624
1461.000000	33.187408
1462.000000	33.242069
1463.000000	33.164959
1464.000000	33.138640
1465.000000	33.184249
1466.000000	33.062826
1467.000000	33.102043
1468.000000	33.205786
1469.000000	33.146618
1470.000000	33.119628
1471.000000	33.075909
1472.000000	33.173791
1473.000000	33.216487
1474.000000	33.169292
1475.000000	33.130062
1476.000000	33.250507
1477.000000	33.216090
1478.000000	33.112265
1479.000000	33.227258
1480.000000	33.300597
1481.000000	33.119400
1482.000000	33.130225
1483.000000	33.158560
1484.000000	33.231127
1485.000000	33.098107
1486.000000	33.200830
1487.000000	33.176642
1488.000000	33.201779
1489.000000	33.207462
1490.000000	33.174263
1491.000000	33.174716
1492.000000	33.182569
1493.000000	33.139340
1494.000000	33.186625
1495.000000	33.208813
1496.000000	33.224886
1497.000000	33.122225
1498.000000	33.209217
1499.000000	33.176391
1500.000000	33.160706
1501.000000	33.238640
1502.000000	33.125602
1503.000000	33.139011
1504.000000	33.226071
1505.000000	33.186781
1506.000000	33.244839
1507.000000	33.154468
1508.000000	33.195865
1509.000000	33.120895
1510.000000	33.234330
1511.000000	33.193428
1512.000000	33.213576
1513.000000	33.196494
1514.000000	33.257489
1515.000000	33.201877
1516.000000	33.152571
1517.000000	33.174615
1518.000000	33.248722
1519.000000	33.168660
1520.000000	33.095162
1521.000000	33.181890
1522.000000	33.111731
1523.000000	33.149103
1524.000000	33.167646
1525.000000	33.099858
1526.000000	33.196582
1527.000000	33.122150
1528.000000	33.236043
1529.000000	33.153802
1530.000000	33.186786
1531.000000	33.172029
1532.000000	33.249144
1533.000000	33.188836
1534.000000	33.217000
1535.000000	33.152770
1536.000000	33.172897
1537.000000	33.192920
1538.000000	33.194494
1539.000000	33.101268
1540.000000	33.223992
1541.000000	33.205259
1542.000000	33.087976
1543.000000	33.260908
1544.000000	33.204049
1545.000000	33.164876
1546.000000	33.245938
1547.000000	33.142575
1548.000000	33.337839
1549.000000	33.172933
1550.000000	33.265578
1551.000000	33.165560
1552.000000	33.170751
1553.000000	33.258057
1554.000000	33.156380
1555.000000	33.090171
1556.000000	33.217567
1557.000000	33.120802
1558.000000	33.229914
1559.000000	33.218868
1560.000000	33.162331
1561.000000	33.331692
1562.000000	33.221737
1563.000000	33.199099
1564.000000	33.268382
1565.000000	33.151360
1566.000000	33.091656
1567.000000	33.218026
1568.000000	33.099535
1569.000000	33.192472
1570.000000	33.149489
1571.000000	33.156450
1572.000000	33.178765
1573.000000	33.095033
1574.000000	33.237806
1575.000000	33.014955
1576.000000	33.158894
1577.000000	33.234670
1578.000000	33.168857
1579.000000	33.089388
1580.000000	33.168693
1581.000000	33.210847
1582.000000	33.279920
1583.000000	33.148976
1584.000000	33.157964
1585.000000	33.278093
1586.000000	33.190013
1587.000000	33.158104
1588.000000	33.235738
1589.000000	33.260571
1590.000000	33.318378
1591.000000	33.149222
1592.000000	33.163868
1593.000000	33.231441
1594.000000	33.217129
1595.000000	33.125215
1596.000000	33.252843
1597.000000	33.207582
1598.000000	33.206151
1599.000000	33.145552
1600.000000	33.189370
1601.000000	33.223005
1602.000000	33.238505
1603.000000	33.255494
1604.000000	33.171622
1605.000000	33.175670
1606.000000	33.218708
1607.000000	33.225441
1608.000000	33.167724
1609.000000	33.160846
1610.000000	33.235038
1611.000000	33.241771
1612.000000	33.168592
1613.000000	33.165633
1614.000000	33.252690
1615.000000	33.248634
1616.000000	33.166612
1617.000000	33.073061
1618.000000	33.207779
1619.000000	33.103254
1620.000000	33.229930
1621.000000	33.136917
1622.000000	33.202015
1623.000000	33.206452
1624.000000	33.185254
1625.000000	33.224967
1626.000000	33.219387
1627.000000	33.223500
1628.000000	33.238021
1629.000000	33.232013
1630.000000	33.182445
1631.000000	33.229528
1632.000000	33.170013
1633.000000	33.261952
1634.000000	33.205055
1635.000000	33.209194
1636.000000	33.307143
1637.000000	33.293174
1638.000000	33.249720
1639.000000	33.304093
1640.000000	33.222129
1641.000000	33.146172
1642.000000	33.270077
1643.000000	33.271586
1644.000000	33.349660
1645.000000	33.108649
1646.000000	33.226506
1647.000000	33.259076
1648.000000	33.222149
1649.000000	33.274366
1650.000000	33.283393
1651.000000	33.325622
1652.000000	33.260542
1653.000000	33.242359
1654.000000	33.258508
1655.000000	33.239091
1656.000000	33.278047
1657.000000	33.308859
1658.000000	33.239257
1659.000000	33.305454
1660.000000	33.112140
1661.000000	33.311783
1662.000000	33.221139
1663.000000	33.328704
1664.000000	33.220760
1665.000000	33.250746
1666.000000	33.224482
1667.000000	33.220833
1668.000000	33.351775
1669.000000	33.340327
1670.000000	33.212996
1671.000000	33.387511
1672.000000	33.224189
1673.000000	33.291186
1674.000000	33.285213
1675.000000	33.281338
1676.000000	33.355512
1677.000000	33.356108
1678.000000	33.326599
1679.000000	33.257134
1680.000000	33.328367
1681.000000	33.348709
1682.000000	33.322725
1683.000000	33.286641
1684.000000	33.269266
1685.000000	33.310098
1686.000000	33.359545
1687.000000	33.367001
1688.000000	33.374856
1689.000000	33.293490
1690.000000	33.293918
1691.000000	33.348774
1692.000000	33.296948
1693.000000	33.344565
1694.000000	33.325866
1695.000000	33.450300
1696.000000	33.365928
1697.000000	33.429592
1698.000000	33.357640
1699.000000	33.396924
1700.000000	33.380643
1701.000000	33.320335
1702.000000	33.367612
1703.000000	33.287198
1704.000000	33.264262
1705.000000	33.351127
1706.000000	33.352275
1707.000000	33.354807
1708.000000	33.436714
1709.000000	33.363023
1710.000000	33.288035
1711.000000	33.331202
1712.000000	33.372557
1713.000000	33.297832
1714.000000	33.338871
1715.000000	33.368361
1716.000000	33.443302
1717.000000	33.307926
1718.000000	33.301133
1719.000000	33.314589
1720.000000	33.353376
1721.000000	33.360506
1722.000000	33.345272
1723.000000	33.333514
1724.000000	33.369686
1725.000000	33.230440
1726.000000	33.325726
1727.000000	33.349445
1728.000000	33.385259
1729.000000	33.371795
1730.000000	33.299423
1731.000000	33.411881
1732.000000	33.362100
1733.000000	33.359609
1734.000000	33.411616
1735.000000	33.330844
1736.000000	33.401517
1737.000000	33.277839
1738.000000	33.341478
1739.000000	33.218557
1740.000000	33.338809
1741.000000	33.320032
1742.000000	33.294284
1743.000000	33.358428
1744.000000	33.316976
1745.000000	33.358567
1746.000000	33.412386
1747.000000	33.399379
1748.000000	33.308631
1749.000000	33.425827
1750.000000	33.330243
1751.000000	33.408496
1752.000000	33.306244
1753.000000	33.374079
1754.000000	33.271596
1755.000000	33.306806
1756.000000	33.285023
1757.000000	33.342388
1758.000000	33.351026
1759.000000	33.284127
1760.000000	33.325311
1761.000000	33.326161
1762.000000	33.311593
1763.000000	33.324000
1764.000000	33.452200
1765.000000	33.365065
1766.000000	33.246104
1767.000000	33.313293
1768.000000	33.378920
1769.000000	33.369686
1770.000000	33.413301
1771.000000	33.362730
1772.000000	33.374195
1773.000000	33.314058
1774.000000	33.283077
1775.000000	33.348579
1776.000000	33.325614
1777.000000	33.288390
1778.000000	33.466651
1779.000000	33.333853
1780.000000	33.375004
1781.000000	33.279907
1782.000000	33.230570
1783.000000	33.315333
1784.000000	33.408486
1785.000000	33.273708
1786.000000	33.253024
1787.000000	33.223471
1788.000000	33.238630
1789.000000	33.296953
1790.000000	33.293680
1791.000000	33.409022
1792.000000	33.255831
1793.000000	33.203774
1794.000000	33.324337
1795.000000	33.279993
1796.000000	33.335522
1797.000000	33.242455
1798.000000	33.406469
1799.000000	33.185094
1800.000000	33.240374
1801.000000	33.253011
1802.000000	33.285866
1803.000000	33.277902
1804.000000	33.271394
1805.000000	33.279101
1806.000000	33.218423
1807.000000	33.207330
1808.000000	33.250311
1809.000000	33.234421
1810.000000	33.159019
1811.000000	33.239622
1812.000000	33.315224
1813.000000	33.190578
1814.000000	33.250557
1815.000000	33.178936
1816.000000	33.212337
1817.000000	33.175616
1818.000000	33.237964
1819.000000	33.255963
1820.000000	33.157254
1821.000000	33.143782
1822.000000	33.171705
1823.000000	33.192514
1824.000000	33.177583
1825.000000	33.144163
1826.000000	33.147372
1827.000000	33.122585
1828.000000	33.187600
1829.000000	33.164619
1830.000000	33.121463
1831.000000	33.152402
1832.000000	33.191285
1833.000000	33.100206
1834.000000	33.063207
1835.000000	33.094939
1836.000000	33.076598
1837.000000	32.985086
1838.000000	33.060154
1839.000000	33.069235
1840.000000	33.043248
1841.000000	33.009233
1842.000000	33.136098
1843.000000	33.125651
1844.000000	33.048735
1845.000000	33.073667
1846.000000	33.128629
1847.000000	32.974826
1848.000000	33.152420
1849.000000	33.112133
1850.000000	33.016531
1851.000000	33.153177
1852.000000	33.018366
1853.000000	33.080610
1854.000000	32.988784
1855.000000	33.063334
1856.000000	33.083883
1857.000000	33.091513
1858.000000	32.970044
1859.000000	33.179021
1860.000000	33.051104
1861.000000	33.018003
1862.000000	33.041691
1863.000000	32.989920
1864.000000	33.111946
1865.000000	33.085931
1866.000000	32.990884
1867.000000	33.046045
1868.000000	32.981624
1869.000000	33.107540
1870.000000	32.979206
1871.000000	33.038773
1872.000000	33.102746
1873.000000	33.061206
1874.000000	33.051158
1875.000000	33.010811
1876.000000	32.972441
1877.000000	33.042943
1878.000000	32.982217
1879.000000	32.990085
1880.000000	33.032649
1881.000000	32.998177
1882.000000	32.942082
1883.000000	33.060519
1884.000000	33.152801
1885.000000	33.050871
1886.000000	33.030010
1887.000000	33.028572
1888.000000	33.111684
1889.000000	33.028600
1890.000000	33.037469
1891.000000	32.994040
1892.000000	32.951837
1893.000000	33.013566
1894.000000	32.992571
1895.000000	33.094818
1896.000000	33.024793
1897.000000	32.948466
1898.000000	33.029583
1899.000000	33.037834
1900.000000	33.015292
1901.000000	32.996153
1902.000000	32.899361
1903.000000	33.012980
1904.000000	32.925985
1905.000000	32.989780
1906.000000	33.010785
1907.000000	33.035629
1908.000000	33.096261
1909.000000	33.055300
1910.000000	33.029787
1911.000000	33.010132
1912.000000	32.973071
1913.000000	33.086480
1914.000000	33.030469
1915.000000	33.045109
1916.000000	33.034406
1917.000000	32.984018
1918.000000	33.105998
1919.000000	33.017661
1920.000000	33.025413
1921.000000	32.945164
1922.000000	33.041103
1923.000000	33.037319
1924.000000	33.041053
1925.000000	33.055673
1926.000000	33.050036
1927.000000	33.010793
1928.000000	33.125910
1929.000000	32.998094
1930.000000	33.011532
1931.000000	33.021056
1932.000000	33.078166
1933.000000	33.094292
1934.000000	33.149637
1935.000000	33.062790
1936.000000	33.111332
1937.000000	32.996852
1938.000000	33.099480
1939.000000	33.015857
1940.000000	33.028621
1941.000000	33.070145
1942.000000	33.000450
1943.000000	32.944845
1944.000000	33.109064
1945.000000	33.003420
1946.000000	33.014810
1947.000000	33.124479
1948.000000	33.035336
1949.000000	33.100504
1950.000000	33.030176
1951.000000	33.052024
1952.000000	33.013483
1953.000000	32.941652
1954.000000	32.978413
1955.000000	32.972545
1956.000000	33.042676
1957.000000	33.100722
1958.000000	32.969793
1959.000000	33.020913
1960.000000	33.045773
1961.000000	33.080841
1962.000000	32.977910
1963.000000	32.937428
1964.000000	32.880849
1965.000000	33.116559
1966.000000	32.936204
1967.000000	32.976028
1968.000000	32.977697
1969.000000	32.966234
1970.000000	32.906377
1971.000000	32.902093
1972.000000	32.833548
1973.000000	32.970845
1974.000000	32.816853
1975.000000	32.912778
1976.000000	32.875173
1977.000000	32.881261
1978.000000	32.836231
1979.000000	32.912252
1980.000000	32.936814
1981.000000	32.932991
1982.000000	32.918915
1983.000000	32.917690
1984.000000	32.928593
1985.000000	32.872299
1986.000000	32.925343
1987.000000	32.868240
1988.000000	32.983508
1989.000000	32.829868
1990.000000	32.892509
1991.000000	32.821541
1992.000000	32.873242
1993.000000	32.881131
1994.000000	32.779237
1995.000000	32.834787
1996.000000	32.740880
1997.000000	32.837252
1998.000000	32.904560
1999.000000	32.814028
2000.000000	32.818804
2001.000000	32.684835
2002.000000	32.779792
2003.000000	32.752641
2004.000000	32.805454
2005.000000	32.860061
2006.000000	32.806037
2007.000000	32.878086
2008.000000	32.840491
2009.000000	32.832628
2010.000000	32.757047
2011.000000	32.778991
2012.000000	32.760059
2013.000000	32.757161
2014.000000	32.733185
2015.000000	32.716832
2016.000000	32.681437
2017.000000	32.716772
2018.000000	32.728062
2019.000000	32.655868
2020.000000	32.831869
2021.000000	32.694888
2022.000000	32.784267
2023.000000	32.673963
2024.000000	32.739066
2025.000000	32.775878
2026.000000	32.612670
2027.000000	32.705066
2028.000000	32.686424
2029.000000	32.615295
2030.000000	32.670653
2031.000000	32.595409
2032.000000	32.590638
2033.000000	32.631511
2034.000000	32.638537
2035.000000	32.621443
2036.000000	32.551501
2037.000000	32.603939
2038.000000	32.543016
2039.000000	32.616920
2040.000000	32.542936
2041.000000	32.660445
2042.000000	32.580704
2043.000000	32.555189
2044.000000	32.637345
2045.000000	32.535013
2046.000000	32.552608
2047.000000	32.580481
2048.000000	32.494414
2049.000000	32.535101
2050.000000	32.554137
2051.000000	32.454785
2052.000000	32.585061
2053.000000	32.632027
2054.000000	32.488694
2055.000000	32.519284
2056.000000	32.513059
2057.000000	32.477136
2058.000000	32.559211
2059.000000	32.451740
2060.000000	32.525514
2061.000000	32.492600
2062.000000	32.456402
2063.000000	32.472976
2064.000000	32.498724
2065.000000	32.498957
2066.000000	32.581870
2067.000000	32.418680
2068.000000	32.515884
2069.000000	32.504739
2070.000000	32.421938
2071.000000	32.483519
2072.000000	32.472198
2073.000000	32.561479
2074.000000	32.527030
2075.000000	32.488140
2076.000000	32.562700
2077.000000	32.465053
2078.000000	32.444745
2079.000000	32.600624
2080.000000	32.482591
2081.000000	32.539416
2082.000000	32.473567
2083.000000	32.321977
2084.000000	32.470325
2085.000000	32.543669
2086.000000	32.470558
2087.000000	32.424333
2088.000000	32.387922
2089.000000	32.414808
2090.000000	32.441013
2091.000000	32.529205
2092.000000	32.446009
2093.000000	32.418017
2094.000000	32.511931
2095.000000	32.340116
2096.000000	32.446186
2097.000000	32.362868
2098.000000	32.443879
2099.000000	32.516555
2100.000000	32.421806
2101.000000	32.463420
2102.000000	32.401303
2103.000000	32.465761
2104.000000	32.402705
2105.000000	32.469881
2106.000000	32.455327
2107.000000	32.414217
2108.000000	32.385603
2109.000000	32.476387
2110.000000	32.368765
2111.000000	32.456091
2112.000000	32.418273
2113.000000	32.468490
2114.000000	32.492649
2115.000000	32.292175
2116.000000	32.386950
2117.000000	32.365665
2118.000000	32.418631
2119.000000	32.402811
2120.000000	32.512797
2121.000000	32.460121
2122.000000	32.396174
2123.000000	32.444118
2124.000000	32.372126
2125.000000	32.455435
2126.000000	32.448158
2127.000000	32.477011
2128.000000	32.471185
2129.000000	32.361212
2130.000000	32.418501
2131.000000	32.405890
2132.000000	32.445442
2133.000000	32.462594
2134.000000	32.440956
2135.000000	32.336498
2136.000000	32.399533
2137.000000	32.462982
2138.000000	32.402710
2139.000000	32.472035
2140.000000	32.483208
2141.000000	32.495889
2142.000000	32.455433
2143.000000	32.453448
2144.000000	32.488233
2145.000000	32.401954
2146.000000	32.472144
2147.000000	32.449936
2148.000000	32.552444
2149.000000	32.525856
2150.000000	32.465367
2151.000000	32.574842
2152.000000	32.556513
2153.000000	32.425572
2154.000000	32.489775
2155.000000	32.492375
2156.000000	32.583099
2157.000000	32.594611
2158.000000	32.608655
2159.000000	32.544296
2160.000000	32.541956
2161.000000	32.549389
2162.000000	32.643503
2163.000000	32.416420
2164.000000	32.679066
2165.000000	32.717177
2166.000000	32.697415
2167.000000	32.555420
2168.000000	32.608324
2169.000000	32.674790
2170.000000	32.660118
2171.000000	32.706019
2172.000000	32.681412
2173.000000	32.711633
2174.000000	32.820670
2175.000000	32.783656
2176.000000	32.619732
2177.000000	32.721857
2178.000000	32.785343
2179.000000	32.639032
2180.000000	32.733802
2181.000000	32.869619
2182.000000	32.710410
2183.000000	32.752022
2184.000000	32.845918
2185.000000	32.829588
2186.000000	32.890179
2187.000000	32.929344
2188.000000	32.846893
2189.000000	32.970547
2190.000000	32.825760
2191.000000	32.909728
2192.000000	32.841455
2193.000000	32.882152
2194.000000	33.005172
2195.000000	32.982116
2196.000000	32.928689
2197.000000	32.930549
2198.000000	32.945542
2199.000000	32.965682
2200.000000	32.902116
2201.000000	33.001380
2202.000000	33.046854
2203.000000	32.867634
2204.000000	32.931511
2205.000000	32.957778
2206.000000	32.911648
2207.000000	32.935572
2208.000000	32.994411
2209.000000	32.915157
2210.000000	32.898286
2211.000000	33.014543
2212.000000	33.015505
2213.000000	32.964972
2214.000000	32.881883
2215.000000	33.016959
2216.000000	33.005472
2217.000000	32.950684
2218.000000	32.980421
2219.000000	32.973880
2220.000000	32.933118
2221.000000	32.939613
2222.000000	32.922471
2223.000000	32.905278
2224.000000	33.007413
2225.000000	32.894035
2226.000000	33.018752
2227.000000	32.916383
2228.000000	32.932664
2229.000000	32.902616
2230.000000	32.964366
2231.000000	32.961209
2232.000000	32.906421
2233.000000	33.027310
2234.000000	33.016062
2235.000000	33.032172
2236.000000	32.970692
2237.000000	33.018218
2238.000000	32.970394
2239.000000	32.999174
2240.000000	33.021512
2241.000000	32.997430
2242.000000	33.050689
2243.000000	32.985744
2244.000000	32.840901
2245.000000	33.003326
2246.000000	32.967100
2247.000000	32.943293
2248.000000	32.969544
2249.000000	32.958304
2250.000000	32.910477
2251.000000	33.103961
2252.000000	32.968533
2253.000000	33.044884
2254.000000	33.088691
2255.000000	33.077720
2256.000000	33.173488
2257.000000	32.930985
2258.000000	33.016899
2259.000000	33.123401
2260.000000	33.104518
2261.000000	33.018322
2262.000000	33.133252
2263.000000	33.142538
2264.000000	32.984754
2265.000000	33.087634
2266.000000	33.108657
2267.000000	32.998625
2268.000000	33.084332
2269.000000	33.061429
2270.000000	33.107066
2271.000000	33.063394
2272.000000	33.066390
2273.000000	33.078783
2274.000000	33.100252
2275.000000	33.220003
2276.000000	33.267330
2277.000000	33.052037
2278.000000	33.086229
2279.000000	33.006760
2280.000000	33.142852
2281.000000	33.173861
2282.000000	33.156678
2283.000000	33.117114
2284.000000	33.183894
2285.000000	33.126802
2286.000000	33.197269
2287.000000	33.131246
2288.000000	33.223570
2289.000000	33.152830
2290.000000	33.132604
2291.000000	33.071822
2292.000000	33.220195
2293.000000	33.204977
2294.000000	33.201030
2295.000000	33.215701
2296.000000	33.230831
2297.000000	33.154672
2298.000000	33.124684
2299.000000	33.075512
2300.000000	33.195294
2301.000000	33.222043
2302.000000	33.172926
2303.000000	33.183202
2304.000000	33.204552
2305.000000	33.136640
2306.000000	33.134157
2307.000000	33.178430
2308.000000	33.118205
2309.000000	33.195603
2310.000000	33.170616
2311.000000	33.111842
2312.000000	33.207366
2313.000000	33.147652
2314.000000	33.300060
2315.000000	33.211588
2316.000000	33.159089
2317.000000	33.240439
2318.000000	33.154154
2319.000000	33.177262
2320.000000	33.168945
2321.000000	33.094141
2322.000000	33.190326
2323.000000	33.164355
2324.000000	33.198747
2325.000000	33.051832
2326.000000	33.290458
2327.000000	33.146908
2328.000000	33.186327
2329.000000	33.180257
2330.000000	33.138376
2331.000000	33.203256
2332.000000	33.132565
2333.000000	33.170629
2334.000000	33.261395
2335.000000	33.262660
2336.000000	33.119265
2337.000000	33.234678
2338.000000	33.128116
2339.000000	33.177207
2340.000000	33.152034
2341.000000	33.154475
2342.000000	33.255942
2343.000000	33.114126
2344.000000	33.155769
2345.000000	33.205140
2346.000000	33.240304
2347.000000	33.178573
2348.000000	33.229681
2349.000000	33.170409
2350.000000	33.234750
2351.000000	33.147867
2352.000000	33.191516
2353.000000	33.320081
2354.000000	33.271036
2355.000000	33.191254
2356.000000	33.228673
2357.000000	33.226027
2358.000000	33.140600
2359.000000	33.197376
2360.000000	33.132718
2361.000000	33.197694
2362.000000	33.226156
2363.000000	33.247838
2364.000000	33.243699
2365.000000	33.305303
2366.000000	33.147882
2367.000000	33.193799
2368.000000	33.250811
2369.000000	33.185101
2370.000000	33.222813
2371.000000	33.140022
2372.000000	33.235608
2373.000000	33.331824
2374.000000	33.244580
2375.000000	33.278130
2376.000000	33.185980
2377.000000	33.257321
2378.000000	33.187841
2379.000000	33.191334
2380.000000	33.193791
2381.000000	33.248227
2382.000000	33.297508
2383.000000	33.210471
2384.000000	33.209002
2385.000000	33.245384
2386.000000	33.263958
2387.000000	33.218674
2388.000000	33.182468
2389.000000	33.291223
2390.000000	33.185480
2391.000000	33.223634
2392.000000	33.339656
2393.000000	33.284925
2394.000000	33.289618
2395.000000	33.305075
2396.000000	33.338161
2397.000000	33.282764
2398.000000	33.252410
2399.000000	33.177285
2400.000000	33.294885
2401.000000	33.200543
2402.000000	33.140900
2403.000000	33.357217
2404.000000	33.236891
2405.000000	33.247004
2406.000000	33.225057
2407.000000	33.238454
2408.000000	33.188172
2409.000000	33.204124
2410.000000	33.203430
2411.000000	33.252638
2412.000000	33.333223
2413.000000	33.233312
2414.000000	33.292373
2415.000000	33.324318
2416.000000	33.400892
2417.000000	33.267270
2418.000000	33.239687
2419.000000	33.193320
2420.000000	33.349927
2421.000000	33.214729
2422.000000	33.154898
2423.000000	33.222787
2424.000000	33.229502
2425.000000	33.283344
2426.000000	33.234724
2427.000000	33.155753
2428.000000	33.198718
2429.000000	33.179812
2430.000000	33.224451
2431.000000	33.175966
2432.000000	33.256699
2433.000000	33.335574
2434.000000	33.262473
2435.000000	33.281452
2436.000000	33.298212
2437.000000	33.201141
2438.000000	33.257829
2439.000000	33.163971
2440.000000	33.192309
2441.000000	33.165824
2442.000000	33.263098
2443.000000	33.152234
2444.000000	33.195740
2445.000000	33.212939
2446.000000	33.195287
2447.000000	33.222538
2448.000000	33.241968
2449.000000	33.134647
2450.000000	33.170676
2451.000000	33.337992
2452.000000	33.332078
2453.000000	33.262587
2454.000000	33.305194
2455.000000	33.236466
2456.000000	33.294312
2457.000000	33.217611
2458.000000	33.238454
2459.000000	33.229344
2460.000000	33.214097
2461.000000	33.142300
2462.000000	33.254159
2463.000000	33.127981
2464.000000	33.218236
2465.000000	33.154794
2466.000000	33.296676
2467.000000	33.096741
2468.000000	33.326327
2469.000000	33.123088
2470.000000	33.282818
2471.000000	33.260986
2472.000000	33.313991
2473.000000	33.219959
2474.000000	33.311702
2475.000000	33.294042
2476.000000	33.335328
2477.000000	33.377585
2478.000000	33.210694
2479.000000	33.248175
2480.000000	33.341004
2481.000000	33.187729
2482.000000	33.288753
2483.000000	33.232565
2484.000000	33.308771
2485.000000	33.218617
2486.000000	33.266231
2487.000000	33.288512
2488.000000	33.302118
2489.000000	33.207169
2490.000000	33.319099
2491.000000	33.321278
2492.000000	33.411272
2493.000000	33.320001
2494.000000	33.363598
2495.000000	33.305819
2496.000000	33.380949
2497.000000	33.312640
2498.000000	33.257108
2499.000000	33.438103
2500.000000	33.304606
2501.000000	33.254877
2502.000000	33.499345
2503.000000	33.324705
2504.000000	33.361063
2505.000000	33.381048
2506.000000	33.246602
2507.000000	33.325604
2508.000000	33.337121
2509.000000	33.318521
2510.000000	33.373223
2511.000000	33.309512
2512.000000	33.379132
2513.000000	33.397837
2514.000000	33.392150
2515.000000	33.377782
2516.000000	33.413768
2517.000000	33.339063
2518.000000	33.310367
2519.000000	33.215732
2520.000000	33.358770
2521.000000	33.387628
2522.000000	33.253830
2523.000000	33.366682
2524.000000	33.300418
2525.000000	33.399931
2526.000000	33.322253
2527.000000	33.346612
2528.000000	33.329305
2529.000000	33.431769
2530.000000	33.363779
2531.000000	33.413392
2532.000000	33.460734
2533.000000	33.337064
2534.000000	33.386431
2535.000000	33.420864
2536.000000	33.370461
2537.000000	33.389237
2538.000000	33.460796
2539.000000	33.284171
2540.000000	33.307444
2541.000000	33.321802
2542.000000	33.381146
2543.000000	33.360848
2544.000000	33.456691
2545.000000	33.317023
2546.000000	33.386630
2547.000000	33.363064
2548.000000	33.353615
2549.000000	33.410028
2550.000000	33.595651
2551.000000	33.521371
2552.000000	33.470746
2553.000000	33.519855
2554.000000	33.493322
2555.000000	33.377562
2556.000000	33.336536
2557.000000	33.391723
2558.000000	33.262118
2559.000000	33.394758
2560.000000	33.311277
2561.000000	33.395810
2562.000000	33.337990
2563.000000	33.293716
2564.000000	33.360592
2565.000000	33.384502
2566.000000	33.324707
2567.000000	33.433713
2568.000000	33.479158
2569.000000	33.486316
2570.000000	33.405873
2571.000000	33.376214
2572.000000	33.471375
2573.000000	33.375665
2574.000000	33.429351
2575.000000	33.349826
2576.000000	33.360581
2577.000000	33.393516
2578.000000	33.447674
2579.000000	33.296310
2580.000000	33.301229
2581.000000	33.380216
2582.000000	33.333148
2583.000000	33.355191
2584.000000	33.418378
2585.000000	33.285410
2586.000000	33.398910
2587.000000	33.331772
2588.000000	33.410188
2589.000000	33.469667
2590.000000	33.402035
2591.000000	33.374130
2592.000000	33.461312
2593.000000	33.451756
2594.000000	33.384513
2595.000000	33.354382
2596.000000	33.387151
2597.000000	33.454270
2598.000000	33.369569
2599.000000	33.341587
2600.000000	33.503232
2601.000000	33.445627
2602.000000	33.480628
2603.000000	33.379596
2604.000000	33.457629
2605.000000	33.390139
2606.000000	33.359718
2607.000000	33.412513
2608.000000	33.458757
2609.000000	33.522667
2610.000000	33.475973
2611.000000	33.568465
2612.000000	33.471839
2613.000000	33.350010
2614.000000	33.367553
2615.000000	33.404933
2616.000000	33.488626
2617.000000	33.402667
2618.000000	33.472233
2619.000000	33.468442
2620.000000	33.460946
2621.000000	33.440983
2622.000000	33.508835
2623.000000	33.375776
2624.000000	33.496004
2625.000000	33.470346
2626.000000	33.433832
2627.000000	33.456704
2628.000000	33.572845
2629.000000	33.505409
2630.000000	33.532606
2631.000000	33.625062
2632.000000	33.450186
2633.000000	33.411246
2634.000000	33.535408
2635.000000	33.422268
2636.000000	33.431150
2637.000000	33.461537
2638.000000	33.424430
2639.000000	33.511393
2640.000000	33.443227
2641.000000	33.528708
2642.000000	33.460045
2643.000000	33.482919
2644.000000	33.537702
2645.000000	33.534825
2646.000000	33.505868
2647.000000	33.709548
2648.000000	33.522517
2649.000000	33.513793
2650.000000	33.538165
2651.000000	33.480770
2652.000000	33.529973
2653.000000	33.503813
2654.000000	33.488688
2655.000000	33.496196
2656.000000	33.510582
2657.000000	33.505523
2658.000000	33.496883
2659.000000	33.445967
2660.000000	33.504474
2661.000000	33.554084
2662.000000	33.570774
2663.000000	33.490492
2664.000000	33.526384
2665.000000	33.519511
2666.000000	33.550173
2667.000000	33.602781
2668.000000	33.581392
2669.000000	33.496123
2670.000000	33.509175
2671.000000	33.590142
2672.000000	33.467742
2673.000000	33.540400
2674.000000	33.413190
2675.000000	33.447566
2676.000000	33.520161
2677.000000	33.499679
2678.000000	33.594586
2679.000000	33.589123
2680.000000	33.543665
2681.000000	33.573083
2682.000000	33.502102
2683.000000	33.530048
2684.000000	33.537904
2685.000000	33.564536
2686.000000	33.630766
2687.000000	33.550204
2688.000000	33.681449
2689.000000	33.552119
2690.000000	33.512503
2691.000000	33.642312
2692.000000	33.535094
2693.000000	33.590212
2694.000000	33.550492
2695.000000	33.497518
2696.000000	33.569981
2697.000000	33.527257
2698.000000	33.555032
2699.000000	33.589131
2700.000000	33.595646
2701.000000	33.572093
2702.000000	33.568066
2703.000000	33.606542
2704.000000	33.592124
2705.000000	33.586959
2706.000000	33.627337
2707.000000	33.608599
2708.000000	33.560726
2709.000000	33.576224
2710.000000	33.615506
2711.000000	33.636680
2712.000000	33.615734
2713.000000	33.558603
2714.000000	33.489105
2715.000000	33.538238
2716.000000	33.523499
2717.000000	33.642144
2718.000000	33.591741
2719.000000	33.551609
2720.000000	33.605033
2721.000000	33.650712
2722.000000	33.491590
2723.000000	33.463740
2724.000000	33.618194
2725.000000	33.537956
2726.000000	33.589911
2727.000000	33.567314
2728.000000	33.611033
2729.000000	33.668571
2730.000000	33.627280
2731.000000	33.550419
2732.000000	33.659956
2733.000000	33.576787
2734.000000	33.599529
2735.000000	33.590043
2736.000000	33.605080
2737.000000	33.686744
2738.000000	33.571406
2739.000000	33.593093
2740.000000	33.592816
2741.000000	33.606345
2742.000000	33.582188
2743.000000	33.564067
2744.000000	33.664227
2745.000000	33.616654
2746.000000	33.602571
2747.000000	33.536281
2748.000000	33.664624
2749.000000	33.540928
2750.000000	33.636071
2751.000000	33.531668
2752.000000	33.687503
2753.000000	33.476040
2754.000000	33.559257
2755.000000	33.587729
2756.000000	33.679220
2757.000000	33.595177
2758.000000	33.610162
2759.000000	33.431899
2760.000000	33.613267
2761.000000	33.521524
2762.000000	33.590561
2763.000000	33.604813
2764.000000	33.557041
2765.000000	33.554830
2766.000000	33.492899
2767.000000	33.514527
2768.000000	33.647718
2769.000000	33.643673
2770.000000	33.545282
2771.000000	33.570738
2772.000000	33.579474
2773.000000	33.602203
2774.000000	33.587283
2775.000000	33.567744
2776.000000	33.533270
2777.000000	33.574446
2778.000000	33.540112
2779.000000	33.612770
2780.000000	33.545137
2781.000000	33.465184
2782.000000	33.545145
2783.000000	33.635965
2784.000000	33.593161
2785.000000	33.515880
2786.000000	33.523134
2787.000000	33.542079
2788.000000	33.461177
2789.000000	33.559744
2790.000000	33.535037
2791.000000	33.481869
2792.000000	33.460511
2793.000000	33.473731
2794.000000	33.431137
2795.000000	33.528369
2796.000000	33.507856
2797.000000	33.453972
2798.000000	33.459995
2799.000000	33.520488
2800.000000	33.496789
2801.000000	33.509419
2802.000000	33.547029
2803.000000	33.451868
2804.000000	33.411313
2805.000000	33.440363
2806.000000	33.560959
2807.000000	33.443663
2808.000000	33.535123
2809.000000	33.452130
2810.000000	33.417002
2811.000000	33.493335
2812.000000	33.542499
2813.000000	33.501234
2814.000000	33.466221
2815.000000	33.501478
2816.000000	33.403624
2817.000000	33.365798
2818.000000	33.448561
2819.000000	33.595009
2820.000000	33.474086
2821.000000	33.344272
2822.000000	33.468556
2823.000000	33.532720
2824.000000	33.479366
2825.000000	33.416015
2826.000000	33.512202
2827.000000	33.409344
2828.000000	33.448405
2829.000000	33.330865
2830.000000	33.454993
2831.000000	33.378396
2832.000000	33.452809
2833.000000	33.430233
2834.000000	33.429543
2835.000000	33.501509
2836.000000	33.492142
2837.000000	33.406000
2838.000000	33.420296
2839.000000	33.359674
2840.000000	33.507454
2841.000000	33.502390
2842.000000	33.512715
2843.000000	33.400410
2844.000000	33.472936
2845.000000	33.429706
2846.000000	33.427322
2847.000000	33.396530
2848.000000	33.415605
2849.000000	33.412964
2850.000000	33.502053
2851.000000	33.466775
2852.000000	33.413236
2853.000000	33.426081
2854.000000	33.487731
2855.000000	33.407231
2856.000000	33.513140
2857.000000	33.446477
2858.000000	33.393065
2859.000000	33.378324
2860.000000	33.458725
2861.000000	33.453244
2862.000000	33.317611
2863.000000	33.420926
2864.000000	33.472868
2865.000000	33.376676
2866.000000	33.495639
2867.000000	33.365733
2868.000000	33.333921
2869.000000	33.446596
2870.000000	33.518891
2871.000000	33.488071
2872.000000	33.470829
2873.000000	33.524655
2874.000000	33.389445
2875.000000	33.434579
2876.000000	33.383997
2877.000000	33.458228
2878.000000	33.453438
2879.000000	33.476582
2880.000000	33.416212
2881.000000	33.464041
2882.000000	33.380133
2883.000000	33.468058
2884.000000	33.403352
2885.000000	33.502242
2886.000000	33.512355
2887.000000	33.557844
2888.000000	33.462336
2889.000000	33.433555
2890.000000	33.532635
2891.000000	33.415442
2892.000000	33.399428
2893.000000	33.478679
2894.000000	33.440467
2895.000000	33.396282
2896.000000	33.454965
2897.000000	33.490717
2898.000000	33.397204
2899.000000	33.452156
2900.000000	33.522520
2901.000000	33.470948
2902.000000	33.583071
2903.000000	33.385373
2904.000000	33.419892
2905.000000	33.428675
2906.000000	33.606257
2907.000000	33.412363
2908.000000	33.441120
2909.000000	33.459822
2910.000000	33.529030
2911.000000	33.455136
2912.000000	33.518482
2913.000000	33.397982
2914.000000	33.482227
2915.000000	33.365995
2916.000000	33.414291
2917.000000	33.424689
2918.000000	33.427211
2919.000000	33.482336
2920.000000	33.455483
2921.000000	33.467708
2922.000000	33.473335
2923.000000	33.503766
2924.000000	33.523219
2925.000000	33.470722
2926.000000	33.446845
2927.000000	33.356017
2928.000000	33.432987
2929.000000	33.505697
2930.000000	33.388374
2931.000000	33.421273
2932.000000	33.434833
2933.000000	33.543440
2934.000000	33.389175
2935.000000	33.477671
2936.000000	33.466164
2937.000000	33.500374
2938.000000	33.534478
2939.000000	33.421644
2940.000000	33.529491
2941.000000	33.486039
2942.000000	33.539272
2943.000000	33.454802
2944.000000	33.486189
2945.000000	33.418295
2946.000000	33.355305
2947.000000	33.461716
2948.000000	33.499827
2949.000000	33.437409
2950.000000	33.465658
2951.000000	33.448219
2952.000000	33.376095
2953.000000	33.478873
2954.000000	33.596481
2955.000000	33.520174
2956.000000	33.569535
2957.000000	33.475442
2958.000000	33.507413
2959.000000	33.516331
2960.000000	33.486195
2961.000000	33.548234
2962.000000	33.561255
2963.000000	33.521462
2964.000000	33.538197
2965.000000	33.557818
2966.000000	33.454999
2967.000000	33.535431
2968.000000	33.488115
2969.000000	33.550598
2970.000000	33.500871
2971.000000	33.472829
2972.000000	33.528574
2973.000000	33.494252
2974.000000	33.511647
2975.000000	33.396004
2976.000000	33.601397
2977.000000	33.479583
2978.000000	33.543885
2979.000000	33.532399
2980.000000	33.488315
2981.000000	33.511178
2982.000000	33.406576
2983.000000	33.541019
2984.000000	33.506710
2985.000000	33.520734
2986.000000	33.458801
2987.000000	33.471899
2988.000000	33.499075
2989.000000	33.573938
2990.000000	33.457681
2991.000000	33.551310
2992.000000	33.521833
2993.000000	33.430054
2994.000000	33.488491
2995.000000	33.492938
2996.000000	33.446988
2997.000000	33.498756
2998.000000	33.598653
2999.000000	33.467078
3000.000000	33.556369
3001.000000	33.530492
3002.000000	33.459498
3003.000000	33.487286
3004.000000	33.627941
3005.000000	33.410147
3006.000000	33.546275
3007.000000	33.503852
3008.000000	33.461410
3009.000000	33.483406
3010.000000	33.526638
3011.000000	33.563567
3012.000000	33.528086
3013.000000	33.587933
3014.000000	33.499005
3015.000000	33.450131
3016.000000	33.482312
3017.000000	33.575900
3018.000000	33.427216
3019.000000	33.570953
3020.000000	33.511360
3021.000000	33.384653
3022.000000	33.595628
3023.000000	33.583898
3024.000000	33.586417
3025.000000	33.527848
3026.000000	33.515574
3027.000000	33.467672
3028.000000	33.559016
3029.000000	33.594306
3030.000000	33.430937
3031.000000	33.515996
3032.000000	33.604756
3033.000000	33.493892
3034.000000	33.590219
3035.000000	33.487395
3036.000000	33.531471
3037.000000	33.496245
3038.000000	33.639228
3039.000000	33.484352
3040.000000	33.511653
3041.000000	33.473021
3042.000000	33.542100
3043.000000	33.514159
3044.000000	33.594807
3045.000000	33.544611
3046.000000	33.481522
3047.000000	33.448986
3048.000000	33.464632
3049.000000	33.547195
3050.000000	33.388333
3051.000000	33.509527
3052.000000	33.595898
3053.000000	33.560317
3054.000000	33.488942
3055.000000	33.549771
3056.000000	33.462553
3057.000000	33.497512
3058.000000	33.513583
3059.000000	33.478780
3060.000000	33.550997
3061.000000	33.478891
3062.000000	33.482553
3063.000000	33.512951
3064.000000	33.487312
3065.000000	33.500545
3066.000000	33.508576
3067.000000	33.528638
3068.000000	33.356339
3069.000000	33.532741
3070.000000	33.502087
3071.000000	33.532676
3072.000000	33.622455
3073.000000	33.495569
3074.000000	33.477347
3075.000000	33.492980
3076.000000	33.512207
3077.000000	33.516292
3078.000000	33.554869
3079.000000	33.545741
3080.000000	33.409406
3081.000000	33.481524
3082.000000	33.511160
3083.000000	33.523103
3084.000000	33.413353
3085.000000	33.451619
3086.000000	33.457157
3087.000000	33.390888
3088.000000	33.609504
3089.000000	33.520397
3090.000000	33.516087
3091.000000	33.533866
3092.000000	33.512860
3093.000000	33.540858
3094.000000	33.494558
3095.000000	33.482512
3096.000000	33.487542
3097.000000	33.507700
3098.000000	33.538093
3099.000000	33.483170
3100.000000	33.492707
3101.000000	33.440623
3102.000000	33.399161
3103.000000	33.393433
3104.000000	33.617009
3105.000000	33.461219
3106.000000	33.442963
3107.000000	33.531453
3108.000000	33.512321
3109.000000	33.461859
3110.000000	33.465041
3111.000000	33.483792
3112.000000	33.543139
3113.000000	33.555206
3114.000000	33.518215
3115.000000	33.448919
3116.000000	33.457691
3117.000000	33.479244
3118.000000	33.377932
3119.000000	33.476349
3120.000000	33.482286
3121.000000	33.470116
3122.000000	33.575659
3123.000000	33.454117
3124.000000	33.503064
3125.000000	33.428895
3126.000000	33.523891
3127.000000	33.414874
3128.000000	33.441960
3129.000000	33.415665
3130.000000	33.482289
3131.000000	33.501125
3132.000000	33.538785
3133.000000	33.469727
3134.000000	33.372866
3135.000000	33.488701
3136.000000	33.482323
3137.000000	33.467003
3138.000000	33.415491
3139.000000	33.448105
3140.000000	33.489100
3141.000000	33.515138
3142.000000	33.406526
3143.000000	33.441784
3144.000000	33.425212
3145.000000	33.527957
3146.000000	33.547019
3147.000000	33.500602
3148.000000	33.482592
3149.000000	33.526708
3150.000000	33.436590
3151.000000	33.436393
3152.000000	33.431059
3153.000000	33.468353
3154.000000	33.366464
3155.000000	33.390917
3156.000000	33.494827
3157.000000	33.486793
3158.000000	33.494750
3159.000000	33.417818
3160.000000	33.525002
3161.000000	33.434156
3162.000000	33.499166
3163.000000	33.476818
3164.000000	33.469792
3165.000000	33.497917
3166.000000	33.488903
3167.000000	33.413441
3168.000000	33.503240
3169.000000	33.572399
3170.000000	33.527768
3171.000000	33.439910
3172.000000	33.352762
3173.000000	33.495548
3174.000000	33.456020
3175.000000	33.431899
3176.000000	33.458329
3177.000000	33.482768
3178.000000	33.472236
3179.000000	33.398886
3180.000000	33.576940
3181.000000	33.417844
3182.000000	33.503839
3183.000000	33.401475
3184.000000	33.532523
3185.000000	33.443502
3186.000000	33.502810
3187.000000	33.473980
3188.000000	33.473195
3189.000000	33.576924
3190.000000	33.469395
3191.000000	33.476743
3192.000000	33.477658
3193.000000	33.445262
3194.000000	33.462336
3195.000000	33.477163
3196.000000	33.484228
3197.000000	33.475123
3198.000000	33.436300
3199.000000	33.476460
3200.000000	33.449287
3201.000000	33.485116
3202.000000	33.371951
3203.000000	33.493410
3204.000000	33.540301
3205.000000	33.533298
3206.000000	33.416865
3207.000000	33.454053
3208.000000	33.527799
3209.000000	33.437479
3210.000000	33.557505
3211.000000	33.507693
3212.000000	33.533368
3213.000000	33.500490
3214.000000	33.509883
3215.000000	33.489069
3216.000000	33.588568
3217.000000	33.418951
3218.000000	33.489191
3219.000000	33.479106
3220.000000	33.547672
3221.000000	33.413241
3222.000000	33.467871
3223.000000	33.513161
3224.000000	33.531103
3225.000000	33.438197
3226.000000	33.434869
3227.000000	33.558891
3228.000000	33.559365
3229.000000	33.471220
3230.000000	33.514065
3231.000000	33.478306
3232.000000	33.563318
3233.000000	33.387084
3234.000000	33.489351
3235.000000	33.493747
3236.000000	33.563841
3237.000000	33.464466
3238.000000	33.530940
3239.000000	33.521524
3240.000000	33.532168
3241.000000	33.552923
3242.000000	33.488325
3243.000000	33.431606
3244.000000	33.600757
3245.000000	33.466565
3246.000000	33.466905
3247.000000	33.516631
3248.000000	33.473280
3249.000000	33.543372
3250.000000	33.477466
3251.000000	33.475346
3252.000000	33.427579
3253.000000	33.427304
3254.000000	33.457616
3255.000000	33.425560
3256.000000	33.459163
3257.000000	33.474978
3258.000000	33.516670
3259.000000	33.460431
3260.000000	33.489940
3261.000000	33.532889
3262.000000	33.385293
3263.000000	33.444228
3264.000000	33.530147
3265.000000	33.379972
3266.000000	33.469382
3267.000000	33.408833
3268.000000	33.454120
3269.000000	33.459547
3270.000000	33.429007
3271.000000	33.422084
3272.000000	33.451282
3273.000000	33.484831
3274.000000	33.335763
3275.000000	33.521631
3276.000000	33.409318
3277.000000	33.552420
3278.000000	33.394771
3279.000000	33.561561
3280.000000	33.456160
3281.000000	33.542636
3282.000000	33.486809
3283.000000	33.471101
3284.000000	33.470279
3285.000000	33.481356
3286.000000	33.496512
3287.000000	33.427483
3288.000000	33.517803
3289.000000	33.534050
3290.000000	33.414035
3291.000000	33.440814
3292.000000	33.487073
3293.000000	33.523183
3294.000000	33.423059
3295.000000	33.468786
3296.000000	33.506215
3297.000000	33.456502
3298.000000	33.428823
3299.000000	33.511381
3300.000000	33.480265
3301.000000	33.474729
3302.000000	33.448258
3303.000000	33.483168
3304.000000	33.432902
3305.000000	33.394265
3306.000000	33.414032
3307.000000	33.455654
3308.000000	33.531515
3309.000000	33.419293
3310.000000	33.490632
3311.000000	33.378347
3312.000000	33.460063
3313.000000	33.444069
3314.000000	33.419485
3315.000000	33.463668
3316.000000	33.442893
3317.000000	33.495315
3318.000000	33.451292
3319.000000	33.443059
3320.000000	33.474001
3321.000000	33.402626
3322.000000	33.511290
3323.000000	33.392959
3324.000000	33.458065
3325.000000	33.408470
3326.000000	33.438852
3327.000000	33.446723
3328.000000	33.434794
3329.000000	33.436595
3330.000000	33.470383
3331.000000	33.485127
3332.000000	33.429025
3333.000000	33.448219
3334.000000	33.488239
3335.000000	33.409966
3336.000000	33.493425
3337.000000	33.422699
3338.000000	33.404756
3339.000000	33.438352
3340.000000	33.478497
3341.000000	33.416834
3342.000000	33.504318
3343.000000	33.361413
3344.000000	33.446656
3345.000000	33.404834
3346.000000	33.401773
3347.000000	33.460991
3348.000000	33.454957
3349.000000	33.393011
3350.000000	33.441633
3351.000000	33.403668
3352.000000	33.488455
3353.000000	33.455867
3354.000000	33.412285
3355.000000	33.451212
3356.000000	33.481255
3357.000000	33.484209
3358.000000	33.355012
3359.000000	33.389603
3360.000000	33.419679
3361.000000	33.514001
3362.000000	33.405490
3363.000000	33.359226
3364.000000	33.394048
3365.000000	33.430611
3366.000000	33.427853
3367.000000	33.506591
3368.000000	33.471381
3369.000000	33.448903
3370.000000	33.485967
3371.000000	33.369512
3372.000000	33.499785
3373.000000	33.410761
3374.000000	33.396839
3375.000000	33.510466
3376.000000	33.404544
3377.000000	33.438023
3378.000000	33.433296
3379.000000	33.479293
3380.000000	33.458274
3381.000000	33.392933
3382.000000	33.432508
3383.000000	33.317780
3384.000000	33.420820
3385.000000	33.447724
3386.000000	33.429154
3387.000000	33.374553
3388.000000	33.401963
3389.000000	33.451697
3390.000000	33.442711
3391.000000	33.299685
3392.000000	33.411344
3393.000000	33.386436
3394.000000	33.405982
3395.000000	33.496872
3396.000000	33.422424
3397.000000	33.432632
3398.000000	33.369398
3399.000000	33.438601
3400.000000	33.391458
3401.000000	33.417010
3402.000000	33.403082
3403.000000	33.432086
3404.000000	33.385505
3405.000000	33.416152
3406.000000	33.338575
3407.000000	33.516725
3408.000000	33.394302
3409.000000	33.472536
3410.000000	33.505803
3411.000000	33.434003
3412.000000	33.402499
3413.000000	33.412386
3414.000000	33.343429
3415.000000	33.439658
3416.000000	33.435014
3417.000000	33.374623
3418.000000	33.358777
3419.000000	33.368885
3420.000000	33.355740
3421.000000	33.522450
3422.000000	33.327988
3423.000000	33.438852
3424.000000	33.373413
3425.000000	33.421260
3426.000000	33.414260
3427.000000	33.468999
3428.000000	33.448931
3429.000000	33.402038
3430.000000	33.401423
3431.000000	33.400091
3432.000000	33.425956
3433.000000	33.413913
3434.000000	33.379275
3435.000000	33.373039
3436.000000	33.491339
3437.000000	33.438806
3438.000000	33.467006
3439.000000	33.374667
3440.000000	33.498373
3441.000000	33.331461
3442.000000	33.340716
3443.000000	33.265529
3444.000000	33.420874
3445.000000	33.375343
3446.000000	33.358855
3447.000000	33.454815
3448.000000	33.314778
3449.000000	33.421613
3450.000000	33.352718
3451.000000	33.386425
3452.000000	33.406532
3453.000000	33.517691
3454.000000	33.430766
3455.000000	33.403533
3456.000000	33.394136
3457.000000	33.433993
3458.000000	33.352982
3459.000000	33.410899
3460.000000	33.384217
3461.000000	33.455543
3462.000000	33.407524
3463.000000	33.472806
3464.000000	33.414099
3465.000000	33.347742
3466.000000	33.425508
3467.000000	33.396751
3468.000000	33.448996
3469.000000	33.398982
3470.000000	33.447133
3471.000000	33.377010
3472.000000	33.459508
3473.000000	33.374550
3474.000000	33.353260
3475.000000	33.323655
3476.000000	33.489496
3477.000000	33.463274
3478.000000	33.432972
3479.000000	33.348947
3480.000000	33.384523
3481.000000	33.354887
3482.000000	33.350243
3483.000000	33.412052
3484.000000	33.470725
3485.000000	33.368304
3486.000000	33.418655
3487.000000	33.436600
3488.000000	33.394524
3489.000000	33.444277
3490.000000	33.434887
3491.000000	33.412410
3492.000000	33.314092
3493.000000	33.401714
3494.000000	33.507195
3495.000000	33.457523
3496.000000	33.463295
3497.000000	33.451832
3498.000000	33.480635
3499.000000	33.385557
3500.000000	33.461260
3501.000000	33.449572
3502.000000	33.426653
3503.000000	33.419057
3504.000000	33.352166
3505.000000	33.426358
3506.000000	33.361141
3507.000000	33.378404
3508.000000	33.277850
3509.000000	33.459804
3510.000000	33.405648
3511.000000	33.386633
3512.000000	33.431637
3513.000000	33.477209
3514.000000	33.355387
3515.000000	33.251751
3516.000000	33.467586
3517.000000	33.316035
3518.000000	33.359306
3519.000000	33.390476
3520.000000	33.428216
3521.000000	33.383637
3522.000000	33.409950


