0.0	-0.001696569026575905
1.0	-0.0005007449165262661
2.0	-0.000549756510565827
3.0	-0.00016457093941692547
4.0	-0.0006215471063333576
5.0	-0.0015440966763022696
6.0	0.0012173796589428553
7.0	0.0009847399187180497
8.0	-0.0005942857849108704
9.0	-0.0005064029266326006
10.0	0.0013669862638379222
11.0	0.002637246273081252
12.0	-0.00043725763429191487
13.0	0.0011915144698842512
14.0	0.0007132289142548772
15.0	0.00027785605865425565
16.0	0.0008523277860947365
17.0	-0.000848675797753092
18.0	-6.118366383365364e-05
19.0	-0.0017161883603220953
20.0	-0.0033465035581634072
21.0	-0.0011861724265755129
22.0	-0.00031388362170878145
23.0	-0.0028189124858912615
24.0	-0.003162581489375636
25.0	-0.0007995172424119257
26.0	-0.0015641568939525918
27.0	-0.0005588681112571517
28.0	-0.0026930401311835734
29.0	-0.003552837225425477
30.0	-0.0037667393997126986
31.0	-0.004061176367205104
32.0	-0.003985858700202465
33.0	-0.0028076699463290534
34.0	-0.0026152976027064975
35.0	-0.0042896277103379185
36.0	-0.0037107471438533805
37.0	-0.0025616567276704715
38.0	-0.003684367590239842
39.0	-0.0037618896767645095
40.0	-0.004074329403686472
41.0	-0.0021620689489775823
42.0	-0.002933321859084676
43.0	-0.0031566295566660906
44.0	-0.0019300905346093166
45.0	-0.0035068383380657477
46.0	-0.0036189698110863306
47.0	-0.0031362754164125576
48.0	-0.004243775784279795
49.0	-0.0030445715642963105
50.0	-0.002615444564008103
51.0	-0.004519989550389893
52.0	-0.004511980159459925
53.0	-0.004414324374634132
54.0	-0.004332173007112999
55.0	-0.00484543535249196
56.0	-0.0036659239469054687
57.0	-0.003076756089317789
58.0	-0.004047729408120867
59.0	-0.005682526925657039
60.0	-0.003904368658538214
61.0	-0.004039720017190556
62.0	-0.0029951190863522757
63.0	-0.0032976389254251097
64.0	-0.005631090470143041
65.0	-0.0033368041122666873
66.0	-0.0023796451558018602
67.0	-0.003193590323985298
68.0	-0.0037334526649302055
69.0	-0.002379424713849452
70.0	-0.002774677134149429
71.0	-0.0026539484249927985
72.0	-0.004868581757473259
73.0	-0.0033695030018434428
74.0	-0.0026571080929745777
75.0	-0.004353188473223073
76.0	-0.0043698685809398915
77.0	-0.004199981316442094
78.0	-0.004894226504579797
79.0	-0.003553792473884886
80.0	-0.005010178971438357
81.0	-0.004791133151599394
82.0	-0.004558419930724127
83.0	-0.0039864465454082015
84.0	-0.004928909371726173
85.0	-0.00446127851045327
86.0	-0.005820156184482212
87.0	-0.007213937167610281
88.0	-0.008003339798448536
89.0	-0.008096219340976601
90.0	-0.00747604264877926
91.0	-0.006628590303860921
92.0	-0.007971816599283598
93.0	-0.008517189989033577
94.0	-0.008530049102912076
95.0	-0.007879230979358403
96.0	-0.00746443270596338
97.0	-0.00874747834843475
98.0	-0.009329812505503935
99.0	-0.007014731123469574
100.0	-0.010035006310600635
101.0	-0.010106282541812889
102.0	-0.009218709761593563
103.0	-0.009332457808930437
104.0	-0.008516308221224629
105.0	-0.0084085121065973
106.0	-0.008566936389580481
107.0	-0.009503667725141314
108.0	-0.009281168314717703
109.0	-0.007400578020475357
110.0	-0.008624251297153222
111.0	-0.0076388757708064975
112.0	-0.008173006620993926
113.0	-0.0073897028841664785
114.0	-0.006490079277226799
115.0	-0.006803621213910118
116.0	-0.007388674155056267
117.0	-0.006006282672792354
118.0	-0.006517120156696878
119.0	-0.006544675400722234
120.0	-0.006644462124419595
121.0	-0.00429675533345928
122.0	-0.0054722987839061895
123.0	-0.004903338105270779
124.0	-0.005436954590902931
125.0	-0.0052319435753542835
126.0	-0.00343445989709248
127.0	-0.006502130103947153
128.0	-0.005061909349555223
129.0	-0.005480896020042237
130.0	-0.003283530640484333
131.0	-0.005315270633287234
132.0	-0.004060294599396156
133.0	-0.0033325422345238938
134.0	-0.0048358093872460425
135.0	-0.004250756446099552
136.0	-0.005109304369278835
137.0	-0.005398083326664564
138.0	-0.00598813295206085
139.0	-0.004777906634467223
140.0	-0.006206370484741668
141.0	-0.00656253119885087
142.0	-0.005323720908121676
143.0	-0.005929789315377898
144.0	-0.005812808119408784
145.0	-0.00432673543895873
146.0	-0.005582593240658415
147.0	-0.0062547207529250306
148.0	-0.005653208146014129
149.0	-0.0017819535427292777
150.0	-0.003248553850734746
151.0	-0.0024548893421536965
152.0	-0.0010353166506181686
153.0	-0.0006892962663105026
154.0	-0.002742345647826345
155.0	-0.001180367455167573
156.0	-0.0014022055397343023
157.0	-0.0021137186807945615
158.0	-0.000869250379958691
159.0	-0.0007407327218245
160.0	-0.0012411359533249613
161.0	-0.002590681584710513
162.0	-0.0013486381453490792
163.0	-0.0018904109832128043
164.0	-0.0012168138579318455
165.0	9.555056418243325e-05
166.0	-0.0027369080796717346
167.0	-0.00334657703881421
168.0	-0.0032559019158081744
169.0	-0.001315645333169455
170.0	-0.002207186068528363
171.0	-0.0012135072286488028
172.0	-0.0027891528223438775
173.0	-0.0029255329101067736
174.0	-0.00136186466248125
175.0	-0.0014013237719256962
176.0	-0.0036255095890016134
177.0	-0.0021811739181684955
178.0	-0.00320718424437114
179.0	-0.0022570059497264115
180.0	-0.0032417201502162526
181.0	-0.0015833353437943079
182.0	-0.00106823598214699
183.0	-0.004424538185086129
184.0	-0.0036039797583362634
185.0	-0.0035072057413194193
186.0	-0.004387430456465316
187.0	-0.0033816273092145996
188.0	-0.0045629757310694475
189.0	-0.0042065210943573765
190.0	-0.0036919360972653362
191.0	-0.00458362379392585
192.0	-0.004143033812123026
193.0	-0.003934348764037665
194.0	-0.005584797660180443
195.0	-0.0039269272183134335
196.0	-0.0060917406695961875
197.0	-0.007267504561995504
198.0	-0.005514550158078401
199.0	-0.004907526502362428
200.0	-0.006037658910655688
201.0	-0.0052339275529242465
202.0	-0.006791349945237356
203.0	-0.0052352502046373265
204.0	-0.006789292487016933
205.0	-0.007419756470317074
206.0	-0.0074308520485776765
207.0	-0.00875556122001552
208.0	-0.009345831287363871
209.0	-0.0077545343150621894
210.0	-0.007876071311376966
211.0	-0.00879942916850368
212.0	-0.008214082304754663
213.0	-0.009332310847628832
214.0	-0.00859265461733748
215.0	-0.008925081081259303
216.0	-0.00882059159591536
217.0	-0.00794286522289436
218.0	-0.01077730784431849
219.0	-0.010319964274148385
220.0	-0.0101065764644161
221.0	-0.009280800911464031
222.0	-0.009480668281461279
223.0	-0.008557089982382155
224.0	-0.00979141795341649
225.0	-0.00898357167924386
226.0	-0.008323348032396335
227.0	-0.00811613259732566
228.0	-0.009395577687911117
229.0	-0.007034497418517027
230.0	-0.006611395831589167
231.0	-0.003940668100000881
232.0	-0.0058707843528384065
233.0	-0.0036615885885122146
234.0	-0.004504338171783627
235.0	-0.004150896241751731
236.0	-0.004319387373885303
237.0	-0.003408521227383073
238.0	-0.004247008932912035
239.0	-0.0028596207663979857
240.0	-0.004152071932163548
241.0	-0.0036698919020450513
242.0	-0.0031740444708902526
243.0	-0.002930456113706107
244.0	-0.00458105197115015
245.0	-0.004682087865909788
246.0	-0.0031712522061621445
247.0	-0.004827432593062061
248.0	-0.004523957505529475
249.0	-0.00560882583297069
250.0	-0.0030210577560613404
251.0	-0.001157514972789143
252.0	-0.0019734441185425434
253.0	-0.0033434908514832335
254.0	-0.004367958084020731
255.0	-0.002103651831643828
256.0	-0.004843892258826814
257.0	-0.004929056333027778
258.0	-0.0025418169519722156
259.0	-0.003321226214310883
260.0	-0.0036754029508501225
261.0	-0.0037449891270956246
262.0	-0.0028547710434497966
263.0	-0.0030667627208182005
264.0	-0.0028044367976968135
265.0	-0.004852342533661256
266.0	-0.004614632628535853
267.0	-0.003731027803456111
268.0	-0.005558197664614496
269.0	-0.0033172582591713
270.0	-0.005569072800923376
271.0	-0.0026393257754967446
272.0	-0.0034693632061912638
273.0	-0.0018231027071404758
274.0	-0.003968811189231974
275.0	-0.0034022018914201986
276.0	-0.00396124268220648
277.0	-0.002614489315548694
278.0	-0.005310420910338703
279.0	-0.002457093761675725
280.0	-0.004434311111633652
281.0	-0.004530423802794298
282.0	-0.004049492943738422
283.0	-0.0052189375001745215
284.0	-0.006953962625312185
285.0	-0.008474056847052417
286.0	-0.004854032588628008
287.0	-0.0077235989611033305
288.0	-0.006913254344805462
289.0	-0.00805624586697722
290.0	-0.006735578131330105
291.0	-0.007023769243509753
292.0	-0.005760489896086181
293.0	-0.008297188920734862
294.0	-0.0061178997812576606
295.0	-0.007751742050334423
296.0	-0.006149496461073402
297.0	-0.006467961601355712
298.0	-0.005931846773598321
299.0	-0.0060871113886000645
300.0	-0.007120837183129809
301.0	-0.00572250039965642
302.0	-0.004564151421481265
303.0	-0.005847858389809174
304.0	-0.005000112122287624
305.0	-0.005930524121885241
306.0	-0.004477003369710338
307.0	-0.004562608327815776
308.0	-0.004753731500375713
309.0	-0.004892169046359032
310.0	-0.0067410891801351755
311.0	-0.0036042736809394744
312.0	-0.00186256181658458
313.0	-0.0037064117854601264
314.0	-0.003018338971984035
315.0	-0.002376852891073752
316.0	-1.1216821334341804e-05
317.0	-0.0031342914388429372
318.0	-0.0018980529708894434
319.0	-0.002122609839533136
320.0	-0.002509999830204408
321.0	-0.002639766659401219
322.0	-0.002277507051281208
323.0	-0.0020554485247620703
324.0	-0.0038267730913627437
325.0	-0.0035889897055865383
326.0	-0.003303370416182589
327.0	-0.004140021105442851
328.0	-0.004266554786007422
329.0	-0.0025016965166715713
330.0	-0.004857780101815525
331.0	-0.00030337588865391596
332.0	-0.0029035621955372914
333.0	-0.0009777813010930204
334.0	-0.0025452705425568637
335.0	-0.002498463368038989
336.0	-0.002250833575064458
337.0	-0.00010872564485887105
338.0	-0.001518378448545271
339.0	-0.0006176526318445774
340.0	-0.002187566734782515
341.0	-0.0008851222005173643
342.0	-0.0003722272583920752
343.0	-0.0006675459936930865
344.0	-0.001607804400489029
345.0	-0.001133192877396027
346.0	-0.00039728416029219166
347.0	-0.0006701912971195891
348.0	-0.003971089089404805
349.0	-0.0018262623751219129
350.0	-0.0008320691706870759
351.0	5.565057083385493e-05
352.0	-0.0009229647356455197
353.0	-0.0006603448899209217
354.0	-0.0005090482300591032
355.0	0.002119869011261103
356.0	0.0014668464681857432
357.0	-0.001435859677770809
358.0	-0.00018940739936497596
359.0	-0.00032461179671605504
360.0	-0.0012338613689019935
361.0	-0.0005862029133300995
362.0	-0.0006540255539580471
363.0	-0.002520213640656405
364.0	-0.0011002000652164028
365.0	-0.0008182548083491677
366.0	-0.0010076144452912073
367.0	-0.0016433690354443532
368.0	-0.0014174895150872383
369.0	-0.001739114323350986
370.0	-0.0008129642014961624
371.0	0.0022141446861533923
372.0	0.0015063055776298473
373.0	0.000864231651513827
374.0	0.0018961939104260167
375.0	0.0007681924410039833
376.0	0.002319148536052613
377.0	0.00038183117944326484
378.0	0.0018053718261183756
379.0	0.0013974807338926491
380.0	0.002128025363492677
381.0	0.0019014845172790219
382.0	0.0011685150262045576
383.0	0.0017099939414654142
384.0	0.0011024559211945065
385.0	0.0003007085410326858
386.0	0.0005177703833016868
387.0	-0.00020248695519588348
388.0	-0.00017882618565930776
389.0	0.00013655276729236798
390.0	0.0008721675617929925
391.0	0.002866946787276686
392.0	0.0017585646516008432
393.0	-0.0005759156222272999
394.0	0.0018964878330288853
395.0	-0.0003845720077152977
396.0	0.0014015956503334952
397.0	0.002302541908986597
398.0	0.0009509388193802799
399.0	0.00021069474388319022
400.0	0.001640481245870715
401.0	-0.0016782723445431373
402.0	-0.0001391466342627954
403.0	0.00028821683040785787
404.0	-0.002447541277080268
405.0	-0.0020933645405410285
406.0	-0.0004352736567219524
407.0	-0.00132997406006264
408.0	-0.0028654257378062675
409.0	-0.0007694636562613306
410.0	-0.0004749532081184647
411.0	-0.0002498084942686927
412.0	-0.0009059907053258321
413.0	-0.00026876650215800066
414.0	0.0006371029600940925
415.0	0.0012319288277881063
416.0	0.0022494888791566503
417.0	0.002223182806193572
418.0	0.0008757681136792461
419.0	0.0018017712742324642
420.0	0.0035925682132777223
421.0	-0.0009440536824060534
422.0	0.0004556792334312184
423.0	0.0005046908274711214
424.0	0.0003561129516862661
425.0	0.00043569249643135674
426.0	0.0005265880613898006
427.0	0.0008729023683003354
428.0	0.001751657470431889
429.0	0.0004648643147730036
430.0	0.004373373607980273
431.0	0.0034348052561510817
432.0	0.004264916167496404
433.0	0.0032147307072019067
434.0	0.0023804313987649357
435.0	0.0037451140442021605
436.0	0.0037217471972684534
437.0	0.0030282368156384354
438.0	0.003104803653703694
439.0	0.004932193956814488
440.0	0.003858274246332955
441.0	0.004785453097297989
442.0	0.003242212470576802
443.0	0.003483229004985247
444.0	0.004823956958282685
445.0	0.003219506949499635
446.0	0.003066740676623131
447.0	0.00486172601276038
448.0	0.00489038346654675
449.0	0.0056215894220033175
450.0	0.005864589933981725
451.0	0.004825940935852648
452.0	0.004968272956325089
453.0	0.006395781558139782
454.0	0.004747610562169834
455.0	0.005472791104266396
456.0	0.006609022406570806
457.0	0.006232654513509676
458.0	0.005258815449328372
459.0	0.0074053322185780165
460.0	0.006962905220507177
461.0	0.0044467807780637515
462.0	0.003372052780424073
463.0	0.003897072029920519
464.0	0.0037543726061947482
465.0	0.002810807570115763
466.0	0.0065573655091044
467.0	0.004922421030266623
468.0	0.004719834876192413
469.0	0.002979592624852204
470.0	0.005046823771959968
471.0	0.004403941558685802
472.0	0.004092751002826117
473.0	0.004072102939969716
474.0	0.005733647414373098
475.0	0.0056215894220033175
476.0	0.0039516681534162955
477.0	0.0029321241244781313
478.0	0.004683755876681812
479.0	0.005483298837321604
480.0	0.002436791057878267
481.0	0.0017243226683585993
482.0	0.002434586638356239
483.0	0.003446341718316501
484.0	0.003297396439277974
485.0	0.003922863738328321
486.0	0.005483960163178144
487.0	0.006128679392720667
488.0	0.004884064130583533
489.0	0.0043606614554030365
490.0	0.0068670864519493995
491.0	0.0056518634501059786
492.0	0.005526872863206896
493.0	0.006740552771385171
494.0	0.005796546851401712
495.0	0.0044145962530422736
496.0	0.006359923000581589
497.0	0.005253671803776973
498.0	0.005468308784571879
499.0	0.006476904196550361
500.0	0.004116999617568431
501.0	0.0051514602186055174
502.0	0.005791917570405589
503.0	0.006354118029173649
504.0	0.007243821748264201
505.0	0.007291657651892287
506.0	0.006617105278151577
507.0	0.009202742416189359
508.0	0.00761085759868194
509.0	0.008467862428195735
510.0	0.007861500098336645
511.0	0.008103030997300024
512.0	0.0065553815315347805
513.0	0.009185915347171277
514.0	0.008856134186675956
515.0	0.010543249927535074
516.0	0.009890374345760978
517.0	0.010207884237583537
518.0	0.009429356743053818
519.0	0.010363883659092623
520.0	0.010238158265686198
521.0	0.009863186504989293
522.0	0.011404075750887189
523.0	0.011097073592119153
524.0	0.010227209648726858
525.0	0.009374834100209185
526.0	0.011718499455379113
527.0	0.010809323363843635
528.0	0.01182622208935564
529.0	0.010422153815124771
530.0	0.012003677860878931
531.0	0.010387911831882528
532.0	0.01026049638350935
533.0	0.01158219284826702
534.0	0.013016755592552273
535.0	0.011988320404875193
536.0	0.011329566371042352
537.0	0.012665297640090339
538.0	0.012060257961944328
539.0	0.013767580881755373
540.0	0.01224711925676147
541.0	0.010798962592090375
542.0	0.013030422993588918
543.0	0.012323539133525125
544.0	0.014058123374758657
545.0	0.01345389198377045
546.0	0.013436256627594222
547.0	0.014565948151983348
548.0	0.011718866858632784
549.0	0.012547067273058947
550.0	0.013073556135570078
551.0	0.014385920557684357
552.0	0.014503342637557603
553.0	0.013485709105538599
554.0	0.014052097961398308
555.0	0.011620182344696438
556.0	0.01428238632079948
557.0	0.013900580859584424
558.0	0.013321038967243003
559.0	0.014457711153451545
560.0	0.015363507135053179
561.0	0.013910868150687223
562.0	0.014133147119158427
563.0	0.01673722790053058
564.0	0.015257180633440535
565.0	0.014647732116250468
566.0	0.015313613773204669
567.0	0.013998089683108611
568.0	0.01435256034225072
569.0	0.016174439596556785
570.0	0.015243145829150219
571.0	0.01731294879903368
572.0	0.014724886799521464
573.0	0.01692871847634419
574.0	0.01658549035676429
575.0	0.01529054084887383
576.0	0.01417091617363578
577.0	0.015112203309541933
578.0	0.01584590760712374
579.0	0.015532806554344896
580.0	0.01605841364904708
581.0	0.015537435835341019
582.0	0.015802700984491776
583.0	0.016017925810492762
584.0	0.014193989097966275
585.0	0.016073036298543474
586.0	0.015359318737961187
587.0	0.014801821040840393
588.0	0.017430297398256127
589.0	0.015774851817863554
590.0	0.01745292943868249
591.0	0.017230503508909683
592.0	0.01710360242509178
593.0	0.018433087838827012
594.0	0.017842082964971317
595.0	0.018287743111674738
596.0	0.018386133703007873
597.0	0.01911109380315237
598.0	0.020042240609256988
599.0	0.019834510809631375
600.0	0.020150918491692923
601.0	0.021606643663389852
602.0	0.02026576874879081
603.0	0.02252934019466037
604.0	0.021381719391492148
605.0	0.022366066188728658
606.0	0.022249011512109083
607.0	0.023410446677615215
608.0	0.024481794565321048
609.0	0.02354102179396983
610.0	0.02346989252405918
611.0	0.023311394760425198
612.0	0.02541624800070871
613.0	0.025105351367451893
614.0	0.02415928798924801
615.0	0.025550570630251183
616.0	0.025510523675601
617.0	0.02597139431700621
618.0	0.024945310510152766
619.0	0.02586763963816961
620.0	0.02587307720632388
621.0	0.02769040066028394
622.0	0.026008942929531497
623.0	0.026544690354035217
624.0	0.0263702472891921
625.0	0.02629140255095401
626.0	0.02714142671864839
627.0	0.02906720761309232
628.0	0.02745952445567703
629.0	0.028117764124954592
630.0	0.028005191768029878
631.0	0.027725744853287198
632.0	0.029034582204166368
633.0	0.0270522946893075
634.0	0.027528302344764385
635.0	0.02739170181504908
636.0	0.027468636056368012
637.0	0.027627207300652455
638.0	0.028317117130396904
639.0	0.028330784531433208
640.0	0.02802047574338247
641.0	0.027908638192964758
642.0	0.028114824898925223
643.0	0.026219979358440493
644.0	0.027550860904539606
645.0	0.027544982452480864
646.0	0.026685626242143434
647.0	0.027888357533362367
648.0	0.026177287100363808
649.0	0.027183972015423472
650.0	0.027889606704424644
651.0	0.026611484265552612
652.0	0.02971280861044379
653.0	0.027823033234859317
654.0	0.027605824431289054
655.0	0.029194843503417906
656.0	0.028521981184643948
657.0	0.03101936806115013
658.0	0.029594504762761598
659.0	0.02934863850540462
660.0	0.03086167858467429
661.0	0.030659606795155017
662.0	0.031193149800136707
663.0	0.031093730479693018
664.0	0.030264207413553776
665.0	0.030623821718247284
666.0	0.03310460196768745
667.0	0.030465103512661233
668.0	0.029186393228583463
669.0	0.030632639396335398
670.0	0.0285674657074484
671.0	0.029846690356081448
672.0	0.027745217225731783
673.0	0.028450998876034563
674.0	0.030356939994780577
675.0	0.030083665454699506
676.0	0.030439017881650564
677.0	0.02892524299587355
678.0	0.029903490899099255
679.0	0.029866456651129244
680.0	0.029759983188214996
681.0	0.03067327419619166
682.0	0.029376414191382042
683.0	0.03169377347358923
684.0	0.030104827882111187
685.0	0.028971976689740622
686.0	0.0310642647387485
687.0	0.03123745863252934
688.0	0.029295732436875936
689.0	0.030415357112114332
690.0	0.031698035351331685
691.0	0.030466132241771447
692.0	0.030744917830657584
693.0	0.030150826769470916
694.0	0.031220778524812524
695.0	0.02898314574865237
696.0	0.029921052774624677
697.0	0.030523447149344185
698.0	0.030523814552597856
699.0	0.03164270442132891
700.0	0.030191828972580506
701.0	0.030895038800107587
702.0	0.029472012517987412
703.0	0.030292938347990947
704.0	0.030715231647760664
705.0	0.02959207990128716
706.0	0.02989790636964338
707.0	0.030732940484587693
708.0	0.028841695495988875
709.0	0.030090572635868805
710.0	0.029364804248566162
711.0	0.029752561642491106
712.0	0.029328210884500626
713.0	0.030283606305347557
714.0	0.029825234006067243
715.0	0.02997814724024535
716.0	0.030102256059335485
717.0	0.027878658087465306
718.0	0.030638003483839205
719.0	0.029764906391814328
720.0	0.029393682144304597
721.0	0.02720616317194502
722.0	0.02968055060477151
723.0	0.02890775460099893
724.0	0.02796705531029851
725.0	0.029271483822133623
726.0	0.02926597277332855
727.0	0.030574295759652446
728.0	0.029373548446003473
729.0	0.02862904249276393
730.0	0.02789776305665622
731.0	0.026786809098204675
732.0	0.02788071554568573
733.0	0.027036422868748827
734.0	0.02842939556471875
735.0	0.027980943153287564
736.0	0.027523379141165052
737.0	0.026366573256655385
738.0	0.026428370483922645
739.0	0.02647194450980828
740.0	0.027935164707879902
741.0	0.025629268407187326
742.0	0.02657599311124809
743.0	0.027866092896189677
744.0	0.02777629954099259
745.0	0.0284850938979752
746.0	0.027609057579921294
747.0	0.027702084083750963
748.0	0.028423076228755534
749.0	0.02836774529875276
750.0	0.02895323912380338
751.0	0.027166263178596443
752.0	0.027247459297657824
753.0	0.02890878333010914
754.0	0.029033626955706614
755.0	0.02804465087747398
756.0	0.02856335079100721
757.0	0.02841198065049459
758.0	0.028458126499155925
759.0	0.02781010064033036
760.0	0.029859182066706277
761.0	0.028608982275113267
762.0	0.029773577108600836
763.0	0.02946907329195804
764.0	0.030345623974567224
765.0	0.030335042760861554
766.0	0.029486414725531398
767.0	0.029562540679692183
768.0	0.029266634099185094
769.0	0.02988049145541922
770.0	0.03162874309768939
771.0	0.031102033793226198
772.0	0.030944270836099557
773.0	0.03111077799066351
774.0	0.031161259197717756
775.0	0.030779968101057632
776.0	0.030650348233162428
777.0	0.030499272015252675
778.0	0.030381996896680693
779.0	0.030580100731060385
780.0	0.030780262023660503
781.0	0.032607946249374506
782.0	0.03338037484989308
783.0	0.028867193281793466
784.0	0.03180164306886702
785.0	0.02846099224453449
786.0	0.03212929329049146
787.0	0.030652111768779983
788.0	0.030634843815857425
789.0	0.029534250629159486
790.0	0.03124032437790791
791.0	0.03144019174790516
792.0	0.029161042404080136
793.0	0.03221467780664449
794.0	0.030737643246234618
795.0	0.03148413317704447
796.0	0.030020104691814355
797.0	0.03109211390537707
798.0	0.0315979547050318
799.0	0.031179629360401324
800.0	0.031184405602699052
801.0	0.03129918237914614
802.0	0.03287277051462079
803.0	0.03175792208168013
804.0	0.03205147728136358
805.0	0.03195668724191636
806.0	0.03351249305991352
807.0	0.032784299811136786
808.0	0.032926631831608884
809.0	0.031745283409754035
810.0	0.033193954438980405
811.0	0.03356194553785755
812.0	0.03319520361004268
813.0	0.03314802903227148
814.0	0.032911862220811564
815.0	0.03454070780563819
816.0	0.03249162637926193
817.0	0.03495418342732014
818.0	0.03186593863825952
819.0	0.030808625554844003
820.0	0.03310651246460661
821.0	0.03318381410917887
822.0	0.0338906244885922
823.0	0.03253600869230571
824.0	0.03317984615403929
825.0	0.03216294742852763
826.0	0.03294852906552791
827.0	0.033406607442205354
828.0	0.033430635614995596
829.0	0.032983138452023816
830.0	0.03274880865683192
831.0	0.032946912491211615
832.0	0.033585826749346195
833.0	0.03398365099242153
834.0	0.03398842723471926
835.0	0.0331887373127782
836.0	0.03266305673742522
837.0	0.03262242193756895
838.0	0.0333997737416872
839.0	0.03315567101994778
840.0	0.033557771472064415
841.0	0.032458133533825886
842.0	0.034330347033884594
843.0	0.03447738181600396
844.0	0.03312166380995645
845.0	0.032196262825907825
846.0	0.03180769714482474
847.0	0.03437114312634097
848.0	0.032882425142464415
849.0	0.033681821141802605
850.0	0.032214426877937845
851.0	0.03330208747010648
852.0	0.032349190391384446
853.0	0.034041155855192094
854.0	0.031923810904283756
855.0	0.031430696588504774
856.0	0.03207710587301405
857.0	0.0321277340413699
858.0	0.03389376800111791
859.0	0.03321333717531846
860.0	0.03096653364911503
861.0	0.03290267531531257
862.0	0.032609414038231976
863.0	0.0321747025084879
864.0	0.0315759086856543
865.0	0.030382744210329674
866.0	0.030176484023718746
867.0	0.03129493300854498
868.0	0.030000938749114275
869.0	0.030974043006788576
870.0	0.03173414118928278
871.0	0.030939080548337848
872.0	0.030156952501921873
873.0	0.03163156220085765
874.0	0.030451315988763474
875.0	0.029811313852166732
876.0	0.029858635391239542
877.0	0.031060044030745054
878.0	0.030592707092075018
879.0	0.03052392920298766
880.0	0.031375584276296845
881.0	0.03130158926100729
882.0	0.03208276205896351
883.0	0.031514977070739573
884.0	0.03186180574220539
885.0	0.03088540918654724
886.0	0.03187732449080924
887.0	0.03146443671433338
888.0	0.0327723188167528
889.0	0.03100694618286167
890.0	0.03440426492020925
891.0	0.031900485227089055
892.0	0.034091016906128806
893.0	0.03398366167540595
894.0	0.03459751903164042
895.0	0.035799309405698115
896.0	0.035910191707656074
897.0	0.03489373386604889
898.0	0.036660282190351834
899.0	0.03547364316164398
900.0	0.03537365032729307
901.0	0.03489132333587331
902.0	0.03619626621226336
903.0	0.0360932463399341
904.0	0.03564655746412047
905.0	0.03609010100325117
906.0	0.03529577516881358
907.0	0.03593998003380117
908.0	0.03672636995795925
909.0	0.03717151574010774
910.0	0.037498886370427476
911.0	0.03918805956950736
912.0	0.03791405204707617
913.0	0.03699627871940499
914.0	0.03962108104428435
915.0	0.037764239331527893
916.0	0.03654247655176884
917.0	0.038899662346673816
918.0	0.03777305700961601
919.0	0.03912069214408274
920.0	0.03736980952968491
921.0	0.03919426060676633
922.0	0.0407097255475101
923.0	0.03959281965634901
924.0	0.04022247535249101
925.0	0.039109037383213426
926.0	0.04080445643760538
927.0	0.04038348578954874
928.0	0.040151139971926805
929.0	0.041428674565593106
930.0	0.038883319155456425
931.0	0.04014630458027713
932.0	0.040159971981313776
933.0	0.04207509818140123
934.0	0.04092358290374423
935.0	0.041480286645006074
936.0	0.041292764024332046
937.0	0.04196614070766094
938.0	0.04113264968638212
939.0	0.04128446071079921
940.0	0.040779075126347465
941.0	0.043240529964644316
942.0	0.04222554173605181
943.0	0.040645266861360274
944.0	0.04067223426017989
945.0	0.04232166875851097
946.0	0.04166541306680303
947.0	0.042231948883964344
948.0	0.04182846663078233
949.0	0.042963595723325726
950.0	0.042265029508093625
951.0	0.042815766985347066
952.0	0.04209580356945237
953.0	0.04290350288232373
954.0	0.04240956594808775
955.0	0.043627081181402856
956.0	0.041566536773512325
957.0	0.04272202000630891
958.0	0.04214754827886809
959.0	0.042820116675039176
960.0	0.0427174785372621
961.0	0.04313778785946219
962.0	0.04307679891935274
963.0	0.04254031668834168
964.0	0.0438817794481468
965.0	0.04307358010201901
966.0	0.043306366803545084
967.0	0.043561712064846714
968.0	0.041785464294647044
969.0	0.04390846725566206
970.0	0.0423379796388169
971.0	0.042625435944489205
972.0	0.04207366973812555
973.0	0.041301388098908244
974.0	0.04415368651846101
975.0	0.04257585083654242
976.0	0.04220396526317615
977.0	0.04269415468422461
978.0	0.04314863250901615
979.0	0.043741253957188135
980.0	0.04328157333749325
981.0	0.04406201132894213
982.0	0.042423245856266036
983.0	0.043965678195829416
984.0	0.042845980039940224
985.0	0.0421746016654798
986.0	0.04195548236499038
987.0	0.041568974142128054
988.0	0.04210016576628611
989.0	0.043831810781490274
990.0	0.04191287791886301
991.0	0.0438252853348735
992.0	0.044052781429546904
993.0	0.04250983472542859
994.0	0.043198127980856406
995.0	0.0440200233906182
996.0	0.04297637770823899
997.0	0.04294713240924688
998.0	0.04492934644345494
999.0	0.04294654456404114
1000.0	0.0452578927641865
1001.0	0.04464888513090091
1002.0	0.043750290253071436
1003.0	0.045201606585723975
1004.0	0.044518089572593886
1005.0	0.04321367539205762
1006.0	0.04279138209228757
1007.0	0.04587080920326007
1008.0	0.043381431717683855
1009.0	0.04475787126723856
1010.0	0.044124849792461236
1011.0	0.04477860714204428
1012.0	0.044678379534442786
1013.0	0.044879863478755985
1014.0	0.04262033346867681
1015.0	0.04404212491103322
1016.0	0.04333891508350614
1017.0	0.042581476535737295
1018.0	0.044918675593642404
1019.0	0.045375651760559174
1020.0	0.04298401787175841
1021.0	0.045296306989064665
1022.0	0.043744616087509035
1023.0	0.04382603264852248
1024.0	0.043705597861969064
1025.0	0.0425787129336069
1026.0	0.04525406994619131
1027.0	0.0441385601873941
1028.0	0.04283890791785672
1029.0	0.04528346220648502
1030.0	0.042659629461363924
1031.0	0.042866771415783794
1032.0	0.043706287850422965
1033.0	0.04416532147556017
1034.0	0.044556018095514134
1035.0	0.04332368843334828
1036.0	0.045234185352439615
1037.0	0.04350033591771342
1038.0	0.043744806042706516
1039.0	0.04516504006009858
1040.0	0.04224632946358095
1041.0	0.04416233743147736
1042.0	0.0448314522370638
1043.0	0.04288737466058676
1044.0	0.04343392374074855
1045.0	0.04364357836859218
1046.0	0.04365827449873903
1047.0	0.043215920981318656
1048.0	0.04295197848388098
1049.0	0.043879818660702896
1050.0	0.04206596312862566
1051.0	0.042849119904151835
1052.0	0.04291944088690434
1053.0	0.04426296110493023
1054.0	0.043806425821917926
1055.0	0.043386277792317955
1056.0	0.04270974144100762
1057.0	0.04392062908445779
1058.0	0.04471693889646534
1059.0	0.04404150475491568
1060.0	0.04458939081808907
1061.0	0.043163131387336656
1062.0	0.04257080386176788
1063.0	0.04427724501376998
1064.0	0.04506899902543186
1065.0	0.04281337782114032
1066.0	0.043885680957305565
1067.0	0.04362901304429086
1068.0	0.044929253159033976
1069.0	0.04336338049188643
1070.0	0.044707943770321036
1071.0	0.04393117981140887
1072.0	0.0431354578446074
1073.0	0.04367318924668074
1074.0	0.043271544009767425
1075.0	0.04475748406021473
1076.0	0.043159059464791684
1077.0	0.0434595953262949
1078.0	0.04485829951302196
1079.0	0.044312044355463376
1080.0	0.04390453499778983
1081.0	0.04194818615264037
1082.0	0.04346166711581418
1083.0	0.043381499725863346
1084.0	0.04380893667118446
1085.0	0.04458387794512712
1086.0	0.04272966720449797
1087.0	0.04202050544426169
1088.0	0.043635316224798
1089.0	0.042950403079304034
1090.0	0.04364326646637602
1091.0	0.044147196769111934
1092.0	0.04276017600585156
1093.0	0.043027057729318606
1094.0	0.0439997945837389
1095.0	0.0427367500095659
1096.0	0.043807657013367605
1097.0	0.04387489180878947
1098.0	0.04397798516176953
1099.0	0.044916700474899984
1100.0	0.04297601733965565
1101.0	0.04301606429430583
1102.0	0.04337604600225301
1103.0	0.042910766521803395
1104.0	0.04221644785301523
1105.0	0.04250244887697171
1106.0	0.044094186733177866
1107.0	0.04336276033576889
1108.0	0.04324342775897649
1109.0	0.043605099521890414
1110.0	0.04338871333677681
1111.0	0.04238033836675005
1112.0	0.043329047048380434
1113.0	0.04261606429430583
1114.0	0.042028953894938915
1115.0	0.04275267915531965
1116.0	0.04225675824351371
1117.0	0.04307562661529682
1118.0	0.04292418299413339
1119.0	0.04400500988578388
1120.0	0.04288966141958679
1121.0	0.041408879345989746
1122.0	0.042637475826266945
1123.0	0.04257104931800322
1124.0	0.04328785306591614
1125.0	0.04228684049226167
1126.0	0.04452439978777136
1127.0	0.041679082030038346
1128.0	0.04347568394049155
1129.0	0.04313892211817647
1130.0	0.043444983359783265
1131.0	0.042891527098452856
1132.0	0.04245924043018287
1133.0	0.044501708597993045
1134.0	0.04201166978656029
1135.0	0.04221926695618349
1136.0	0.043108529791369914
1137.0	0.042033213948524155
1138.0	0.044403993663815304
1139.0	0.041734221180686426
1140.0	0.04345985511382909
1141.0	0.04283122814679731
1142.0	0.042119568044435785
1143.0	0.04309766898635989
1144.0	0.04304402811132386
1145.0	0.043106207073143644
1146.0	0.043126561213397176
1147.0	0.04331834571181365
1148.0	0.0424062303942488
1149.0	0.04365466665022426
1150.0	0.04244276460896273
1151.0	0.04239147511475
1152.0	0.042056623789354076
1153.0	0.04190282878736702
1154.0	0.04129969960614017
1155.0	0.04093870350038129
1156.0	0.041510309482443206
1157.0	0.04121572555364954
1158.0	0.04130287360542046
1159.0	0.04191386521627602
1160.0	0.042424790512130196
1161.0	0.041123962552180995
1162.0	0.04124410341613155
1163.0	0.04287500645917894
1164.0	0.04144485255393775
1165.0	0.04068301949842335
1166.0	0.04131487961408738
1167.0	0.043349338390967586
1168.0	0.04190794194616384
1169.0	0.042404965067730456
1170.0	0.04139792708071597
1171.0	0.04273961028247316
1172.0	0.04138962376718314
1173.0	0.040665618915498046
1174.0	0.04191501041993325
1175.0	0.04032769573407001
1176.0	0.04203016893093252
1177.0	0.04246091250553668
1178.0	0.04310636654158689
1179.0	0.04429653264152985
1180.0	0.041607743001159714
1181.0	0.042574234000267934
1182.0	0.04325628140038333
1183.0	0.04069533376099234
1184.0	0.041476727000900625
1185.0	0.041352044667903265
1186.0	0.041402231952354644
1187.0	0.04037769123916669
1188.0	0.0429089526956611
1189.0	0.041209124802225085
1190.0	0.04031414480758004
1191.0	0.042508791403060985
1192.0	0.04030290226801783
1193.0	0.041398204847863114
1194.0	0.042068715785813435
1195.0	0.04127124461469292
1196.0	0.042329365985266584
1197.0	0.0410528601207105
1198.0	0.042441791380890034
1199.0	0.0429009719673285
1200.0	0.04128572030288771
1201.0	0.04100304023951279
1202.0	0.0415197561754764
1203.0	0.0423716173594388
1204.0	0.04129600759399051
1205.0	0.041900532907581244
1206.0	0.0414012318858418
1207.0	0.04135324902091245
1208.0	0.040550105508386745
1209.0	0.04302868133830488
1210.0	0.042930878592177486
1211.0	0.042461043311382556
1212.0	0.041715435148381656
1213.0	0.04034832764147034
1214.0	0.042685820621978655
1215.0	0.03970904598008208
1216.0	0.04189810804610715
1217.0	0.042659734990967986
1218.0	0.04257875931385867
1219.0	0.04191544947968051
1220.0	0.04354458898711001
1221.0	0.041324518086475276
1222.0	0.041219881639829724
1223.0	0.042068289233207816
1224.0	0.04240784332025066
1225.0	0.04030894201267669
1226.0	0.039402631666520124
1227.0	0.041283809805968553
1228.0	0.039767463097415835
1229.0	0.040048820509077335
1230.0	0.04007358348837493
1231.0	0.041643864994566536
1232.0	0.039307841627072904
1233.0	0.04120819821636305
1234.0	0.040937128095804
1235.0	0.04113177833959939
1236.0	0.040669952449734426
1237.0	0.04000091112479879
1238.0	0.04022605583864856
1239.0	0.0408874551759079
1240.0	0.03918277755952302
1241.0	0.040299536489382844
1242.0	0.04125618108129239
1243.0	0.038852996399027694
1244.0	0.039031554380312
1245.0	0.03846031580150376
1246.0	0.03933723388736662
1247.0	0.03940108857285464
1248.0	0.03887651020726267
1249.0	0.040005026041239636
1250.0	0.0397874498344157
1251.0	0.03955341396182701
1252.0	0.039578029979822994
1253.0	0.0389928300773749
1254.0	0.038713456643283364
1255.0	0.04036882874302514
1256.0	0.03891075219050491
1257.0	0.03901406598543738
1258.0	0.04029431936318064
1259.0	0.03805264515122976
1260.0	0.03988304816102073
1261.0	0.03801274515788118
1262.0	0.039673775267729625
1263.0	0.03829057549830757
1264.0	0.038643723505736596
1265.0	0.03884116601425941
1266.0	0.039049557139741904
1267.0	0.03735641598552244
1268.0	0.03616022447221912
1269.0	0.03899834112617997
1270.0	0.03865063068690555
1271.0	0.03912722618756818
1272.0	0.03845032243300383
1273.0	0.03833819095998325
1274.0	0.037139648065856304
1275.0	0.03852710971302115
1276.0	0.03895616323265856
1277.0	0.03850962131814653
1278.0	0.03701583316936904
1279.0	0.037783118124336545
1280.0	0.038326287094564496
1281.0	0.03903265659007302
1282.0	0.038620430139453696
1283.0	0.03971000122854149
1284.0	0.038570610258255984
1285.0	0.038028396536487444
1286.0	0.03793316561313609
1287.0	0.03755554854901234
1288.0	0.03699143759332546
1289.0	0.039223265398077675
1290.0	0.03908534221664963
1291.0	0.03886240192232155
1292.0	0.03709636796257388
1293.0	0.03775291757688469
1294.0	0.03978451060838633
1295.0	0.0409286043403191
1296.0	0.03644084707737328
1297.0	0.03912796099407552
1298.0	0.03796806892223487
1299.0	0.038505432921054544
1300.0	0.03664909124155451
1301.0	0.037854394355548805
1302.0	0.03822245893507675
1303.0	0.03804595841201321
1304.0	0.03728675632862647
1305.0	0.03746957618765323
1306.0	0.03731350328549368
1307.0	0.03973153105920684
1308.0	0.03794999268215417
1309.0	0.03776518884555745
1310.0	0.03847692242856978
1311.0	0.03934972559799144
1312.0	0.03753027120515982
1313.0	0.038597283734472396
1314.0	0.03784307833533579
1315.0	0.03821364125698864
1316.0	0.038449734587798094
1317.0	0.037130462984514515
1318.0	0.04043745967081089
1319.0	0.03842636774086439
1320.0	0.038766436192462846
1321.0	0.03826368158013875
1322.0	0.03812179044357079
1323.0	0.03814251198707799
1324.0	0.036980709418318186
1325.0	0.036563853686702744
1326.0	0.03927220351146678
1327.0	0.037954034117944555
1328.0	0.03994308185267077
1329.0	0.038330622452957756
1330.0	0.03886438589989151
1331.0	0.03863321577268139
1332.0	0.03697189174023007
1333.0	0.03847163182171677
1334.0	0.03758170766067381
1335.0	0.03944730790216643
1336.0	0.03895829417152979
1337.0	0.03882617596150968
1338.0	0.038191523581117555
1339.0	0.03807851034028836
1340.0	0.03841527216260344
1341.0	0.03753027120515982
1342.0	0.03722253423988478
1343.0	0.03755025794215968
1344.0	0.0405313679424495
1345.0	0.03735252151103365
1346.0	0.03938529023294677
1347.0	0.038485005300150546
1348.0	0.03563358864840673
1349.0	0.03792552362545945
1350.0	0.037644680578353226
1351.0	0.03774667172157228
1352.0	0.03919122783435746
1353.0	0.03829983406030016
1354.0	0.038814712979995065
1355.0	0.039123699116332726
1356.0	0.03596190019588737
1357.0	0.03786497556925447
1358.0	0.03927933113458814
1359.0	0.03887695109116714
1360.0	0.038627263839971844
1361.0	0.03810944569424756
1362.0	0.03733701709372865
1363.0	0.03701458399830676
1364.0	0.03563035549977415
1365.0	0.038321657813568034
1366.0	0.03901656432756228
1367.0	0.03859390362453855
1368.0	0.04045311104941749
1369.0	0.03904830796867928
1370.0	0.040468248063468826
1371.0	0.03899922289398892
1372.0	0.03889142677936159
1373.0	0.039172122865166546
1374.0	0.039536219489554915
1375.0	0.03996262770576616
1376.0	0.04162902190311807
1377.0	0.03981537248169473
1378.0	0.039988345933523156
1379.0	0.039593754839080064
1380.0	0.03922495545304477
1381.0	0.0402730099744677
1382.0	0.04055818837996752
1383.0	0.04031775969076481
1384.0	0.04044186850985494
1385.0	0.041605067210978626
1386.0	0.04067583090179317
1387.0	0.041402628018205684
1388.0	0.038860344464101124
1389.0	0.04059985190893365
1390.0	0.04000421775408183
1391.0	0.04025405196657839
1392.0	0.04196277101875332
1393.0	0.040573398874669306
1394.0	0.04117432363637447
1395.0	0.04242547867642689
1396.0	0.04027977019433539
1397.0	0.04180897601676626
1398.0	0.04205866326796156
1399.0	0.040862251312705836
1400.0	0.04232627979793561
1401.0	0.04137536669678354
1402.0	0.042397996913052335
1403.0	0.040850861811842026
1404.0	0.042756288566032766
1405.0	0.04315808076424768
1406.0	0.04281749794809428
1407.0	0.04246648087953682
1408.0	0.04224442235301769
1409.0	0.04338381332330353
1410.0	0.04514962684109913
1411.0	0.04484718048267676
1412.0	0.04313677137553474
1413.0	0.043557888984892976
1414.0	0.04567707095206967
1415.0	0.045595066545850146
1416.0	0.044269181684000826
1417.0	0.04344516966666666
1418.0	0.04351482932356262
1419.0	0.04553591462200905
1420.0	0.044403724755495366
1421.0	0.044603371683540546
1422.0	0.04560483947239801
1423.0	0.046696468019706575
1424.0	0.045848648271534224
1425.0	0.0450692390091959
1426.0	0.045552521249075065
1427.0	0.046066077517056894
1428.0	0.04665774371676947
1429.0	0.04721538837519187
1430.0	0.04509767602102986
1431.0	0.04661534538129566
1432.0	0.04403470492750767
1433.0	0.04380346131964709
1434.0	0.046311135487255725
1435.0	0.044885757824312256
1436.0	0.04684078401774864
1437.0	0.04627248466496977
1438.0	0.04660116361570407
1439.0	0.04658176472391029
1440.0	0.044557960641386556
1441.0	0.04647426253188583
1442.0	0.04893777482840342
1443.0	0.04826057715123623
1444.0	0.0475634662177203
1445.0	0.04677296137712069
1446.0	0.04493315284403587
1447.0	0.046622987368972295
1448.0	0.045624899690048334
1449.0	0.0456381262071805
1450.0	0.046831158052502375
1451.0	0.048296582670096025
1452.0	0.04600428028978964
1453.0	0.047632978913315
1454.0	0.04687767130441704
1455.0	0.04726439996923178
1456.0	0.04685915418043221
1457.0	0.04910861734136062
1458.0	0.047599104333326425
1459.0	0.04835742464890421
1460.0	0.0490920107142946
1461.0	0.05017790777084599
1462.0	0.04852224174850106
1463.0	0.04794269985616
1464.0	0.0492834278094574
1465.0	0.04729224913586
1466.0	0.04879573673053419
1467.0	0.04732024526378983
1468.0	0.04634214432186573
1469.0	0.04753620489629781
1470.0	0.04851974340637617
1471.0	0.04960990234067001
1472.0	0.048369328514322955
1473.0	0.04811001529788175
1474.0	0.04975326309025266
1475.0	0.04979713103874081
1476.0	0.04809091032869084
1477.0	0.04574893502848801
1478.0	0.04864208868984875
1479.0	0.049671038242080724
1480.0	0.04698576134164724
1481.0	0.04767868387807152
1482.0	0.048041090447493134
1483.0	0.04729026515829004
1484.0	0.04814374291656873
1485.0	0.0475582490915181
1486.0	0.04993880173335671
1487.0	0.04845045115273388
1488.0	0.04797833797176613
1489.0	0.05032633868532923
1490.0	0.04923573886713092
1491.0	0.04840496662992908
1492.0	0.04846117932774082
1493.0	0.047704034702574845
1494.0	0.04986473323741636
1495.0	0.04837116553059132
1496.0	0.046500274682246046
1497.0	0.04927541841852743
1498.0	0.04937593994873213
1499.0	0.04937652779393786
1500.0	0.04705446575008379
1501.0	0.04945713606779352
1502.0	0.05074642756557691
1503.0	0.05011184866583594
1504.0	0.04784577887784121
1505.0	0.04909649303398947
1506.0	0.04885621130608837
1507.0	0.04938181840079088
1508.0	0.048733645580663724
1509.0	0.049605126098372275
1510.0	0.04962768465814751
1511.0	0.05053671378838134
1512.0	0.05195143675696862
1513.0	0.05114932197355316
1514.0	0.049542520583946544
1515.0	0.050452798885243004
1516.0	0.04772350707501943
1517.0	0.050384241438107706
1518.0	0.04902213061544658
1519.0	0.0517808146859635
1520.0	0.050380273482968134
1521.0	0.051469183246199354
1522.0	0.05009575640332486
1523.0	0.05039776187784275
1524.0	0.050882440250086126
1525.0	0.049803597336005645
1526.0	0.04943553275647736
1527.0	0.051063717015447735
1528.0	0.04933927310401545
1529.0	0.04901250465020032
1530.0	0.049791399547983686
1531.0	0.04964554045627614
1532.0	0.051181433017923834
1533.0	0.05000824094830061
1534.0	0.04938211232339375
1535.0	0.0539107983087982
1536.0	0.0528419487632173
1537.0	0.05157227659917974
1538.0	0.0527491427013397
1539.0	0.05243949523914552
1540.0	0.05304042000085066
1541.0	0.05232905382109202
1542.0	0.05415872202437559
1543.0	0.051832030699525425
1544.0	0.05291080013295511
1545.0	0.052868989642687374
1546.0	0.05468550480948957
1547.0	0.0531459382153048
1548.0	0.053402385686367446
1549.0	0.05446329932166918
1550.0	0.053370935967853306
1551.0	0.05416033859869153
1552.0	0.05441884352797494
1553.0	0.05388912151683159
1554.0	0.05162878321959435
1555.0	0.05242641568331494
1556.0	0.0524591145728917
1557.0	0.05351855859517841
1558.0	0.05360173869180975
1559.0	0.05320068130010184
1560.0	0.05307613159710724
1561.0	0.053382986794573664
1562.0	0.05337505088429449
1563.0	0.05355559284314842
1564.0	0.05296715979206844
1565.0	0.051964883716052866
1566.0	0.05389375079782771
1567.0	0.05355559284314842
1568.0	0.052880893508106465
1569.0	0.052197303014325264
1570.0	0.05351488456264169
1571.0	0.054836727988700575
1572.0	0.05250283556007859
1573.0	0.0528160835741587
1574.0	0.0539297563166875
1575.0	0.05401007066793994
1576.0	0.05440150209440158
1577.0	0.05276067916350511
1578.0	0.05318649953451026
1579.0	0.05433786785086562
1580.0	0.053580502783747604
1581.0	0.05517606163379169
1582.0	0.05477088932564294
1583.0	0.05348519837974511
1584.0	0.052246461569666766
1585.0	0.051371674422675165


