0.000000	40.980792
1.000000	41.029881
2.000000	41.027869
3.000000	41.043681
4.000000	41.024922
5.000000	40.987051
6.000000	41.100411
7.000000	41.090861
8.000000	41.026041
9.000000	41.029649
10.000000	41.106552
11.000000	41.158697
12.000000	41.032487
13.000000	41.099349
14.000000	41.079715
15.000000	41.061843
16.000000	41.085425
17.000000	41.015598
18.000000	41.047925
19.000000	40.979986
20.000000	40.913061
21.000000	41.001744
22.000000	41.037552
23.000000	40.934719
24.000000	40.920611
25.000000	41.017616
26.000000	40.986227
27.000000	41.027495
28.000000	40.939886
29.000000	40.904591
30.000000	40.895810
31.000000	40.883724
32.000000	40.886816
33.000000	40.935181
34.000000	40.943078
35.000000	40.874346
36.000000	40.898109
37.000000	40.945280
38.000000	40.899192
39.000000	40.896010
40.000000	40.883184
41.000000	40.961683
42.000000	40.930023
43.000000	40.920856
44.000000	40.971206
45.000000	40.906479
46.000000	40.901876
47.000000	40.921691
48.000000	40.876228
49.000000	40.925456
50.000000	40.943072
51.000000	40.864889
52.000000	40.865218
53.000000	40.869227
54.000000	40.872599
55.000000	40.851530
56.000000	40.899949
57.000000	40.924135
58.000000	40.884276
59.000000	40.817167
60.000000	40.890161
61.000000	40.884604
62.000000	40.927486
63.000000	40.915067
64.000000	40.819278
65.000000	40.913459
66.000000	40.952751
67.000000	40.919338
68.000000	40.897177
69.000000	40.952760
70.000000	40.936535
71.000000	40.941491
72.000000	40.850579
73.000000	40.912117
74.000000	40.941361
75.000000	40.871736
76.000000	40.871052
77.000000	40.878026
78.000000	40.849527
79.000000	40.904552
80.000000	40.844767
81.000000	40.853759
82.000000	40.863312
83.000000	40.886791
84.000000	40.848103
85.000000	40.867299
86.000000	40.811517
87.000000	40.754301
88.000000	40.721896
89.000000	40.718083
90.000000	40.743542
91.000000	40.778330
92.000000	40.723190
93.000000	40.700802
94.000000	40.700275
95.000000	40.726991
96.000000	40.744019
97.000000	40.691349
98.000000	40.667444
99.000000	40.762479
100.000000	40.638495
101.000000	40.635569
102.000000	40.672005
103.000000	40.667335
104.000000	40.700839
105.000000	40.705264
106.000000	40.698760
107.000000	40.660307
108.000000	40.669441
109.000000	40.746640
110.000000	40.696407
111.000000	40.736858
112.000000	40.714931
113.000000	40.747086
114.000000	40.784016
115.000000	40.771145
116.000000	40.747128
117.000000	40.803876
118.000000	40.782906
119.000000	40.781775
120.000000	40.777679
121.000000	40.874053
122.000000	40.825796
123.000000	40.849153
124.000000	40.827247
125.000000	40.835663
126.000000	40.909451
127.000000	40.783521
128.000000	40.842643
129.000000	40.825444
130.000000	40.915646
131.000000	40.832243
132.000000	40.883760
133.000000	40.913634
134.000000	40.851925
135.000000	40.875941
136.000000	40.840698
137.000000	40.828843
138.000000	40.804621
139.000000	40.854302
140.000000	40.795663
141.000000	40.781042
142.000000	40.831896
143.000000	40.807016
144.000000	40.811818
145.000000	40.872822
146.000000	40.821269
147.000000	40.793678
148.000000	40.818370
149.000000	40.977287
150.000000	40.917082
151.000000	40.949662
152.000000	41.007937
153.000000	41.022141
154.000000	40.937862
155.000000	41.001982
156.000000	40.992876
157.000000	40.963668
158.000000	41.014754
159.000000	41.020029
160.000000	40.999488
161.000000	40.944088
162.000000	40.995075
163.000000	40.972835
164.000000	41.000486
165.000000	41.054359
166.000000	40.938085
167.000000	40.913058
168.000000	40.916781
169.000000	40.996429
170.000000	40.959831
171.000000	41.000622
172.000000	40.935941
173.000000	40.930342
174.000000	40.994532
175.000000	40.992912
176.000000	40.901608
177.000000	40.960899
178.000000	40.918780
179.000000	40.957786
180.000000	40.917363
181.000000	40.985440
182.000000	41.006585
183.000000	40.868808
184.000000	40.902492
185.000000	40.906464
186.000000	40.870331
187.000000	40.911619
188.000000	40.863125
189.000000	40.877757
190.000000	40.898881
191.000000	40.862277
192.000000	40.880363
193.000000	40.888930
194.000000	40.821178
195.000000	40.889235
196.000000	40.800368
197.000000	40.752103
198.000000	40.824062
199.000000	40.848981
200.000000	40.802588
201.000000	40.835582
202.000000	40.771649
203.000000	40.835527
204.000000	40.771733
205.000000	40.745853
206.000000	40.745397
207.000000	40.691017
208.000000	40.666786
209.000000	40.732110
210.000000	40.727121
211.000000	40.689216
212.000000	40.713245
213.000000	40.667341
214.000000	40.697705
215.000000	40.684058
216.000000	40.688348
217.000000	40.724379
218.000000	40.608024
219.000000	40.626798
220.000000	40.635557
221.000000	40.669456
222.000000	40.661251
223.000000	40.699164
224.000000	40.648495
225.000000	40.681657
226.000000	40.708760
227.000000	40.717266
228.000000	40.664744
229.000000	40.761668
230.000000	40.779036
231.000000	40.888671
232.000000	40.809438
233.000000	40.900127
234.000000	40.865532
235.000000	40.880041
236.000000	40.873124
237.000000	40.910515
238.000000	40.876095
239.000000	40.933048
240.000000	40.879992
241.000000	40.899786
242.000000	40.920141
243.000000	40.930140
244.000000	40.862383
245.000000	40.858235
246.000000	40.920255
247.000000	40.852269
248.000000	40.864726
249.000000	40.820192
250.000000	40.926421
251.000000	41.002920
252.000000	40.969426
253.000000	40.913185
254.000000	40.871130
255.000000	40.964081
256.000000	40.851593
257.000000	40.848097
258.000000	40.946094
259.000000	40.914099
260.000000	40.899560
261.000000	40.896703
262.000000	40.933247
263.000000	40.924545
264.000000	40.935313
265.000000	40.851246
266.000000	40.861004
267.000000	40.897276
268.000000	40.822270
269.000000	40.914262
270.000000	40.821824
271.000000	40.942091
272.000000	40.908018
273.000000	40.975598
274.000000	40.887515
275.000000	40.910775
276.000000	40.887826
277.000000	40.943111
278.000000	40.832442
279.000000	40.949572
280.000000	40.868406
281.000000	40.864461
282.000000	40.884203
283.000000	40.836197
284.000000	40.764974
285.000000	40.702573
286.000000	40.851177
287.000000	40.733380
288.000000	40.766645
289.000000	40.719724
290.000000	40.773938
291.000000	40.762108
292.000000	40.813966
293.000000	40.709834
294.000000	40.799294
295.000000	40.732224
296.000000	40.797997
297.000000	40.784924
298.000000	40.806932
299.000000	40.800558
300.000000	40.758123
301.000000	40.815526
302.000000	40.863076
303.000000	40.810380
304.000000	40.845180
305.000000	40.806986
306.000000	40.866654
307.000000	40.863140
308.000000	40.855294
309.000000	40.849611
310.000000	40.773712
311.000000	40.902480
312.000000	40.973978
313.000000	40.898287
314.000000	40.926533
315.000000	40.952866
316.000000	41.049976
317.000000	40.921773
318.000000	40.972521
319.000000	40.963303
320.000000	40.947400
321.000000	40.942073
322.000000	40.956944
323.000000	40.966060
324.000000	40.893346
325.000000	40.903107
326.000000	40.914832
327.000000	40.880487
328.000000	40.875293
329.000000	40.947741
330.000000	40.851023
331.000000	41.037983
332.000000	40.931244
333.000000	41.010298
334.000000	40.945952
335.000000	40.947874
336.000000	40.958039
337.000000	41.045974
338.000000	40.988107
339.000000	41.025082
340.000000	40.960636
341.000000	41.014102
342.000000	41.035157
343.000000	41.023034
344.000000	40.984436
345.000000	41.003919
346.000000	41.034128
347.000000	41.022925
348.000000	40.887422
349.000000	40.975468
350.000000	41.016280
351.000000	41.052721
352.000000	41.012549
353.000000	41.023329
354.000000	41.029540
355.000000	41.137458
356.000000	41.110651
357.000000	40.991494
358.000000	41.042661
359.000000	41.037111
360.000000	40.999786
361.000000	41.026373
362.000000	41.023589
363.000000	40.946981
364.000000	41.005273
365.000000	41.016847
366.000000	41.009074
367.000000	40.982976
368.000000	40.992248
369.000000	40.979045
370.000000	41.017064
371.000000	41.141328
372.000000	41.112271
373.000000	41.085914
374.000000	41.128276
375.000000	41.081971
376.000000	41.145639
377.000000	41.066111
378.000000	41.124548
379.000000	41.107804
380.000000	41.137793
381.000000	41.128494
382.000000	41.098405
383.000000	41.120633
384.000000	41.095693
385.000000	41.062781
386.000000	41.071691
387.000000	41.042125
388.000000	41.043096
389.000000	41.056042
390.000000	41.086240
391.000000	41.168126
392.000000	41.122627
393.000000	41.026795
394.000000	41.128288
395.000000	41.034650
396.000000	41.107973
397.000000	41.144957
398.000000	41.089473
399.000000	41.059086
400.000000	41.117779
401.000000	40.981543
402.000000	41.044725
403.000000	41.062268
404.000000	40.949964
405.000000	40.964503
406.000000	41.032569
407.000000	40.995841
408.000000	40.932810
409.000000	41.018850
410.000000	41.030940
411.000000	41.040182
412.000000	41.013245
413.000000	41.039404
414.000000	41.076590
415.000000	41.101008
416.000000	41.142779
417.000000	41.141699
418.000000	41.086387
419.000000	41.124400
420.000000	41.197913
421.000000	41.011683
422.000000	41.069143
423.000000	41.071155
424.000000	41.065055
425.000000	41.068322
426.000000	41.072053
427.000000	41.086270
428.000000	41.122343
429.000000	41.069520
430.000000	41.229966
431.000000	41.191437
432.000000	41.225513
433.000000	41.182403
434.000000	41.148154
435.000000	41.204175
436.000000	41.203216
437.000000	41.174747
438.000000	41.177890
439.000000	41.252905
440.000000	41.208821
441.000000	41.246882
442.000000	41.183531
443.000000	41.193425
444.000000	41.248462
445.000000	41.182599
446.000000	41.176328
447.000000	41.250013
448.000000	41.251189
449.000000	41.281205
450.000000	41.291181
451.000000	41.248544
452.000000	41.254387
453.000000	41.312986
454.000000	41.245328
455.000000	41.275097
456.000000	41.321740
457.000000	41.306290
458.000000	41.266313
459.000000	41.354429
460.000000	41.336267
461.000000	41.232979
462.000000	41.188861
463.000000	41.210413
464.000000	41.204555
465.000000	41.165822
466.000000	41.319619
467.000000	41.252504
468.000000	41.244188
469.000000	41.172750
470.000000	41.257611
471.000000	41.231220
472.000000	41.218446
473.000000	41.217598
474.000000	41.285805
475.000000	41.281205
476.000000	41.212654
477.000000	41.170802
478.000000	41.242707
479.000000	41.275529
480.000000	41.150468
481.000000	41.121221
482.000000	41.150378
483.000000	41.191911
484.000000	41.185796
485.000000	41.211472
486.000000	41.275556
487.000000	41.302022
488.000000	41.250930
489.000000	41.229444
490.000000	41.332334
491.000000	41.282448
492.000000	41.277317
493.000000	41.327139
494.000000	41.288388
495.000000	41.231658
496.000000	41.311514
497.000000	41.266102
498.000000	41.274913
499.000000	41.316316
500.000000	41.219441
501.000000	41.261906
502.000000	41.288197
503.000000	41.311276
504.000000	41.347799
505.000000	41.349762
506.000000	41.322072
507.000000	41.428213
508.000000	41.362866
509.000000	41.398046
510.000000	41.373155
511.000000	41.383070
512.000000	41.319538
513.000000	41.427523
514.000000	41.413985
515.000000	41.483242
516.000000	41.456441
517.000000	41.469475
518.000000	41.437516
519.000000	41.475879
520.000000	41.470718
521.000000	41.455325
522.000000	41.518579
523.000000	41.505976
524.000000	41.470268
525.000000	41.435278
526.000000	41.531486
527.000000	41.494164
528.000000	41.535908
529.000000	41.478271
530.000000	41.543193
531.000000	41.476865
532.000000	41.471635
533.000000	41.525891
534.000000	41.584780
535.000000	41.542563
536.000000	41.515520
537.000000	41.570353
538.000000	41.545516
539.000000	41.615602
540.000000	41.553186
541.000000	41.493739
542.000000	41.585341
543.000000	41.556323
544.000000	41.627529
545.000000	41.602725
546.000000	41.602001
547.000000	41.648375
548.000000	41.531501
549.000000	41.565499
550.000000	41.587112
551.000000	41.640985
552.000000	41.645805
553.000000	41.604031
554.000000	41.627282
555.000000	41.527450
556.000000	41.636735
557.000000	41.621062
558.000000	41.597271
559.000000	41.643932
560.000000	41.681115
561.000000	41.621484
562.000000	41.630609
563.000000	41.737507
564.000000	41.676751
565.000000	41.651733
566.000000	41.679067
567.000000	41.625064
568.000000	41.639616
569.000000	41.714405
570.000000	41.676175
571.000000	41.761141
572.000000	41.654900
573.000000	41.745368
574.000000	41.731278
575.000000	41.678120
576.000000	41.632159
577.000000	41.670799
578.000000	41.700918
579.000000	41.688065
580.000000	41.709642
581.000000	41.688255
582.000000	41.699145
583.000000	41.707980
584.000000	41.633106
585.000000	41.710242
586.000000	41.680943
587.000000	41.658058
588.000000	41.765958
589.000000	41.698001
590.000000	41.766887
591.000000	41.757756
592.000000	41.752547
593.000000	41.807123
594.000000	41.782862
595.000000	41.801157
596.000000	41.805196
597.000000	41.834955
598.000000	41.873179
599.000000	41.864652
600.000000	41.877641
601.000000	41.937399
602.000000	41.882355
603.000000	41.975276
604.000000	41.928166
605.000000	41.968574
606.000000	41.963768
607.000000	42.011446
608.000000	42.055425
609.000000	42.016806
610.000000	42.013886
611.000000	42.007380
612.000000	42.093785
613.000000	42.081022
614.000000	42.042186
615.000000	42.099299
616.000000	42.097655
617.000000	42.116574
618.000000	42.074453
619.000000	42.112315
620.000000	42.112538
621.000000	42.187140
622.000000	42.118115
623.000000	42.140108
624.000000	42.132947
625.000000	42.129710
626.000000	42.164604
627.000000	42.243658
628.000000	42.177662
629.000000	42.204683
630.000000	42.200062
631.000000	42.188591
632.000000	42.242319
633.000000	42.160945
634.000000	42.180486
635.000000	42.174878
636.000000	42.178036
637.000000	42.184546
638.000000	42.212867
639.000000	42.213428
640.000000	42.200690
641.000000	42.196099
642.000000	42.204563
643.000000	42.126778
644.000000	42.181412
645.000000	42.181170
646.000000	42.145893
647.000000	42.195266
648.000000	42.125026
649.000000	42.166351
650.000000	42.195317
651.000000	42.142850
652.000000	42.270161
653.000000	42.192584
654.000000	42.183668
655.000000	42.248898
656.000000	42.221277
657.000000	42.323795
658.000000	42.265304
659.000000	42.255211
660.000000	42.317322
661.000000	42.309027
662.000000	42.330929
663.000000	42.326848
664.000000	42.292796
665.000000	42.307558
666.000000	42.409395
667.000000	42.301043
668.000000	42.248551
669.000000	42.307920
670.000000	42.223144
671.000000	42.275656
672.000000	42.189390
673.000000	42.218363
674.000000	42.296602
675.000000	42.285384
676.000000	42.299972
677.000000	42.237831
678.000000	42.277988
679.000000	42.276468
680.000000	42.272097
681.000000	42.309588
682.000000	42.256351
683.000000	42.351480
684.000000	42.286253
685.000000	42.239749
686.000000	42.325638
687.000000	42.332748
688.000000	42.253039
689.000000	42.299000
690.000000	42.351655
691.000000	42.301085
692.000000	42.312529
693.000000	42.288141
694.000000	42.332063
695.000000	42.240208
696.000000	42.278709
697.000000	42.303438
698.000000	42.303453
699.000000	42.349384
700.000000	42.289825
701.000000	42.318692
702.000000	42.260276
703.000000	42.293975
704.000000	42.311310
705.000000	42.265205
706.000000	42.277759
707.000000	42.312037
708.000000	42.234401
709.000000	42.285668
710.000000	42.255875
711.000000	42.271792
712.000000	42.254373
713.000000	42.293592
714.000000	42.274776
715.000000	42.281053
716.000000	42.286148
717.000000	42.194868
718.000000	42.308140
719.000000	42.272299
720.000000	42.257060
721.000000	42.167262
722.000000	42.268836
723.000000	42.237113
724.000000	42.198497
725.000000	42.252044
726.000000	42.251818
727.000000	42.305525
728.000000	42.256234
729.000000	42.225671
730.000000	42.195652
731.000000	42.150047
732.000000	42.194952
733.000000	42.160294
734.000000	42.217476
735.000000	42.199067
736.000000	42.180283
737.000000	42.132796
738.000000	42.135333
739.000000	42.137122
740.000000	42.197187
741.000000	42.102529
742.000000	42.141393
743.000000	42.194352
744.000000	42.190666
745.000000	42.219762
746.000000	42.183801
747.000000	42.187619
748.000000	42.217216
749.000000	42.214945
750.000000	42.238980
751.000000	42.165624
752.000000	42.168957
753.000000	42.237155
754.000000	42.242280
755.000000	42.201682
756.000000	42.222975
757.000000	42.216761
758.000000	42.218655
759.000000	42.192054
760.000000	42.276169
761.000000	42.224848
762.000000	42.272655
763.000000	42.260155
764.000000	42.296138
765.000000	42.295703
766.000000	42.260867
767.000000	42.263992
768.000000	42.251845
769.000000	42.277044
770.000000	42.348810
771.000000	42.327189
772.000000	42.320713
773.000000	42.327548
774.000000	42.329620
775.000000	42.313968
776.000000	42.308647
777.000000	42.302445
778.000000	42.297631
779.000000	42.305763
780.000000	42.313980
781.000000	42.389007
782.000000	42.420716
783.000000	42.235448
784.000000	42.355908
785.000000	42.218773
786.000000	42.369358
787.000000	42.308719
788.000000	42.308010
789.000000	42.262831
790.000000	42.332866
791.000000	42.341070
792.000000	42.247510
793.000000	42.372863
794.000000	42.312230
795.000000	42.342874
796.000000	42.282775
797.000000	42.326782
798.000000	42.347547
799.000000	42.330374
800.000000	42.330570
801.000000	42.335282
802.000000	42.399878
803.000000	42.354113
804.000000	42.366164
805.000000	42.362273
806.000000	42.426139
807.000000	42.396247
808.000000	42.402089
809.000000	42.353594
810.000000	42.413063
811.000000	42.428169
812.000000	42.413114
813.000000	42.411178
814.000000	42.401483
815.000000	42.468348
816.000000	42.384232
817.000000	42.485321
818.000000	42.358547
819.000000	42.315144
820.000000	42.409474
821.000000	42.412647
822.000000	42.441662
823.000000	42.386054
824.000000	42.412484
825.000000	42.370740
826.000000	42.402988
827.000000	42.421793
828.000000	42.422779
829.000000	42.404409
830.000000	42.394790
831.000000	42.402922
832.000000	42.429150
833.000000	42.445480
834.000000	42.445677
835.000000	42.412849
836.000000	42.391269
837.000000	42.389601
838.000000	42.421512
839.000000	42.411492
840.000000	42.427998
841.000000	42.382857
842.000000	42.459712
843.000000	42.465748
844.000000	42.410096
845.000000	42.372107
846.000000	42.356157
847.000000	42.461387
848.000000	42.400275
849.000000	42.433090
850.000000	42.372853
851.000000	42.417502
852.000000	42.378385
853.000000	42.447841
854.000000	42.360923
855.000000	42.340681
856.000000	42.367216
857.000000	42.369294
858.000000	42.441791
859.000000	42.413859
860.000000	42.321626
861.000000	42.401106
862.000000	42.389067
863.000000	42.371222
864.000000	42.346642
865.000000	42.297662
866.000000	42.289195
867.000000	42.335107
868.000000	42.281988
869.000000	42.321935
870.000000	42.353137
871.000000	42.320500
872.000000	42.288393
873.000000	42.348926
874.000000	42.300477
875.000000	42.274204
876.000000	42.276147
877.000000	42.325465
878.000000	42.306281
879.000000	42.303457
880.000000	42.338418
881.000000	42.335381
882.000000	42.367448
883.000000	42.344140
884.000000	42.358378
885.000000	42.318296
886.000000	42.359015
887.000000	42.342066
888.000000	42.395755
889.000000	42.323285
890.000000	42.462747
891.000000	42.359966
892.000000	42.449888
893.000000	42.445481
894.000000	42.470680
895.000000	42.520014
896.000000	42.524566
897.000000	42.482840
898.000000	42.555357
899.000000	42.506645
900.000000	42.502541
901.000000	42.482741
902.000000	42.536309
903.000000	42.532080
904.000000	42.513743
905.000000	42.531951
906.000000	42.499344
907.000000	42.525789
908.000000	42.558070
909.000000	42.576344
910.000000	42.589782
911.000000	42.659124
912.000000	42.606825
913.000000	42.569150
914.000000	42.676899
915.000000	42.600675
916.000000	42.550521
917.000000	42.647285
918.000000	42.601037
919.000000	42.656358
920.000000	42.584484
921.000000	42.659378
922.000000	42.721589
923.000000	42.675739
924.000000	42.701587
925.000000	42.655880
926.000000	42.725478
927.000000	42.708196
928.000000	42.698659
929.000000	42.751102
930.000000	42.646614
931.000000	42.698460
932.000000	42.699021
933.000000	42.777638
934.000000	42.730368
935.000000	42.753221
936.000000	42.745523
937.000000	42.773165
938.000000	42.738950
939.000000	42.745182
940.000000	42.724436
941.000000	42.825479
942.000000	42.783814
943.000000	42.718943
944.000000	42.720050
945.000000	42.787760
946.000000	42.760820
947.000000	42.784077
948.000000	42.767514
949.000000	42.814111
950.000000	42.785435
951.000000	42.808043
952.000000	42.778488
953.000000	42.811644
954.000000	42.791368
955.000000	42.841347
956.000000	42.756761
957.000000	42.804194
958.000000	42.780612
959.000000	42.808221
960.000000	42.804008
961.000000	42.821262
962.000000	42.818758
963.000000	42.796735
964.000000	42.851803
965.000000	42.818626
966.000000	42.828182
967.000000	42.838664
968.000000	42.765748
969.000000	42.852899
970.000000	42.788429
971.000000	42.800230
972.000000	42.777579
973.000000	42.745877
974.000000	42.862965
975.000000	42.798194
976.000000	42.782928
977.000000	42.803050
978.000000	42.821707
979.000000	42.846034
980.000000	42.827164
981.000000	42.859202
982.000000	42.791930
983.000000	42.855247
984.000000	42.809283
985.000000	42.781723
986.000000	42.772728
987.000000	42.756861
988.000000	42.778667
989.000000	42.849752
990.000000	42.770979
991.000000	42.849484
992.000000	42.858823
993.000000	42.795484
994.000000	42.823739
995.000000	42.857478
996.000000	42.814636
997.000000	42.813435
998.000000	42.894806
999.000000	42.813411
1000.000000	42.908293
1001.000000	42.883293
1002.000000	42.846405
1003.000000	42.905982
1004.000000	42.877924
1005.000000	42.824377
1006.000000	42.807042
1007.000000	42.933453
1008.000000	42.831263
1009.000000	42.887767
1010.000000	42.861781
1011.000000	42.888618
1012.000000	42.884504
1013.000000	42.892775
1014.000000	42.800020
1015.000000	42.858385
1016.000000	42.829518
1017.000000	42.798425
1018.000000	42.894368
1019.000000	42.913127
1020.000000	42.814949
1021.000000	42.909870
1022.000000	42.846172
1023.000000	42.849515
1024.000000	42.844571
1025.000000	42.798312
1026.000000	42.908136
1027.000000	42.862344
1028.000000	42.808993
1029.000000	42.909343
1030.000000	42.801633
1031.000000	42.810136
1032.000000	42.844599
1033.000000	42.863442
1034.000000	42.879481
1035.000000	42.828893
1036.000000	42.907320
1037.000000	42.836145
1038.000000	42.846180
1039.000000	42.904481
1040.000000	42.784667
1041.000000	42.863320
1042.000000	42.890787
1043.000000	42.810982
1044.000000	42.833418
1045.000000	42.842025
1046.000000	42.842628
1047.000000	42.824469
1048.000000	42.813634
1049.000000	42.851722
1050.000000	42.777263
1051.000000	42.809412
1052.000000	42.812299
1053.000000	42.867451
1054.000000	42.848710
1055.000000	42.831462
1056.000000	42.803690
1057.000000	42.853398
1058.000000	42.886087
1059.000000	42.858360
1060.000000	42.880851
1061.000000	42.822302
1062.000000	42.797987
1063.000000	42.868037
1064.000000	42.900539
1065.000000	42.807945
1066.000000	42.851963
1067.000000	42.841427
1068.000000	42.894802
1069.000000	42.830522
1070.000000	42.885717
1071.000000	42.853831
1072.000000	42.821166
1073.000000	42.843240
1074.000000	42.826753
1075.000000	42.887751
1076.000000	42.822135
1077.000000	42.834472
1078.000000	42.891890
1079.000000	42.869466
1080.000000	42.852737
1081.000000	42.772428
1082.000000	42.834557
1083.000000	42.831266
1084.000000	42.848813
1085.000000	42.880624
1086.000000	42.804508
1087.000000	42.775397
1088.000000	42.841686
1089.000000	42.813570
1090.000000	42.842012
1091.000000	42.862698
1092.000000	42.805761
1093.000000	42.816716
1094.000000	42.856648
1095.000000	42.804799
1096.000000	42.848760
1097.000000	42.851520
1098.000000	42.855752
1099.000000	42.894287
1100.000000	42.814621
1101.000000	42.816265
1102.000000	42.831042
1103.000000	42.811942
1104.000000	42.783440
1105.000000	42.795181
1106.000000	42.860522
1107.000000	42.830497
1108.000000	42.825598
1109.000000	42.840445
1110.000000	42.831562
1111.000000	42.790168
1112.000000	42.829113
1113.000000	42.799845
1114.000000	42.775744
1115.000000	42.805453
1116.000000	42.785095
1117.000000	42.818710
1118.000000	42.812493
1119.000000	42.856862
1120.000000	42.811076
1121.000000	42.750289
1122.000000	42.800724
1123.000000	42.797997
1124.000000	42.827422
1125.000000	42.786330
1126.000000	42.878183
1127.000000	42.761381
1128.000000	42.835133
1129.000000	42.821308
1130.000000	42.833872
1131.000000	42.811153
1132.000000	42.793407
1133.000000	42.877251
1134.000000	42.775034
1135.000000	42.783556
1136.000000	42.820061
1137.000000	42.775919
1138.000000	42.873240
1139.000000	42.763645
1140.000000	42.834483
1141.000000	42.808677
1142.000000	42.779463
1143.000000	42.819615
1144.000000	42.817413
1145.000000	42.819965
1146.000000	42.820801
1147.000000	42.828674
1148.000000	42.791231
1149.000000	42.842480
1150.000000	42.792731
1151.000000	42.790625
1152.000000	42.776880
1153.000000	42.770566
1154.000000	42.745807
1155.000000	42.730988
1156.000000	42.754453
1157.000000	42.742360
1158.000000	42.745938
1159.000000	42.771019
1160.000000	42.791993
1161.000000	42.738593
1162.000000	42.743525
1163.000000	42.810474
1164.000000	42.751766
1165.000000	42.720492
1166.000000	42.746431
1167.000000	42.829946
1168.000000	42.770776
1169.000000	42.791179
1170.000000	42.749840
1171.000000	42.804916
1172.000000	42.749499
1173.000000	42.719778
1174.000000	42.771066
1175.000000	42.705906
1176.000000	42.775794
1177.000000	42.793476
1178.000000	42.819972
1179.000000	42.868829
1180.000000	42.758453
1181.000000	42.798128
1182.000000	42.826126
1183.000000	42.720998
1184.000000	42.753075
1185.000000	42.747956
1186.000000	42.750016
1187.000000	42.707959
1188.000000	42.811868
1189.000000	42.742089
1190.000000	42.705350
1191.000000	42.795441
1192.000000	42.704888
1193.000000	42.749851
1194.000000	42.777376
1195.000000	42.744639
1196.000000	42.788076
1197.000000	42.735675
1198.000000	42.792691
1199.000000	42.811540
1200.000000	42.745234
1201.000000	42.733629
1202.000000	42.754841
1203.000000	42.789810
1204.000000	42.745656
1205.000000	42.770472
1206.000000	42.749975
1207.000000	42.748006
1208.000000	42.715036
1209.000000	42.816783
1210.000000	42.812768
1211.000000	42.793481
1212.000000	42.762874
1213.000000	42.706753
1214.000000	42.802708
1215.000000	42.680510
1216.000000	42.770372
1217.000000	42.801637
1218.000000	42.798313
1219.000000	42.771084
1220.000000	42.837961
1221.000000	42.746826
1222.000000	42.742531
1223.000000	42.777358
1224.000000	42.791297
1225.000000	42.705136
1226.000000	42.667932
1227.000000	42.745155
1228.000000	42.682908
1229.000000	42.694458
1230.000000	42.695475
1231.000000	42.759936
1232.000000	42.664041
1233.000000	42.742051
1234.000000	42.730924
1235.000000	42.738914
1236.000000	42.719956
1237.000000	42.692492
1238.000000	42.701734
1239.000000	42.728885
1240.000000	42.658907
1241.000000	42.704750
1242.000000	42.744021
1243.000000	42.645369
1244.000000	42.652699
1245.000000	42.629250
1246.000000	42.665247
1247.000000	42.667869
1248.000000	42.646334
1249.000000	42.692661
1250.000000	42.683729
1251.000000	42.674122
1252.000000	42.675132
1253.000000	42.651109
1254.000000	42.639641
1255.000000	42.707595
1256.000000	42.647740
1257.000000	42.651981
1258.000000	42.704536
1259.000000	42.612514
1260.000000	42.687653
1261.000000	42.610877
1262.000000	42.679063
1263.000000	42.622282
1264.000000	42.636778
1265.000000	42.644884
1266.000000	42.653438
1267.000000	42.583934
1268.000000	42.534830
1269.000000	42.651336
1270.000000	42.637062
1271.000000	42.656626
1272.000000	42.628839
1273.000000	42.624236
1274.000000	42.575036
1275.000000	42.631991
1276.000000	42.649604
1277.000000	42.631274
1278.000000	42.569953
1279.000000	42.601450
1280.000000	42.623748
1281.000000	42.652744
1282.000000	42.635822
1283.000000	42.680550
1284.000000	42.633777
1285.000000	42.611519
1286.000000	42.607610
1287.000000	42.592108
1288.000000	42.568951
1289.000000	42.660569
1290.000000	42.654907
1291.000000	42.645755
1292.000000	42.573259
1293.000000	42.600210
1294.000000	42.683608
1295.000000	42.730574
1296.000000	42.546349
1297.000000	42.656657
1298.000000	42.609043
1299.000000	42.631102
1300.000000	42.554898
1301.000000	42.604376
1302.000000	42.619485
1303.000000	42.612240
1304.000000	42.581074
1305.000000	42.588579
1306.000000	42.582172
1307.000000	42.681433
1308.000000	42.608301
1309.000000	42.600714
1310.000000	42.629931
1311.000000	42.665760
1312.000000	42.591071
1313.000000	42.634872
1314.000000	42.603912
1315.000000	42.619123
1316.000000	42.628815
1317.000000	42.574658
1318.000000	42.710412
1319.000000	42.627856
1320.000000	42.641816
1321.000000	42.621178
1322.000000	42.615353
1323.000000	42.616204
1324.000000	42.568511
1325.000000	42.551399
1326.000000	42.662578
1327.000000	42.608466
1328.000000	42.690118
1329.000000	42.623926
1330.000000	42.645837
1331.000000	42.636347
1332.000000	42.568149
1333.000000	42.629714
1334.000000	42.593182
1335.000000	42.669766
1336.000000	42.649692
1337.000000	42.644268
1338.000000	42.618215
1339.000000	42.613576
1340.000000	42.627400
1341.000000	42.591071
1342.000000	42.578438
1343.000000	42.591891
1344.000000	42.714267
1345.000000	42.583774
1346.000000	42.667220
1347.000000	42.630263
1348.000000	42.513211
1349.000000	42.607296
1350.000000	42.595767
1351.000000	42.599954
1352.000000	42.659254
1353.000000	42.622662
1354.000000	42.643798
1355.000000	42.656482
1356.000000	42.526688
1357.000000	42.604811
1358.000000	42.662870
1359.000000	42.646353
1360.000000	42.636103
1361.000000	42.614846
1362.000000	42.583138
1363.000000	42.569902
1364.000000	42.513078
1365.000000	42.623558
1366.000000	42.652084
1367.000000	42.634733
1368.000000	42.711055
1369.000000	42.653387
1370.000000	42.711676
1371.000000	42.651372
1372.000000	42.646947
1373.000000	42.658469
1374.000000	42.673416
1375.000000	42.690920
1376.000000	42.759326
1377.000000	42.684875
1378.000000	42.691976
1379.000000	42.675778
1380.000000	42.660638
1381.000000	42.703661
1382.000000	42.715368
1383.000000	42.705498
1384.000000	42.710593
1385.000000	42.758343
1386.000000	42.720197
1387.000000	42.750033
1388.000000	42.645671
1389.000000	42.717078
1390.000000	42.692627
1391.000000	42.702883
1392.000000	42.773027
1393.000000	42.715992
1394.000000	42.740661
1395.000000	42.792021
1396.000000	42.703939
1397.000000	42.766713
1398.000000	42.776963
1399.000000	42.727850
1400.000000	42.787949
1401.000000	42.748914
1402.000000	42.790893
1403.000000	42.727382
1404.000000	42.805601
1405.000000	42.822095
1406.000000	42.808114
1407.000000	42.793704
1408.000000	42.784589
1409.000000	42.831361
1410.000000	42.903849
1411.000000	42.891433
1412.000000	42.821220
1413.000000	42.838507
1414.000000	42.925500
1415.000000	42.922134
1416.000000	42.867706
1417.000000	42.833880
1418.000000	42.836739
1419.000000	42.919706
1420.000000	42.873229
1421.000000	42.881425
1422.000000	42.922535
1423.000000	42.967347
1424.000000	42.932544
1425.000000	42.900549
1426.000000	42.920388
1427.000000	42.941469
1428.000000	42.965758
1429.000000	42.988649
1430.000000	42.901716
1431.000000	42.964017
1432.000000	42.858081
1433.000000	42.848588
1434.000000	42.951529
1435.000000	42.893017
1436.000000	42.973271
1437.000000	42.949942
1438.000000	42.963435
1439.000000	42.962639
1440.000000	42.879560
1441.000000	42.958226
1442.000000	43.059354
1443.000000	43.031555
1444.000000	43.002938
1445.000000	42.970487
1446.000000	42.894962
1447.000000	42.964331
1448.000000	42.923359
1449.000000	42.923902
1450.000000	42.972876
1451.000000	43.033033
1452.000000	42.938933
1453.000000	43.005791
1454.000000	42.974786
1455.000000	42.990661
1456.000000	42.974025
1457.000000	43.066367
1458.000000	43.004401
1459.000000	43.035530
1460.000000	43.065685
1461.000000	43.110262
1462.000000	43.042296
1463.000000	43.018506
1464.000000	43.073543
1465.000000	42.991804
1466.000000	43.053523
1467.000000	42.992953
1468.000000	42.952802
1469.000000	43.001819
1470.000000	43.042193
1471.000000	43.086945
1472.000000	43.036019
1473.000000	43.025374
1474.000000	43.092830
1475.000000	43.094631
1476.000000	43.024590
1477.000000	42.928451
1478.000000	43.047216
1479.000000	43.089455
1480.000000	42.979223
1481.000000	43.007668
1482.000000	43.022544
1483.000000	42.991723
1484.000000	43.026758
1485.000000	43.002724
1486.000000	43.100446
1487.000000	43.039349
1488.000000	43.019968
1489.000000	43.116355
1490.000000	43.071585
1491.000000	43.037482
1492.000000	43.039789
1493.000000	43.008708
1494.000000	43.097406
1495.000000	43.036094
1496.000000	42.959293
1497.000000	43.073214
1498.000000	43.077341
1499.000000	43.077365
1500.000000	42.982043
1501.000000	43.080674
1502.000000	43.133600
1503.000000	43.107550
1504.000000	43.014527
1505.000000	43.065869
1506.000000	43.056006
1507.000000	43.077582
1508.000000	43.050974
1509.000000	43.086749
1510.000000	43.087675
1511.000000	43.124991
1512.000000	43.183066
1513.000000	43.150139
1514.000000	43.084179
1515.000000	43.121546
1516.000000	43.009508
1517.000000	43.118732
1518.000000	43.062817
1519.000000	43.176062
1520.000000	43.118569
1521.000000	43.163269
1522.000000	43.106889
1523.000000	43.119287
1524.000000	43.139183
1525.000000	43.094896
1526.000000	43.079787
1527.000000	43.146625
1528.000000	43.075835
1529.000000	43.062421
1530.000000	43.094395
1531.000000	43.088408
1532.000000	43.151457
1533.000000	43.103297
1534.000000	43.077594
1535.000000	43.263499
1536.000000	43.219622
1537.000000	43.167501
1538.000000	43.215812
1539.000000	43.203101
1540.000000	43.227769
1541.000000	43.198567
1542.000000	43.273676
1543.000000	43.178164
1544.000000	43.222448
1545.000000	43.220732
1546.000000	43.295301
1547.000000	43.232101
1548.000000	43.242628
1549.000000	43.286179
1550.000000	43.241337
1551.000000	43.273742
1552.000000	43.284354
1553.000000	43.262609
1554.000000	43.169821
1555.000000	43.202564
1556.000000	43.203906
1557.000000	43.247397
1558.000000	43.250812
1559.000000	43.234348
1560.000000	43.229235
1561.000000	43.241832
1562.000000	43.241506
1563.000000	43.248917
1564.000000	43.224762
1565.000000	43.183618
1566.000000	43.262799
1567.000000	43.248917
1568.000000	43.221221
1569.000000	43.193159
1570.000000	43.247246
1571.000000	43.301508
1572.000000	43.205701
1573.000000	43.218560
1574.000000	43.264277
1575.000000	43.267574
1576.000000	43.283642
1577.000000	43.216286
1578.000000	43.233766
1579.000000	43.281030
1580.000000	43.249940
1581.000000	43.315438
1582.000000	43.298806
1583.000000	43.246027
1584.000000	43.195177
1585.000000	43.159266
