0.0	36.77476806640625
1.0	36.79580078125
2.0	36.865545654296874
3.0	36.895025634765624
4.0	36.83895263671875
5.0	36.88084106445312
6.0	36.92591552734375
7.0	36.816427612304686
8.0	36.832028198242185
9.0	36.751287841796874
10.0	36.73389587402344
11.0	36.848297119140625
12.0	36.755068969726565
13.0	36.757485961914064
14.0	36.71192321777344
15.0	36.787942504882814
16.0	36.76171875
17.0	36.750424194335935
18.0	36.81450500488281
19.0	36.617367553710935
20.0	36.437982177734376
21.0	36.381527709960935
22.0	36.444915771484375
23.0	36.39053955078125
24.0	36.38466186523438
25.0	36.3742919921875
26.0	36.578616333007815
27.0	36.57225036621094
28.0	36.55220947265625
29.0	36.51725463867187
30.0	36.482373046875
31.0	36.551229858398436
32.0	36.45704040527344
33.0	36.550732421875
34.0	36.44636840820313
35.0	36.45803527832031
36.0	36.528848266601564
37.0	36.59097900390625
38.0	36.50288391113281
39.0	36.528173828125
40.0	36.64400939941406
41.0	36.46699523925781
42.0	36.48695373535156
43.0	36.50425415039062
44.0	36.623373413085936
45.0	36.5023681640625
46.0	36.59224243164063
47.0	36.5953369140625
48.0	36.491650390625
49.0	36.67554626464844
50.0	36.610113525390624
51.0	36.51897277832031
52.0	36.55687255859375
53.0	36.621884155273435
54.0	36.488522338867185
55.0	36.51554565429687
56.0	36.511477661132815
57.0	36.37713623046875
58.0	36.46006774902344
59.0	36.511712646484376
60.0	36.44746704101563
61.0	36.48182373046875
62.0	36.414669799804685
63.0	36.587399291992185
64.0	36.3640625
65.0	36.33614807128906
66.0	36.402337646484376
67.0	36.530636596679685
68.0	36.45484924316406
69.0	36.48807373046875
70.0	36.52227783203125
71.0	36.421835327148436
72.0	36.45341796875
73.0	36.416632080078124
74.0	36.538858032226564
75.0	36.52940673828125
76.0	36.427117919921876
77.0	36.57423706054688
78.0	36.5181396484375
79.0	36.392599487304686
80.0	36.435858154296874
81.0	36.36988525390625
82.0	36.47982482910156
83.0	36.63328247070312
84.0	36.46773681640625
85.0	36.66759338378906
86.0	36.50981750488281
87.0	36.640280151367186
88.0	36.52718811035156
89.0	36.54603271484375
90.0	36.47484436035156
91.0	36.541262817382815
92.0	36.70616760253906
93.0	36.58675537109375
94.0	36.60124206542969
95.0	36.510983276367185
96.0	36.55408630371094
97.0	36.653863525390626
98.0	36.59296569824219
99.0	36.74073486328125
100.0	36.696136474609375
101.0	36.335147094726565
102.0	35.753598022460935
103.0	35.43069152832031
104.0	35.674807739257815
105.0	36.33265075683594
106.0	36.42678527832031
107.0	36.66499328613281
108.0	36.70433349609375
109.0	36.66845703125
110.0	36.648583984375
111.0	36.59437255859375
112.0	36.697573852539065
113.0	36.708370971679685
114.0	36.5981201171875
115.0	36.70016784667969
116.0	36.68876647949219
117.0	36.73861083984375
118.0	36.81729431152344
119.0	36.661199951171874
120.0	36.60584716796875
121.0	36.681915283203125
122.0	36.59207458496094
123.0	36.69780578613281
124.0	41.447216796875
125.0	44.20939636230469
126.0	44.342138671875
127.0	44.38328552246094
128.0	44.498834228515626
129.0	44.3375244140625
130.0	44.423675537109375
131.0	44.24197692871094
132.0	44.04279479980469
133.0	44.19151000976562
134.0	44.15758361816406
135.0	44.026004028320315
136.0	43.994992065429685
137.0	44.48770446777344
138.0	45.142642211914065
139.0	45.2465087890625
140.0	45.27504272460938
141.0	45.02709045410156
142.0	44.980960083007815
143.0	45.110879516601564
144.0	44.93739624023438
145.0	44.98173217773437
146.0	44.954898071289065
147.0	45.05557861328125
148.0	44.90391540527344
149.0	45.029031372070314
150.0	44.937347412109375
151.0	44.98597412109375
152.0	45.002804565429685
153.0	45.02314758300781
154.0	44.973382568359376
155.0	45.026669311523435
156.0	44.92597351074219
157.0	45.09005126953125
158.0	45.21219482421875
159.0	45.404937744140625
160.0	45.213128662109376
161.0	45.003570556640625
162.0	44.832211303710935
163.0	44.99382629394531
164.0	45.00391845703125
165.0	44.70892333984375
166.0	43.96114501953125
167.0	43.221917724609376
168.0	44.07845458984375
169.0	44.31800537109375
170.0	44.14366149902344
171.0	43.84109191894531
172.0	43.35992431640625
173.0	44.310543823242185
174.0	44.736996459960935
175.0	44.88496704101563
176.0	45.07478637695313
177.0	45.033453369140624
178.0	45.21396179199219
179.0	45.255368041992185
180.0	45.121978759765625
181.0	45.16994018554688
182.0	45.170526123046876
183.0	45.10139465332031
184.0	45.06985778808594
185.0	45.17812805175781
186.0	45.22830810546875
187.0	45.077188110351564
188.0	45.179510498046874
189.0	44.97530822753906
190.0	45.136297607421874
191.0	45.120809936523436
192.0	45.03972473144531
193.0	45.14694519042969
194.0	45.270346069335936
195.0	45.089474487304685
196.0	45.16837158203125
197.0	45.18872985839844
198.0	45.16904296875
199.0	45.14905700683594
200.0	45.05860290527344
201.0	45.28341369628906
202.0	45.22037048339844
203.0	45.15863037109375
204.0	45.232244873046874
205.0	45.14170532226562
206.0	45.199957275390624
207.0	45.12174072265625
208.0	45.26893005371094
209.0	45.0738037109375
210.0	45.163641357421874
211.0	45.07992248535156
212.0	45.200625610351565
213.0	45.1561767578125
214.0	45.074163818359374
215.0	45.235348510742185
216.0	45.192056274414064
217.0	45.226010131835935
218.0	45.021490478515624
219.0	45.16514282226562
220.0	45.18917236328125
221.0	45.116824340820315
222.0	45.049496459960935
223.0	45.16062622070312
224.0	45.29335327148438
225.0	45.17264404296875
226.0	45.185791015625
227.0	45.12796630859375
228.0	45.18414306640625
229.0	45.208151245117186
230.0	45.158380126953126
231.0	45.21214294433594
232.0	45.101583862304686
233.0	45.136471557617185
234.0	45.127008056640626
235.0	45.14869384765625
236.0	45.08144836425781
237.0	45.047796630859374
238.0	45.042581176757814
239.0	45.12254638671875
240.0	45.16079406738281
241.0	45.16078186035156
242.0	45.00675964355469
243.0	45.12684631347656
244.0	45.21535034179688
245.0	45.044247436523435
246.0	45.150079345703126
247.0	45.2068115234375
248.0	45.04997253417969
249.0	45.21201782226562
250.0	45.142092895507815
251.0	45.15833740234375
252.0	45.05472412109375
253.0	45.02102355957031
254.0	45.13369445800781
255.0	45.023049926757814
256.0	45.07380676269531
257.0	44.97398376464844
258.0	45.1197265625
259.0	45.12635803222656
260.0	44.998907470703124
261.0	45.131500244140625
262.0	45.0109375
263.0	45.072686767578126
264.0	45.043600463867186
265.0	45.05308227539062
266.0	45.012847900390625
267.0	45.011260986328125
268.0	44.99586486816406
269.0	45.04237060546875
270.0	44.94810180664062
271.0	44.98151550292969
272.0	44.957131958007814
273.0	45.025885009765624
274.0	45.055303955078124
275.0	44.88166198730469
276.0	44.90455017089844
277.0	44.91710205078125
278.0	44.87309265136719
279.0	44.93937683105469
280.0	44.939544677734375
281.0	44.93538208007813
282.0	44.921102905273436
283.0	44.920919799804686
284.0	44.89302368164063
285.0	44.98927001953125
286.0	44.86680297851562
287.0	44.83409118652344
288.0	44.9428955078125
289.0	44.989889526367186
290.0	44.91112060546875
291.0	44.925595092773435
292.0	44.98555297851563
293.0	44.86155700683594
294.0	44.94599914550781
295.0	44.88367614746094
296.0	44.93201904296875
297.0	44.81589965820312
298.0	44.994241333007814
299.0	44.86479187011719
300.0	44.930352783203126
301.0	44.9302978515625
302.0	44.843048095703125
303.0	44.88443603515625
304.0	45.010171508789064
305.0	44.89344177246094
306.0	44.88817443847656
307.0	44.89140319824219
308.0	44.956494140625
309.0	44.875726318359376
310.0	44.92506103515625
311.0	44.724179077148435
312.0	45.050680541992186
313.0	44.91773986816406
314.0	44.918276977539065
315.0	44.959991455078125
316.0	44.88590698242187
317.0	44.992330932617186
318.0	44.84952087402344
319.0	44.924111938476564
320.0	44.883599853515626
321.0	44.86021118164062
322.0	44.828067016601565
323.0	44.7714599609375
324.0	44.85472412109375
325.0	45.02399597167969
326.0	44.850320434570314
327.0	44.85875244140625
328.0	44.812933349609374
329.0	44.79090881347656
330.0	44.883203125
331.0	44.776177978515626
332.0	44.82353515625
333.0	44.86944580078125
334.0	44.80971984863281
335.0	44.71358947753906
336.0	44.87010192871094
337.0	44.84119567871094
338.0	44.82471923828125
339.0	44.696389770507814
340.0	44.73399353027344
341.0	44.94583740234375
342.0	44.85002746582031
343.0	44.7728515625
344.0	44.763720703125
345.0	44.771096801757814
346.0	44.728695678710935
347.0	44.65946655273437
348.0	44.88987731933594
349.0	44.839483642578124
350.0	44.853936767578126
351.0	44.73460388183594
352.0	44.88058776855469
353.0	44.81942138671875
354.0	44.91419677734375
355.0	44.87614440917969
356.0	44.84365234375
357.0	44.79191589355469
358.0	44.884619140625
359.0	44.72121887207031
360.0	44.782736206054686
361.0	44.945840454101564
362.0	44.79632568359375
363.0	44.8818115234375
364.0	44.880392456054686
365.0	44.878378295898436
366.0	44.847991943359375
367.0	44.887213134765624
368.0	45.02286987304687
369.0	44.8730224609375
370.0	44.93721313476563
371.0	44.9263427734375
372.0	44.768365478515626
373.0	44.948797607421874
374.0	44.783251953125
375.0	44.81374816894531
376.0	44.89521179199219
377.0	44.784307861328124
378.0	44.77566223144531
379.0	44.97970275878906
380.0	44.869711303710936
381.0	44.95820922851563
382.0	44.93326416015625
383.0	44.667352294921876
384.0	44.886785888671874
385.0	44.83101196289063
386.0	44.70720520019531
387.0	44.98920593261719
388.0	44.855508422851564
389.0	44.82401733398437
390.0	44.74559326171875
391.0	44.84975891113281
392.0	44.94634094238281
393.0	44.9437744140625
394.0	44.98710327148437
395.0	44.91335754394531
396.0	44.84831237792969
397.0	44.8693359375
398.0	44.880560302734374
399.0	44.80408630371094
400.0	44.91859436035156
401.0	44.8638427734375
402.0	44.789794921875
403.0	44.96343994140625
404.0	44.89382629394531
405.0	44.979025268554686
406.0	44.87740478515625
407.0	44.755828857421875
408.0	44.919168090820314
409.0	44.834591674804685
410.0	44.904232788085935
411.0	44.92483215332031
412.0	44.990655517578126
413.0	44.85917358398437
414.0	44.87391357421875
415.0	45.00506591796875
416.0	44.868414306640624
417.0	45.075927734375
418.0	44.88723449707031
419.0	45.00222473144531
420.0	44.965484619140625
421.0	44.916464233398436
422.0	44.852264404296875
423.0	44.95101318359375
424.0	44.973382568359376
425.0	44.986575317382815
426.0	44.957470703125
427.0	45.023406982421875
428.0	44.894265747070314
429.0	44.907464599609376
430.0	44.86030883789063
431.0	44.886923217773436
432.0	44.930914306640624
433.0	44.96254272460938
434.0	44.8896240234375
435.0	45.01692199707031
436.0	44.980734252929686
437.0	44.95210266113281
438.0	44.89676208496094
439.0	44.83302307128906
440.0	44.84658203125
441.0	44.8938232421875
442.0	44.79088439941406
443.0	44.957708740234374
444.0	45.003271484375
445.0	44.9760498046875
446.0	44.86824951171875
447.0	44.975006103515625
448.0	44.89342041015625
449.0	44.93769836425781
450.0	44.941619873046875
451.0	44.850546264648436
452.0	44.8794677734375
453.0	44.92557373046875
454.0	44.88633422851562
455.0	45.02444763183594
456.0	44.884100341796874
457.0	44.91575317382812
458.0	44.85196228027344
459.0	44.840362548828125
460.0	44.8859619140625
461.0	44.80197448730469
462.0	44.8517578125
463.0	44.831597900390626
464.0	44.803854370117186
465.0	44.866677856445314
466.0	44.92182922363281
467.0	44.919036865234375
468.0	44.96072998046875
469.0	45.024008178710936
470.0	44.803515625
471.0	44.79802551269531
472.0	44.97340087890625
473.0	44.980010986328125
474.0	44.809835815429686
475.0	44.94071960449219
476.0	44.97777099609375
477.0	45.00407409667969
478.0	44.86747741699219
479.0	44.959347534179685
480.0	44.948333740234375
481.0	44.92060241699219
482.0	44.839498901367186
483.0	44.97523803710938
484.0	45.062164306640625
485.0	44.880731201171876
486.0	45.00185852050781
487.0	45.0122314453125
488.0	45.03933410644531
489.0	44.92418518066406
490.0	45.004598999023436
491.0	44.90708923339844
492.0	44.99266052246094
493.0	45.05702514648438
494.0	44.929327392578124
495.0	44.968997192382815
496.0	44.999331665039065
497.0	45.09907836914063
498.0	44.932177734375
499.0	44.909707641601564
500.0	44.96818542480469
501.0	44.93410034179688
502.0	44.99564819335937
503.0	45.008544921875
504.0	44.987728881835935
505.0	45.039669799804685
506.0	44.90760192871094
507.0	44.9759033203125
508.0	44.97489013671875
509.0	45.096923828125
510.0	45.03753662109375
511.0	44.90725402832031
512.0	44.944390869140626
513.0	44.953851318359376
514.0	44.96275634765625
515.0	44.996090698242185
516.0	44.85373229980469
517.0	45.068408203125
518.0	44.99083251953125
519.0	44.99369506835937
520.0	44.9744140625
521.0	44.98487243652344
522.0	45.03714294433594
523.0	44.95527038574219
524.0	45.05039978027344
525.0	44.85267333984375
526.0	44.916567993164065
527.0	44.91297912597656
528.0	44.825436401367185
529.0	44.96968078613281
530.0	44.866033935546874
531.0	44.84745483398437
532.0	44.84824829101562
533.0	44.91739196777344
534.0	44.85836181640625
535.0	44.93363952636719
536.0	45.000634765625
537.0	44.988372802734375
538.0	44.90652160644531
539.0	44.949258422851564
540.0	44.94735107421875
541.0	44.9096923828125
542.0	44.940435791015624
543.0	44.831103515625
544.0	44.8492431640625
545.0	44.942178344726564
546.0	44.86795349121094
547.0	44.90194091796875
548.0	44.99217529296875
549.0	44.856100463867186
550.0	44.7961181640625
551.0	44.89893798828125
552.0	44.889923095703125
553.0	44.895806884765626
554.0	44.81510620117187
555.0	44.81593322753906
556.0	44.86148681640625
557.0	44.89716491699219
558.0	44.812924194335935
559.0	44.89214172363281
560.0	44.866693115234376
561.0	44.86488342285156
562.0	44.84510192871094
563.0	44.71263732910156
564.0	44.67943420410156
565.0	44.86976928710938
566.0	44.86625671386719
567.0	44.867926025390624
568.0	44.93955688476562
569.0	44.896200561523436
570.0	44.810708618164064
571.0	44.84996643066406
572.0	44.78102416992188
573.0	44.80934448242188
574.0	44.79910583496094
575.0	44.73210754394531
576.0	44.823944091796875
577.0	44.787960815429685
578.0	44.739749145507815
579.0	44.74192810058594
580.0	44.96662902832031
581.0	44.795065307617186
582.0	44.760791015625
583.0	44.76615600585937
584.0	44.849053955078126
585.0	44.86986083984375
586.0	44.706353759765626
587.0	44.87258605957031
588.0	44.77684631347656
589.0	44.83082580566406
590.0	44.731729125976564
591.0	44.86106567382812
592.0	44.85556640625
593.0	44.767214965820315
594.0	44.84180603027344
595.0	44.776806640625
596.0	44.74488220214844
597.0	44.7866943359375
598.0	44.682440185546874
599.0	44.75783081054688
600.0	44.59994812011719
601.0	44.651220703125
602.0	44.82652893066406
603.0	44.64528198242188
604.0	44.691769409179685
605.0	44.81087036132813
606.0	44.71138916015625
607.0	44.64937133789063
608.0	44.63566589355469
609.0	44.634463500976565
610.0	44.61166687011719
611.0	44.616217041015624
612.0	44.662008666992186
613.0	44.685140991210936
614.0	44.778472900390625
615.0	44.60868835449219
616.0	44.673736572265625
617.0	44.68509216308594
618.0	44.513031005859375
619.0	44.71109313964844
620.0	44.730776977539065
621.0	44.667547607421874
622.0	44.658941650390624
623.0	44.598471069335936
624.0	44.577310180664064
625.0	44.599951171875
626.0	44.592977905273436
627.0	44.623226928710935
628.0	44.655364990234375
629.0	44.67186279296875
630.0	44.689208984375
631.0	44.55113220214844
632.0	44.53204345703125
633.0	44.714239501953124
634.0	44.6154296875
635.0	44.77824096679687
636.0	44.69972534179688
637.0	44.66340637207031
638.0	44.696328735351564
639.0	44.634762573242185
640.0	44.662051391601565
641.0	44.60947265625
642.0	44.61846923828125
643.0	44.687841796875
644.0	44.68778076171875
645.0	44.709588623046876
646.0	44.60051574707031
647.0	44.65223999023438
648.0	44.628973388671874
649.0	44.741400146484374
650.0	44.6277099609375
651.0	44.60677795410156
652.0	44.69685668945313
653.0	44.69165954589844
654.0	44.79312744140625
655.0	44.640133666992185
656.0	44.62177429199219
657.0	44.6865234375
658.0	44.63535766601562
659.0	44.760556030273435
660.0	44.375039672851564
661.0	43.645440673828126
662.0	42.93363952636719
663.0	44.24883117675781
664.0	44.49265747070312
665.0	44.6393798828125
666.0	44.57582092285156
667.0	44.76717529296875
668.0	44.597409057617185
669.0	44.591793823242185
670.0	44.206826782226564
671.0	42.83723449707031
672.0	43.325311279296876
673.0	43.48025817871094
674.0	43.379696655273435
675.0	43.81349182128906
676.0	44.429925537109376
677.0	44.90933532714844
678.0	44.836273193359375
679.0	44.80526123046875
680.0	44.83883972167969
681.0	44.731222534179686
682.0	44.8189208984375
683.0	44.86802368164062
684.0	44.74441223144531
685.0	44.87716979980469
686.0	44.81239624023438
687.0	44.80097961425781
688.0	44.794793701171876
689.0	44.90810852050781
690.0	44.80897827148438
691.0	44.8610107421875
692.0	44.757354736328125
693.0	44.771905517578126
694.0	44.702517700195315
695.0	44.769021606445314
696.0	44.84488220214844
697.0	44.853048706054686
698.0	44.795108032226565
699.0	44.89745178222656
700.0	44.874063110351564
701.0	44.75517272949219
702.0	44.83961791992188
703.0	44.77797241210938
704.0	44.672708129882814
705.0	44.77320251464844
706.0	44.83122253417969
707.0	44.775213623046874
708.0	44.731842041015625
709.0	44.891162109375
710.0	44.72886352539062
711.0	44.79713134765625
712.0	44.807379150390624
713.0	44.834814453125
714.0	44.87545471191406
715.0	8.753240966796875
716.0	44.8867431640625
717.0	44.780853271484375
718.0	44.741903686523436
719.0	44.713442993164065
720.0	44.803948974609376
721.0	44.86002807617187
722.0	44.74958801269531
723.0	44.826348876953126
724.0	44.80595397949219
725.0	44.934591674804686
726.0	44.81283264160156
727.0	44.69727478027344
728.0	44.85594177246094
729.0	44.717132568359375
730.0	44.67354125976563
731.0	44.79414672851563
732.0	44.65266723632813
733.0	44.74558715820312
734.0	44.767111206054686
735.0	44.68922729492188
736.0	44.66432495117188
737.0	44.716677856445315
738.0	44.673684692382814
739.0	44.65975341796875
740.0	44.63990173339844
741.0	44.69283752441406
742.0	44.73211669921875
743.0	44.75157775878906
744.0	44.713568115234374
745.0	44.65018920898437
746.0	44.641842651367185
747.0	44.642434692382814
748.0	44.587335205078126
749.0	44.5418701171875
750.0	44.60895690917969
751.0	44.63368530273438
752.0	44.716217041015625
753.0	44.55709228515625
754.0	44.662908935546874
755.0	44.76674194335938
756.0	44.66177673339844
757.0	44.73097534179688
758.0	44.62516479492187
759.0	44.67655029296875
760.0	44.66944580078125
761.0	44.57240600585938
762.0	44.68367309570313
763.0	44.675341796875
764.0	44.80006103515625
765.0	44.572592163085936
766.0	44.61917724609375
767.0	44.702056884765625
768.0	44.6076416015625
769.0	44.578765869140625
770.0	44.608770751953124
771.0	44.679159545898436
772.0	44.68177795410156
773.0	44.592776489257815
774.0	44.5062744140625
775.0	44.67615966796875
776.0	44.57404479980469
777.0	44.61900939941406
778.0	44.55143737792969
779.0	44.651397705078125
780.0	44.53751220703125
781.0	44.710244750976564
782.0	44.71372680664062
783.0	44.62229614257812
784.0	44.70570068359375
785.0	44.56203918457031
786.0	44.6995849609375
787.0	44.683013916015625
788.0	44.60433654785156
789.0	44.5931884765625
790.0	44.61603698730469
791.0	44.69989929199219
792.0	44.644921875
793.0	44.664862060546874
794.0	44.60260925292969
795.0	44.628057861328124
796.0	44.62039489746094
797.0	44.656793212890626
798.0	44.714453125
799.0	44.624472045898436
800.0	44.719113159179685
801.0	44.6870849609375
802.0	44.67091369628906
803.0	44.664068603515624
804.0	44.73640747070313
805.0	44.59972229003906
806.0	44.684661865234375
807.0	44.75203857421875
808.0	44.691836547851565
809.0	44.65351867675781
810.0	44.63041687011719
811.0	44.58955688476563
812.0	44.655941772460935
813.0	44.632025146484374
814.0	44.58099365234375
815.0	44.594601440429685
816.0	44.621334838867185
817.0	44.522650146484374
818.0	44.720114135742186
819.0	44.686468505859374
820.0	44.63235778808594
821.0	44.53812866210937
822.0	44.679345703125
823.0	44.52107238769531
824.0	44.592352294921874
825.0	44.527313232421875
826.0	44.528021240234374
827.0	44.62560119628906
828.0	44.58180236816406
829.0	44.66924133300781
830.0	44.638955688476564
831.0	44.551483154296875
832.0	44.58366088867187
833.0	44.639138793945314
834.0	44.66181335449219
835.0	44.55801696777344
836.0	44.70321350097656
837.0	44.63130187988281
838.0	44.55054626464844
839.0	44.628091430664064
840.0	44.65818786621094
841.0	44.590328979492185
842.0	44.619451904296874
843.0	44.734091186523436
844.0	44.583013916015624
845.0	44.724359130859376
846.0	44.56715087890625
847.0	44.46478271484375
848.0	44.609841918945314
849.0	44.52184143066406
850.0	44.63233947753906
851.0	44.555511474609375
852.0	44.423422241210936
853.0	44.55308227539062
854.0	44.590625
855.0	44.500955200195314
856.0	44.65726928710937
857.0	44.51016845703125
858.0	44.58888244628906
859.0	44.48348693847656
860.0	44.556463623046874
861.0	44.497650146484375
862.0	44.561770629882815
863.0	44.69910888671875
864.0	44.595098876953124
865.0	44.61638488769531
866.0	44.593927001953126
867.0	44.573239135742185
868.0	44.552572631835936
869.0	44.59174499511719
870.0	44.4351806640625
871.0	44.4580322265625
872.0	44.52145080566406
873.0	44.514959716796874
874.0	44.53160400390625
875.0	44.480935668945314
876.0	44.52265930175781
877.0	44.45278625488281
878.0	44.523101806640625
879.0	44.55082702636719
880.0	44.445068359375
881.0	44.60824890136719
882.0	44.621649169921874
883.0	44.443731689453124
884.0	44.558047485351565
885.0	44.541079711914065
886.0	44.52919311523438
887.0	44.6152099609375
888.0	44.501171875
889.0	44.360775756835935
890.0	44.36335144042969
891.0	44.522393798828126
892.0	44.626226806640624
893.0	44.48654479980469
894.0	44.58821411132813
895.0	44.522369384765625
896.0	44.51912841796875
897.0	44.478207397460935
898.0	44.48183898925781
899.0	44.53788757324219
900.0	44.627133178710935
901.0	44.45311279296875
902.0	44.6052978515625
903.0	44.566000366210936
904.0	44.502865600585935
905.0	44.58009338378906
906.0	44.56745300292969
907.0	44.52204284667969
908.0	44.65702819824219
909.0	44.483865356445314
910.0	44.62867431640625
911.0	44.51411743164063
912.0	44.74203186035156
913.0	44.54749450683594
914.0	44.585394287109374
915.0	44.64029235839844
916.0	44.671121215820314
917.0	44.580099487304686
918.0	44.514251708984375
919.0	44.66169738769531
920.0	44.508181762695315
921.0	44.0836181640625
922.0	42.84980773925781
923.0	42.80701599121094
924.0	43.50518798828125
925.0	44.24769592285156
926.0	44.86748352050781
927.0	44.8801513671875
928.0	44.75281677246094
929.0	44.727236938476565
930.0	44.637350463867186
931.0	44.78239440917969
932.0	44.80541076660156
933.0	44.77364807128906
934.0	44.866720581054686
935.0	44.803854370117186
936.0	44.719296264648435
937.0	44.80436706542969
938.0	44.82066650390625
939.0	44.78587646484375
940.0	44.8439453125
941.0	44.879754638671876
942.0	44.80535888671875
943.0	44.81107788085937
944.0	44.835076904296876
945.0	44.87415771484375
946.0	44.91545104980469
947.0	44.843362426757814
948.0	44.961691284179686
949.0	44.8370849609375
950.0	44.8110107421875
951.0	44.86745910644531
952.0	45.03266296386719
953.0	44.75233459472656
954.0	44.839483642578124
955.0	44.835992431640626
956.0	44.9124755859375
957.0	44.90157470703125
958.0	44.922918701171874
959.0	44.844113159179685
960.0	44.89156799316406
961.0	44.98123779296875
962.0	44.89248046875
963.0	44.99761962890625
964.0	44.95713500976562
965.0	44.9066162109375
966.0	44.914642333984375
967.0	44.994503784179685
968.0	44.9093017578125
969.0	44.89971008300781
970.0	44.981695556640624
971.0	44.97232666015625
972.0	44.85298461914063
973.0	45.0546875
974.0	44.947531127929686
975.0	45.01000061035156
976.0	44.900735473632814
977.0	45.012734985351564
978.0	44.93694152832031
979.0	45.03638916015625
980.0	44.990997314453125
981.0	44.95484313964844
982.0	45.141561889648436
983.0	44.9441650390625
984.0	44.97814025878906
985.0	8.789044189453126
986.0	44.906256103515624
987.0	45.0245849609375
988.0	44.87646484375
989.0	44.907049560546874
990.0	44.976129150390626
991.0	44.95517578125
992.0	44.968203735351565
993.0	44.840353393554686
994.0	44.96182861328125
995.0	45.019387817382814
996.0	44.940695190429686
997.0	44.90861206054687
998.0	44.813821411132814
999.0	44.94792175292969
1000.0	44.961001586914065
1001.0	45.04277038574219
1002.0	44.966250610351565
1003.0	45.04032897949219
1004.0	44.860049438476565
1005.0	44.96501770019531
1006.0	44.98863525390625
1007.0	44.80060729980469
1008.0	44.91000671386719
1009.0	44.90066223144531
1010.0	44.88200073242187
1011.0	44.951080322265625
1012.0	44.851123046875
1013.0	45.068353271484376
1014.0	44.8863037109375
1015.0	44.88499145507812
1016.0	45.03175354003906
1017.0	44.81356201171875
1018.0	44.94579162597656
1019.0	44.88900146484375
1020.0	44.8380859375
1021.0	44.80815734863281
1022.0	44.84389953613281
1023.0	44.83967590332031
1024.0	44.90797119140625
1025.0	44.86058349609375
1026.0	44.790402221679685
1027.0	44.823358154296876
1028.0	44.838742065429685
1029.0	44.92213745117188
1030.0	44.81470642089844
1031.0	44.83025207519531
1032.0	44.707879638671876
1033.0	44.82829895019531
1034.0	44.76075744628906
1035.0	44.725033569335935
1036.0	44.76397705078125
1037.0	44.69266357421875
1038.0	44.78476257324219
1039.0	44.72063293457031
1040.0	44.716207885742186
1041.0	44.794027709960936
1042.0	44.651904296875
1043.0	44.6658935546875
1044.0	44.639154052734376
1045.0	44.66917419433594
1046.0	44.66265869140625
1047.0	44.68250732421875
1048.0	44.695428466796876
1049.0	44.67286987304688
1050.0	44.665155029296876
1051.0	44.742864990234374
1052.0	44.54603576660156
1053.0	44.64315185546875
1054.0	44.4888671875
1055.0	44.668820190429685
1056.0	44.6814697265625
1057.0	44.67403564453125
1058.0	44.67428283691406
1059.0	44.71354675292969
1060.0	44.73085021972656
1061.0	44.739682006835935
1062.0	44.553045654296874
1063.0	44.70798034667969
1064.0	44.728823852539065
1065.0	44.741387939453126
1066.0	44.72798461914063
1067.0	44.76790161132813
1068.0	44.599169921875
1069.0	44.695184326171876
1070.0	44.738894653320315
1071.0	44.67207641601563
1072.0	44.72303771972656
1073.0	44.60962829589844
1074.0	44.71143493652344
1075.0	44.508242797851565
1076.0	44.64665832519531
1077.0	44.614080810546874
1078.0	44.59246826171875
1079.0	44.673727416992186
1080.0	44.55863037109375
1081.0	44.53586120605469
1082.0	44.583251953125
1083.0	44.623565673828125
1084.0	44.58394165039063
1085.0	44.646542358398435
1086.0	44.53971557617187
1087.0	44.633740234375
1088.0	44.4764404296875
1089.0	44.593255615234376
1090.0	44.469171142578126
1091.0	44.63297119140625
1092.0	44.45024108886719
1093.0	44.534783935546876
1094.0	44.50386352539063
1095.0	44.578277587890625
1096.0	44.621334838867185
1097.0	44.58304443359375
1098.0	44.6335205078125
1099.0	44.608331298828126
1100.0	44.659759521484375
1101.0	44.66441650390625
1102.0	44.64608154296875
1103.0	44.63072814941406
1104.0	44.7721435546875
1105.0	44.61650390625
1106.0	44.64981689453125
1107.0	44.68904113769531
1108.0	44.72999572753906
1109.0	44.686117553710936
1110.0	44.80466918945312
1111.0	44.72556762695312
1112.0	44.608001708984375
1113.0	44.67088623046875
1114.0	44.73371887207031
1115.0	44.74471740722656
1116.0	44.71725158691406
1117.0	44.7507080078125
1118.0	44.82680053710938
1119.0	44.85142517089844
1120.0	44.72135620117187
1121.0	44.70921325683594
1122.0	44.88259582519531
1123.0	44.84966125488281
1124.0	44.84634094238281
1125.0	44.84116821289062
1126.0	44.960086059570315
1127.0	45.01284484863281
1128.0	44.95833740234375
1129.0	44.950079345703124
1130.0	44.99685363769531
1131.0	44.93450012207031
1132.0	44.90269470214844
1133.0	44.85537109375
1134.0	44.95494689941406
1135.0	44.901910400390626
1136.0	44.855230712890624
1137.0	44.906195068359374
1138.0	44.837014770507814
1139.0	44.867007446289065
1140.0	44.9505615234375
1141.0	44.9771728515625
1142.0	44.98829956054688
1143.0	44.900454711914065
1144.0	44.874508666992185
1145.0	44.920675659179686
1146.0	44.97022399902344
1147.0	44.89387512207031
1148.0	44.808187866210936
1149.0	44.851220703125
1150.0	44.82746887207031
1151.0	44.780331420898435
1152.0	44.79207763671875
1153.0	44.67646789550781
1154.0	44.83699035644531
1155.0	44.932901000976564
1156.0	44.62211303710937
1157.0	44.69772644042969
1158.0	44.721658325195314
1159.0	44.6112548828125
1160.0	44.71581115722656
1161.0	44.64289855957031
1162.0	44.874298095703125
1163.0	44.75099487304688
1164.0	44.728878784179685
1165.0	44.66325378417969
1166.0	44.70060729980469
1167.0	44.777105712890624
1168.0	44.7704833984375
1169.0	44.55419006347656
1170.0	44.792990112304686
1171.0	44.82755737304687
1172.0	44.5957763671875
1173.0	44.771420288085935
1174.0	44.7117919921875
1175.0	44.68453674316406
1176.0	44.69315795898437
1177.0	44.627969360351564
1178.0	44.75103759765625
1179.0	44.782589721679685
1180.0	44.61203308105469
1181.0	44.67335815429688
1182.0	44.688623046875
1183.0	44.61893310546875
1184.0	44.62049560546875
1185.0	44.739846801757814
1186.0	44.59766845703125
1187.0	44.762060546875
1188.0	44.65230712890625
1189.0	44.637796020507814
1190.0	44.6695556640625
1191.0	44.69212951660156
1192.0	44.663037109375
1193.0	44.62687683105469
1194.0	44.73720092773438
1195.0	44.65892333984375
1196.0	44.7068115234375
1197.0	44.73459167480469
1198.0	44.810430908203124
1199.0	44.84031677246094
1200.0	44.72086791992187
1201.0	44.7469970703125
1202.0	44.833291625976564
1203.0	44.884375
1204.0	44.81988525390625
1205.0	44.76925048828125
1206.0	44.73899536132812
1207.0	44.80286560058594
1208.0	44.90702514648437
1209.0	44.9574951171875
1210.0	44.8324462890625
1211.0	44.81900329589844
1212.0	44.79985046386719
1213.0	44.86441650390625
1214.0	44.94298400878906
1215.0	44.983541870117186
1216.0	44.973175048828125
1217.0	45.06697998046875
1218.0	44.94160461425781
1219.0	44.92723083496094
1220.0	44.90049438476562
1221.0	45.02894897460938
1222.0	45.0764892578125
1223.0	45.053854370117186
1224.0	44.9791259765625
1225.0	45.105892944335935
1226.0	45.01868896484375
1227.0	45.116259765625
1228.0	45.108255004882814
1229.0	45.05120849609375
1230.0	45.1982666015625
1231.0	44.986367797851564
1232.0	45.21220397949219
1233.0	45.06182861328125
1234.0	45.119805908203126
1235.0	45.10521240234375
1236.0	45.16334838867188
1237.0	45.178323364257814
1238.0	45.2251708984375
1239.0	45.16127014160156
1240.0	45.15254211425781
1241.0	45.095404052734374
1242.0	45.111288452148436
1243.0	45.12404174804688
1244.0	45.120733642578124
1245.0	45.19676208496094
1246.0	45.02295837402344
1247.0	45.24483947753906
1248.0	45.13345642089844
1249.0	45.15223999023438
1250.0	45.0474853515625
1251.0	45.16212463378906
1252.0	45.249566650390626
1253.0	45.24092102050781
1254.0	45.175473022460935
1255.0	45.30915832519531
1256.0	45.11558227539062
1257.0	45.11497192382812
1258.0	45.2463134765625
1259.0	45.195892333984375
1260.0	45.171051025390625
1261.0	45.15366821289062
1262.0	45.22017211914063
1263.0	45.147021484375
1264.0	45.12455444335937
1265.0	45.218264770507815
1266.0	45.1334716796875
1267.0	45.15025329589844
1268.0	45.091207885742186
1269.0	45.02950744628906
1270.0	45.173257446289064
1271.0	45.092202758789064
1272.0	44.90098266601562
1273.0	45.06509704589844
1274.0	44.93470458984375
1275.0	45.13680419921875
1276.0	44.98775634765625
1277.0	45.046661376953125
1278.0	45.00178833007813
1279.0	45.054385375976565
1280.0	44.90751342773437
1281.0	45.03229675292969
1282.0	45.029144287109375
1283.0	44.964901733398435
1284.0	44.968624877929685
1285.0	45.00282287597656
1286.0	44.826470947265626
1287.0	44.918914794921875
1288.0	44.789181518554685
1289.0	44.74234313964844
1290.0	44.898806762695315
1291.0	44.762289428710936
1292.0	44.832461547851565
1293.0	44.767913818359375
1294.0	44.991650390625
1295.0	44.84693298339844
1296.0	44.764523315429685
1297.0	44.72362060546875
1298.0	44.853887939453124
1299.0	44.812374877929685
1300.0	44.926412963867186
1301.0	44.677978515625
1302.0	44.769964599609374
1303.0	44.83161315917969
1304.0	44.82615966796875
1305.0	44.83732299804687
1306.0	44.822506713867185
1307.0	44.91832275390625
1308.0	44.70765686035156
1309.0	44.838381958007815
1310.0	44.76554870605469
1311.0	44.728640747070315
1312.0	44.68360290527344
1313.0	44.68095092773437
1314.0	44.7592529296875
1315.0	44.66148986816406
1316.0	44.73538818359375
1317.0	44.73258666992187
1318.0	44.91688842773438
1319.0	44.7078857421875
1320.0	44.779989624023436
1321.0	44.82642517089844
1322.0	44.83118591308594
1323.0	44.81861877441406
1324.0	44.73001403808594
1325.0	44.57370300292969
1326.0	44.80962219238281
1327.0	44.71772766113281
1328.0	44.59580688476562
1329.0	44.602169799804685
1330.0	44.62997131347656
1331.0	44.71168212890625
1332.0	44.68191223144531
1333.0	44.49794006347656
1334.0	44.78534851074219
1335.0	44.788726806640625
1336.0	44.77204895019531
1337.0	44.72227783203125
1338.0	44.6724365234375
1339.0	44.63318786621094
1340.0	44.66614685058594
1341.0	44.71673583984375
1342.0	44.757806396484376
1343.0	44.80140075683594
1344.0	44.66333923339844
1345.0	44.79700622558594
1346.0	44.64762573242187
1347.0	44.63349914550781
1348.0	44.75010986328125
1349.0	44.638970947265626
1350.0	44.63941955566406
1351.0	44.71358032226563
1352.0	44.792074584960936
1353.0	44.64690246582031
1354.0	44.76902465820312
1355.0	44.67827453613281
1356.0	44.75126342773437
1357.0	44.746115112304686
1358.0	44.712258911132814
1359.0	44.74042663574219
1360.0	44.68684387207031
1361.0	44.71820068359375
1362.0	44.73951110839844
1363.0	44.9360595703125
1364.0	44.75110778808594
1365.0	44.83248291015625
1366.0	44.83586120605469
1367.0	44.806182861328125
1368.0	44.72248229980469
1369.0	44.74100952148437
1370.0	44.80177307128906
1371.0	44.736691284179685
1372.0	44.796173095703125
1373.0	44.680215454101564
1374.0	44.83597412109375
1375.0	44.90652770996094
1376.0	44.898336791992186
1377.0	44.96759033203125
1378.0	45.106414794921875
1379.0	45.01625061035156
1380.0	44.89801940917969
1381.0	44.480377197265625
1382.0	44.328939819335936
1383.0	44.483724975585936
1384.0	44.517739868164064
1385.0	45.31128845214844
1386.0	45.615603637695315
1387.0	45.148947143554686
1388.0	45.05589904785156
1389.0	44.9091796875
1390.0	45.004739379882814
1391.0	45.02378540039062
1392.0	44.924520874023436
1393.0	44.99705200195312
1394.0	44.984011840820315
1395.0	44.95956115722656
1396.0	45.14183349609375
1397.0	45.04356079101562
1398.0	44.94951477050781
1399.0	44.979156494140625
1400.0	45.06387634277344
1401.0	45.03026123046875
1402.0	45.08692626953125
1403.0	45.06824951171875
1404.0	45.0552490234375
1405.0	45.182794189453126
1406.0	45.03246154785156
1407.0	45.053384399414064
1408.0	44.97379760742187
1409.0	45.10545959472656
1410.0	45.00773315429687
1411.0	45.09345703125
1412.0	44.85843505859375
1413.0	45.123721313476565
1414.0	45.08717041015625
1415.0	45.09580078125
1416.0	45.142755126953126
1417.0	45.18187255859375
1418.0	45.12443542480469
1419.0	45.0174072265625
1420.0	45.0589111328125
1421.0	45.084033203125
1422.0	45.093145751953124
1423.0	45.07969360351562
1424.0	45.06685791015625
1425.0	45.085821533203124
1426.0	44.87144775390625
1427.0	45.03746032714844
1428.0	44.982666015625
1429.0	44.963992309570315
1430.0	44.91331481933594
1431.0	45.075323486328124
1432.0	45.04103088378906
1433.0	45.03007507324219
1434.0	45.016839599609376
1435.0	45.089358520507815
1436.0	45.039285278320314
1437.0	44.978851318359375
1438.0	44.904153442382814
1439.0	44.92640075683594
1440.0	44.748532104492185
1441.0	44.48346862792969
1442.0	43.195501708984374
1443.0	43.025726318359375
1444.0	43.75368041992188
1445.0	44.469366455078124
1446.0	45.0396728515625
1447.0	45.12525939941406
1448.0	45.0103759765625
1449.0	44.99421081542969
1450.0	44.918521118164065
1451.0	45.061666870117186
1452.0	45.0310302734375
1453.0	44.96369934082031
1454.0	45.074807739257814
1455.0	45.05531005859375
1456.0	44.90292663574219
1457.0	44.899102783203126
1458.0	44.98284912109375
1459.0	44.948089599609375
1460.0	44.71556091308594
1461.0	44.990414428710935
1462.0	45.079281616210935
1463.0	45.05361328125
1464.0	44.893411254882814
1465.0	45.015185546875
1466.0	44.925439453125
1467.0	45.08533630371094
1468.0	44.9878173828125
1469.0	44.915164184570315
1470.0	45.02459716796875
1471.0	45.054177856445314
1472.0	45.105044555664065
1473.0	45.08575439453125
1474.0	44.92646789550781
1475.0	44.9109130859375
1476.0	44.81153259277344
1477.0	45.00138854980469
1478.0	44.941976928710936
1479.0	44.872781372070314
1480.0	44.9802001953125
1481.0	44.920169067382815
1482.0	44.906369018554685
1483.0	44.99332885742187
1484.0	44.79508666992187
1485.0	44.73501281738281
1486.0	44.7974853515625
1487.0	44.794097900390625
1488.0	44.83015441894531
1489.0	44.981024169921874
1490.0	44.89353942871094
1491.0	44.92499694824219
1492.0	44.827520751953124
1493.0	44.82005310058594
1494.0	44.882510375976565
1495.0	44.908303833007814
1496.0	44.972784423828124
1497.0	44.816094970703126
1498.0	44.93189697265625
1499.0	44.92177734375
1500.0	44.88267211914062
1501.0	44.93172912597656
1502.0	44.946694946289064
1503.0	44.90923156738281
1504.0	44.89998779296875
1505.0	44.78272705078125
1506.0	44.81265563964844
1507.0	44.813760375976564
1508.0	45.08261413574219
1509.0	44.77434387207031
1510.0	44.911322021484374
1511.0	44.87339782714844
1512.0	44.91181335449219
1513.0	44.971231079101564
1514.0	44.84701232910156
1515.0	44.90988464355469
1516.0	44.983682250976564
1517.0	44.83143005371094
1518.0	44.8529296875
1519.0	44.955892944335936
1520.0	44.781463623046875
1521.0	44.89707946777344
1522.0	44.99596252441406
1523.0	44.97789306640625
1524.0	44.80584716796875
1525.0	44.82008056640625
1526.0	44.97859497070313
1527.0	44.991336059570315
1528.0	44.78770751953125
1529.0	44.76746520996094
1530.0	44.89256591796875
1531.0	45.002664184570314
1532.0	44.8916748046875
1533.0	44.899349975585935
1534.0	44.8672607421875
1535.0	44.93524169921875
1536.0	44.874246215820314
1537.0	44.7577392578125
1538.0	44.86656799316406
1539.0	44.90458984375
1540.0	44.945089721679686
1541.0	44.91252136230469
1542.0	45.02581787109375
1543.0	44.91796875
1544.0	44.944342041015624
1545.0	44.97714538574219
1546.0	45.010443115234374
1547.0	44.97252502441406
1548.0	44.87763671875
1549.0	45.04463195800781
1550.0	44.999755859375
1551.0	45.01673278808594
1552.0	45.04014587402344
1553.0	44.9820556640625
1554.0	44.93699645996094
1555.0	44.940548706054685
1556.0	44.97159423828125
1557.0	45.118280029296876
1558.0	44.98074951171875
1559.0	45.05818176269531
1560.0	45.05183410644531
1561.0	44.99930419921875
1562.0	45.083673095703126
1563.0	44.96919555664063
1564.0	45.07461853027344
1565.0	45.03639221191406
1566.0	44.86697692871094
1567.0	45.166342163085936
1568.0	44.97593994140625
1569.0	44.973602294921875
1570.0	45.093753051757815
1571.0	45.11482238769531
1572.0	45.02696533203125
1573.0	45.085183715820314
1574.0	45.100137329101564
1575.0	45.10482177734375
1576.0	45.100390625
1577.0	45.065179443359376
1578.0	45.2271240234375
1579.0	45.241372680664064
1580.0	44.99736633300781
1581.0	45.117364501953126
1582.0	45.167788696289065
1583.0	45.194088745117185
1584.0	45.16712646484375
1585.0	45.251016235351564
1586.0	45.08173828125
1587.0	45.17594604492187
1588.0	45.176998901367185
1589.0	45.29161376953125
1590.0	45.285769653320315
1591.0	45.141265869140625
1592.0	45.19436340332031
1593.0	45.129660034179686
1594.0	45.23190002441406
1595.0	45.17403564453125
1596.0	45.093746948242185
1597.0	45.236270141601565
1598.0	45.144674682617186
1599.0	45.15965270996094
1600.0	45.20897216796875
1601.0	45.21074523925781
1602.0	45.206451416015625
1603.0	45.108761596679685
1604.0	45.29099731445312
1605.0	45.317291259765625
1606.0	45.17637939453125
1607.0	45.339724731445315
1608.0	45.33845825195313
1609.0	45.317996215820315
1610.0	45.36764831542969
1611.0	45.337100219726565
1612.0	45.37049865722656
1613.0	45.33890380859375
1614.0	45.3457763671875
1615.0	45.356015014648435
1616.0	45.26581726074219
1617.0	45.27698974609375
1618.0	45.346832275390625
1619.0	45.262490844726564
1620.0	45.35716247558594
1621.0	45.345767211914065
1622.0	45.22423095703125
1623.0	45.283059692382814
1624.0	45.30586242675781
1625.0	45.348541259765625
1626.0	45.34340209960938
1627.0	45.415899658203124
1628.0	45.312017822265624
1629.0	45.336404418945314
1630.0	45.287539672851565
1631.0	45.33830871582031
1632.0	45.37736206054687
1633.0	45.3129638671875
1634.0	45.423727416992186
1635.0	45.2188232421875
1636.0	45.2781494140625
1637.0	45.47046813964844
1638.0	45.35062255859375
1639.0	45.33177185058594
1640.0	45.46419067382813
1641.0	45.3198486328125
1642.0	45.40474243164063
1643.0	45.264199829101564
1644.0	45.219216918945314
1645.0	45.385311889648435
1646.0	45.44801635742188
1647.0	45.453216552734375
1648.0	45.356057739257814
1649.0	45.27291259765625
1650.0	45.23243408203125
1651.0	45.3243896484375
1652.0	45.430328369140625
1653.0	45.27981872558594
1654.0	45.36105041503906
1655.0	45.40658874511719
1656.0	45.25086669921875
1657.0	45.28065795898438
1658.0	45.411740112304685
1659.0	45.350643920898435
1660.0	45.39238586425781
1661.0	45.47394714355469
1662.0	45.30487976074219
1663.0	45.223715209960936
1664.0	45.31116943359375
1665.0	45.1410400390625
1666.0	45.24175109863281
1667.0	45.258993530273436
1668.0	45.328515625
1669.0	45.341940307617186
1670.0	45.32258911132813
1671.0	45.27914733886719
1672.0	45.23580627441406
1673.0	45.185769653320314
1674.0	45.24429931640625
1675.0	45.18545837402344
1676.0	45.19913940429687
1677.0	45.1475830078125
1678.0	45.171807861328126
1679.0	45.14486389160156
1680.0	45.11018371582031
1681.0	45.15456848144531
1682.0	45.03132019042969
1683.0	45.132293701171875
1684.0	45.05555725097656
1685.0	45.15503845214844
1686.0	45.156942749023436
1687.0	44.98951416015625
1688.0	45.08299560546875
1689.0	44.950558471679685
1690.0	45.08861083984375
1691.0	45.06101684570312
1692.0	44.960321044921876
1693.0	45.01695861816406
1694.0	44.957647705078124
1695.0	44.97244567871094
1696.0	45.12583618164062
1697.0	45.017156982421874
1698.0	45.05525207519531
1699.0	45.06257019042969
1700.0	45.02940063476562
1701.0	44.98780212402344
1702.0	45.037496948242186
1703.0	45.06318969726563
1704.0	45.05335388183594
1705.0	44.84646301269531
1706.0	44.981649780273436
1707.0	45.083123779296876
1708.0	44.94816284179687
1709.0	45.06879577636719
1710.0	44.99571838378906
1711.0	45.022650146484374
1712.0	44.8927001953125
1713.0	44.91187438964844
1714.0	44.931393432617185
1715.0	45.004556274414064
1716.0	44.961065673828124
1717.0	45.01173095703125
1718.0	44.958587646484375
1719.0	44.95559387207031
1720.0	44.880096435546875
1721.0	45.03169555664063
1722.0	44.898162841796875
1723.0	44.98323059082031
1724.0	44.929742431640626
1725.0	44.95112915039063
1726.0	45.0661865234375
1727.0	45.04490966796875
1728.0	44.98077392578125
1729.0	44.93067321777344
1730.0	44.93333129882812
1731.0	44.90769653320312
1732.0	44.95049133300781
1733.0	44.82964172363281
1734.0	44.97115478515625
1735.0	44.95707702636719
1736.0	44.88341369628906
1737.0	44.813516235351564
1738.0	44.94532775878906
1739.0	44.913919067382814
1740.0	44.94686584472656
1741.0	44.887020874023435
1742.0	45.02328186035156
1743.0	44.98173522949219
1744.0	45.02547912597656
1745.0	44.94856567382813
1746.0	44.83713989257812
1747.0	44.92594909667969
1748.0	44.92786560058594
1749.0	44.868377685546875
1750.0	45.04290771484375
1751.0	44.88301086425781
1752.0	44.84171752929687
1753.0	44.852447509765625
1754.0	44.91292724609375
1755.0	44.99180297851562
1756.0	44.86286926269531
1757.0	44.89942321777344
1758.0	44.90861206054687
1759.0	44.886434936523436
1760.0	44.833212280273436
1761.0	44.890252685546876
1762.0	44.84814453125
1763.0	44.84251403808594
1764.0	44.881982421875
1765.0	44.783572387695315
1766.0	44.962887573242185
1767.0	44.869775390625
1768.0	44.92265625
1769.0	44.91644287109375
1770.0	44.78694458007813
1771.0	44.79649963378906
1772.0	44.865945434570314
1773.0	44.91470642089844
1774.0	44.882940673828124
1775.0	44.82850646972656
1776.0	44.85132751464844
1777.0	44.89571838378906
1778.0	44.83486633300781
1779.0	44.80988464355469
1780.0	44.89536743164062
1781.0	44.809994506835935
1782.0	44.96882934570313
1783.0	44.976324462890624
1784.0	44.96023254394531
1785.0	45.00033874511719
1786.0	45.05950012207031
1787.0	45.05804443359375
1788.0	44.87283630371094
1789.0	45.01968688964844
1790.0	45.021627807617186
1791.0	45.00279541015625
1792.0	45.0405029296875
1793.0	44.85346374511719
1794.0	45.014190673828125
1795.0	44.952633666992185
1796.0	44.97868957519531
1797.0	45.03760681152344
1798.0	45.108175659179686
1799.0	44.9728759765625
1800.0	45.08407897949219
1801.0	45.05408935546875
1802.0	44.98228454589844
1803.0	44.982598876953126
1804.0	44.99757385253906
1805.0	44.961334228515625
1806.0	45.052877807617186
1807.0	45.057492065429685
1808.0	45.141302490234374
1809.0	45.07297058105469
1810.0	45.010504150390624
1811.0	45.0648681640625
1812.0	45.122805786132815
1813.0	45.10634155273438
1814.0	45.119937133789065
1815.0	45.07099914550781
1816.0	45.077066040039064
1817.0	45.194140625
1818.0	45.08041687011719
1819.0	45.119143676757815
1820.0	45.123599243164065
1821.0	45.081912231445315
1822.0	45.173526000976565
1823.0	45.253515625
1824.0	45.25408020019531
1825.0	45.32373962402344
1826.0	45.32066345214844
1827.0	45.2047119140625
1828.0	45.161764526367186
1829.0	45.18650817871094
1830.0	45.216705322265625
1831.0	45.22052917480469
1832.0	45.107626342773436
1833.0	45.261776733398435
1834.0	45.26468505859375
1835.0	45.27815246582031
1836.0	45.21331787109375
1837.0	45.221536254882814
1838.0	45.163211059570315
1839.0	45.355889892578126
1840.0	45.33787231445312
1841.0	45.37885437011719
1842.0	45.27883605957031
1843.0	45.272802734375
1844.0	45.28697204589844
1845.0	45.24437561035156
1846.0	45.36601257324219
1847.0	45.221231079101564
1848.0	45.30379943847656
1849.0	45.281497192382815
1850.0	45.22327575683594
1851.0	45.36610107421875
1852.0	45.33596496582031
1853.0	45.29639587402344
1854.0	45.32157592773437
1855.0	45.281463623046875
1856.0	45.16260986328125
1857.0	45.251058959960936
1858.0	45.25132446289062
1859.0	45.30796813964844
1860.0	45.3225830078125
1861.0	45.228555297851564
1862.0	45.25154113769531
1863.0	45.350686645507814
1864.0	45.406491088867185
1865.0	45.334112548828124
1866.0	45.383734130859374
1867.0	45.32133483886719
1868.0	45.25028686523437
1869.0	45.31966857910156
1870.0	45.221063232421876
1871.0	45.26517333984375
1872.0	45.25287780761719
1873.0	45.246298217773436
1874.0	45.20087585449219
1875.0	45.27854919433594
1876.0	45.255307006835935
1877.0	45.222174072265624
1878.0	45.231326293945315
1879.0	45.255270385742186
1880.0	45.140646362304686
1881.0	45.219485473632815
1882.0	45.265167236328125
1883.0	45.11289672851562
1884.0	45.20614318847656
1885.0	45.140142822265624
1886.0	45.1008544921875
1887.0	45.16380920410156
1888.0	45.124264526367185
1889.0	45.2142578125
1890.0	45.04837646484375
1891.0	45.13876953125
1892.0	45.08510131835938
1893.0	45.17397766113281
1894.0	45.126382446289064
1895.0	44.963104248046875
1896.0	45.05119018554687
1897.0	45.13804626464844
1898.0	44.97865295410156
1899.0	45.04202575683594
1900.0	44.99605712890625
1901.0	45.08189697265625
1902.0	44.99545593261719
1903.0	45.01864013671875
1904.0	45.04750061035156
1905.0	44.99615478515625
1906.0	44.963967895507814
1907.0	44.87107543945312
1908.0	44.99283142089844
1909.0	45.11252136230469
1910.0	44.981015014648435
1911.0	45.09797668457031
1912.0	44.902566528320314
1913.0	45.073507690429686
1914.0	44.87244873046875
1915.0	44.969729614257815
1916.0	44.93759765625
1917.0	44.965118408203125
1918.0	44.99867553710938
1919.0	44.990289306640626
1920.0	44.92652282714844
1921.0	44.97040710449219
1922.0	44.99604797363281
1923.0	45.076718139648435
1924.0	44.981997680664065
1925.0	44.8593994140625
1926.0	44.85497131347656
1927.0	45.019378662109375
1928.0	44.80399780273437
1929.0	44.922052001953126
1930.0	45.038858032226564
1931.0	44.98341369628906
1932.0	44.99894714355469
1933.0	44.936822509765626
1934.0	44.964334106445314
1935.0	45.076654052734376
1936.0	45.028176879882814
1937.0	45.05030517578125
1938.0	45.04256591796875
1939.0	44.97091064453125
1940.0	45.039816284179686
1941.0	45.00169982910156
1942.0	45.07257080078125
1943.0	45.084478759765624
1944.0	45.10535583496094
1945.0	45.0464599609375
1946.0	45.079690551757814
1947.0	45.10121459960938
1948.0	45.015985107421876
1949.0	45.03338623046875
1950.0	45.02077941894531
1951.0	44.96061706542969
1952.0	45.14195861816406
1953.0	45.017608642578125
1954.0	44.969625854492186
1955.0	45.21079711914062
1956.0	45.05592651367188
1957.0	45.05430908203125
1958.0	45.15750732421875
1959.0	45.0919921875
1960.0	45.10319519042969
1961.0	45.1979736328125
1962.0	45.20203552246094
1963.0	45.08949584960938
1964.0	45.089105224609376
1965.0	45.24317626953125
1966.0	45.082708740234374
1967.0	45.29684143066406
1968.0	45.165863037109375
1969.0	45.18177795410156
1970.0	45.33668518066406
1971.0	45.26182861328125
1972.0	45.310638427734375
1973.0	45.2459716796875
1974.0	45.27250366210937
1975.0	45.29261779785156
1976.0	45.172601318359376
1977.0	45.20003051757813
1978.0	45.17772216796875
1979.0	45.28018798828125
1980.0	45.25465087890625
1981.0	45.34920043945313
1982.0	45.204132080078125
1983.0	45.32679443359375
1984.0	45.28404235839844
1985.0	45.28816528320313
1986.0	45.297125244140624
1987.0	45.26258850097656
1988.0	45.33810119628906
1989.0	45.55140686035156
1990.0	45.352725219726565
1991.0	45.40571594238281
1992.0	45.4095947265625
1993.0	45.30075378417969
1994.0	45.46202392578125
1995.0	45.386416625976565
1996.0	45.47215881347656
1997.0	45.455630493164065
1998.0	45.43354187011719
1999.0	45.508984375
2000.0	45.438784790039065
2001.0	45.47470703125
2002.0	45.501641845703126
2003.0	45.43814392089844
2004.0	45.372039794921875
2005.0	45.489385986328124
2006.0	45.64855041503906
2007.0	45.408059692382814
2008.0	45.47525329589844
2009.0	45.572271728515624
2010.0	45.45994567871094
2011.0	45.60501708984375
2012.0	45.440484619140626
2013.0	45.620184326171874
2014.0	45.5454345703125
2015.0	45.48775939941406
2016.0	45.38527221679688
2017.0	45.46507263183594
2018.0	45.57058410644531
2019.0	45.51765441894531
2020.0	45.51134338378906
2021.0	45.53844299316406
2022.0	45.51954040527344
2023.0	45.533041381835936
2024.0	45.56730651855469
2025.0	45.48129577636719
2026.0	45.463925170898435
2027.0	45.51719360351562
2028.0	45.52501525878906
2029.0	45.679263305664065
2030.0	45.58052062988281
2031.0	45.4159423828125
2032.0	45.529901123046876
2033.0	45.569769287109374
2034.0	45.56597900390625
2035.0	45.54442443847656
2036.0	45.51378173828125
2037.0	45.61941223144531
2038.0	45.5400634765625
2039.0	45.4933349609375
2040.0	45.53309020996094
2041.0	45.60945129394531
2042.0	45.546990966796876
2043.0	45.61327209472656
2044.0	45.561859130859375
2045.0	45.5618896484375
2046.0	45.458099365234375
2047.0	45.547000122070315
2048.0	45.56098327636719
2049.0	45.564117431640625
2050.0	45.52857971191406
2051.0	45.55897827148438
2052.0	45.47886962890625
2053.0	45.55254211425781
2054.0	45.43653259277344
2055.0	45.501861572265625
2056.0	45.492742919921874
2057.0	45.4931640625
2058.0	45.596597290039064
2059.0	45.449578857421876
2060.0	45.491006469726564
2061.0	45.46657104492188
2062.0	45.43776245117188
2063.0	45.5623046875
2064.0	45.444873046875
2065.0	45.52974243164063
2066.0	45.421896362304686
2067.0	45.49077453613281
2068.0	45.538943481445315
2069.0	45.330508422851565
2070.0	45.39693603515625
2071.0	45.58426208496094
2072.0	45.414697265625
2073.0	45.4538330078125
2074.0	45.62725830078125
2075.0	45.415341186523435
2076.0	45.453616333007815
2077.0	45.47782897949219
2078.0	45.46015930175781
2079.0	45.57186279296875
2080.0	45.443414306640626
2081.0	45.48396301269531
2082.0	45.55834045410156
2083.0	45.40452270507812
2084.0	45.39248962402344
2085.0	45.57465515136719
2086.0	45.55150146484375
2087.0	45.580239868164064
2088.0	45.500457763671875
2089.0	45.55681457519531
2090.0	45.45512084960937
2091.0	45.645166015625
2092.0	45.55633544921875
2093.0	45.53844299316406
2094.0	45.58290100097656
2095.0	45.5685791015625
2096.0	45.41578063964844
2097.0	45.55900268554687
2098.0	45.45716857910156
2099.0	45.52657775878906
2100.0	45.52778625488281
2101.0	45.45413513183594
2102.0	45.505035400390625
2103.0	45.56217041015625
2104.0	45.568173217773435
2105.0	45.4185546875
2106.0	45.59283447265625
2107.0	45.48544006347656
2108.0	45.522454833984376
2109.0	45.57771606445313
2110.0	45.47215881347656
2111.0	45.540582275390626
2112.0	45.53761291503906
2113.0	45.63984069824219
2114.0	45.5470947265625
2115.0	45.51621704101562
2116.0	45.557769775390625
2117.0	45.50196838378906
2118.0	45.51997375488281
2119.0	45.42777099609375
2120.0	45.49170837402344
2121.0	45.57288818359375
2122.0	45.555886840820314
2123.0	45.51593017578125
2124.0	45.41816711425781
2125.0	45.653857421875
2126.0	45.54817199707031
2127.0	45.52000732421875
2128.0	45.59053955078125
2129.0	45.55857849121094
2130.0	45.67232971191406
2131.0	45.53225402832031
2132.0	45.505975341796876
2133.0	45.5985595703125
2134.0	45.54080810546875
2135.0	45.658642578125
2136.0	45.51493835449219
2137.0	45.505255126953124
2138.0	45.474237060546876
2139.0	45.45699768066406
2140.0	45.48049621582031
2141.0	45.487786865234376
2142.0	45.60025329589844
2143.0	45.45746765136719
2144.0	45.48899536132812
2145.0	45.572409057617186
2146.0	45.60006408691406
2147.0	45.476235961914064
2148.0	45.4173828125
2149.0	45.54464111328125
2150.0	45.515866088867185
2151.0	45.459451293945314
2152.0	45.633612060546874
2153.0	45.62092895507813
2154.0	45.49720458984375
2155.0	45.52204284667969
2156.0	45.44332580566406
2157.0	45.61842041015625
2158.0	45.57185363769531
2159.0	45.415496826171875
2160.0	45.3920166015625
2161.0	45.63752136230469
2162.0	45.44979248046875
2163.0	45.554638671875
2164.0	45.3864990234375
2165.0	45.42256164550781
2166.0	45.500546264648435
2167.0	45.54246826171875
2168.0	45.532958984375
2169.0	45.40522766113281
2170.0	45.495062255859374
2171.0	45.45989990234375
2172.0	45.483602905273436
2173.0	45.3652099609375
2174.0	45.43171997070313
2175.0	45.437197875976565
2176.0	45.433587646484376
2177.0	45.4614990234375
2178.0	45.49434814453125
2179.0	45.42551879882812
2180.0	45.337850952148436
2181.0	45.355718994140624
2182.0	45.3542236328125
2183.0	45.3716064453125
2184.0	45.33231811523437
2185.0	45.336996459960936
2186.0	45.484747314453124
2187.0	45.41566772460938
2188.0	45.15846252441406
2189.0	45.250552368164065
2190.0	45.261932373046875
2191.0	45.32175903320312
2192.0	45.28467712402344
2193.0	45.42753295898437
2194.0	45.22623901367187
2195.0	45.272683715820314
2196.0	45.280453491210935
2197.0	45.241644287109374
2198.0	45.200259399414065
2199.0	45.295526123046876
2200.0	45.253176879882815
2201.0	45.21376037597656
2202.0	45.30183715820313
2203.0	45.34991455078125
2204.0	45.276910400390626
2205.0	45.27511291503906
2206.0	45.22340087890625
2207.0	45.270391845703124
2208.0	45.197079467773435
2209.0	45.1295166015625
2210.0	45.27395324707031
2211.0	45.189938354492185
2212.0	45.193597412109376
2213.0	45.24904174804688
2214.0	45.234170532226564
2215.0	45.379922485351564
2216.0	45.1521240234375
2217.0	45.22667236328125
2218.0	45.24894409179687
2219.0	45.212362670898436
2220.0	45.25670166015625
2221.0	45.201596069335935
2222.0	45.22682495117188
2223.0	45.278140258789065
2224.0	45.333859252929685
2225.0	45.38202819824219
2226.0	45.199258422851564
2227.0	45.46554260253906
2228.0	45.204681396484375
2229.0	45.385931396484374
2230.0	45.175515747070314
2231.0	45.307028198242186
2232.0	45.226443481445315
2233.0	45.264190673828125
2234.0	45.21305541992187
2235.0	45.24952697753906
2236.0	45.27840576171875
2237.0	45.2723876953125
2238.0	45.278195190429685
2239.0	45.265386962890624
2240.0	45.36363525390625
2241.0	45.298239135742186
2242.0	45.222128295898436
2243.0	45.108761596679685
2244.0	45.26615905761719
2245.0	45.31146240234375
2246.0	45.1988525390625
2247.0	45.15529174804688
2248.0	45.276675415039065
2249.0	45.30715637207031
2250.0	45.210916137695314
2251.0	45.21470947265625
2252.0	45.33194580078125
2253.0	45.3016357421875
2254.0	45.39223937988281
2255.0	45.315740966796874
2256.0	45.220132446289064
2257.0	45.29215087890625
2258.0	45.0443603515625
2259.0	45.38984069824219
2260.0	45.208554077148435
2261.0	45.3207763671875
2262.0	45.314013671875
2263.0	45.236541748046875
2264.0	45.28007202148437
2265.0	45.195672607421876
2266.0	45.30640869140625
2267.0	45.211569213867186
2268.0	45.24267578125
2269.0	45.281558227539065
2270.0	45.27784729003906
2271.0	45.241354370117186
2272.0	45.3951904296875
2273.0	45.24111328125
2274.0	45.33994750976562
2275.0	45.293487548828125
2276.0	45.381228637695315
2277.0	45.30877685546875
2278.0	45.30394287109375
2279.0	45.31859436035156
2280.0	45.39500732421875
2281.0	45.227255249023436
2282.0	45.29432678222656
2283.0	45.33819580078125
2284.0	45.181036376953124
2285.0	45.339901733398435
2286.0	45.240298461914065
2287.0	45.289190673828124
2288.0	45.407711791992185
2289.0	45.29437255859375
2290.0	45.39350280761719
2291.0	45.4599853515625
2292.0	45.23960571289062
2293.0	45.37474060058594
2294.0	45.350137329101564
2295.0	45.333370971679685
2296.0	45.27610778808594
2297.0	45.31254577636719
2298.0	45.46300354003906
2299.0	45.306149291992185
2300.0	45.35411682128906
2301.0	45.478265380859376
2302.0	45.35829467773438
2303.0	45.41415100097656
2304.0	45.357904052734376
2305.0	45.286773681640625
2306.0	45.34727172851562
2307.0	45.432736206054685
2308.0	45.34440307617187
2309.0	45.36034240722656
2310.0	45.39261474609375
2311.0	45.24261474609375
2312.0	45.367367553710935
2313.0	45.37479248046875
2314.0	45.36842041015625
2315.0	45.38861083984375
2316.0	45.325103759765625
2317.0	45.35356750488281
2318.0	45.24960021972656
2319.0	45.33869934082031
2320.0	45.33073120117187
2321.0	45.347415161132815
2322.0	45.370147705078125
2323.0	45.45291442871094
2324.0	45.29480895996094
2325.0	45.24713134765625
2326.0	45.33103942871094
2327.0	45.359622192382815
2328.0	45.38243713378906
2329.0	45.323849487304685
2330.0	45.368377685546875
2331.0	45.416900634765625
2332.0	45.30423583984375
2333.0	45.31675415039062
2334.0	45.34627075195313
2335.0	45.40336303710937
2336.0	45.438848876953124
2337.0	45.32207336425781
2338.0	45.40888366699219
2339.0	45.46018981933594
2340.0	45.42891845703125
2341.0	45.39409484863281
2342.0	45.39748840332031
2343.0	45.293310546875
2344.0	45.358123779296875
2345.0	45.493963623046874
2346.0	45.34694213867188
2347.0	45.396978759765624
2348.0	45.378353881835935
2349.0	45.4073974609375
2350.0	45.37489013671875
2351.0	45.5303955078125
2352.0	45.28170471191406
2353.0	45.29685668945312
2354.0	45.371612548828125
2355.0	45.34369812011719
2356.0	45.33699340820313
2357.0	45.50267639160156
2358.0	45.570169067382814
2359.0	45.4414306640625
2360.0	45.31358337402344
2361.0	45.375143432617186
2362.0	45.4325439453125
2363.0	45.42253723144531
2364.0	45.37635803222656
2365.0	45.423211669921876
2366.0	45.4185791015625
2367.0	45.575540161132814
2368.0	45.45041198730469
2369.0	45.52418212890625
2370.0	45.53050842285156
2371.0	45.61951599121094
2372.0	45.337484741210936
2373.0	45.52505798339844
2374.0	45.50010375976562
2375.0	45.53282775878906
2376.0	45.476226806640625
2377.0	45.459719848632815
2378.0	45.52054443359375
2379.0	45.5720947265625
2380.0	45.447793579101564
2381.0	45.447958374023436
2382.0	45.46421813964844
2383.0	45.507894897460936
2384.0	45.38983154296875
2385.0	45.61211242675781
2386.0	45.575338745117186
2387.0	45.65095825195313
2388.0	45.4080810546875
2389.0	45.539093017578125
2390.0	45.494866943359376
2391.0	45.557315063476565
2392.0	45.494143676757815
2393.0	45.4951904296875
2394.0	45.473260498046876
2395.0	45.617349243164064
2396.0	45.589300537109374
2397.0	45.51559753417969
2398.0	45.71180114746094
2399.0	45.6708984375
2400.0	45.585086059570315
2401.0	45.66371154785156
2402.0	45.729736328125
2403.0	45.73460388183594
2404.0	45.717532348632815
2405.0	45.60257568359375
2406.0	45.67911376953125
2407.0	45.628472900390626
2408.0	45.69491271972656
2409.0	45.79105834960937
2410.0	45.74063415527344
2411.0	45.636016845703125
2412.0	45.70991516113281
2413.0	45.784033203125
2414.0	45.784552001953124
2415.0	45.71120910644531
2416.0	45.824685668945314
2417.0	45.69806823730469
2418.0	45.75465698242188
2419.0	45.73173522949219
2420.0	45.795745849609375
2421.0	45.695184326171876
2422.0	45.79403991699219
2423.0	45.746316528320314
2424.0	45.701620483398436
2425.0	45.800970458984374
2426.0	45.764093017578126
2427.0	45.771054077148435
2428.0	45.78031616210937
2429.0	45.8275146484375
2430.0	45.80643310546875
2431.0	45.80002136230469
2432.0	45.77127685546875
2433.0	45.722348022460935
2434.0	45.81325073242188
2435.0	45.80143432617187
2436.0	45.78311462402344
2437.0	45.79935913085937
2438.0	45.89149475097656
2439.0	45.775018310546876
2440.0	45.64278564453125
2441.0	45.815625
2442.0	45.842498779296875
2443.0	45.87281799316406
2444.0	45.915139770507814
2445.0	45.869476318359375
2446.0	45.74355773925781
2447.0	45.793670654296875
2448.0	45.93464050292969
2449.0	45.71632080078125
2450.0	45.87077331542969
2451.0	45.768096923828125
2452.0	45.862481689453126
2453.0	45.84349060058594
2454.0	45.756890869140626
2455.0	45.83899841308594
2456.0	45.776947021484375
2457.0	45.682351684570314
2458.0	45.9197998046875
2459.0	45.79001159667969
2460.0	45.7144287109375
2461.0	45.710662841796875
2462.0	45.817501831054685
2463.0	45.81764221191406
2464.0	45.8660400390625
2465.0	45.68708190917969
2466.0	45.803897094726565
2467.0	45.89659729003906
2468.0	45.900326538085935
2469.0	45.869512939453124
2470.0	45.86375732421875
2471.0	45.857086181640625
2472.0	45.86369323730469
2473.0	46.04433898925781
2474.0	45.78612365722656
2475.0	45.853668212890625
2476.0	45.695822143554686
2477.0	45.81465148925781
2478.0	45.76549377441406
2479.0	45.76707458496094
2480.0	45.830807495117185
2481.0	45.83894653320313
2482.0	45.78721923828125
2483.0	45.764218139648435
2484.0	45.828424072265626
2485.0	45.757327270507815
2486.0	45.74331359863281
2487.0	45.74830322265625
2488.0	45.774130249023436
2489.0	45.72901306152344
2490.0	45.688778686523435
2491.0	45.85143127441406
2492.0	45.73066711425781
2493.0	45.774969482421874
2494.0	45.72698974609375
2495.0	45.756167602539065
2496.0	45.758908081054685
2497.0	45.80521850585937
2498.0	45.71806030273437
2499.0	45.78834533691406
2500.0	45.86573486328125
2501.0	45.737673950195315
2502.0	45.85281066894531
2503.0	45.879937744140626
2504.0	45.73133544921875
2505.0	45.63685913085938
2506.0	45.7127197265625
2507.0	45.812713623046875
2508.0	45.71421508789062
2509.0	45.625509643554686
2510.0	45.75038452148438
2511.0	45.65328369140625
2512.0	45.754022216796876
2513.0	45.85482177734375
2514.0	45.73511962890625
2515.0	45.72291870117188
2516.0	45.699249267578125
2517.0	45.667544555664065
2518.0	45.76387023925781
2519.0	45.859066772460935
2520.0	45.8382568359375
2521.0	45.786553955078126
2522.0	45.683065795898436
2523.0	45.80101013183594
2524.0	45.778890991210936
2525.0	45.720761108398435
2526.0	45.705892944335936
2527.0	45.77710876464844
2528.0	45.683221435546876
2529.0	45.678897094726565
2530.0	45.772909545898436
2531.0	45.74681701660156
2532.0	45.68668212890625
2533.0	45.721075439453124
2534.0	45.811825561523435
2535.0	45.818182373046874
2536.0	45.74754943847656
2537.0	45.74838562011719
2538.0	45.84926147460938
2539.0	45.656097412109375
2540.0	45.66635437011719
2541.0	45.79581909179687
2542.0	45.796688842773435
2543.0	45.73087768554687
2544.0	45.719635009765625
2545.0	45.785623168945314
2546.0	45.812860107421876
2547.0	45.70498046875
2548.0	45.79129333496094
2549.0	45.730044555664065
2550.0	45.68533935546875
2551.0	45.811703491210935
2552.0	45.767279052734374
2553.0	45.82611999511719
2554.0	45.68031616210938
2555.0	45.697998046875
2556.0	45.7642333984375
2557.0	45.74759216308594
2558.0	45.782159423828126
2559.0	45.60616760253906
2560.0	45.786773681640625
2561.0	45.80718994140625
2562.0	45.676934814453126
2563.0	45.62974243164062
2564.0	45.734136962890624
2565.0	45.65792541503906
2566.0	45.71974182128906
2567.0	27.497317504882812
2568.0	45.802581787109375
2569.0	45.855230712890624
2570.0	45.729254150390624
2571.0	45.874517822265624
2572.0	45.803619384765625
2573.0	45.809408569335936
2574.0	45.78746643066406
2575.0	45.70750732421875
2576.0	45.686831665039065
2577.0	45.78160400390625
2578.0	45.7793212890625
2579.0	45.621035766601565
2580.0	45.75591125488281
2581.0	45.822183227539064
2582.0	45.847494506835936
2583.0	45.8778076171875
2584.0	45.76793518066406
2585.0	45.79332275390625
2586.0	45.85240783691406
2587.0	45.849447631835936
2588.0	45.820578002929686
2589.0	45.814581298828124
2590.0	45.76357727050781
2591.0	45.87174682617187
2592.0	45.799853515625
2593.0	45.719827270507814
2594.0	45.89923095703125
2595.0	45.6773681640625
2596.0	46.01978454589844
2597.0	45.687750244140624
2598.0	45.862725830078126
2599.0	45.77931518554688
2600.0	45.84183044433594
2601.0	45.794918823242185
2602.0	45.86600952148437
2603.0	45.798220825195315
2604.0	45.795745849609375
2605.0	45.83431701660156
2606.0	45.85596618652344
2607.0	45.778683471679685
2608.0	45.8484130859375
2609.0	45.768331909179686
2610.0	45.93272094726562
2611.0	45.76839599609375
2612.0	45.842446899414064
2613.0	45.91965942382812
2614.0	45.883172607421876
2615.0	45.929098510742186
2616.0	45.81033630371094
2617.0	45.874734497070314
2618.0	45.910491943359375
2619.0	45.950628662109374
2620.0	45.89400634765625
2621.0	45.922052001953126
2622.0	45.88345947265625
2623.0	45.916744995117185
2624.0	45.899453735351564
2625.0	45.852960205078126
2626.0	45.9727294921875
2627.0	45.86873779296875
2628.0	45.86986083984375
2629.0	45.911041259765625
2630.0	45.99153137207031
2631.0	45.92039794921875
2632.0	45.93244934082031
2633.0	46.0365478515625
2634.0	45.98830871582031
2635.0	46.02471923828125
2636.0	45.99974365234375
2637.0	45.936798095703125
2638.0	46.00265197753906
2639.0	46.04696044921875
2640.0	45.99473876953125
2641.0	45.966741943359374
2642.0	46.04739990234375
2643.0	45.9264892578125
2644.0	45.96781005859375
2645.0	46.00970458984375
2646.0	46.04365234375
2647.0	46.053097534179685
2648.0	46.046624755859376
2649.0	45.9531005859375
2650.0	46.083123779296876
2651.0	45.93348999023438
2652.0	46.09889221191406
2653.0	46.05729370117187
2654.0	46.13271789550781
2655.0	46.0173095703125
2656.0	46.10086364746094
2657.0	46.05216979980469
2658.0	45.978884887695315
2659.0	46.08968811035156
2660.0	45.994265747070315
2661.0	46.18359375
2662.0	45.98192443847656
2663.0	45.94129333496094
2664.0	46.144961547851565
2665.0	46.02474670410156
2666.0	45.92479553222656
2667.0	46.01323547363281
2668.0	46.024087524414064
2669.0	45.963067626953126
2670.0	46.022097778320315
2671.0	46.04503479003906
2672.0	46.07830810546875
2673.0	46.01803283691406
2674.0	45.93194580078125
2675.0	45.911843872070314
2676.0	45.891424560546874
2677.0	45.90095520019531
2678.0	45.94657592773437
2679.0	45.892913818359375
2680.0	46.057186889648435
2681.0	45.891091918945314
2682.0	46.044586181640625
2683.0	45.981869506835935
2684.0	45.85750732421875
2685.0	45.9268798828125
2686.0	45.96534118652344
2687.0	45.93562622070313
2688.0	45.99873352050781
2689.0	46.032449340820314
2690.0	45.87118225097656
2691.0	46.24317626953125
2692.0	45.89426879882812
2693.0	45.49068908691406
2694.0	45.13459777832031
2695.0	44.701943969726564
2696.0	44.240603637695315
2697.0	43.23065185546875
2698.0	44.3904052734375
2699.0	45.422760009765625
2700.0	45.54895935058594
2701.0	45.579342651367185
2702.0	45.60354309082031
2703.0	45.579873657226564
2704.0	45.7250244140625
2705.0	45.722113037109374
2706.0	45.600128173828125
2707.0	45.685891723632814
2708.0	45.66930236816406
2709.0	45.758016967773436
2710.0	45.78157043457031
2711.0	45.703897094726564
2712.0	45.605996704101564
2713.0	45.68197326660156
2714.0	45.65160217285156
2715.0	45.65092163085937
2716.0	45.4467041015625
2717.0	45.639129638671875
2718.0	45.56731262207031
2719.0	45.593231201171875
2720.0	45.548764038085935
2721.0	45.605429077148436
2722.0	45.61375427246094
2723.0	45.65788269042969
2724.0	45.516659545898435
2725.0	45.54560241699219
2726.0	45.50686950683594
2727.0	45.56968994140625
2728.0	45.47017211914063
2729.0	45.551214599609374
2730.0	45.55812072753906
2731.0	45.561581420898435
2732.0	45.46049499511719
2733.0	45.6188720703125
2734.0	45.61471252441406
2735.0	45.58037109375
2736.0	45.60594177246094
2737.0	45.5481689453125
2738.0	45.5743896484375
2739.0	45.59771728515625
2740.0	45.57209777832031
2741.0	45.608645629882815
2742.0	45.63955383300781
2743.0	45.7265869140625
2744.0	45.70718688964844
2745.0	45.56673889160156
2746.0	45.543267822265626
2747.0	45.58099365234375
2748.0	45.621157836914065
2749.0	45.76350402832031
2750.0	45.631494140625
2751.0	45.713739013671876
2752.0	45.670037841796876
2753.0	45.8868896484375
2754.0	45.807943725585936
2755.0	45.78086547851562
2756.0	45.71415710449219
2757.0	45.77330322265625
2758.0	45.86769104003906
2759.0	45.813803100585936
2760.0	45.97560119628906
2761.0	45.92543334960938
2762.0	46.03495483398437
2763.0	45.88868713378906
2764.0	45.953799438476565
2765.0	45.954464721679685
2766.0	45.976751708984374
2767.0	45.89077453613281
2768.0	46.005984497070315
2769.0	46.02604675292969
2770.0	45.99190063476563
2771.0	45.92073974609375
2772.0	45.911798095703126
2773.0	45.9977294921875
2774.0	45.977142333984375
2775.0	46.12410888671875
2776.0	45.90408630371094
2777.0	46.03577575683594
2778.0	45.98191833496094
2779.0	45.83726806640625
2780.0	45.685140991210936
2781.0	45.35703125
2782.0	44.52812194824219
2783.0	43.72083435058594
2784.0	43.583544921875
2785.0	44.686920166015625
2786.0	45.73685913085937
2787.0	46.04915161132813
2788.0	45.93049926757813
2789.0	45.927490234375
2790.0	45.8303955078125
2791.0	45.79652099609375
2792.0	45.833151245117186
2793.0	45.809423828125
2794.0	45.93033142089844
2795.0	45.76387023925781
2796.0	45.85450439453125
2797.0	45.83944396972656
2798.0	45.97547607421875
2799.0	45.72315368652344
2800.0	45.70502624511719
2801.0	45.7239013671875
2802.0	45.806826782226565
2803.0	45.8697265625
2804.0	45.812557983398435
2805.0	45.806173706054686
2806.0	45.76793212890625
2807.0	45.73133544921875
2808.0	45.78619384765625
2809.0	45.61152038574219
2810.0	45.70505981445312
2811.0	45.70723876953125
2812.0	45.606536865234375
2813.0	45.72923583984375
2814.0	45.775814819335935
2815.0	45.57604064941406
2816.0	45.7044677734375
2817.0	45.63582763671875
2818.0	45.707516479492185
2819.0	45.7107421875
2820.0	45.71731872558594
2821.0	45.76226806640625
2822.0	45.67854309082031
2823.0	45.64418029785156
2824.0	45.665704345703126
2825.0	45.6339599609375
2826.0	45.6380859375
2827.0	45.71577758789063
2828.0	45.76442260742188
2829.0	45.69574890136719
2830.0	45.7192626953125
2831.0	45.65542907714844
2832.0	45.69173889160156
2833.0	45.72333984375
2834.0	45.614218139648436
2835.0	45.68643798828125
2836.0	45.66819458007812
2837.0	45.67796325683594
2838.0	45.691714477539065
2839.0	45.685455322265625
2840.0	45.602813720703125
2841.0	45.65386962890625
2842.0	45.76533203125
2843.0	45.592041015625
2844.0	45.57604064941406
2845.0	45.57939758300781
2846.0	45.6949951171875
2847.0	45.638491821289065
2848.0	45.66230163574219
2849.0	45.68521728515625
2850.0	45.55917663574219
2851.0	45.6366455078125
2852.0	45.54753112792969
2853.0	45.63623962402344
2854.0	45.630615234375
2855.0	45.66506652832031
2856.0	45.61231689453125
2857.0	45.62868041992188
2858.0	45.594061279296874
2859.0	45.553872680664064
2860.0	45.544775390625
2861.0	45.587286376953124
2862.0	45.58585205078125
2863.0	45.4306396484375
2864.0	45.54082336425781
2865.0	45.56941223144531
2866.0	45.51615905761719
2867.0	45.53426818847656
2868.0	45.48933715820313
2869.0	45.646548461914065
2870.0	45.562069702148435
2871.0	45.45591735839844
2872.0	45.5440673828125
2873.0	45.641213989257814
2874.0	45.48934326171875
2875.0	45.661590576171875
2876.0	45.52432861328125
2877.0	45.6156494140625
2878.0	45.709982299804686
2879.0	45.66297607421875
2880.0	45.61391906738281
2881.0	45.628561401367186
2882.0	45.62584533691406
2883.0	45.4815673828125
2884.0	45.62143249511719
2885.0	45.60661010742187
2886.0	45.54732971191406
2887.0	45.63074951171875
2888.0	45.58549194335937
2889.0	45.72357177734375
2890.0	45.689630126953126
2891.0	45.65604858398437
2892.0	45.46119995117188
2893.0	45.628292846679685
2894.0	45.591757202148436
2895.0	45.609375
2896.0	45.549652099609375
2897.0	45.50752258300781
2898.0	45.610452270507814
2899.0	45.63271484375
2900.0	45.644100952148435
2901.0	45.72945556640625
2902.0	45.734152221679686
2903.0	45.770205688476565
2904.0	45.71095581054688
2905.0	45.7297607421875
2906.0	45.797586059570314
2907.0	45.75776062011719
2908.0	45.893621826171874
2909.0	45.568399047851564
2910.0	45.730474853515624
2911.0	45.68789978027344
2912.0	45.69407348632812
2913.0	45.71371765136719
2914.0	45.82310180664062
2915.0	45.67448120117187
2916.0	45.76792907714844
2917.0	45.811135864257814
2918.0	45.74474182128906
2919.0	45.76956481933594
2920.0	45.76961975097656
2921.0	45.786083984375
2922.0	45.84885864257812
2923.0	45.79603271484375
2924.0	45.88184509277344
2925.0	45.87008972167969
2926.0	45.861489868164064
2927.0	45.88623962402344
2928.0	45.817083740234374
2929.0	45.8821533203125
2930.0	45.798526000976565
2931.0	45.900927734375
2932.0	45.8223876953125
2933.0	45.98695373535156
2934.0	45.93589477539062
2935.0	45.85062866210937
2936.0	45.86295776367187
2937.0	45.85905456542969
2938.0	45.96827392578125
2939.0	45.89198303222656
2940.0	45.88954162597656
2941.0	45.843804931640626
2942.0	45.941717529296874
2943.0	45.84385681152344
2944.0	45.9169677734375
2945.0	45.866522216796874
2946.0	45.88627624511719
2947.0	46.041934204101565
2948.0	45.752081298828124
2949.0	46.03221740722656
2950.0	45.805389404296875
2951.0	45.881597900390624
2952.0	45.87649230957031
2953.0	46.09705505371094
2954.0	45.914492797851565
2955.0	45.89338684082031
2956.0	45.99873657226563
2957.0	45.962319946289064
2958.0	46.02449035644531
2959.0	45.981448364257815
2960.0	46.01839599609375
2961.0	46.045407104492185
2962.0	46.02879028320312
2963.0	45.974667358398435
2964.0	45.960870361328126
2965.0	45.91026916503906
2966.0	45.97197570800781
2967.0	46.02479858398438
2968.0	46.05113220214844
2969.0	46.18355712890625
2970.0	46.01607055664063
2971.0	46.008880615234375
2972.0	45.938717651367185
2973.0	46.05002136230469
2974.0	46.117315673828124
2975.0	45.97700500488281
2976.0	45.96729736328125
2977.0	45.95790405273438
2978.0	46.01097412109375
2979.0	46.052972412109376
2980.0	46.01991577148438
2981.0	46.125421142578126
2982.0	46.09358215332031
2983.0	46.003179931640624
2984.0	45.94044189453125
2985.0	46.16836242675781
2986.0	46.03614196777344
2987.0	45.97807006835937
2988.0	46.080038452148436
2989.0	46.09847717285156
2990.0	45.99038391113281
2991.0	46.051004028320314
2992.0	46.041693115234374
2993.0	46.09812927246094
2994.0	46.05838317871094
2995.0	46.12215881347656
2996.0	46.110653686523435
2997.0	46.108377075195314
2998.0	46.17851867675781
2999.0	46.09284973144531
3000.0	46.11309814453125
3001.0	46.13335266113281
3002.0	46.076019287109375
3003.0	46.03254699707031
3004.0	46.08131713867188
3005.0	46.149383544921875
3006.0	46.167214965820314
3007.0	46.231161499023436
3008.0	46.137994384765626
3009.0	46.095584106445315
3010.0	46.15217590332031
3011.0	46.052310180664065
3012.0	46.12054443359375
3013.0	46.14586486816406
3014.0	46.084521484375
3015.0	46.07322998046875
3016.0	46.154595947265626
3017.0	46.071240234375
3018.0	46.134881591796876
3019.0	46.0865478515625
3020.0	46.170904541015624
3021.0	46.14461975097656
3022.0	46.23172302246094
3023.0	46.09696655273437
3024.0	46.08931884765625
3025.0	46.206790161132815
3026.0	46.147970581054686
3027.0	46.13575439453125
3028.0	46.074310302734375
3029.0	46.03044738769531
3030.0	46.13791198730469
3031.0	46.07406311035156
3032.0	46.191961669921874
3033.0	46.08059387207031
3034.0	46.191253662109375
3035.0	46.12832336425781
3036.0	46.07740173339844
3037.0	46.14564514160156
3038.0	46.23521728515625
3039.0	46.156271362304686
3040.0	46.097113037109374
3041.0	46.12989501953125
3042.0	46.236019897460935
3043.0	46.093316650390626
3044.0	46.16596984863281
3045.0	46.099554443359374
3046.0	46.148806762695315
3047.0	45.98909301757813
3048.0	46.183642578125
3049.0	46.093621826171876
3050.0	46.17013244628906
3051.0	46.207830810546874
3052.0	45.98994140625
3053.0	46.00978088378906
3054.0	46.069436645507814
3055.0	46.135903930664064
3056.0	46.079714965820315
3057.0	46.077633666992185
3058.0	46.1014404296875
3059.0	46.045355224609374
3060.0	46.08760070800781
3061.0	45.993106079101565
3062.0	46.107723999023435
3063.0	46.053060913085936
3064.0	45.996987915039064
3065.0	45.97004699707031
3066.0	46.032046508789065
3067.0	45.93958740234375
3068.0	46.017086791992185
3069.0	45.98402404785156
3070.0	45.95225219726562
3071.0	46.08333740234375
3072.0	45.98843688964844
3073.0	45.96494140625
3074.0	46.008050537109376
3075.0	45.85994262695313
3076.0	45.876748657226564
3077.0	45.90879821777344
3078.0	46.01347045898437
3079.0	45.912591552734376
3080.0	45.957733154296875
3081.0	45.8255126953125
3082.0	45.95735168457031
3083.0	45.805609130859374
3084.0	45.876016235351564
3085.0	45.862554931640624
3086.0	45.817221069335936
3087.0	45.8329833984375
3088.0	45.82139587402344
3089.0	45.79219970703125
3090.0	45.74471740722656
3091.0	45.91975708007813
3092.0	45.71229858398438
3093.0	45.688360595703124
3094.0	45.80036315917969
3095.0	45.76966857910156
3096.0	45.599038696289064
3097.0	45.805538940429685
3098.0	45.782501220703125
3099.0	45.81379699707031
3100.0	45.82698059082031
3101.0	45.84751892089844
3102.0	45.6922119140625
3103.0	45.72215270996094
3104.0	45.86976013183594
3105.0	45.757745361328126
3106.0	45.7768310546875
3107.0	45.83829040527344
3108.0	45.692041015625
3109.0	45.813497924804686
3110.0	45.948037719726564
3111.0	45.71898498535156
3112.0	45.77340087890625
3113.0	45.706973266601565
3114.0	45.817587280273436
3115.0	45.871893310546874
3116.0	45.80455017089844
3117.0	45.83280029296875
3118.0	45.803778076171874
3119.0	45.770330810546874
3120.0	45.73399353027344
3121.0	45.75148010253906
3122.0	45.86912231445312
3123.0	45.818603515625
3124.0	45.69716186523438
3125.0	45.807708740234375
3126.0	45.77834777832031
3127.0	45.829159545898435
3128.0	45.78482360839844
3129.0	45.74378662109375
3130.0	45.808831787109376
3131.0	45.6812744140625
3132.0	45.653140258789065
3133.0	45.59331359863281
3134.0	45.79039001464844
3135.0	45.81876220703125
3136.0	45.733367919921875
3137.0	45.775360107421875
3138.0	45.832644653320315
3139.0	45.73875732421875
3140.0	45.80525207519531
3141.0	45.6578125
3142.0	45.74463806152344
3143.0	45.710235595703125
3144.0	45.65322265625
3145.0	45.74024353027344
3146.0	45.84512634277344
3147.0	45.861419677734375
3148.0	45.747378540039065
3149.0	45.779537963867185
3150.0	45.779815673828125
3151.0	45.80210876464844
3152.0	45.681845092773436
3153.0	45.59733276367187
3154.0	45.85698547363281
3155.0	45.655078125
3156.0	45.858682250976564
3157.0	45.758078002929686
3158.0	45.802182006835935
3159.0	45.75297546386719
3160.0	45.715179443359375
3161.0	45.79869079589844
3162.0	45.813900756835935
3163.0	45.82091064453125
3164.0	45.91404418945312
3165.0	45.8169677734375
3166.0	45.833203125
3167.0	45.7959716796875
3168.0	8.91614990234375
3169.0	45.93989562988281
3170.0	45.78471069335937
3171.0	45.66590270996094
3172.0	45.839724731445315
3173.0	45.787664794921874
3174.0	45.814263916015626
3175.0	45.78318481445312
3176.0	45.75826416015625
3177.0	45.74410705566406
3178.0	45.78325500488281
3179.0	45.72091369628906
3180.0	45.74016418457031
3181.0	45.831112670898435
3182.0	45.63516540527344
3183.0	45.60404968261719
3184.0	45.780966186523436
3185.0	45.834249877929686
3186.0	45.70823364257812
3187.0	45.657839965820315
3188.0	45.69854736328125
3189.0	45.687677001953126
3190.0	45.68370361328125
3191.0	45.78141479492187
3192.0	45.47996826171875
3193.0	45.753659057617185
3194.0	45.766510009765625
3195.0	45.722494506835936
3196.0	45.739401245117186
3197.0	45.79617919921875
3198.0	45.8513427734375
3199.0	45.900552368164064
3200.0	45.845123291015625
3201.0	45.8871826171875
3202.0	45.88493347167969
3203.0	45.84780578613281
3204.0	45.782965087890624
3205.0	45.92472839355469
3206.0	45.96145324707031
3207.0	45.972042846679685
3208.0	45.355096435546876
3209.0	44.32667236328125
3210.0	43.56230163574219
3211.0	43.25316162109375
3212.0	44.81525573730469
3213.0	45.699032592773435
3214.0	45.843804931640626
3215.0	45.78939208984375
3216.0	45.923562622070314
3217.0	45.950296020507814
3218.0	45.90871887207031
3219.0	45.85141296386719
3220.0	45.816323852539064
3221.0	46.01170043945312
3222.0	46.032745361328125
3223.0	45.92659912109375
3224.0	45.938211059570314
3225.0	45.90299682617187
3226.0	46.0140625
3227.0	45.842889404296876
3228.0	45.87263488769531
3229.0	45.931646728515624
3230.0	45.841860961914065
3231.0	45.70955200195313
3232.0	45.839559936523436
3233.0	45.82011413574219
3234.0	46.04062194824219
3235.0	45.929931640625
3236.0	46.085205078125
3237.0	45.94882507324219
3238.0	46.0068603515625
3239.0	45.98056335449219
3240.0	46.06737060546875
3241.0	45.99906005859375
3242.0	46.067144775390624
3243.0	46.1181640625
3244.0	46.185769653320314
3245.0	46.09480285644531
3246.0	46.11099548339844
3247.0	46.081784057617185
3248.0	46.1529296875
3249.0	46.145608520507814
3250.0	46.18068237304688
3251.0	46.171112060546875
3252.0	46.14552001953125
3253.0	46.265509033203124
3254.0	46.23879699707031
3255.0	46.313226318359376
3256.0	46.329620361328125
3257.0	46.27991638183594
3258.0	46.31102294921875
3259.0	46.40877990722656
3260.0	46.4429443359375
3261.0	46.36680297851562
3262.0	46.491476440429686
3263.0	46.313916015625
3264.0	46.41507568359375
3265.0	46.378118896484374
3266.0	46.4332763671875
3267.0	46.30802612304687
3268.0	46.41195373535156
3269.0	46.28459167480469
3270.0	46.39010314941406
3271.0	46.4049072265625
3272.0	46.37348327636719
3273.0	46.377685546875
3274.0	46.39510498046875
3275.0	46.445562744140624
3276.0	46.585794067382814
3277.0	46.46800231933594
3278.0	46.38350830078125
3279.0	46.44291687011719
3280.0	46.32402038574219
3281.0	46.41677551269531
3282.0	46.492559814453124
3283.0	46.418435668945314
3284.0	46.39638671875
3285.0	46.430545043945315
3286.0	46.39107971191406
3287.0	46.48109436035156
3288.0	46.481744384765626
3289.0	46.32380065917969
3290.0	46.293402099609374
3291.0	46.31349182128906
3292.0	46.430615234375
3293.0	46.371664428710936
3294.0	46.26252136230469
3295.0	46.41097717285156
3296.0	46.469696044921875
3297.0	46.36091918945313
3298.0	46.38809509277344
3299.0	46.36861572265625
3300.0	46.42103576660156
3301.0	46.43806762695313
3302.0	46.335696411132815
3303.0	46.21833190917969
3304.0	46.422576904296875
3305.0	46.4628173828125
3306.0	46.420928955078125
3307.0	46.483404541015624
3308.0	46.415994262695314
3309.0	46.399435424804686
3310.0	46.313168334960935
3311.0	46.183004760742186
3312.0	46.24478759765625
3313.0	46.2706298828125
3314.0	46.370355224609376
3315.0	46.48089599609375
3316.0	46.32779541015625
3317.0	46.342169189453124
3318.0	46.336691284179686
3319.0	46.3638916015625
3320.0	46.38408203125
3321.0	46.43211975097656
3322.0	46.2341064453125
3323.0	45.75215148925781
3324.0	44.176327514648435
3325.0	44.43039245605469
3326.0	44.9791748046875
3327.0	45.34142150878906
3328.0	45.448098754882814
3329.0	45.4650634765625
3330.0	45.75850830078125
3331.0	45.9734375
3332.0	46.05344848632812
3333.0	46.08381652832031
3334.0	45.99763793945313
3335.0	46.069970703125
3336.0	45.99080810546875
3337.0	46.12418212890625
3338.0	46.01490173339844
3339.0	46.150604248046875
3340.0	46.132177734375
3341.0	46.28533935546875
3342.0	46.19471130371094
3343.0	46.214682006835936
3344.0	46.11430053710937
3345.0	46.29692687988281
3346.0	46.76412353515625
3347.0	46.924765014648436
3348.0	46.34009704589844
3349.0	46.30751953125
3350.0	46.40117492675781
3351.0	46.1664794921875
3352.0	46.340966796875
3353.0	46.27800598144531
3354.0	46.29934997558594
3355.0	46.35971374511719
3356.0	46.398797607421876
3357.0	46.175653076171876
3358.0	46.292782592773435
3359.0	46.27088928222656
3360.0	46.37379150390625
3361.0	46.32626037597656
3362.0	46.28016052246094
3363.0	46.32169799804687
3364.0	46.36732788085938
3365.0	46.315667724609376
3366.0	46.17806701660156
3367.0	46.190240478515626
3368.0	46.25810241699219
3369.0	46.18526916503906
3370.0	46.27596435546875
3371.0	46.334469604492185
3372.0	46.28133544921875
3373.0	46.30269165039063
3374.0	46.196023559570314
3375.0	46.3489501953125
3376.0	46.3037353515625
3377.0	46.35155334472656
3378.0	46.2426025390625
3379.0	46.24484558105469
3380.0	46.22393798828125
3381.0	46.194891357421874
3382.0	46.26610412597656
3383.0	46.242926025390624
3384.0	46.399468994140626
3385.0	46.11023864746094
3386.0	46.16666259765625
3387.0	46.102972412109374
3388.0	46.201629638671875
3389.0	46.132382202148435
3390.0	46.21659851074219
3391.0	46.216400146484375
3392.0	46.30119323730469
3393.0	46.41893310546875
3394.0	46.27238159179687
3395.0	46.29974365234375
3396.0	46.30673522949219
3397.0	46.29206848144531
3398.0	46.1730712890625
3399.0	46.21836853027344
3400.0	46.2229248046875
3401.0	46.26951599121094
3402.0	46.2340087890625
3403.0	46.32382507324219
3404.0	46.26484375
3405.0	46.229486083984376
3406.0	46.24949951171875
3407.0	46.1935546875
3408.0	46.220278930664065
3409.0	46.15799255371094
3410.0	46.16666259765625
3411.0	46.2632568359375
3412.0	46.28361206054687
3413.0	46.192437744140626
3414.0	46.16505737304688
3415.0	46.146728515625
3416.0	46.363101196289065
3417.0	46.29631042480469
3418.0	46.27499694824219
3419.0	46.24991455078125
3420.0	46.350677490234375
3421.0	46.35838623046875
3422.0	46.16054077148438
3423.0	46.317623901367185
3424.0	46.22371215820313
3425.0	46.292153930664064
3426.0	46.270074462890626
3427.0	46.140725708007814
3428.0	46.11589050292969
3429.0	46.23848876953125
3430.0	46.14427185058594
3431.0	46.2544677734375
3432.0	46.3240966796875
3433.0	46.29684753417969
3434.0	46.20528869628906
3435.0	46.162255859375
3436.0	46.18647766113281
3437.0	45.94533996582031
3438.0	45.481039428710936
3439.0	43.937783813476564
3440.0	44.23528137207031
3441.0	44.65956115722656
3442.0	45.048486328125
3443.0	46.212823486328126
3444.0	46.82808837890625
3445.0	46.562258911132815
3446.0	46.524871826171875
3447.0	46.47615966796875
3448.0	46.34428405761719
3449.0	46.38169860839844
3450.0	46.4786376953125
3451.0	46.46698913574219
3452.0	46.56236877441406
3453.0	46.438360595703124
3454.0	46.415960693359374
3455.0	46.42501525878906
3456.0	46.5954833984375
3457.0	46.50807189941406
3458.0	46.471630859375
3459.0	46.44931640625
3460.0	46.510031127929686
3461.0	46.48583068847656
3462.0	46.454705810546876
3463.0	46.56356201171875
3464.0	46.57420043945312
3465.0	46.85417175292969
3466.0	46.94085693359375
3467.0	46.73020935058594
3468.0	46.32286376953125
3469.0	46.182009887695315
3470.0	46.20503234863281
3471.0	46.199884033203126
3472.0	46.236688232421876
3473.0	46.61341552734375
3474.0	47.28608703613281
3475.0	47.237997436523436
3476.0	46.66460266113281
3477.0	46.666989135742185
3478.0	46.6801025390625
3479.0	46.56233215332031
3480.0	46.647116088867186
3481.0	46.591714477539064
3482.0	46.69613952636719
3483.0	46.673272705078126
3484.0	46.610714721679685
3485.0	46.587789916992186
3486.0	46.5022216796875
3487.0	46.57083740234375
3488.0	46.652139282226564
3489.0	46.62077026367187
3490.0	46.53887023925781
3491.0	46.7919189453125
3492.0	46.747650146484375
3493.0	46.651187133789065
3494.0	46.672586059570314
3495.0	46.806069946289064
3496.0	46.744677734375
3497.0	46.639642333984376
3498.0	46.69214782714844
3499.0	46.680398559570314
3500.0	46.680517578125
3501.0	46.68381958007812
3502.0	46.83653259277344
3503.0	46.660589599609374
3504.0	46.72159423828125
3505.0	46.57869873046875
3506.0	46.84537353515625
3507.0	46.745523071289064
3508.0	46.693399047851564
3509.0	46.730377197265625
3510.0	46.64979248046875
3511.0	46.81217651367187
3512.0	46.7040283203125
3513.0	46.778106689453125
3514.0	46.701593017578126
3515.0	46.804867553710935
3516.0	46.684609985351564
3517.0	46.757321166992185
3518.0	46.678948974609376
3519.0	46.6490966796875
3520.0	46.74628601074219
3521.0	46.77970581054687
3522.0	46.68504943847656
3523.0	46.67096862792969
3524.0	46.84626159667969
3525.0	46.83387451171875
3526.0	47.23684387207031
3527.0	47.348062133789064
3528.0	46.806121826171875
3529.0	46.465023803710935
3530.0	46.231442260742185
3531.0	46.20588989257813
3532.0	46.443582153320314
3533.0	46.5798583984375
3534.0	46.72909240722656
3535.0	46.761538696289065
3536.0	46.72568969726562
3537.0	46.66895446777344
3538.0	46.64189453125
3539.0	46.71839599609375
3540.0	46.673342895507815
3541.0	46.72757568359375
3542.0	46.724301147460935
3543.0	46.627255249023435
3544.0	46.840057373046875
3545.0	46.740231323242185
3546.0	46.57291870117187
3547.0	46.37898559570313
3548.0	46.435150146484375
3549.0	46.622866821289065
3550.0	46.495062255859374
3551.0	46.759927368164064
3552.0	46.78761596679688
3553.0	46.62611694335938
3554.0	46.805337524414064
3555.0	46.586587524414064
3556.0	46.653585815429686
3557.0	46.55276184082031
3558.0	46.3266845703125
3559.0	46.10562438964844
3560.0	46.287454223632814
3561.0	46.57563781738281
3562.0	46.71010131835938
3563.0	46.64494934082031
3564.0	46.63414611816406
3565.0	46.83301696777344
3566.0	46.66762084960938
3567.0	46.531863403320315
3568.0	46.508111572265626
3569.0	46.614306640625
3570.0	46.548403930664065
3571.0	46.682470703125
3572.0	46.609677124023435
3573.0	46.67244873046875
3574.0	46.52199096679688
3575.0	46.620166015625
3576.0	46.519876098632814
3577.0	46.62286376953125
3578.0	46.65028686523438
3579.0	46.63720703125
3580.0	46.54686584472656
3581.0	46.48070373535156
3582.0	46.580850219726564
3583.0	46.45350341796875
3584.0	46.15166320800781
3585.0	45.92903442382813
3586.0	45.99203796386719
3587.0	46.192083740234374
3588.0	46.27806091308594
3589.0	46.238546752929686
3590.0	46.36598205566406
3591.0	46.393496704101565
3592.0	46.28873291015625
3593.0	46.300741577148436
3594.0	46.25125732421875

