0.00	0.0006677799493915395
1.00	0.0020297881370711208
2.00	-0.002071974524590499
3.00	0.0007053028897928937
4.00	-0.004837241284761743
5.00	-0.00046759961811578037
6.00	-0.0008879725155477381
7.00	-0.0030888213598368247
8.00	-0.00017859842813731973
9.00	0.0031708002872435775
10.00	-0.0017384924979775976
11.00	0.0004029657320339488
12.00	0.0009555386578997578
13.00	0.0004211887935975016
14.00	-0.000121278616310183
15.00	-0.0025764220015088483
16.00	0.0035254873309486902
17.00	0.0018143418501312323
18.00	0.0001385656751664388
19.00	0.0021366415435119536
20.00	-0.00032082114043120236
21.00	0.001260277946501094
22.00	-0.0008627087256528125
23.00	0.0031323661937641615
24.00	-0.0021638353212905244
25.00	0.00027457598010891736
26.00	-0.001997756964768145
27.00	0.0012784181759667463
28.00	7.196866836153189e-05
29.00	-0.00215406113372458
30.00	0.002220881787194339
31.00	0.0010458256447373605
32.00	0.001967415567264922
33.00	-0.0035837431454833167
34.00	0.00031532937233282423
35.00	0.0009675493121120995
36.00	-0.0009961512355567133
37.00	-0.0028235929819891534
38.00	0.00019273786726892327
39.00	0.0037952714741874426
40.00	0.0005189306692565577
41.00	0.0008757713475101675
42.00	-0.000693731245699868
43.00	0.0008310420145814469
44.00	0.001482682129674455
45.00	0.0001317734431291531
46.00	0.0015910265138796168
47.00	-0.0014098147330494787
48.00	-0.0004628781885288984
49.00	-0.0007197405244768616
50.00	-0.00013113563597422047
51.00	-0.00195634091576007
52.00	-0.00286973046058411
53.00	-0.003011290516093632
54.00	-0.0008408410517764333
55.00	0.0001972936326598115
56.00	0.00019696230426782403
57.00	-0.003983573682607231
58.00	-0.0007241306256717562
59.00	0.0016780830488946667
60.00	-0.00296606419057693
61.00	-9.352986347477297e-05
62.00	0.0014463188386454424
63.00	-0.002810671174698557
64.00	0.0015876303978608775
65.00	-0.0003103014639829971
66.00	0.0001306137937568113
67.00	-0.002681701598087451
68.00	-0.0035964164564798264
69.00	-0.0005382553977235943
70.00	-0.0035414159433969873
71.00	-0.002163752489192431
72.00	-0.004873190415300674
73.00	-0.000917377910343471
74.00	-0.00073738376135434
75.00	-0.0041967006708028215
76.00	-0.0005978116761971284
77.00	-0.0038701765404231996
78.00	-0.002194151869164319
79.00	-0.0029836245953563153
80.00	-0.0027262652668201778
81.00	-0.0038183236470650133
82.00	-0.0038613963380334107
83.00	-0.004279284272524884
84.00	-0.0030170059308568618
85.00	-0.005575689438575714
86.00	-0.00466876079739678
87.00	-0.0053305892605458125
88.00	-0.003464464924340062
89.00	-0.0026659634994643825
90.00	-0.0073790270444851844
91.00	-0.006757786309364065
92.00	-0.006417097890223604
93.00	-0.00761161957571457
94.00	-0.005812506406803807
95.00	-0.005807950641412919
96.00	-0.00592093362310687
97.00	-0.006308505009724548
98.00	-0.006313474935605517
99.00	-0.007070643143571022
100.00	-0.00445828443633786
101.00	-0.007782336529725931
102.00	-0.008670213788360958
103.00	-0.005717000997791149
104.00	-0.004441469520440543
105.00	-0.006579448802335256
106.00	-0.006186576161444815
107.00	-0.004559173931721375
108.00	-0.007924724906215614
109.00	-0.005632760754108764
110.00	-0.007324357859794526
111.00	-0.006012214595120821
112.00	-0.009163975924635302
113.00	-0.0043233509486694365
114.00	-0.007836922882318496
115.00	-0.006057440920637523
116.00	-0.006058931898401851
117.00	-0.00842710158068356
118.00	-0.007303732667388582
119.00	-0.0038909673970251375
120.00	-0.007059295146142848
121.00	-0.007202263347318799
122.00	-0.007114626987617674
123.00	-0.005347901169031303
124.00	-0.007540135475126595
125.00	-0.006201071778597641
126.00	-0.011653494630510668
127.00	-0.002791454127958849
128.00	-0.006399785981738306
129.00	-0.006385207532487386
130.00	-0.005252975584704719
131.00	-0.007263807596144836
132.00	-0.004375203842027623
133.00	-0.008251414700791231
134.00	-0.006226832561080547
135.00	-0.007326428662244929
136.00	-0.007961253861440814
137.00	-0.00883372434984476
138.00	-0.010370176935946428
139.00	-0.008110185973673696
140.00	-0.0035157379930119814
141.00	-0.008229712691111038
142.00	-0.008000847604292378
143.00	-0.009244488723906959
144.00	-0.00984228797528947
145.00	-0.007337196834987029
146.00	-0.010242118512413384
147.00	-0.00895673001539874
148.00	-0.007710603932843869
149.00	-0.009331710923118004
150.00	-0.011940922010626706
151.00	-0.007692795031770397
152.00	-0.008477380664179324
153.00	-0.00892459116136863
154.00	-0.012407763715045608
155.00	-0.011387106603290655
156.00	-0.005637150855303658
157.00	-0.008237664572520665
158.00	-0.010332405499250987
159.00	-0.010580239136515268
160.00	-0.010380033955610274
161.00	-0.011530903125446768
162.00	-0.013409949268943113
163.00	-0.007156043036625749
164.00	-0.008523849471166462
165.00	-0.0081315566549619
166.00	-0.011370540183687425
167.00	-0.007408183942986831
168.00	-0.009068387683524548
169.00	-0.006495954047535132
170.00	-0.007528787477698421
171.00	-0.008410700825276323
172.00	-0.009814953382944141
173.00	-0.0072987627415076126
174.00	-0.011733841765586334
175.00	-0.010064112333776756
176.00	-0.0056370680232055645
177.00	-0.009695261001310806
178.00	-0.00737496827168247
179.00	-0.007413485197259979
180.00	-0.007468154381950638
181.00	-0.008292913581897397
182.00	-0.007228355458193886
183.00	-0.003546303037180056
184.00	-0.00761352471396898
185.00	-0.0058712343642971804
186.00	-0.006166282297430858
187.00	-0.010454168683334727
188.00	-0.0055568037202279935
189.00	-0.010050113709211913
190.00	-0.009222372553736686
191.00	-0.007011252529293481
192.00	-0.01002145380329844
193.00	-0.01025611713697823
194.00	-0.004717963063618488
195.00	-0.007703397540316502
196.00	-0.005301349529946073
197.00	-0.005978419099130193
198.00	-0.013195911127669269
199.00	-0.007239951951916147
200.00	-0.008753791375259175
201.00	-0.012114206759676453
202.00	-0.004460023910396083
203.00	-0.008088898124483584
204.00	-0.008943642543912344
205.00	-0.011072261798731194
206.00	-0.008244953797146124
207.00	-0.0056234835591309935
208.00	-0.005693145353562459
209.00	-0.004517095225929326
210.00	-0.006518732874489574
211.00	-0.008284216211605702
212.00	-0.007713585888372527
213.00	-0.0074089294318690916
214.00	-0.0094846189760557
215.00	-0.006376592994293784
216.00	-0.007862683664801596
217.00	-0.009872521691065365
218.00	-0.00515937531394647
219.00	-0.007048858301792929
220.00	-0.004736351789378034
221.00	-0.007494577821217712
222.00	-0.010794442941985108
223.00	-0.00636102055986671
224.00	-0.008656629324286387
225.00	-0.0067664008475578595
226.00	-0.006207284185948852
227.00	-0.004420678663838412
228.00	-0.007989416774766304
229.00	-0.007589337741348303
230.00	-0.004029545497006194
231.00	-0.0077386011819733655
232.00	-0.002106184181071207
233.00	-0.007227775633507812
234.00	-0.004106662180259306
235.00	-0.00510387780827565
236.00	-0.006434409798709095
237.00	-0.008176948644674789
238.00	-0.005496667617068192
239.00	-0.004889508338609817
240.00	-0.0045314251788859655
241.00	-0.005321394897666135
242.00	-0.0035317245879291363
243.00	-0.007036930479678487
244.00	-0.006678681655758642
245.00	-0.007958603234304142
246.00	-0.00723622450750542
247.00	-0.006042199814602628
248.00	-0.005183727950763141
249.00	-0.007162918100761128
250.00	-0.0037077427962134537
251.00	-0.004689965814488991
252.00	-0.005467096558076465
253.00	-0.006969173823501239
254.00	-0.00869920502266661
255.00	-0.00833118201118082
256.00	-0.007048941133890829
257.00	-0.009842950632073638
258.00	-0.005314933994020837
259.00	-0.0040782507706397285
260.00	-0.00481711308494378
261.00	-0.00774307411526616
262.00	-0.004845441662465265
263.00	-0.007059874970828922
264.00	-0.00585806406071269
265.00	-0.005751624814761938
266.00	-0.00822358311585792
267.00	-0.007438583322958912
268.00	-0.006187155986130889
269.00	-0.007252211102422575
270.00	-0.0035034788425055523
271.00	-0.007312844198170358
272.00	-0.006453709677546896
273.00	-0.00818514902237831
274.00	-0.00849999382693777
275.00	-0.007262316618380507
276.00	-0.009541938787882837
277.00	-0.008190698772945548
278.00	-0.008737887612440114
279.00	-0.009490914215505004
280.00	-0.007785732645744477
281.00	-0.006288790970396666
282.00	-0.006364582340081443
283.00	-0.00523293021698485
284.00	-0.0035154066646199936
285.00	-0.00950010857838468
286.00	-0.009649123522715849
287.00	-0.004889011346021836
288.00	-0.00470959702171878
289.00	-0.009328563303393352
290.00	-0.0057760602836767014
291.00	-0.004770395781662556
292.00	-0.004056465928861442
293.00	-0.0077640306360642845
294.00	-0.0052704531573862035
295.00	-0.005569394199126409
296.00	-0.006322089473799119
297.00	-0.00852343531067638
298.00	-0.00483914642301596
299.00	-0.0024797569431240403
300.00	-0.00740429083438011
301.00	-0.004116602032021244
302.00	-0.0038350557308642367
303.00	-0.0030994238683829307
304.00	-0.006224844590728237
305.00	-0.004042218808002703
306.00	-0.006688870003814667
307.00	-0.00436625797544184
308.00	-0.0026192461961831587
309.00	-0.006085272505571025
310.00	-0.005008538063458985
311.00	-0.004185187009178461
312.00	-0.0014778198855206215
313.00	-0.006007907326023827
314.00	-0.006617800063716772
315.00	-0.005030571401531358
316.00	-0.005955723104273653
317.00	-0.004285165351484108
318.00	-0.003935116905267783
319.00	-0.004500114645836015
320.00	-0.003090312337601154
321.00	-0.006674954211347915
322.00	-0.004821089025648593
323.00	-0.004848589282189917
324.00	-0.0015362993467201
325.00	-0.0031482119741143653
326.00	-0.006684397070521872
327.00	-0.005676413269763235
328.00	-0.005419633765913172
329.00	-0.005177929703902011
330.00	-0.004273154697271766
331.00	-0.008137106405528944
332.00	-0.002310282470582922
333.00	-0.004415874402153437
334.00	-0.004338177894214443
335.00	-0.0048615110894803205
336.00	-0.004577645489579015
337.00	-0.003158897314758371
338.00	-0.005381116840335663
339.00	-0.002799074680976296
340.00	-0.008165849143540703
341.00	-0.00643159350737643
342.00	-0.006529004054643499
343.00	-0.008905125618334835
344.00	-0.004989983673503445
345.00	-0.007803210218425962
346.00	-0.008307492031148318
347.00	-0.008285955685664119
348.00	-0.0064092288409120695
349.00	-0.008011450112838485
350.00	-0.005968230751074168
351.00	-0.0041498177033256044
352.00	-0.00448263707315453
353.00	-0.006704276774045748
354.00	-0.005544296073427477
355.00	-0.00559606613468757
356.00	-0.0066182142242068535
357.00	-0.005783763668792242
358.00	-0.008751306412318692
359.00	-0.008258952421710777
360.00	-0.005736466540824944
361.00	-0.007751108828773688
362.00	-0.006828607753167872
363.00	-0.004379428279026331
364.00	-0.008072828697468528
365.00	-0.009700893583975943
366.00	-0.006910114537615879
367.00	-0.007154800555155507
368.00	-0.006995100270180333
369.00	-0.0091855122701195
370.00	-0.009163064771557046
371.00	-0.007926630044470024
372.00	-0.006958239986563146
373.00	-0.009244737220201046
374.00	-0.007094581619897805
375.00	-0.007785318485254397
376.00	-0.007834437919378011
377.00	-0.008371355578718653
378.00	-0.011966765625207706
379.00	-0.012867978851623411
380.00	-0.007701823730454079
381.00	-0.007797163475270745
382.00	-0.007751854317655949
383.00	-0.005807619313020932
384.00	-0.006984414929536326
385.00	-0.009304873323360656
386.00	-0.008239321214480988
387.00	-0.010110581140763701
388.00	-0.009341899271173836
389.00	-0.009619800960018016
390.00	-0.011438296839864673
391.00	-0.008945630514264655
392.00	-0.009922303781973148
393.00	-0.01123088526643212
394.00	-0.011171743148448666
395.00	-0.005072815771519594
396.00	-0.009729470657791514
397.00	-0.010659757950610771
398.00	-0.010514139122298535
399.00	-0.00826408801178774
400.00	-0.007699338767513595
401.00	-0.01213731691502288
402.00	-0.007625369703985328
403.00	-0.010223978282947925
404.00	-0.008758844133238238
405.00	-0.011448568020018599
406.00	-0.007938060873996292
407.00	-0.008087324314621355
408.00	-0.010485396384286777
409.00	-0.008460814244576094
410.00	-0.010225055100222175
411.00	-0.011091561677568995
412.00	-0.00995667910264985
413.00	-0.012786389235077503
414.00	-0.010740105085686435
415.00	-0.01502542367655192
416.00	-0.013633761597782712
417.00	-0.008875471727245015
418.00	-0.013794952860522023
419.00	-0.012533171511442174
420.00	-0.009300483222165761
421.00	-0.012000643953296234
422.00	-0.013683957849180382
423.00	-0.014055956801370985
424.00	-0.01408859264798927
425.00	-0.014707348420169906
426.00	-0.014583845762027944
427.00	-0.013340950131295623
428.00	-0.012713082828333212
429.00	-0.01017982877470528
430.00	-0.014788192547833746
431.00	-0.013022626378619524
432.00	-0.012714408141901353
433.00	-0.017384564660149943
434.00	-0.012008678666803762
435.00	-0.011474411634599599
436.00	-0.013190609873396313
437.00	-0.013424196389801853
438.00	-0.015065514411991852
439.00	-0.015639872179635753
440.00	-0.015025340844454019
441.00	-0.01521461218842092
442.00	-0.014393580432884887
443.00	-0.013521275608676742
444.00	-0.013073485286801361
445.00	-0.012602667641677646
446.00	-0.01635040591641832
447.00	-0.016868520689509333
448.00	-0.011923278773749229
449.00	-0.014605216443316148
450.00	-0.010186124014154583
451.00	-0.012317228231913918
452.00	-0.013303013030404189
453.00	-0.012409420357005931
454.00	-0.014080475102383843
455.00	-0.013339790481923281
456.00	-0.014766904698643633
457.00	-0.014522715673691986
458.00	-0.01263977642158892
459.00	-0.012641433063549243
460.00	-0.012049514891125762
461.00	-0.015010016906321031
462.00	-0.013606095677045201
463.00	-0.014237607592320439
464.00	-0.0111860731014055
465.00	-0.014271900080899048
466.00	-0.014840045441191932
467.00	-0.012395090404049099
468.00	-0.012536153466970639
469.00	-0.009782069040031769
470.00	-0.01393469060987542
471.00	-0.014433008511540458
472.00	-0.012675559887931858
473.00	-0.014064322843270693
474.00	-0.010666136022158169
475.00	
476.00	
477.00	
478.00	
479.00	
480.00	-0.01395515013808537
481.00	-0.015680294243467674
482.00	-0.010486473201561024
483.00	-0.01509433998210151
484.00	-0.015246751042451224
485.00	
486.00	
487.00	
488.00	
489.00	
490.00	
491.00	
492.00	-0.006627905579674704
493.00	-0.008610988838279411
494.00	-0.009452728618319481
495.00	-0.008541327043847753
496.00	-0.011462318148289357
497.00	-0.009081972147599314
498.00	-0.007749203690519471
499.00	-0.011104317820663599
500.00	-0.007500955892764918
501.00	-0.009259067173157687
502.00	-0.009568942051836178
503.00	-0.009736842714514873
504.00	-0.00666120408307735
505.00	-0.009351839122935773
506.00	-0.007939551851760427
507.00	-0.010753026892977031
508.00	-0.010358083449635994
509.00	-0.012241436862229142
510.00	-0.010436359782261255
511.00	-0.008377319489775777
512.00	-0.008155660795484677
513.00	-0.009728311008419172
514.00	-0.006950453769349705
515.00	-0.007585278968545396
516.00	-0.01081225184305858
517.00	-0.008520204858853634
518.00	-0.01019341323877985
519.00	-0.013050540795650926
520.00	-0.01032287980797913
521.00	-0.008748075960496138
522.00	-0.010268293455386565
523.00	-0.01144550323239204
524.00	-0.007121170723360873
525.00	-0.011526347360055878
526.00	-0.00967339332743462
527.00	-0.009395243142296351
528.00	-0.00865058258113117
529.00	-0.007547507531850147
530.00	
531.00	-0.007241111601288296
532.00	-0.010115219738252683
533.00	-0.011172405805232835
534.00	-0.011944897951331327
535.00	-0.009488346420466425
536.00	-0.007966223787321782
537.00	-0.010963834582428132
538.00	-0.008880358821027891
539.00	-0.009433925732069855
540.00	-0.005942387136493168
541.00	-0.00924722218314153
542.00	-0.012383742406620924
543.00	-0.008077135966565329
544.00	-0.01184475394482988
545.00	-0.01302792763289248
546.00	-0.009754403119294259
547.00	-0.01359449918332294
548.00	-0.011072427462927381
549.00	-0.01048821267561944
550.00	-0.012602170649089472
551.00	-0.01327808056890125
552.00	-0.011857095927434209
553.00	-0.01302403452428576
554.00	-0.01340216305172948
555.00	-0.013940985849324532
556.00	-0.012504180277136522
557.00	-0.011438048343570586
558.00	-0.01090982805452164
559.00	-0.011941501835312781
560.00	-0.013661758846912208
561.00	-0.013888304634986377
562.00	-0.013872235207971128
563.00	-0.015367768737652703
564.00	-0.016601801333897333
565.00	-0.014780903323208286
566.00	-0.01410971483298339
567.00	-0.011869603574234725
568.00	-0.016188634828992743
569.00	-0.01331651466238086
570.00	-0.01049823535947928
571.00	-0.013347245370744734
572.00	-0.011469027548228549
573.00	-0.014340982050644633
574.00	-0.012946255184248672
575.00	-0.013139088308430306
576.00	-0.015772983361147668
577.00	-0.012752925067478863
578.00	-0.012979056695062951
579.00	-0.009593874513339117
580.00	-0.0157679306031688
581.00	-0.014503498626952278
582.00	-0.012253944509029658
583.00	-0.014816603957453323
584.00	-0.015600361268882089
585.00	-0.014785956081187348
586.00	-0.012875433740444864
587.00	-0.01280436380034697
588.00	-0.015220079106889871
589.00	-0.01756795492515762
590.00	-0.012956857692794777
591.00	-0.015728502524513032
592.00	-0.014508054392343166
593.00	-0.016342122706616707
594.00	-0.013628957336097735
595.00	-0.016720085569864433
596.00	-0.01203170599005229
597.00	-0.01193719456621598
598.00	-0.014418844222779812
599.00	-0.012155042983998452
600.00	-0.01605436399810868
601.00	-0.012321038508422739
602.00	-0.012770816800650429
603.00	-0.01490631111960485
604.00	-0.01520889677365769
605.00	-0.01458873285581082
606.00	-0.012312506802327037
607.00	-0.013804727048087965
608.00	-0.013263502119650524
609.00	-0.014953194087081876
610.00	-0.014262457221725285
611.00	-0.01447044861984372
612.00	-0.013482510186805146
613.00	-0.011917480526888097
614.00	-0.014359784936894259
615.00	-0.011790995913217476
616.00	-0.012660318781896962
617.00	-0.01309924606928446
618.00	-0.013285038465134723
619.00	-0.011321586413759804
620.00	-0.01503155325180523
621.00	-0.012726087467721709
622.00	-0.010897320407721126
623.00	-0.012531349205285664
624.00	-0.013571389027976511
625.00	-0.014198428009958762
626.00	-0.015307466970296908
627.00	-0.013505620342151766
628.00	-0.01415477549430429
629.00	-0.0155398938373303
630.00	-0.015170545512276368
631.00	-0.014444936333654899
632.00	-0.01712347788720308
633.00	-0.011763826985068141
634.00	-0.012677050865696187
635.00	-0.014145746795620414
636.00	-0.01670335348606521
637.00	-0.012870380982465802
638.00	-0.01716630208187739
639.00	-0.01523159276851423
640.00	-0.016996910441434365
641.00	-0.016977693394694657
642.00	-0.014329137060628284
643.00	-0.01551794333135602
644.00	-0.013144638058997349
645.00	-0.013966663799709537
646.00	-0.016340880225146463
647.00	-0.015467498583664262
648.00	-0.01396169387382857
649.00	-0.01334625138556858
650.00	-0.01616353670329381
651.00	-0.012222551143881615
652.00	-0.01417440670153408
653.00	-0.016366309679237384
654.00	-0.014261546068647029
655.00	-0.013444655918011804
656.00	-0.015286510449498976
657.00	-0.014496043738130826
658.00	-0.011384455976154177
659.00	-0.015485058988443648
660.00	-0.0116486075367276
661.00	-0.01591562023393163
662.00	-0.018694140129785264
663.00	-0.014756882014783602
664.00	-0.01714542839317736
665.00	-0.014146243788208588
666.00	-0.01623154185576515
667.00	-0.019816763554198175
668.00	-0.016297476205786077
669.00	-0.015278475735991255
670.00	-0.01771233127199981
671.00	-0.013469588379514742
672.00	-0.017462261168089133
673.00	-0.015325772863958554
674.00	-0.018186462201044362
675.00	-0.016205698241184147
676.00	-0.017802038434151336
677.00	-0.016061653222733948
678.00	-0.012333960315713335
679.00	-0.015157043880299696
680.00	-0.014579289996637055
681.00	-0.015188851405937821
682.00	-0.015750370198389412
683.00	-0.016311309166154735
684.00	-0.015248076356019368
685.00	-0.019497611480541913
686.00	-0.018877364730596948
687.00	-0.017156030901723466
688.00	-0.017332214774203776
689.00	-0.016880448511623583
690.00	-0.01825570983498575
691.00	-0.017123229390908993
692.00	-0.019019753107086826
693.00	-0.017111218736696653
694.00	-0.016358689126219936
695.00	-0.01922923548296959
696.00	-0.014800120369947994
697.00	-0.014436404627559197
698.00	-0.0192655159419007
699.00	-0.01616270838231365
700.00	-0.01662325484728344
701.00	-0.01694588586905634
702.00	-0.014611180354373273
703.00	-0.01770645019304078
704.00	
705.00	
706.00	-0.01713043578343636
707.00	-0.014312156480534974
708.00	-0.018103464438832026
709.00	-0.015343913093424014
710.00	-0.017131098440220528
711.00	-0.01721906612831364
712.00	-0.018329761730612303
713.00	-0.018231191533973085
714.00	-0.01670989722180841
715.00	-0.014287555347424217
716.00	-0.019010890072598943
717.00	-0.014880219008729764
718.00	-0.01594684793488368
719.00	-0.017660478378641816
720.00	-0.015564329306245064
721.00	-0.015907419856227917
722.00	-0.017139961474708216
723.00	-0.01347613211525794
724.00	-0.018176191020890246
725.00	-0.01424572513792606
726.00	-0.01735507643325612
727.00	-0.011168926857116195
728.00	-0.016449141777253533
729.00	-0.015420449951991051
730.00	-0.013930383340778426
731.00	-0.013093613486619323
732.00	-0.01556416364204907
733.00	-0.017351431820943484
734.00	-0.013349399005293233
735.00	-0.01751618486389753
736.00	
737.00	
738.00	
739.00	
740.00	
741.00	-0.007763864971868291
742.00	-0.007420028933003179
743.00	-0.010876198222727007
744.00	-0.011570496868298332
745.00	-0.01401023348326611
746.00	-0.010073389528754527
747.00	-0.009448669845516768
748.00	-0.010310786321668888
749.00	-0.007784572996372328
750.00	-0.009490914215505004
751.00	-0.011786025987336508
752.00	-0.009476998423038252
753.00	-0.009034592187533922
754.00	-0.009978878104918024
755.00	-0.008402748943866889
756.00	-0.007430797105745277
757.00	-0.009450077991183003
758.00	-0.009294850639500817
759.00	-0.008643459020701703
760.00	-0.0075827111735070115
761.00	-0.0064619100552504175
762.00	-0.008418569874587858
763.00	-0.0052068381061097626
764.00	-0.008588955500207038
765.00	-0.009296672945657133
766.00	-0.0077645276286524584
767.00	-0.003280494834646117
768.00	-0.010889285694213598
769.00	-0.008523849471166462
770.00	-0.008618609391296859
771.00	-0.006542671350816163
772.00	-0.00683854760492981
773.00	-0.006259219911404939
774.00	-0.008398193178476001
775.00	-0.007110154054324879
776.00	-0.004676298518316326
777.00	-0.007085387257017935
778.00	-0.004231655816165598
779.00	-0.005330506428447912
780.00	-0.00670170897900717
781.00	-0.006483860561224697
782.00	-0.004316227388240164
783.00	-0.006628816732752959
784.00	-0.006889158016817755
785.00	-0.004663873703613904
786.00	-0.004918168244523482
787.00	-0.0081574002695429
788.00	-0.0026826955832636064
789.00	-0.005591179040904695
790.00	-0.003895605994514119
791.00	-0.0068613264318842515
792.00	-0.003821388434691572
793.00	-0.005878606421020733
794.00	-0.0031793568429685144
795.00	-0.004411401468860642
796.00	-0.005392713334057924
797.00	-0.0003247142490379228
798.00	-0.005682542845016546
799.00	-0.004760373097802717
800.00	
801.00	-0.0067114831665731145
802.00	-0.003499751398094826
803.00	-0.007520090107406725
804.00	-0.006689946821088915
805.00	-0.0048149594503952824
806.00	-0.005383684635374241
807.00	-0.005030074408943184
808.00	-0.008500242323231858
809.00	-0.005203110661699035
810.00	-0.0036408144610163666
811.00	-0.0057767229404608695
812.00	-0.006647536786904685
813.00	-0.009220384583384183
814.00	-0.00558057653235859
815.00	-0.005225558160261296
816.00	-0.003006154926016669
817.00	-0.005083086951673519
818.00	-0.0030724206044295886
819.00	-0.007965643962635514
820.00	-0.005116551119272159
821.00	-0.004475513512725064
822.00	-0.009579047567794109
823.00	-0.006609682518111151
824.00	-0.006863314402236755
825.00	-0.007369832681605507
826.00	-0.005494845310911875
827.00	-0.008207927849332752
828.00	-0.0023117734483472513
829.00	-0.007253039423402737
830.00	-0.007288657225549681
831.00	-0.003305178799854968
832.00	-0.009227425311715555
833.00	-0.0056383933367739
834.00	-0.007179815848756346
835.00	-0.008561786572057896
836.00	-0.009374120957302234
837.00	-0.008403991425337131
838.00	-0.008518631048991405
839.00	-0.006664931527488077
840.00	-0.00795114834548269
841.00	-0.009856038103560229
842.00	-0.008961534277083717
843.00	-0.008543977670984424
844.00	-0.006280424928496958
845.00	-0.0091963632749595
846.00	-0.008774416567665312
847.00	-0.012095900866014806
848.00	-0.008827429110395649
849.00	-0.010660669103689025
850.00	-0.011630301643066146
851.00	-0.010573281240281987
852.00	-0.012508901706723403
853.00	-0.010009111820693918
854.00	-0.011749745528405395
855.00	-0.011869852070528812
856.00	-0.009757633571117004
857.00	-0.013615207207826979
858.00	-0.013235504870521027
859.00	-0.013961279713338489
860.00	-0.013146460365153666
861.00	-0.013323306894418145
862.00	-0.012784566928921187
863.00	-0.012433855825920695
864.00	-0.013046150694456032
865.00	-0.013255550238240895
866.00	-0.011146313694357748
867.00	-0.01648873552010529
868.00	-0.013852769664937332
869.00	-0.018040429212241853
870.00	-0.013156068888523616
871.00	-0.012812729842246677
872.00	-0.013014508833013902
873.00	-0.013007799433074708
874.00	-0.011942081659998856
875.00	-0.011472423664247288
876.00	-0.011232707572588629
877.00	-0.016298470190962235
878.00	-0.012093167406780235
879.00	-0.011527424177329935
880.00	-0.011186404429797486
881.00	-0.011550203004284375
882.00	-0.010466759162233143
883.00	-0.015046545861546037
884.00	-0.012440482393761988
885.00	-0.011254078253876643
886.00	-0.013067687039940231
887.00	-0.011684473835168631
888.00	-0.014762680261644732
889.00	-0.011999401471825991
890.00	-0.017514528221937206
891.00	-0.013757595584316855
892.00	-0.014641828230639248
893.00	-0.015228445148789578
894.00	-0.01302287487491361
895.00	-0.016146887451592682
896.00	-0.016764897734891055
897.00	-0.01547859808479835
898.00	-0.014384386070005018
899.00	-0.015459878030646622
900.00	-0.013760743204041507
901.00	-0.01666028079509681
902.00	-0.014108223855219253
903.00	-0.018377721515363574
904.00	-0.015207074467501374
905.00	-0.018575027572838004
906.00	-0.014129097543919283
907.00	-0.019088835076832216
908.00	-0.016794137465490792
909.00	-0.01763339228259038
910.00	-0.015613614404564673
911.00	-0.014444936333654899
912.00	-0.015484230667463487
913.00	-0.014114187766276378
914.00	-0.014797883903301596
915.00	-0.013401997387533487
916.00	-0.013275595605960765
917.00	-0.01377325085084183
918.00	-0.014189979135961154
919.00	-0.010351622545990695
920.00	-0.014576059544814309
921.00	-0.013671864362870139
922.00	-0.012607223407068534
923.00	-0.01149561665169181
924.00	-0.012686576556968044
925.00	-0.009468798045334731
926.00	-0.011615806025913321
927.00	-0.014806829769887378
928.00	-0.013099991558166529
929.00	-0.011394561492112109
930.00	-0.011096034610861984
931.00	-0.011841523493007327
932.00	-0.010933435202456245
933.00	-0.008868099670521462
934.00	-0.00819972747162923
935.00	-0.011730114321175607
936.00	-0.012059703239181787
937.00	-0.007353680422492358
938.00	-0.008247604424282603
939.00	-0.008337725746924212
940.00	-0.008478126153061585
941.00	-0.005250407789666141
942.00	-0.003818406479163106
943.00	-0.005297870581829433
944.00	-0.0055220142390612105
945.00	-0.004252446672767729
946.00	-0.005944872099433653
947.00	-0.006808148224957922
948.00	-0.008092625568894311
949.00	-0.005389897042725452
950.00	-0.0068294360741480336
951.00	-0.00809643584540313
952.00	-0.006713139808533437
953.00	-0.00859086063846145
954.00	-0.007776786779158695
955.00	-0.00550892676757462
956.00	-0.0047866308728737985
957.00	-0.004484625043506841
958.00	-0.006868946984901698
959.00	-0.007573185482235154
960.00	-0.006320101503446809
961.00	-0.004975239560056532
962.00	-0.007047532988224594
963.00	-0.009373292636322072
964.00	-0.008205277222196274
965.00	-0.008849959441056002
966.00	-0.010129384027013522
967.00	-0.009810563281749247
968.00	-0.01294849165089507
969.00	-0.008591523295245616
970.00	-0.005988276118794038
971.00	-0.014423814148660782
972.00	-0.012371483256114497
973.00	-0.011721913943471891
974.00	-0.014718530753402086
975.00	-0.011880620243270912
976.00	-0.013859644729072711
977.00	-0.007578900896998191
978.00	-0.01092564898524261
979.00	-0.011525933199565798
980.00	-0.013307154635304996
981.00	-0.012293289755587328
982.00	-0.010216937554616553
983.00	-0.010396683207311597
984.00	-0.016267408154206176
985.00	-0.009785796484442496
986.00	-0.00884755731021361
987.00	-0.01513865515454015
988.00	-0.010371253753220677
989.00	-0.01198971011635814
990.00	-0.012729483583740448
991.00	-0.012495482906844825
992.00	-0.014264859352567676
993.00	-0.01092448933587046
994.00	-0.01006808827448157
995.00	-0.014697408568407969
996.00	-0.013032897558773448
997.00	-0.012618571404496707
998.00	-0.01451012519479357
999.00	-0.01446771516060934
1000.00	-0.011228234639295643
1001.00	-0.015087299253770137
1002.00	-0.010625299797836168
1003.00	-0.013604273370888884
1004.00	-0.013998139996955674
1005.00	-0.013136106352901647
1006.00	-0.01252339732387623
1007.00	-0.01331303571426422
1008.00	-0.014294513243657495
1009.00	-0.011300050068275605
1010.00	-0.013424693382389835
1011.00	-0.012124892100320458
1012.00	-0.011370871512079413
1013.00	-0.009312411044280202
1014.00	-0.008501236308408013
1015.00	-0.01174336745685819
1016.00	-0.011034159033643767
1017.00	-0.00869191579804115
1018.00	-0.007305389309348905
1019.00	-0.009055797204626133
1020.00	-0.010430147374910043
1021.00	-0.011251344794642263
1022.00	-0.00951775181526216
1023.00	-0.006690609477873083
1024.00	-0.005320732240881968
1025.00	-0.008714860289191585
1026.00	-0.009079735680952723
1027.00	-0.009599589928102153
1028.00	-0.007847111230374522
1029.00	-0.005714598866948757
1030.00	-0.004613760284314134
1031.00	-0.004895140921274954
1032.00	-0.002349047892454518
1033.00	-0.005752038975252018
1034.00	-0.006142178156908082
1035.00	-0.0068678701676276425
1036.00	-0.003381301497931732
1037.00	-0.0020909430750363127
1038.00	-0.0027053087460220536
1039.00	-0.004733618330143463
1040.00	-0.0012928558106507144
1041.00	-0.0036597830114621804
1042.00	-0.0010114751736897008
1043.00	-0.001228743766786099
1044.00	-0.0027771241750020165
1045.00	0.0012143889642002245
1046.00	-0.004537057761551102
1047.00	0.0015926831558399396
1048.00	-0.002488868473905817
1049.00	-0.000915224275794974
1050.00	-0.0013113273685081614
1051.00	0.00026662409869948275
1052.00	0.0006730812036646888
1053.00	0.001944636740310481
1054.00	0.00021021543995040792
1055.00	-2.6684360375779068e-05
1056.00	-0.0015775497315321809
1057.00	-0.0011464086613581239
1058.00	-0.0008002533237485202
1059.00	-0.0008900433179981418
1060.00	0.0011735527398782242
1061.00	-0.003543900906337472
1062.00	0.002478489612024563
1063.00	-0.0005447163013686996
1064.00	-3.48847380793007e-05
1065.00	-0.0028781793345817185
1066.00	0.00023340842739492972
1067.00	0.002606796531851694
1068.00	0.0023721331981719045
1069.00	0.0005957160241174896
1070.00	0.0042242589098130025
1071.00	-0.0010298638994494403
1072.00	-0.0010464303190526702
1073.00	0.0025184975153664016
1074.00	0.0011499455919436216
1075.00	0.0004756923140921664
1076.00	3.88068379210288e-06
1077.00	0.0018089577637601826
1078.00	-0.000176527625686916
1079.00	-0.0007863375312819614
1080.00	0.0017571877025000892
1081.00	-0.0005443021408786189
1082.00	-8.880843388789104e-05
1083.00	-0.0016914438663043862
1084.00	-0.0033661432239949314
1085.00	0.0005355799209578809
1086.00	-0.0016644406023510444
1087.00	-0.006854617031945059
1088.00	-0.002400155296930444
1089.00	-0.005939322348866609
1090.00	-0.00045384948984502244
1091.00	-0.004499369156953754
1092.00	-0.0029005440010460787
1093.00	-0.004118507170275461
1094.00	-0.002690895960967128
1095.00	-0.0066773563421905
1096.00	-0.003290434686408055
1097.00	-0.003376000243658776
1098.00	-0.0051196987389968114
1099.00	-0.0050186435794171095
1100.00	-0.004090427089048064
1101.00	-0.008877045537107244
1102.00	-0.006367895624002089
1103.00	-0.009889170942766689
1104.00	-0.011160477983118394
1105.00	-0.006913676317830419
1106.00	-0.010619087390484958
1107.00	-0.008714446128701505
1108.00	-0.010466427833841156
1109.00	-0.0043936753998852635
1110.00	-0.008321656319908964
1111.00	-0.010558454294737174
1112.00	-0.01166865290444747
1113.00	-0.008132881968530237
1114.00	-0.009259646997843953
1115.00	-0.0061643771591764485
1116.00	-0.012907489762377076
1117.00	-0.010410764663974342
1118.00	-0.008737473451950032
1119.00	-0.008885494411104852
1120.00	-0.008582494596561933
1121.00	-0.008984644432430338
1122.00	-0.006383965051017145
1123.00	-0.012101947609170024
1124.00	-0.008553751858550175
1125.00	-0.01053062270980367
1126.00	-0.011532394103210903
1127.00	-0.012754830205733274
1128.00	-0.012826811298909424
1129.00	-0.010701505328011026
1130.00	-0.01335503158795837
1131.00	-0.011349252334497314
1132.00	-0.011425292200476177
1133.00	-0.006422896137084734
1134.00	-0.012095735201818811
1135.00	-0.010138661221991292
1136.00	-0.008878288018577487
1137.00	-0.008749069945672294
1138.00	-0.009090172525302835
1139.00	-0.011495119659103636
1140.00	-0.015737779719490804
1141.00	-0.009334361550254482
1142.00	-0.011828601685716731
1143.00	-0.015137826833559988
1144.00	-0.014965121909196317
1145.00	-0.014210521496269198
1146.00	-0.0119926920718868
1147.00	-0.012800719188034337
1148.00	-0.017794169384839804
1149.00	-0.009993208057874856
1150.00	-0.009901512925371017
1151.00	-0.010354190341029273
1152.00	-0.011705099027574575
1153.00	-0.01305791285237448
1154.00	-0.01412321646496006
1155.00	-0.013228629806385648
1156.00	-0.011855522117571978
1157.00	-0.010740767742470604
1158.00	-0.009557511222309911
1159.00	-0.013304835336560504
1160.00	-0.009676789443453166
1161.00	-0.013731337809245774
1162.00	-0.014114767590962451
1163.00	-0.010949670293667293
1164.00	-0.013966249639219457
1165.00	-0.013954073320811122
1166.00	-0.0119411705069206
1167.00	-0.00981064611384734
1168.00	-0.013750969016475562
1169.00	-0.010436276950163354
1170.00	-0.012899455048869548
1171.00	-0.010918359760617344
1172.00	-0.011058097509970548
1173.00	-0.011977036805361631
1174.00	-0.011212496540672573
1175.00	-0.01266686251764016
1176.00	-0.011815762710524228
1177.00	-0.011237346170077418
1178.00	-0.005902544897347323
1179.00	-0.010922584197616051
1180.00	-0.00871386630401543
1181.00	-0.008622171171511591
1182.00	-0.009427713324718643
1183.00	-0.011699549277007532
1184.00	-0.011196675609951605
1185.00	-0.009547405706351979
1186.00	-0.011313883028644457
1187.00	-0.009699402606211613
1188.00	-0.0128467738345312
1189.00	-0.008619106383885033
1190.00	-0.006704111109849561
1191.00	-0.006926432460925022
1192.00	-0.005046723660644507
1193.00	-0.0012786915218898757
1194.00	-0.0037259658577770065
1195.00	-0.006935046999118624
1196.00	
1197.00	
1198.00	
1199.00	
1200.00	
1201.00	
1202.00	-0.0001242605718388415
1203.00	-0.0026498112403512335
1204.00	-0.006632130016673604
1205.00	-0.004038408531493883
1206.00	-0.003521453407775211
1207.00	-0.006215733059946461
1208.00	-0.004247062586396679
1209.00	-0.0046010041412195305
1210.00	-0.005264654910525073
1211.00	-0.0003173421923143698
1212.00	-0.0029847014126305636
1213.00	-0.005537338177194198
1214.00	-0.004732790009163301
1215.00	-0.0024332881361369034
1216.00	-0.003345683695784788
1217.00	-0.0018076572998210823
1218.00	-0.002314589739679916
1219.00	-0.002667454477228712
1220.00	
1221.00	-0.0032859617531152603
1222.00	-0.0027180648891164633
1223.00	-0.004878243173279737
1224.00	-0.001304617968568969
1225.00	-0.003957150243340157
1226.00	-0.0016303966100665228
1227.00	-0.008009462142486174
1228.00	-0.0008089506940402158
1229.00	-0.0018010307319797903
1230.00	-0.0015667815587900814
1231.00	-0.0002923268987135313
1232.00	0.000769414933657509
1233.00	-0.000789567983104514
1234.00	-0.0036945724926289634
1235.00	-0.0025680559596093326
1236.00	-0.0018861821287402376
1237.00	-0.0016388454840641313
1238.00	-0.002003969372119356
1239.00	-0.0023523611763751643
1240.00	-0.0018376425193028898
1241.00	-0.007656266076545197
1242.00	-0.003150282776564769
1243.00	-0.00463753309644473
1244.00	-0.00514438270420547
1245.00	-0.0065198925238617225
1246.00	-0.0021225849364784432
1247.00	-0.0030533692218858745
1248.00	-0.0033507364537638503
1249.00	-0.003709979262859851
1250.00	-0.001741640117702057
1251.00	-0.003100749181951073
1252.00	-0.004741073218964917
1253.00	-0.006768554482106164
1254.00	-0.006164708487568436
1255.00	
1256.00	
1257.00	
1258.00	
1259.00	
1260.00	
1261.00	-0.0030902295055030607
1262.00	-0.0007672033166401538
1263.00	-0.003885417646458094
1264.00	-0.004324179269649599
1265.00	-0.006378580964646095
1266.00	-0.0024932585751007113
1267.00	-0.003324810007084757
1268.00	-0.005152334585615098
1269.00	-0.0021365835610430953
1270.00	-0.002665797835268389
1271.00	-0.006801852985508617
1272.00	-0.006905641604322891
1273.00	-0.00463256317056376
1274.00	-0.005576020766967701
1275.00	-0.011887412475308197
1276.00	-0.004427222399581804
1277.00	-0.002015151705351536
1278.00	-0.002711852481765252
1279.00	-0.007060123467123009
1280.00	-0.0037548742599845656
1281.00	-0.006190800598443523
1282.00	-0.0018508128228873803
1283.00	-0.004497712514993431
1284.00	-0.006469696272463858
1285.00	-0.003499420069702838
1286.00	-0.0026965285436322648
1287.00	-0.0013158831338990495
1288.00	-0.0018394648254592065
1289.00	-0.006162886181412119
1290.00	-0.006585081385000393
1291.00	-0.009282508656896294
1292.00	-0.004129358175115653
1293.00	-0.0057419334592940866
1294.00	-0.007620068449712179
1295.00	-0.004704461431641817
1296.00	-0.006333851631717374
1297.00	-0.006708418378946555
1298.00	-0.004348117745976381
1299.00	-0.00972889083310544
1300.00	-0.011359440682553339
1301.00	-0.009663784804064669
1302.00	-0.009755728432862595
1303.00	-0.00877706719480179
1304.00	-0.004682096765177456
1305.00	-0.00705664451900637
1306.00	-0.006202811252655864
1307.00	-0.008848551295389766
1308.00	-0.009051241439235245
1309.00	-0.0073559997212366566
1310.00	-0.006655902828804201
1311.00	-0.0049057434298210596
1312.00	-0.009158674670362152
1313.00	-0.006015527879041467
1314.00	-0.006290199116062902
1315.00	-0.007351609620041955
1316.00	-0.0060200836444323546
1317.00	-0.0056138750357610425
1318.00	-0.006630721871007369
1319.00	-0.006881620295898208
1320.00	-0.010064360830070843
1321.00	-0.009252026444826313
1322.00	-0.009222041225344505
1323.00	-0.001924699054317747
1324.00	-0.010291900603321167
1325.00	-0.006573981883866306
1326.00	-0.007603336365912955
1327.00	-0.00656064591608563
1328.00	-0.004947904967711202
1329.00	-0.008319502685360658
1330.00	-0.006612995802031797
1331.00	-0.0046099500078053135
1332.00	-0.008742443377831002
1333.00	-0.00815889124730723
1334.00	-0.005364219092340446
1335.00	-0.010098653318649453
1336.00	-0.006960559285307637
1337.00	-0.004276633645388406
1338.00	-0.00476708249774191
1339.00	-0.00943682485550042
1340.00	-0.009050495950353177
1341.00	-0.004748031115198195
1342.00	-0.004402207105980773
1343.00	-0.009929178846108335
1344.00	-0.010478604152249492
1345.00	-0.007083067958273444
1346.00	-0.0040947343581448645
1347.00	-0.007107254930894314
1348.00	-0.006898932204383698
1349.00	-0.007769911715023508
1350.00	-0.00592474389961569
1351.00	-0.007580309042664427
1352.00	-0.01074259004862692
1353.00	-0.007788714601273136
1354.00	-0.0067567094920898164
1355.00	-0.005657444719317614
1356.00	-0.006541428869345921
1357.00	-0.0034662872304963787
1358.00	-0.006393573574387095
1359.00	-0.005677738583331571
1360.00	-0.004787376361755867
1361.00	-0.0038835953403017773
1362.00	-0.004912784158152432
1363.00	-0.007488282581768601
1364.00	-0.002955627346226818
1365.00	-0.004173673347554294
1366.00	-0.0037128783862904165
1367.00	-0.0030773905303105578
1368.00	-0.00465409951604796
1369.00	-0.005877115443256404
1370.00	-0.005780698881165683
1371.00	-0.004938047948047358
1372.00	-0.0009566403248030486
1373.00	-0.00468955165399891
1374.00	-0.002587852831035115
1375.00	-0.0027601435949087057
1376.00	-0.004185932498060722
1377.00	-0.0018959563163061816
1378.00	-0.0050031539770879355
1379.00	-0.002141719151120058
1380.00	-0.0031792740108704215
1381.00	-0.007777615100138856
1382.00	0.0003478823868532095
1383.00	-0.004820095040472245
1384.00	-0.004883544427552693
1385.00	-0.001622361896558802
1386.00	-0.0010504890918553843
1387.00	-0.003435142361642229
1388.00	-0.0018549544277881877
1389.00	-0.0014490771475090562
1390.00	-0.001321929877054267
1391.00	-0.0014422020833736772
1392.00	-0.0023979188302840466
1393.00	0.0019976492830408163
1394.00	0.002384392348678333
1395.00	-0.004238530880300977
1396.00	-0.0009814899542078934
1397.00	0.00038714480131297996
1398.00	0.0011009918220160004
1399.00	0.0003691702360433213
1400.00	0.002646141778409365
1401.00	-0.001948471866448536
1402.00	0.0006085549993099927
1403.00	0.0006371320731255643
1404.00	0.0037480571783182377
1405.00	0.003589433710617312
1406.00	-0.00033274896254545074
1407.00	0.0011084467108374537
1408.00	-0.0006477594313009051
1409.00	0.00212728151643609
1410.00	0.000556702105951999
1411.00	-0.0016225275607549886
1412.00	0.00224589708079537
1413.00	-0.00024022550906145052
1414.00	0.00016631442800184879
1415.00	0.0015049639640409148
1416.00	0.0015530894129881817
1417.00	0.0014365446510794984
1418.00	-0.001214993638515534
1419.00	0.0037313250945188213
1420.00	0.004445006451026041
1421.00	0.0006203171572284402
1422.00	0.005053905203542831
1423.00	0.005019529882866129
1424.00	0.004464140665667848
1425.00	0.005811818900390597
1426.00	0.004982669599248943
1427.00	0.005889184079937604
1428.00	0.005031623369176372
1429.00	0.005218161253908701
1430.00	0.005496062942752882
1431.00	0.003047877453787689
1432.00	0.003351125764624696
1433.00	0.005246821159822366
1434.00	0.002957590466950086
1435.00	0.005527207811607031
1436.00	0.005217912757614807
1437.00	0.0019191244541216612
1438.00	0.0035158788075789326
1439.00	0.004134800243955562
1440.00	0.00529320713471141
1441.00	0.0051537178816522915
1442.00	0.007121477202123818
1443.00	0.004301872585654096
1444.00	0.004963783880901222
1445.00	0.0036374763274666785
1446.00	0.005015471110063222
1447.00	0.006075473468375846
1448.00	0.004327550536039102
1449.00	0.007333941533535241
1450.00	0.0017723459764368904
1451.00	0.003382601961870833
1452.00	0.00860259794675066
1453.00	0.0053496986255583846
1454.00	0.004838044756112669
1455.00	0.00843221232113148
1456.00	0.004514419749163613
1457.00	0.006818643051776892
1458.00	0.00300397644183913
1459.00	0.0017830313170810893
1460.00	0.006291251083707915
1461.00	0.007993202201645889
1462.00	0.00813434809666533
1463.00	0.005497222592125223
1464.00	0.0032404620816752364
1465.00	0.002141777133588916
1466.00	0.004637673911011681
1467.00	0.007513107361544211
1468.00	0.0034279111194858206
1469.00	0.005632735904479528
1470.00	0.006868756471076662
1471.00	0.002642083005606458
1472.00	0.0034506899464402615
1473.00	0.007008577052527768
1474.00	0.005350278450244459
1475.00	0.006483255886909388
1476.00	0.008697026538489071
1477.00	0.0041081283083944
1478.00	0.0019051258295568162
1479.00	0.004278845262405568
1480.00	-0.0003388785377985686
1481.00	0.002394663528832259
1482.00	0.002862664882623502
1483.00	0.004749662907529476
1484.00	0.00511404130670244
1485.00	0.004588802973182153
1486.00	0.003409688057922268
1487.00	0.002233306601896761
1488.00	0.000875191522824093
1489.00	0.0024638283306757432
1490.00	0.0008667426488264844
1491.00	0.0012380789442327275
1492.00	-0.00016128651965202168
1493.00	0.00049623467440021
1494.00	-0.00023508991898448783
1495.00	-0.0011763938808399313
1496.00	2.831615270686692e-05
1497.00	-0.0033169409577732227
1498.00	-0.0005762753307129296
1499.00	-0.0026590884353290037
1500.00	4.107229580146963e-05
1501.00	9.275952496346965e-05
1502.00	-0.0044516578684965676
1503.00	-0.0019143450420657283
1504.00	-0.005509009599672714
1505.00	-0.0017619339817160136
1506.00	-0.00251090181197819
1507.00	-0.005244029718118937
1508.00	-0.0037067488110372987
1509.00	-0.0053165906359811605
1510.00	-0.004914937792700736
1511.00	-0.0007515480501151787
1512.00	-0.003701364724666249
1513.00	-0.0026673716451306186
1514.00	-0.002468740274087854
1515.00	-0.0033690423474254964
1516.00	-0.004498126675483512
1517.00	-0.003149288791388614
1518.00	-0.0024519253581905373
1519.00	-0.002718893210096625
1520.00	-0.008334412463003565
1521.00	-0.004665116185084146
1522.00	-0.0019108660939490885
1523.00	-0.0055740327966153904
1524.00	-0.0022997627941349096
1525.00	-0.0042832602132296975
1526.00	-0.0035522669482371803
1527.00	-0.007079423345960811
1528.00	-0.006558989274125306
1529.00	-0.006029195175214131
1530.00	-0.004043378457374852
1531.00	-0.0052238186862030725
1532.00	-0.003848640194939001
1533.00	-0.005291078349792148
1534.00	-0.005372336637946068
1535.00	-0.007421519910767507
1536.00	-0.0033067526097171978
1537.00	-0.006931153890511904
1538.00	-0.004622209158311742
1539.00	-0.006074007340240752
1540.00	-0.005493519997343539
1541.00	-0.002370584237938717
1542.00	-0.0029480896253072713
1543.00	-0.004688888997214743
1544.00	-0.006048743550345827
1545.00	-0.0059765967929738765
1546.00	-0.00667238641630953
1547.00	-0.005510831905829031
1548.00	-0.008790982987268542
1549.00	-0.004949975770161606
1550.00	-0.005332080238310142
1551.00	-0.007331481420223992
1552.00	-0.009228667793185798
1553.00	-0.005650983815672316
1554.00	-0.006503491768454486
1555.00	-0.0056092364382722545
1556.00	-0.007233573880368942
1557.00	-0.003535120703947876
1558.00	-0.004662796886339655
1559.00	-0.003475481593376248
1560.00	-0.005563098959677105
1561.00	-0.008587464522442903
1562.00	-0.006176967638074864
1563.00	-0.006124949080520684
1564.00	-0.007739595167149521
1565.00	-0.0030024274816059424
1566.00	-0.007342415257162085
1567.00	-0.008463216375418678
1568.00	-0.00817197871879382
1569.00	-0.006530412200309735
1570.00	-0.004389533794984456
1571.00	-0.00788910710406867
1572.00	-0.006896944234031196
1573.00	-0.006647536786904685
1574.00	-0.0072494776431880036
1575.00	-0.008694069432589647
1576.00	-0.007145854688569724
1577.00	-0.00828877197699659
1578.00	-0.008441597197836386
1579.00	-0.0073703296741934885
1580.00	-0.010041416338920216
1581.00	-0.00517436792368747
1582.00	-0.007701658066258086
1583.00	-0.006266343471834212
1584.00	-0.006434989623395169
1585.00	-0.009949886870612372
1586.00	-0.009690539571723923
1587.00	-0.007805612349268353
1588.00	-0.0064821210871662815
1589.00	-0.007344320395416495
1590.00	-0.008821796527730512
1591.00	-0.008202378098765709
1592.00	-0.006997502401022916
1593.00	-0.008649174435464934
1594.00	-0.009327237989825016
1595.00	-0.007007028092294774
1596.00	-0.00932425603429655
1597.00	-0.005013093828849873
1598.00	-0.004809658196122326
1599.00	-0.00524643184896152
1600.00	-0.004157852416833132
1601.00	-0.002552069364692177
1602.00	-0.002591580275445842
1603.00	-0.007618577471947849
1604.00	-0.0036326969154107454
1605.00	-0.00358001570107259
1606.00	-0.004091172577930131
1607.00	-0.003067699174842707
1608.00	-0.008144395630154403
1609.00	-0.0037818775239379073
1610.00	-0.005452683773021732
1611.00	-0.004745463320159811
1612.00	-0.0031463068358599552
1613.00	-0.001230897401334596
1614.00	-0.004903258466880575
1615.00	-0.0018849396472699952
1616.00	-0.002698930674474849
1617.00	-0.0046478871086967485
1618.00	-0.004639355402601047
1619.00	-0.00423289829763584
1620.00	-0.005216529461577613
1621.00	-0.0027318150173872213
1622.00	-0.0026065728851868424
1623.00	-0.0003317549773692955
1624.00	-0.0021864484840487786
1625.00	-0.0038819386983414543
1626.00	-0.002406367704281655
1627.00	-0.0008338003234450607
1628.00	-0.001280679492242186
1629.00	-0.0009116624955802411
1630.00	-0.0022399580193672884
1631.00	-0.002075287808511145
1632.00	0.0011023999676824292
1633.00	-0.0019843381648893743
1634.00	-0.0009331988410644399
1635.00	-0.0008122639779608618
1636.00	-0.0019437504368614612
1637.00	0.0005428691455833406
1638.00	0.002713981266684514
1639.00	0.002729305204817502
1640.00	0.004620030674134203
1641.00	0.0045365359193338855
1642.00	0.001389330355210293
1643.00	0.00022363423982898554
1644.00	0.0008952368905439626
1645.00	0.0017148605004137598
1646.00	0.0018186491192280336
1647.00	-0.001245807178977503
1648.00	0.0029382077560141918
1649.00	0.0030171467454236205
1650.00	0.003382684793968926
1651.00	0.0016229168716158343
1652.00	0.0018459837115733628
1653.00	0.000262896654288756
1654.00	0.005492666826734336
1655.00	0.005003626120046874
1656.00	0.006115978364305859
1657.00	0.0034012391839244663
1658.00	0.0032374801261465776
1659.00	0.0036220695572355974
1660.00	0.002465899133126147
1661.00	0.005767420895853864
1662.00	0.001837700501771748
1663.00	0.0040788057456965674
1664.00	0.003473468773394703
1665.00	0.0018931980074425678
1666.00	0.005769823026696256
1667.00	0.004951856058786781
1668.00	0.003877855075909505
1669.00	0.004561302716640637
1670.00	0.0034725576203164478
1671.00	0.00024657873097942034
1672.00	0.002647301427781514
1673.00	0.0026545078203088802
1674.00	0.004191954391586704
1675.00	0.004588637308985967
1676.00	0.0020364975370105063
1677.00	0.002660388899268104
1678.00	0.005351438099616801
1679.00	0.006866105843939992
1680.00	0.004901576975291017
1681.00	0.006248426889033604
1682.00	0.004554758980897439
1683.00	0.0026263449069833895
1684.00	0.004509532655380544
1685.00	0.0018331447363808596
1686.00	0.0030303998811062045
1687.00	0.002696669358199216
1688.00	0.002518083354876321
1689.00	0.001285210408004032
1690.00	0.0033934529667110254
1691.00	0.002762603708219955
1692.00	0.001863295620058661
1693.00	0.0021117090820092083
1694.00	0.0027616097230438
1695.00	-0.0003495638784427676
1696.00	0.001790320541706549
1697.00	0.003030234216910211
1698.00	-0.0011027561457036517
1699.00	0.00142817860917979
1700.00	-0.00036323117461543224
1701.00	-0.0014296116044752612
1702.00	0.00027913174549980556
1703.00	-0.0007942065805934956
1704.00	0.0016484291578048467
1705.00	-0.0028539923619610415
1706.00	-0.00040050561872269943
1707.00	-0.0018571908944345853
1708.00	0.0005551282960895765
1709.00	-0.0007367211045701723
1710.00	-0.0051684868447282465
1711.00	-0.0027776211675901905
1712.00	-0.0004201368259524882
1713.00	-0.004746457305335966
1714.00	-0.0030263659579325324
1715.00	-0.004274065850349828
1716.00	-0.0019441645973515419
1717.00	-0.004290383773658971
1718.00	-0.003661108325030323
1719.00	-0.002877765174091638
1720.00	-0.0042714152232133495
1721.00	-0.0051450453609896375
1722.00	-0.0076663715925033215
1723.00	-0.004361619377952859
1724.00	-0.0011129444937594839
1725.00	-0.004682345261471543
1726.00	-0.0015077222729045286
1727.00	-0.006811627173074561
1728.00	-0.0021718700347980523
1729.00	-0.007629097148396055
1730.00	-0.0049886583599351095
1731.00	-0.005860797519947261
1732.00	-0.0051138176600375885
1733.00	-0.004202995910251933
1734.00	-0.0044306185156003505
1735.00	-0.00616139520364779
1736.00	-0.004970269634175563
1737.00	-0.004274314346643915
1738.00	-0.0020847306676851016
1739.00	-0.004655673325910189
1740.00	-0.007983287199512993
1741.00	-0.008103476573734503
1742.00	-0.0036410629573104536
1743.00	-0.009487021106898284
1744.00	-0.006282744227241449
1745.00	-0.003112345675673334
1746.00	-0.004617239232430773
1747.00	-0.004195623853528573
1748.00	-0.005881836872843286
1749.00	-0.0051351055092277
1750.00	-0.002086470141743325
1751.00	-0.0034022580187298567
1752.00	-0.002801642476014874
1753.00	-0.0030117046765837127
1754.00	-0.004956602338002898
1755.00	-0.0030863363968963403
1756.00	-0.004120909301118045
1757.00	-0.002197299488888971
1758.00	-0.0018740886424299954
1759.00	-0.001307434259901441
1760.00	-0.002906010919515222
1761.00	-0.0020040522042172565
1762.00	-0.001419837416909317
1763.00	-0.003733172250304373
1764.00	-0.0032608636274163282
1765.00	-0.0036030430243211183
1766.00	-0.005235995004611409
1767.00	-0.0003139460762958234
1768.00	-0.00368910557415982
1769.00	-0.004991474651267774
1770.00	0.0015544975586544176
1771.00	-0.0026490657514689725
1772.00	-0.0026929667634175316
1773.00	0.00010808346309645726
1774.00	-0.0016701560171142743
1775.00	-0.0013660793852969132
1776.00	0.001206437082790597
1777.00	0.0013166866052501688
1778.00	-0.0017379126732913303
1779.00	-0.001748515181837436
1780.00	0.002433346118605762
1781.00	-0.001922131259279362
1782.00	0.003889948562219747
1783.00	0.0003348777474647126
1784.00	0.0007668471386189312
1785.00	0.00497140443391867
1786.00	0.0029396159016806204
1787.00	0.004264432477350835
1788.00	0.002509220320388632
1789.00	0.0032293625805409564
1790.00	0.003775308938565474
1791.00	0.0005177710198844088
1792.00	0.0012622659168535972
1793.00	0.000656763280355546
1794.00	0.003437933803345659
1795.00	0.002744794807146483
1796.00	0.005311098867882975
1797.00	0.0013735922565872249
1798.00	0.004702945604248252
1799.00	0.003542550743140094
1800.00	0.003654456907559989
1801.00	0.0038976519473352877
1802.00	0.0029602410940865647
1803.00	0.005009838527398085
1804.00	0.010799470850334935
1805.00	0.005406769941091627
1806.00	0.006845066491043966
1807.00	0.006950346087622569
1808.00	0.0039961393118766045
1809.00	0.008373401531540014
1810.00	0.006321236303189916
1811.00	0.00864848692905153
1812.00	0.008199868286196182
1813.00	0.007600329560755254
1814.00	0.009648021855812365
1815.00	0.007742635105147037
1816.00	0.008717651730895015
1817.00	0.009448727827985627
1818.00	0.007725240364563646
1819.00	0.005931014289435759
1820.00	0.009116074122352694
1821.00	0.01343618219438496
1822.00	0.006908681542320408
1823.00	0.008732478676440022
1824.00	0.011365793904471308
1825.00	0.008316992872790939
1826.00	0.01225458231618459
1827.00	0.007788772583741994
1828.00	0.012666257843324853
1829.00	0.010637368434517368
1830.00	0.009071924614110048
1831.00	0.006290174266433859
1832.00	0.008456150797458071
1833.00	0.011319987754268339
1834.00	0.009883347846276322
1835.00	0.009712051067578888
1836.00	0.010447600097962292
1837.00	0.009934538082850341
1838.00	0.01030098728447371
1839.00	0.011231026080999072
1840.00	0.008896486230511997
1841.00	0.00842500592860392
1842.00	0.009870840199475808
1843.00	0.010083138866691236
1844.00	0.014269804428819602
1845.00	0.011589689065408998
1846.00	0.00712263685149616
1847.00	0.010215753055615168
1848.00	0.011297871584098066
1849.00	0.011194994118362047
1850.00	0.010609951010073946
1851.00	0.009778233913893906
1852.00	0.012645301322526727
1853.00	0.010491583942008945
1854.00	0.009223258857185706
1855.00	0.010302312598042044
1856.00	0.012374937354602093
1857.00	0.010679612804505604
1858.00	0.012478643141318274
1859.00	0.011083170786040245
1860.00	0.011083999107020407
1861.00	0.00826687945349117
1862.00	0.010679861300799691
1863.00	0.01105939797390965
1864.00	0.011144466538572196
1865.00	0.010179886757174137
1866.00	0.011004977285513078
1867.00	0.008830634712589158
1868.00	0.010830284390796903
1869.00	0.007681505016811081
1870.00	0.00945469173904275
1871.00	0.009207189430170458
1872.00	0.009218620259696724
1873.00	0.012026048557758112
1874.00	0.008035612235830119
1875.00	0.009160057966399345
1876.00	0.008496821357584077
1877.00	0.007714886352311628
1878.00	0.01109526427235068
1879.00	0.007907885140689255
1880.00	0.010211445786518367
1881.00	0.007284242274725551
1882.00	0.009153762726950041
1883.00	0.010461184562037058
1884.00	0.0048037522675340606
1885.00	0.006606758545051544
1886.00	0.011691241217576875
1887.00	0.007088841355505532
1888.00	0.008151080180464555
1889.00	0.012858262646526324
1890.00	0.007106318928186825
1891.00	0.008145199101505523
1892.00	0.008802388967165575
1893.00	0.00832279111965207
1894.00	0.011354694403337222
1895.00	0.007868291397837497
1896.00	0.008968881484178034
1897.00	0.010987665377027587
1898.00	0.006812679140719575
1899.00	0.006486072178242053
1900.00	0.011430485773021998
1901.00	0.010802038645373511
1902.00	0.01158206851239155
1903.00	0.009416588973955321
1904.00	0.010946249328019513
1905.00	0.00818603532582733
1906.00	0.013344321397685127
1907.00	0.010933244688631015
1908.00	0.010447600097962292
1909.00	0.011654298101861594
1910.00	0.011265567065871767
1911.00	0.0071182467503012655
1912.00	0.011005639942297052
1913.00	0.008241615663596243
1914.00	0.010125548900875466
1915.00	0.010158350411689939
1916.00	0.008159280558168268
1917.00	0.009540837120979546
1918.00	0.011091619660037855
1919.00	0.01125455039683558
1920.00	0.007193541127397868
1921.00	0.011923916580904161
1922.00	0.009008972219617774
1923.00	0.010013642736455764
1924.00	0.011513566367332233
1925.00	0.00864848692905153
1926.00	0.01050566539867169
1927.00	0.01042506976730194
1928.00	0.013199779386646947
1929.00	0.010682429095838077
1930.00	0.009844333928110639
1931.00	0.010972175774698605
1932.00	0.009457590862473315
1933.00	0.009946300240768596
1934.00	0.007443694063406639
1935.00	0.00917910934894306
1936.00	0.011382525988270532
1937.00	0.01092106837022268
1938.00	0.009836547710897198
1939.00	0.007183021450949856
1940.00	0.01358022721283516
1941.00	0.010711668826437816
1942.00	0.00994721139384685
1943.00	0.011861626843196055
1944.00	0.010994126280672884
1945.00	0.014081609902126757
1946.00	0.010279616603185503
1947.00	0.009566349407168558
1948.00	0.012079309596782535
1949.00	0.010511794973924809
1950.00	0.013710107942524327
1951.00	0.00980962727904195
1952.00	0.009546801032036669
1953.00	0.008704895587800606
1954.00	0.008236977066107262
1955.00	0.008874784220831612
1956.00	0.009072670102992309
1957.00	0.012125281411181497
1958.00	0.008249733209201865
1959.00	0.009105471613806588
1960.00	0.011369521348882035
1961.00	0.012120145821104341
1962.00	0.008759150612001183
1963.00	0.007161733601759744
1964.00	0.01061583208903317
1965.00	0.009834808236838782
1966.00	0.008303574072912361
1967.00	0.013030719074595909
1968.00	0.012686468875240909
1969.00	0.009328289957470029
1970.00	0.010002460403223584
1971.00	0.007865889266994913
1972.00	0.01261838089067148
1973.00	0.011354445907043135
1974.00	0.007110543365185725
1975.00	0.0064732332030495495
1976.00	0.013136826992154673
1977.00	0.008041410482691249
1978.00	0.01088719004213396
1979.00	0.006323472769836313
1980.00	0.00730229967209311
1981.00	0.009418991104797712
1982.00	0.01055685563524571
1983.00	0.010298750817827312
1984.00	0.006831813355361383
1985.00	0.009270141824662731
1986.00	0.008315750391320697
1987.00	0.00895910729661209
1988.00	0.005745636054075578
1989.00	0.007550878798239652
1990.00	0.00769956241417864
1991.00	0.0076015720422254966
1992.00	0.008359154410681082
1993.00	0.009250759113727029
1994.00	0.007382563975070682
1995.00	0.0050030462953608
1996.00	0.005488028229245354
1997.00	0.005447440501217441
1998.00	0.005919252131517504
1999.00	0.004852871701657483
2000.00	0.004979853307916278
2001.00	0.008990169333368147
2002.00	0.007115181962674706
2003.00	0.00013400990977555056
2004.00	0.002633551299510949
2005.00	0.0029424321930130925
2006.00	0.004566272642521606
2007.00	0.0035597798195274918
2008.00	0.007437233159761341
2009.00	0.001973627974616133
2010.00	0.003234249674324025
2011.00	0.0034451401958730254
2012.00	0.0023917644054016933
2013.00	0.0012684783242048084
2014.00	0.0038542479279749025
2015.00	0.0027047869038048372
2016.00	0.001634927525828176
2017.00	0.004025544706672338
2018.00	0.005330481578818677
2019.00	0.003348972130076392
2020.00	0.0033001840243447643
2021.00	0.0018965941234611143
2022.00	0.00317204276871382
2023.00	0.0011821672780718267
2024.00	-0.0006516525399076255
2025.00	0.0032687078270986275
2026.00	0.0009883401687140372
2027.00	0.001087655854235516
2028.00	0.002592549410992955
2029.00	0.002188908597360221
2030.00	0.006144969598611511
2031.00	-3.803235780395295e-05
2032.00	0.0019853901325345806
2033.00	0.002589898783856284
2034.00	0.001596990424936741
2035.00	0.0028004579770134898
2036.00	0.0013047587831357275
2037.00	0.001989531737435388
2038.00	0.0033823534655769384
2039.00	0.004894701911155638
2040.00	0.006202123746242654
2041.00	0.0012413093960554728
2042.00	0.00846890694055248
2043.00	0.0013885020342301318
2044.00	0.006308065999605232
2045.00	0.0005968756734898314
2046.00	0.004166442105397692
2047.00	0.0019791777251833695
2048.00	0.0030037279455450427
2049.00	0.0016157933111863683
2050.00	0.0026057197145774457
2051.00	0.003389559858104305
2052.00	0.003226214960816497
2053.00	0.003383844443341075
2054.00	0.003036198127967335
2055.00	0.005702894691499361
2056.00	0.003927885663111182
2057.00	0.0018620531385884185
2058.00	-0.001214993638515534
2059.00	0.003057154648765459
2060.00	0.004286797143815195
2061.00	0.0012302927270192866
2062.00	4.7947359936848596e-05
2063.00	0.0033425940585291867
2064.00	0.004169921053514332
2065.00	0.0015577280104771632
2066.00	0.0016606883083112754
2067.00	0.004842766185699551
2068.00	0.004020077788203195
2069.00	0.006479279946204574
2070.00	0.004402927745233798
2071.00	0.001807880946485934
2072.00	0.003762635627568964
2073.00	-0.0029629994029501784
2074.00	0.006414173917163996
2075.00	0.001493615966612548
2076.00	0.004539600706960445
2077.00	0.004356044777756774
2078.00	0.0022532691375187304
2079.00	0.003434786183621007
2080.00	0.0011439816808864974
2081.00	0.004149627189500375
2082.00	0.001575454079452542
2083.00	0.0024197616545311904
2084.00	0.003475125415355026
2085.00	0.003374401584167311
2086.00	0.002383895356090159
2087.00	0.006559378584986344
2088.00	0.0023773516203469606
2089.00	0.0050599519466978556
2090.00	0.003798916086500076
2091.00	0.006180421736562461
2092.00	0.004213904897560984
2093.00	0.0040826988543034804
2094.00	0.004480375756878898
2095.00	0.006554408659105376
2096.00	0.0020012110632555494
2097.00	0.0038216949134545174
2098.00	0.005012406322436663
2099.00	0.0007467189388009683
2100.00	0.005058709465227614
2101.00	0.0023552354501766874
2102.00	0.0036822884924932993
2103.00	0.006899238683146451
2104.00	0.0038229373949247593
2105.00	0.0065135724347833756
2106.00	0.008318069690065188
2107.00	0.0023364325639268673
2108.00	0.006004320696180052
2109.00	0.005336528321973894
2110.00	0.004881448775473054
2111.00	0.003327187288298106
2112.00	0.004316202538610928
2113.00	0.008399990635003083
2114.00	0.0041425864611690025
2115.00	0.005444541377786875
2116.00	0.008814233957181922
2117.00	0.0055579385199711
2118.00	0.0070740144099605265
2119.00	0.005547336011424994
2120.00	0.0036166854708645476
2121.00	0.005258748981936614
2122.00	0.007578461886878875
2123.00	0.005180886809801434
2124.00	0.005613518857739821
2125.00	0.006489468294260599
2126.00	0.0024181050125708673
2127.00	0.005804198347372958
2128.00	0.006005728841846287
2129.00	0.005832775421188529
2130.00	0.00638079258166345
2131.00	0.004657056621947383
2132.00	0.005429631600143969
2133.00	0.002607707684929756
2134.00	0.005026073618609328
2135.00	0.004809799010689085
2136.00	0.005262642090543527
2137.00	0.005879658388665747
2138.00	0.008126147718961809
2139.00	0.0038347823849411073
2140.00	0.0025406965176347682
2141.00	0.004818165052588794
2142.00	0.005593970482608125
2143.00	0.006213223247376741
2144.00	0.0046230126296626685
2145.00	0.00583161577181638
2146.00	0.007148646130273154
2147.00	0.004090650735712915
2148.00	0.004430428001775121
2149.00	0.0052315800537874714
2150.00	0.006781202943473438
2151.00	0.007744374579205261
2152.00	0.004574804348617308
2153.00	0.006931046208784768
2154.00	0.008323619440632231
2155.00	0.007474838932260788
2156.00	0.006529641861798431
2157.00	0.006621751154792351
2158.00	0.003794111824815101
2159.00	0.005553299922482118
2160.00	0.009240322269376917
2161.00	0.005249803115351025
2162.00	0.006607918194423692
2163.00	0.006102393900231095
2164.00	0.006890706977050942
2165.00	0.006008379468982765
2166.00	0.010229171855493746
2167.00	0.0034791013560596467
2168.00	0.003890362722709828
2169.00	0.005919417795713498
2170.00	0.005161752595159819
2171.00	0.0049797704758183774
2172.00	0.009476807909213023
2173.00	0.011308722588938258
2174.00	0.007814450534127
2175.00	0.004344365451936419
2176.00	0.0060152545331181445
2177.00	0.007573243464704013
2178.00	0.007301637015308943
2179.00	0.00604822170812861
2180.00	0.007319942908970589
2181.00	0.007194203784182036
2182.00	0.011454507081446682
2183.00	0.008058225398588567
2184.00	0.01006052570393279
2185.00	0.010232236643120306
2186.00	0.012648117613859393
2187.00	0.004993106443598862
2188.00	0.010084298516063578
2189.00	0.009406980450585372
2190.00	0.010295189037612578
2191.00	0.008758902115707096
2192.00	0.008310863297537822
2193.00	0.009961789843097578
2194.00	0.011360989642786333
2195.00	0.007987155458490672
2196.00	0.007991628391783467
2197.00	0.008432957810013549
2198.00	0.009618450796820638
2199.00	0.006413925420869909
2200.00	0.012447166944072137
2201.00	0.011449040162977538
2202.00	0.013501536719719816
2203.00	0.006909261367006482
2204.00	0.010465243334839771
2205.00	0.009264840570389775
2206.00	0.010959833792094276
2207.00	0.009245209363159985
2208.00	0.00927362077277937
2209.00	0.008678389316435437
2210.00	0.012589306824267926
2211.00	0.011827997011401421
2212.00	0.009827519012213515
2213.00	0.015152960257867748
2214.00	0.01404276164815726
2215.00	0.011713605884041235
2216.00	0.013847692057329228
2217.00	0.015639764497908618
2218.00	0.015771881694244375
2219.00	0.015308518937942115
2220.00	0.01218831663777167
2221.00	0.014265745656016696
2222.00	0.01289122982153679
2223.00	0.014694567427446261
2224.00	0.017304192675445047
2225.00	0.015935557919924365
2226.00	0.013095990767832673
2227.00	0.015101770021293728
2228.00	0.017113513185811908
2229.00	0.017127594642474653
2230.00	0.015136890830852498
2231.00	0.01821691956348511
2232.00	0.014780215816795075
2233.00	0.01631617141030857
2234.00	0.015694019522109196
2235.00	0.01743142277799793
2236.00	0.014701939484169814
2237.00	0.017385119635206978
2238.00	0.016089791286430396
2239.00	0.014876632378885797
2240.00	0.017573231329801535
2241.00	0.016572288257374466
2242.00	0.016761228272949187
2243.00	0.0170126236904282
2244.00	0.018293704918346042
2245.00	0.017721500785250442
2246.00	0.01754747054731863
2247.00	0.016767275016104404
2248.00	0.015439227988611444
2249.00	0.01790654769221864
2250.00	0.017585821808699952
2251.00	0.017088580724309164
2252.00	0.017529495982048972
2253.00	0.02003027985325461
2254.00	0.01686882716827228
2255.00	0.01327971236123253
2256.00	0.017970991064475045
2257.00	0.018700410519605335
2258.00	0.01952334741339578
2259.00	0.020672062948683775
2260.00	0.019432646266068096
2261.00	0.01601491106982368
2262.00	0.017375096951346945
2263.00	0.02120136005500697
2264.00	0.015275634595029548
2265.00	0.019467849907724957
2266.00	0.016680963969971613
2267.00	0.019242795097415118
2268.00	0.018727330951460584
2269.00	0.016376804506056355
2270.00	0.01860540210318085
2271.00	0.016921177054218448
2272.00	0.014353630512011906
2273.00	0.020798547562354396
2274.00	0.01727578126582566
2275.00	0.015224278694259536
2276.00	0.015122063885307685
2277.00	0.01802193280475498
2278.00	0.018025743081263798
2279.00	0.019339377323701834
2280.00	0.014482020263936938
2281.00	0.01765266731179914
2282.00	0.020168775121137576
2283.00	0.02026999594491327
2284.00	0.01943364025124425
2285.00	0.01927741891438591
2286.00	0.019096347948122528
2287.00	0.01927567944032749
2288.00	0.024178842650295355
2289.00	0.01717025317295297
2290.00	0.01900357599834444
2291.00	0.014719251392655112
2292.00	0.017944567625207974
2293.00	0.016610308190363802
2294.00	0.016653215217136204
2295.00	0.018383080752105388
2296.00	0.018603993957514615
2297.00	0.017199989896140883
2298.00	0.01657568437339301
2299.00	0.018318388883554894
2300.00	0.016388649496072702
2301.00	0.01600828450198239
2302.00	0.016143714982238794
2303.00	0.016844723027749503
2304.00	0.01562013329067883
2305.00	0.014528074910433801
2306.00	0.018942860070498564
2307.00	0.015665028287803542
2308.00	0.016867501854703943
2309.00	0.015565215609694084
2310.00	0.016357173298826563
2311.00	0.016431556522844913
2312.00	0.017688533610239976
2313.00	0.015322848890898754
2314.00	0.017230554940308767
2315.00	0.01933109411390022
2316.00	0.015855210784848698
2317.00	0.018980300178801826
2318.00	0.019716594698067493
2319.00	0.015683168517269003
2320.00	0.013118852426885208
2321.00	0.015177892719370492
2322.00	0.017891969242967716
2323.00	0.015218480447398406
2324.00	0.012810799854363033
2325.00	0.01620020647308596
2326.00	0.013564654778408085
2327.00	0.016298942333921172
2328.00	0.019034886531394585
2329.00	0.01578588031880903
2330.00	0.015454717590940617
2331.00	0.014812271838727287
2332.00	0.013951729172437588
2333.00	0.01656624151421925
2334.00	0.019150105979734933
2335.00	0.018585273903362887
2336.00	0.017181932498773325
2337.00	0.014373013222947609
2338.00	0.017574308147075786
2339.00	0.016973941100654696
2340.00	0.015396155297643046
2341.00	0.014992597316108405
2342.00	0.01692556715541334
2343.00	0.01437723765994651
2344.00	0.014259864577057664
2345.00	0.016811590188543044
2346.00	0.016103375750504967
2347.00	0.014471169259096745
2348.00	0.015404687003738747
2349.00	0.01786786510244494
2350.00	0.01804040436261262
2351.00	0.016123255454028842
2352.00	0.016145951448885382
2353.00	0.0188839664488092
2354.00	0.013641025972778935
2355.00	0.01391942465421129
2356.00	0.01743341074835024
2357.00	0.01745701789628484
2358.00	0.015670743702566582
2359.00	0.015365590253475165
2360.00	0.0171566687088784
2361.00	0.017895945183672532
2362.00	0.014967830518801654
2363.00	0.017310570746992444
2364.00	0.015648130539808326
2365.00	0.01443472313596964
2366.00	0.017864551818524296
2367.00	0.016658764967703247
2368.00	0.0182558506495527
2369.00	0.014298381502635174
2370.00	0.014778310678540666
2371.00	0.01657609853388309
2372.00	0.016124415103401183
2373.00	0.017062654277630068
2374.00	0.01228581001713664
2375.00	0.01718789640983045
2376.00	0.017742043145558488
2377.00	0.014206603538033241
2378.00	0.012925687974311394
2379.00	0.015759208383247868
2380.00	0.013690642399490532
2381.00	0.01536848937690573
2382.00	
2383.00	0.0176169666775541
2384.00	0.01904598603252867
2385.00	0.015626677026422026
2386.00	0.019569484891990733
2387.00	0.017645129590879594
2388.00	0.01780226208081619
2389.00	0.017206699296080076
2390.00	0.015036415495959063
2391.00	0.014475228031899653
2392.00	0.01704757883579117
2393.00	0.01698562042647505
2394.00	0.012689367998671474
2395.00	0.016350215402593092
2396.00	0.018148997243111867
2397.00	0.01883600666405773
2398.00	0.019658777893652182
2399.00	0.01667657386877672
2400.00	0.017365654092173183
2401.00	0.018969366341863733
2402.00	0.01888901920678807
2403.00	0.018105427559555295
2404.00	0.017942662486953562
2405.00	0.01655828963280962
2406.00	0.019494273346992032
2407.00	0.01754291478192774
2408.00	0.01537080867565022
2409.00	0.02024025922172555
2410.00	0.014218365695951496
2411.00	0.023512375589657533
2412.00	0.014500160493402397
2413.00	0.01924942166525641
2414.00	0.016985454762279056
2415.00	0.018682270290139875
2416.00	0.017408975279435475
2417.00	0.01933854900272167
2418.00	0.0174985996094891
2419.00	0.01743142277799793
2420.00	0.01847833766482396
2421.00	0.01906594856815064
2422.00	0.01696830851798956
2423.00	0.01886093912556067
2424.00	0.01668734204151882
2425.00	0.021149258665354696
2426.00	0.016689081515577235
2427.00	0.018699002373939098
2428.00	0.020794737285845577
2429.00	0.01980439672196461
2430.00	0.021050936965009565
2431.00	0.017827443038613215
2432.00	0.019575365970949957
2433.00	0.02054590966340514
2434.00	0.0216353174165135
2435.00	0.02009845066992194
2436.00	0.020859677650690352
2437.00	0.019812182939178052
2438.00	0.020715632632240154
2439.00	0.020246305964880768
2440.00	0.018984358951604732
2441.00	0.02223518747034641
2442.00	0.019412600898348224
2443.00	0.019443083110418206
2444.00	0.020560819441048046
2445.00	0.022745516026223985
2446.00	0.02081478265356564
2447.00	0.021141886608631335
2448.00	0.02396737230406028
2449.00	0.022658045330718853
2450.00	0.02364631509214961
2451.00	0.02296841720198552
2452.00	0.021259922348304348
2453.00	0.023047356191394756
2454.00	0.024249995422491344
2455.00	0.022832572561239037
2456.00	0.022072670894038766
2457.00	0.02426192324460559
2458.00	0.020980115521205756
2459.00	0.02210166212834442
2460.00	0.023238781169910155
2461.00	0.02416020542824172
2462.00	0.024416570771601705
2463.00	0.02424088389170957
2464.00	0.021702411415906578
2465.00	0.02523155578398271
2466.00	0.02117013235405492
2467.00	0.025659549234432116
2468.00	0.02453046490637391
2469.00	0.02657766020884304
2470.00	0.02344519875816636
2471.00	0.025713058769750628
2472.00	0.024391389813804874
2473.00	0.02240225981204514
2474.00	0.025409727626815336
2475.00	0.022819733586046533
2476.00	0.027958554114870342
2477.00	0.022484760581669108
2478.00	0.021381934028682173
2479.00	0.026909982586083986
2480.00	0.02364706058103168
2481.00	0.020934143706806792
2482.00	0.0233346179073148
2483.00	0.023629168847860305
2484.00	0.0219729410480274
2485.00	0.023575162319953814
2486.00	0.024197728368643076
2487.00	0.02510084673331319
2488.00	0.023464829965396148
2489.00	0.02112821931245867
2490.00	0.020582604282826333
2491.00	0.020028374715000203
2492.00	0.020287059357104675
2493.00	0.021525316390348014
2494.00	0.02006879677883212
2495.00	0.024527565782943343
2496.00	0.020019346016316518
2497.00	0.024185552050234742
2498.00	0.02248326960390478
2499.00	0.019107778777648795
2500.00	0.020990718029751863
2501.00	0.02203465096104943
2502.00	0.021228114822666223
2503.00	0.022940999777542097
2504.00	0.023856128796424556
2505.00	0.019478949408859046
2506.00	0.029575767996537564
2507.00	0.020105574230351215
2508.00	
2509.00	
2510.00	
2511.00	
2512.00	
2513.00	
2514.00	0.00730768375846416
2515.00	0.01073303950772602
2516.00	0.011557715875574687
2517.00	0.012214574412842752
2518.00	0.011572128660629613
2519.00	0.015511871738571761
2520.00	0.015432849917064239
2521.00	0.012121885295162758
2522.00	0.01444971574571064
2523.00	0.013999440460894776
2524.00	0.016407369550224236
2525.00	0.017046667682712915
2526.00	0.01493842512400592
2527.00	0.012281171419647852
2528.00	0.014343359331857788
2529.00	0.01351901429240111
2530.00	0.013500542734543469
2531.00	0.007957584399498945
2532.00	0.013180479507809146
2533.00	0.011231191745195065
2534.00	0.01193468475364626
2535.00	0.010727738253452872
2536.00	0.01226576464941677
2537.00	0.012491730612804864
2538.00	0.013689482750118383
2539.00	0.009856344582322981
2540.00	0.010641924199908257
2541.00	0.009590619211887329
2542.00	0.011295717949549762
2543.00	0.008594563233243133
2544.00	0.010794252428159878
2545.00	0.010981701465970462
2546.00	0.011075633065120698
2547.00	0.008331902650433846
2548.00	0.012630640041177909
2549.00	0.012517739891581859
2550.00	0.011585630292606284
2551.00	0.012279680441883522
2552.00	0.010711585994339723
2553.00	0.011423279380494632
2554.00	0.01205644793773
2555.00	0.011361072474884427
2556.00	0.012353069680725907
2557.00	0.013191993169433314
2558.00	0.01555428177275599
2559.00	0.015027718125667368
2560.00	0.01121561931076799
2561.00	0.010578557644925903
2562.00	0.011602528040601502
2563.00	0.012692681282592119
2564.00	0.01655630166245731
2565.00	0.012973233598572779
2566.00	0.015205558640108002
2567.00	0.014019402996516744
2568.00	0.01990528621734832
2569.00	0.017762502673768436
2570.00	0.017027533468071107
2571.00	0.015216906637536175
2572.00	0.016822275529187244
2573.00	0.019384189488728647
2574.00	0.017921540301959443
2575.00	0.022313132474579687
2576.00	0.020951455615292287
2577.00	0.0239241339488957
2578.00	0.019954074323079753
2579.00	0.021721379966352393
2580.00	0.02173943736371976
2581.00	0.022344360175531736
2582.00	0.020010731478122722
2583.00	0.023137808842428546
2584.00	0.023682347054786633
2585.00	0.022755538710084018
2586.00	0.020824059848543408
2587.00	0.020581361801356092
2588.00	0.02291374801729486
2589.00	0.022354962684077842
2590.00	0.0263439908603396
2591.00	0.020372045089669322
2592.00	0.023946415783262155
2593.00	0.022484594917473115
2594.00	0.018558436303605732
2595.00	0.01442933904959859
2596.00	
2597.00	
2598.00	
2599.00	
2600.00	
2601.00	0.015833094614678234
2602.00	0.02430946886886698
2603.00	0.021088956897999094
2604.00	0.021007284449355092
2605.00	0.018371898418873208
2606.00	0.017452462130893954
2607.00	0.018446695803381832
2608.00	0.01780267624130627
2609.00	0.021084401132608205
2610.00	0.01656624151421925
2611.00	0.01902627199320079
2612.00	0.018617495589491093
2613.00	0.02230973635856095
2614.00	0.015461095662487823
2615.00	0.014969073000271896
2616.00	0.01548138952650178
2617.00	0.017732186125894642
2618.00	0.01943943849810538
2619.00	0.017887744805968817
2620.00	0.01771446005691907
2621.00	0.01667649103667882
2622.00	0.015683168517269003
2623.00	0.01717215831120738
2624.00	0.012431097517057082
2625.00	0.014969984153349958
2626.00	0.015029126271333603
2627.00	0.012295832700996672
2628.00	0.015626180033834047
2629.00	0.01689044634585438
2630.00	0.011468091545521253
2631.00	0.014953914726334902
2632.00	0.01309085517775571
2633.00	0.015036663992252957
2634.00	0.015124217519856181
2635.00	0.015302720691080983
2636.00	0.01652275466276077
2637.00	0.014250256053687713
2638.00	0.013317566630025873
2639.00	0.013901781417333812
2640.00	0.013040161933769865
2641.00	0.01315215093028766
2642.00	0.015260890481582828
2643.00	0.01658123412396025
2644.00	0.014717263422302802
2645.00	0.015355484737517232
2646.00	0.013622885743313476
2647.00	0.014608422045509465
2648.00	0.015466148420466692
2649.00	0.012504321091703281
2650.00	0.014464542691255453
2651.00	0.013969372409314874
2652.00	0.014234517955064646
2653.00	0.01460775938872549
2654.00	0.014437870755694292
2655.00	0.012194777541416969
2656.00	0.013580558541227146
2657.00	0.016605918089168906
2658.00	0.011902380235419962
2659.00	0.011468091545521253
2660.00	0.011559206853339016
2661.00	0.014696803894092851
2662.00	0.013163167599323847
2663.00	0.013809423628045806
2664.00	0.014431409852048993
2665.00	0.011010361371884127
2666.00	0.013113054180024076
2667.00	0.010694274085854424
2668.00	0.013102037510987891
2669.00	0.01294937795434409
2670.00	0.013884469508848321
2671.00	0.01245271669463918
2672.00	0.012896862404201927
2673.00	0.011957215084306614
2674.00	0.01086639918553202
2675.00	0.010619476701345804
2676.00	0.011773327826710762
2677.00	0.011734396740643173
2678.00	0.007521556235541819
2679.00	0.01051220913441489
2680.00	0.011288180228630216
2681.00	0.00984276011824841
2682.00	0.010334285787876162
2683.00	0.00911474880878455
2684.00	0.013381844338086481
2685.00	0.011088886200803283
2686.00	0.008207654503409623
2687.00	0.010600259654606094
2688.00	0.013237053830754214
2689.00	0.009114914472980544
2690.00	0.013790123749208004
2691.00	0.010064501644637602
2692.00	0.01254316934567297
2693.00	0.015103592327450045
2694.00	0.01382772952170726
2695.00	0.01249620354609766
2696.00	0.012893631952379182
2697.00	0.012819911385144808
2698.00	0.008903858287235358
2699.00	0.012700136171413573
2700.00	0.01229782067134898
2701.00	0.01068880716738528
2702.00	0.012953022566656723
2703.00	0.011724622553077229
2704.00	0.015472443659915996
2705.00	0.014551185065780422
2706.00	0.0136397006592106
2707.00	0.008351036865075654
2708.00	0.012886342727753722
2709.00	0.011894676850304422
2710.00	0.01237286655215169
2711.00	0.010751842393975648
2712.00	0.009608345280862707
2713.00	0.01240210628275143
2714.00	0.013006366437779238
2715.00	0.013315412995477376
2716.00	0.01563214394489117
2717.00	0.015759622543737948
2718.00	0.01673820094970085
2719.00	0.015130015766717313
2720.00	0.015640427154692785
2721.00	0.017481370533101705
2722.00	0.016400411653990955
2723.00	0.020088013825571828
2724.00	0.011260679972088891
2725.00	0.01565980986562849
2726.00	0.014504219266205305
2727.00	0.014671788600491821
2728.00	0.015204978815421927
2729.00	0.01817392970461461
2730.00	0.014140006531228141
2731.00	0.016676408204580728
2732.00	0.017849145048293408
2733.00	0.016047049923853987
2734.00	0.01672080620911746
2735.00	0.016722297186881598
2736.00	0.01716917635567872
2737.00	0.018873032611870913
2738.00	0.01743920899521137
2739.00	0.019768364759327587
2740.00	0.019449295517769416
2741.00	0.019215874665559872
2742.00	0.01988764298047084
2743.00	0.018010584807326806
2744.00	0.0197767308012271
2745.00	0.017506882819290717
2746.00	0.020286313868222605
2747.00	0.01815454699367891
2748.00	0.022621267879199762
2749.00	0.02123540404729149
2750.00	0.018921075228720278
2751.00	0.01925571690470552
2752.00	0.019149774651342946
2753.00	0.022114252607242833
2754.00	0.020043532988937195
2755.00	0.019977267310524276
2756.00	0.018735862657556286
2757.00	0.021393447690306343
2758.00	0.01873727080322252
2759.00	0.02072167937539537
2760.00	0.019352464795188422
2761.00	0.019888636965646998
2762.00	0.024113570957058784
2763.00	0.016246261119582824
2764.00	0.023849833556975248
2765.00	0.01769317220772896
2766.00	0.0197616553593882
2767.00	0.019623077259407144
2768.00	0.025609684311426434
2769.00	0.02065450254390439
2770.00	0.020081635754024624
2771.00	0.02294108260964019
2772.00	0.021952647184013442
2773.00	0.023640102684798398
2774.00	0.022471838774378704
2775.00	0.023474686985060188
2776.00	0.02420783388460101
2777.00	0.023756813110903077
2778.00	0.02228778585258667
2779.00	0.021913301937455772
2780.00	0.020539862920249924
2781.00	0.022214727942136463
2782.00	0.023648468726698107
2783.00	0.02436322690047938
2784.00	0.027957560129694185
2785.00	0.02341156892637192
2786.00	0.023216416503445796
2787.00	0.021312023737956428
2788.00	0.02433307601680158
2789.00	0.026159606610155574
2790.00	0.022351235239667113
2791.00	0.022087746335877668
2792.00	0.021832789138184115
2793.00	0.02327323932268495
2794.00	0.024413174655583156
2795.00	0.02351593736987227
2796.00	0.026379608662486544
2797.00	0.025515421383884018
2798.00	0.023061686144351588
2799.00	0.021358823873335552
2800.00	0.027545139113671662
2801.00	0.023956355635024094
2802.00	0.022380143641874673
2803.00	0.02514781253288831
2804.00	0.025648284069101843
2805.00	0.022714371157369836
2806.00	0.024359747952362742
2807.00	0.024107027221315393
2808.00	0.02563884120992808
2809.00	0.02456003596536583
2810.00	0.026291061149707164
2811.00	0.02597878414018628
2812.00	0.025916991395066348
2813.00	0.027820804335869448
2814.00	0.025495541680360143
2815.00	0.026045132650697293
2816.00	0.026594889285230437
2817.00	0.025038722659801078
2818.00	0.023858779423561034
2819.00	0.02518251918195719
2820.00	0.02703000629610931
2821.00	0.027513994244817708
2822.00	0.029249658026648022
2823.00	0.026720876906313078
2824.00	0.02556975924018269
2825.00	0.027105797665794084
2826.00	0.024395200090313693
2827.00	0.026247242969856695
2828.00	0.02693450088709665
2829.00	0.025269492884874147
2830.00	0.024963014122214397
2831.00	0.02717148351952093
2832.00	0.02490900759430771
2833.00	0.026636388166336605
2834.00	0.025324493397956793
2835.00	0.027614138251319153
2836.00	0.026900705391106023
2837.00	0.029264899132683108
2838.00	0.025607282180583852
2839.00	0.025399704942955497
2840.00	0.02858816089189117
2841.00	0.026991655034727793
2842.00	0.026660078146369108
2843.00	0.024992336684912034
2844.00	0.023801790940125883
2845.00	0.02671864043966668
2846.00	0.02498562728497265
2847.00	0.028185679727630586
2848.00	0.02516288797472721
2849.00	0.028166462680890875
2850.00	0.026458381987699783
2851.00	0.025076245600202433
2852.00	0.026928536976039526
2853.00	0.0293597418849116
2854.00	0.02721695834133172
2855.00	0.025611258121288664
2856.00	0.0265010405181781
2857.00	0.029381526726689693
2858.00	0.02550821499135665
2859.00	0.027480198748827078
2860.00	0.025677523799701583
2861.00	0.027014351029584334
2862.00	0.02267933317990916
2863.00	0.027959879428438677
2864.00	0.025516498201158266
2865.00	0.02759318173052103
2866.00	0.02861640663731456
2867.00	0.022702360503157496
2868.00	0.023240851972360557
2869.00	0.024860053824380283
2870.00	0.026664136919172014
2871.00	0.025139032330498714
2872.00	0.025082540839651543
2873.00	0.025728714036275604
2874.00	0.02420642573893477
2875.00	0.025353070471772366
2876.00	0.022788257388800394
2877.00	0.025899265326090777
2878.00	0.024415576786425548
2879.00	0.0228936198174769
2880.00	0.022162378056190295
2881.00	0.02384519495948646
2882.00	0.021335630885891032
2883.00	0.023439152015011143
2884.00	0.02254174906510426
2885.00	0.02167938409265805
2886.00	0.025237354030843845
2887.00	0.022661524278835686
2888.00	0.022023799956209237
2889.00	0.02319388617278544
2890.00	0.01917387879186572
2891.00	0.019630035155640616
2892.00	0.020499937849006177
2893.00	0.023340995978862005
2894.00	0.02060289814684029
2895.00	0.021828150540695132
2896.00	0.01823936706204737
2897.00	0.021817796528443113
2898.00	0.017699136118786082
2899.00	0.01961015545211674
2900.00	0.01924478306776743
2901.00	0.01801431225173753
2902.00	0.018442140037990943
2903.00	0.01812762656182366
2904.00	0.017335171880103202
2905.00	0.016046387267069816
2906.00	0.020797387912982246
2907.00	0.015166461889844418
2908.00	0.014516726913005627
2909.00	0.0175567477422964
2910.00	0.016723622500449932
2911.00	0.01209231423617103
2912.00	0.017697230980531675
2913.00	0.01707193147260784
2914.00	0.01792137463776345
2915.00	0.018279209301193214
2916.00	0.0188366693208419
2917.00	0.01462126102070197
2918.00	0.015433926734338486
2919.00	0.019440349651183634
2920.00	0.016399997493500875
2921.00	0.016918029434493796
2922.00	0.01858618505644114
2923.00	0.01461662242321318
2924.00	0.01791325709215783
2925.00	0.021564992965297864
2926.00	0.015347947016597686
2927.00	0.016824926156323722
2928.00	0.015021919878806238
2929.00	0.01802425210349947
2930.00	0.019498249287696848
2931.00	0.01767039338077452
2932.00	0.018437170112109973
2933.00	0.017649436859976393
2934.00	0.0167415970657194
2935.00	0.015755315274641146
2936.00	0.01622994319627368
2937.00	0.019423037742698143
2938.00	0.018051835192138887
2939.00	0.014755614683684318
2940.00	0.017756124602221233
2941.00	0.016959196987207784
2942.00	0.01833835141917667
2943.00	0.017134966699198208
2944.00	0.01602112347717489
2945.00	0.017786606814291214
2946.00	0.014324390781412167
2947.00	0.013560761669801365
2948.00	0.011936921220292657
2949.00	0.017286052445979586
2950.00	0.018056142461235686
2951.00	0.015738334694547836
2952.00	0.01687810436325005
2953.00	0.018432945675111265
2954.00	0.015884616179644432
2955.00	0.017689444763318234
2956.00	0.013687577611863972
2957.00	0.016044233632521512
2958.00	0.015110467391585424
2959.00	0.01356299813644776
2960.00	0.01592495541137826
2961.00	0.018771728955997317
2962.00	0.01921396952730546
2963.00	0.016118616856540053
2964.00	0.016991501505434083
2965.00	0.016999039226353627
2966.00	0.0176041277023616
2967.00	0.01433988038374115
2968.00	0.012046011093379888
2969.00	0.019093614488887956
2970.00	0.013613360052041619
2971.00	0.019139669135385014
2972.00	0.016409026192184557
2973.00	0.017606115672713907
2974.00	0.016270530924301595
2975.00	0.015244655390371587
2976.00	0.017511355752583512
2977.00	0.01792419092909592
2978.00	0.01811445625823917
2979.00	0.02064232622549586
2980.00	0.018007437187602154
2981.00	0.018448103949048066
2982.00	0.017437552353251045
2983.00	
2984.00	0.02134399692779074
2985.00	0.017131901911571455
2986.00	0.013907165503704862
2987.00	0.01862511614250873
2988.00	0.017212083382451126
2989.00	0.01793404794875996
2990.00	0.01709048586256338
2991.00	0.01641407895016362
2992.00	0.016029820847466587
2993.00	0.01709239100081779
2994.00	0.015400296902543853
2995.00	0.01592280177682976
2996.00	0.018391363961907003
2997.00	0.013072880612486244
2998.00	0.012228324541113509
2999.00	0.01703026692730568
3000.00	0.018476515358667643
3001.00	0.015056129535286754
3002.00	0.013688323100746235
3003.00	0.014793220456183573
3004.00	0.014498172523050088
3005.00	0.0143903251314331
3006.00	0.017042443245714013
3007.00	0.008860454267874972
3008.00	0.016289085314257136
3009.00	0.016637891279003218
3010.00	0.015443203929316257
3011.00	0.015902093752325725
3012.00	0.017443184935916182
3013.00	0.018940457939656173
3014.00	0.020276125520166582
3015.00	0.018771646123899224
3016.00	0.019913238098757755
3017.00	0.01985219084251989
3018.00	0.01884445553805534
3019.00	0.017084521951506254
3020.00	0.02093232140065048
3021.00	0.02192912286817674
3022.00	0.02221655024829278
3023.00	0.005471130481250136
3024.00	
3025.00	
3026.00	
3027.00	
3028.00	0.014806390759768064
3029.00	0.018735862657556286
3030.00	0.017258966349928344
3031.00	0.020900679539208347
3032.00	0.021626288717829813
3033.00	0.020497784214457682
3034.00	0.018942363077910584
3035.00	0.01798995961492086
3036.00	0.02329295336201264
3037.00	0.023864163509932083
3038.00	0.020983097476734415
3039.00	0.021298273609685864
3040.00	0.0203424740306774
3041.00	0.023357065405877255
3042.00	0.01871101302815144
3043.00	0.01951837748751481
3044.00	0.02112010176685305
3045.00	0.018683098611120035
3046.00	0.015091913001629884
3047.00	0.018620643209215745
3048.00	0.01809283708065688
3049.00	0.02407795315491184
3050.00	0.02107355012776801
3051.00	0.025288047274829688
3052.00	0.02158636364658607
3053.00	0.023161581654559144
3054.00	0.022447817465954024
3055.00	0.02480397649402339
3056.00	0.02294986281202979
3057.00	0.02479784691877008
3058.00	0.0261826339334041
3059.00	0.028017613400755894
3060.00	0.025548554223090478
3061.00	0.025988061335164243
3062.00	0.025195192492953506
3063.00	0.027126257194004036
3064.00	0.02692754299086337
3065.00	0.027879532293363013
3066.00	0.02761977083398429
3067.00	0.026925140860020784
3068.00	0.030181933289819784
3069.00	0.02945690393588439
3070.00	0.03147709597440037
3071.00	0.031922070004943084
3072.00	0.0305729836245541
3073.00	0.03141729119963275
3074.00	0.034070651795383905
3075.00	0.034997957132674694
3076.00	0.03293129628717177
3077.00	0.03631523598742556
3078.00	0.03149581602855191
3079.00	0.03424153441359126
3080.00	0.03323843770661569
3081.00	0.03473554504615969
3082.00	0.03133595007938073
3083.00	0.0341567971773207
3084.00	0.030699882398714802
3085.00	0.03356371935552507
3086.00	0.03396553786300149
3087.00	0.033112615749729235
3088.00	0.03322667554869744
3089.00	0.03369948116417366
3090.00	0.03506902707277259
3091.00	0.038875244808712746
3092.00	0.03567809148948538
3093.00	0.033384719191712285
3094.00	0.03499721164379263
3095.00	0.03177007310508345
3096.00	0.03428767189218621
3097.00	0.03634464138222129
3098.00	0.03433273255350712
3099.00	0.03373427064534044
3100.00	0.03466141031843523
3101.00	0.033590225626890235
3102.00	0.03603344118997465
3103.00	0.036051084426852134
3104.00	0.03176410919402633
3105.00	0.030939018665687386
3106.00	0.03148430236692774
3107.00	0.03466331545668945
3108.00	0.03306324781931153
3109.00	0.03010084066586205
3110.00	0.03413029090595553
3111.00	0.035724063303884335
3112.00	0.03277159600219679
3113.00	0.0335092158350306
3114.00	0.03298049855339348
3115.00	0.034403305501016834
3116.00	0.03486559144004504
3117.00	0.03208698871209332
3118.00	0.028901431886588207
3119.00	0.034445135710514996
3120.00	0.03553735975495601
3121.00	0.03440040637758627
3122.00	0.03609614508817284
3123.00	0.034266466875094194
3124.00	0.033817019911258496
3125.00	0.031475522164537945
3126.00	0.027942567519953186
3127.00	0.02961950334429013
3128.00	0.03032092555029092
3129.00	0.03302771284926268
3130.00	0.03602805710360361
3131.00	0.03187253641032939
3132.00	0.03226267559198545
3133.00	0.03211399197604647
3134.00	0.032852274465664445
3135.00	0.03340029162613936
3136.00	0.03470415168101145
3137.00	0.029329591001233606
3138.00	0.016248166257837236
3139.00	
3140.00	
3141.00	
3142.00	
3143.00	
3144.00	
3145.00	0.01642070551800491
3146.00	0.022254404517086313
3147.00	0.02442609646287356
3148.00	0.02525035867023234
3149.00	0.022911263054354376
3150.00	0.024874549441533108
3151.00	0.022725884818994197
3152.00	0.026345978830691907
3153.00	0.023379844232831695
3154.00	0.02706313913531577
3155.00	0.02656299892749422
3156.00	0.030720176262728757
3157.00	0.028260311447943214
3158.00	0.028802364697360815
3159.00	0.02607776849731558
3160.00	0.03103468973889604
3161.00	
3162.00	
3163.00	0.03220643259743256
3164.00	0.03132219995111017
3165.00	0.0338642342071277
3166.00	0.02749403170919574
3167.00	0.032230039745367166
3168.00	0.030521130731195913
3169.00	0.031100458424720978
3170.00	0.03273887732348041
3171.00	0.033799708002773196
3172.00	0.02774302499583236
3173.00	0.03092220374979007
3174.00	0.030327966278622293
3175.00	0.033120981791628756
3176.00	0.03183087186502723
3177.00	0.03057961019239539
3178.00	0.031707037878493084
3179.00	0.0329455434080307
3180.00	0.03154336165281329
3181.00	0.027808545185363017
3182.00	0.028138962424349552
3183.00	0.029980899787934626
3184.00	0.02800402893668113
3185.00	0.030465716057623188
3186.00	0.03205369020869067
3187.00	0.03061150055013161
3188.00	0.03119115957204866
3189.00	0.028295929250090154
3190.00	0.0324467285137773
3191.00	0.031219488149570145
3192.00	0.03251738429338511
3193.00	0.029560195562110682
3194.00	0.02962107715415255
3195.00	0.029053594450643837
3196.00	0.028265198541726086
3197.00	0.03019808554893293
3198.00	0.029568975764500276
3199.00	0.03381793106433675
3200.00	0.025967518974856198
3201.00	0.027499001635076705
3202.00	0.02577029574947967
3203.00	0.028448091814145784
3204.00	0.026568548678061264
3205.00	0.028854383254914996
3206.00	0.028848999168543946
3207.00	0.031150489011922654
3208.00	0.034346234185483784
3209.00	0.030368471174552113
3210.00	0.031111143765364984
3211.00	0.031300912101920056
3212.00	0.030902821038854368
3213.00	0.02767294904091062
3214.00	0.02890242587176436
3215.00	0.02902609419410251
3216.00	0.030290691834515025
3217.00	0.029326940374097128
3218.00	0.031764771850810496
3219.00	0.030163875892452223
3220.00	0.029204183204837232
3221.00	0.02974739610362718
3222.00	0.028228918082794974
3223.00	0.02895427876512255
3224.00	0.02726367564461294
3225.00	0.027499001635076705
3226.00	0.030120803201483824
3227.00	0.030673293295251543
3228.00	0.02819860153492118
3229.00	0.027455431951520327
3230.00	0.026957942370835257
3231.00	0.032830820952278336
3232.00	0.031017957655096816
3233.00	0.030439458282552106
3234.00	0.029758661268957258
3235.00	0.032493611481254514
3236.00	0.032702845360843384
3237.00	0.027332840446456428
3238.00	0.03159645702764152
3239.00	0.029047464875390717
3240.00	0.03090514033759886
3241.00	0.03030585010845202
3242.00	0.02679501163403753
3243.00	0.026120924020382068
3244.00	0.029448537893984873
3245.00	0.026891262531932258
3246.00	0.029882246759197314
3247.00	0.031772143907533856
3248.00	0.031032536104347735
3249.00	0.02854740749966707
3250.00	0.027379392085541465
3251.00	0.028036830447495602
3252.00	0.021491769390651474
3253.00	
3254.00	
3255.00	
3256.00	
3257.00	
3258.00	0.02875191994966906
3259.00	
3260.00	0.03823644366881224
3261.00	0.037221667636016316
3262.00	0.03589950168748258
3263.00	0.03232007823591068
3264.00	0.03333559975758867
3265.00	0.03596676135107166
3266.00	0.035650591232944055
3267.00	0.038239425624340705
3268.00	0.03487354332145448
3269.00	0.03426555572201594
3270.00	0.03451131855682982
3271.00	0.03913823671991402
3272.00	0.03676567693643742
3273.00	0.0357765788540265
3274.00	0.035170910553332456
3275.00	0.03681885514336374
3276.00	0.03616199660609568
3277.00	0.03531719203842905
3278.00	0.038271812974665094
3279.00	0.03856056566834928
3280.00	
3281.00	
3282.00	
3283.00	0.03173867973993541
3284.00	0.027915564256000037
3285.00	0.02854044960343379
3286.00	0.028400711854080586
3287.00	0.029399666956155344
3288.00	0.039624958127856796
3289.00	
3290.00	
3291.00	0.041014300907881704
3292.00	0.041079075608530295
3293.00	0.04143500513370584
3294.00	0.03823843163916455
3295.00	0.04053967298624917
3296.00	0.039035939078864074
3297.00	0.04187028780878071
3298.00	0.041249626898345666
3299.00	0.0395516517211125
3300.00	0.03892941700081523
3301.00	0.036606887804540494
3302.00	0.038469284696335516
3303.00	0.04067601461958383
3304.00	0.039824583484075714
3305.00	0.037601618469616356
3306.00	0.044469973205017554
3307.00	0.043268410791195214
3308.00	0.04065017100500283
3309.00	0.04123098967629203
3310.00	0.044854065643518404
3311.00	0.04318773232772757
3312.00	0.040336817178207696
3313.00	0.041761943424575544
3314.00	0.04144303984721337
3315.00	0.04144627029903593
3316.00	0.04153589462908936
3317.00	
3318.00	0.04090537669899047
3319.00	0.0425611903383333
3320.00	0.038682660180825196
3321.00	0.04592086023386831
3322.00	0.043210676818878
3323.00	0.04179590458476217
3324.00	0.04279958111642381
3325.00	0.0406123167362093
3326.00	0.0450198126716486
3327.00	0.04208440878215246
3328.00	0.04409507512939639
3329.00	0.04201830876793553
3330.00	0.044821429796899924
3331.00	0.04155734814247566
3332.00	0.04353090570980832
3333.00	0.041403694600655704
3334.00	0.04059343101786177
3335.00	0.043231384843382036
3336.00	0.04413847914875677
3337.00	0.041569275964589904
3338.00	0.04118708866434347
3339.00	
3340.00	
3341.00	
3342.00	
3343.00	0.044855473789184634
3344.00	0.03559724736182154
3345.00	0.02925727857966547
3346.00	0.028563725422976406
3347.00	0.03501526904116019
3348.00	0.038714136378071334
3349.00	0.042764708803158934
3350.00	0.043645379669266786
3351.00	0.04267235101387093
3352.00	0.041132419479652814
3353.00	0.04039794726654366
3354.00	0.04247438229961233
3355.00	0.04125153203660007
3356.00	0.042723541250444946
3357.00	0.04263466240927358
3358.00	0.040000601692360034
3359.00	0.045776566719124216
3360.00	0.04306704596091788
3361.00	0.038525776187182496
3362.00	0.03326196202245239
3363.00	0.03478640395434153
3364.00	0.039881489135412965
3365.00	0.03641256370259453
3366.00	0.04360164432151422
3367.00	0.044353179946814786
3368.00	0.03996970531980017
3369.00	0.044834185939994525
3370.00	0.038896781154196945
3371.00	0.04071527703404341
3372.00	0.03797867017978583
3373.00	0.03184238552665159
3374.00	0.02584227684265582
3375.00	0.030777578906653988
3376.00	0.038599579586514964
3377.00	0.042249244657204595
3378.00	0.0404808621966577
3379.00	0.04018763656968054
3380.00	0.045585473069001
3381.00	0.041096221852819796
3382.00	0.03741143597257139
3383.00	0.03676675375371166
3384.00	0.039649145100477665
3385.00	0.03786038594381892
3386.00	0.04149928284176626
3387.00	0.03952348880778701
3388.00	
3389.00	0.03714347413548915
3390.00	0.03980818272866867
3391.00	0.03708607149156392
3392.00	0.039881406303314874
3393.00	0.040625735536088066
3394.00	0.04027071716399077
3395.00	0.037818638566418664
3396.00	0.03602283868142855
3397.00	0.03874105680992658
3398.00	0.035284556191810576
3399.00	0.027091881873327332
3400.00	0.02104919749095134
3401.00	0.022759266154494744
3402.00	0.02818899301155123
3403.00	0.030522621708960244
3404.00	0.029450111703847103
3405.00	0.0329090144528055
3406.00	0.03365582864851918
3407.00	0.030812285555722678
3408.00	0.031138229861416226
3409.00	0.029795107392084366
