0.0	32.21955871582031
1.0	32.21522827148438
2.0	32.202423095703125
3.0	32.05412292480469
4.0	32.164303588867185
5.0	32.14595947265625
6.0	32.202310180664064
7.0	32.20050048828125
8.0	32.18224182128906
9.0	32.234799194335935
10.0	32.1478271484375
11.0	32.20689697265625
12.0	32.263485717773435
13.0	32.220156860351565
14.0	32.2811279296875
15.0	32.231805419921876
16.0	32.217474365234374
17.0	32.218692016601565
18.0	32.33297119140625
19.0	32.25279846191406
20.0	32.252191162109376
21.0	32.343084716796874
22.0	32.3642822265625
23.0	32.23453063964844
24.0	32.083438110351565
25.0	32.40566711425781
26.0	32.32045288085938
27.0	32.287933349609375
28.0	32.28335876464844
29.0	32.32258605957031
30.0	32.32611083984375
31.0	32.264852905273436
32.0	32.346353149414064
33.0	32.494866943359376
34.0	32.395196533203126
35.0	32.32987976074219
36.0	32.32960815429688
37.0	32.39894104003906
38.0	32.345455932617185
39.0	32.42777099609375
40.0	32.414614868164065
41.0	32.426300048828125
42.0	32.351419067382814
43.0	32.445562744140624
44.0	32.474569702148436
45.0	32.50509338378906
46.0	32.4454833984375
47.0	32.44806823730469
48.0	32.46920471191406
49.0	32.50045471191406
50.0	32.559228515625
51.0	32.44951477050781
52.0	32.57583312988281
53.0	32.527426147460936
54.0	32.486932373046876
55.0	32.50339050292969
56.0	32.37973327636719
57.0	32.59719543457031
58.0	32.4616943359375
59.0	32.5361328125
60.0	32.55640563964844
61.0	32.472171020507815
62.0	32.438427734375
63.0	32.3448486328125
64.0	32.63157653808594
65.0	32.54013366699219
66.0	32.32526550292969
67.0	32.585693359375
68.0	32.559451293945315
69.0	32.6149169921875
70.0	32.589447021484375
71.0	32.639471435546874
72.0	32.553857421875
73.0	32.53085632324219
74.0	32.6689208984375
75.0	32.591192626953124
76.0	32.518350219726564
77.0	32.539938354492186
78.0	32.624462890625
79.0	32.54864501953125
80.0	32.56188049316406
81.0	32.68624572753906
82.0	32.644171142578124
83.0	32.60250244140625
84.0	32.72232360839844
85.0	32.63644104003906
86.0	32.68905944824219
87.0	32.636776733398435
88.0	32.62418212890625
89.0	32.6500244140625
90.0	32.74645080566406
91.0	32.55964050292969
92.0	32.83751220703125
93.0	32.720889282226565
94.0	32.64805297851562
95.0	32.77299194335937
96.0	32.701663208007815
97.0	32.69334106445312
98.0	32.70987243652344
99.0	32.77764892578125
100.0	32.75442810058594
101.0	32.884698486328126
102.0	32.89004821777344
103.0	32.773260498046874
104.0	32.76563720703125
105.0	32.83740234375
106.0	32.829931640625
107.0	32.722686767578125
108.0	32.81817626953125
109.0	32.722940063476564
110.0	32.87861938476563
111.0	32.751953125
112.0	32.733517456054685
113.0	32.80946350097656
114.0	32.82459411621094
115.0	32.786572265625
116.0	32.73503723144531
117.0	32.795159912109376
118.0	32.87327270507812
119.0	32.694122314453125
120.0	39.8463134765625
121.0	40.255368041992185
122.0	40.26685485839844
123.0	40.305206298828125
124.0	40.293267822265626
125.0	40.137307739257814
126.0	40.21293334960937
127.0	40.12178039550781
128.0	40.188079833984375
129.0	40.12257385253906
130.0	40.23920593261719
131.0	40.20348205566406
132.0	40.246029663085935
133.0	40.26004333496094
134.0	40.20431823730469
135.0	40.122528076171875
136.0	40.14452209472656
137.0	40.110955810546876
138.0	40.1665283203125
139.0	40.15880126953125
140.0	40.21036376953125
141.0	40.02431640625
142.0	40.080419921875
143.0	40.01708984375
144.0	40.10765075683594
145.0	39.89712829589844
146.0	39.90682678222656
147.0	40.00103759765625
148.0	39.985165405273435
149.0	39.966912841796876
150.0	40.04173278808594
151.0	39.997616577148435
152.0	39.989016723632815
153.0	40.095001220703125
154.0	40.009317016601564
155.0	40.04302978515625
156.0	39.95396728515625
157.0	40.07558898925781
158.0	40.03524475097656
159.0	39.98863525390625
160.0	39.99336242675781
161.0	39.910519409179685
162.0	40.100399780273435
163.0	39.957489013671875
164.0	39.83102111816406
165.0	39.95398864746094
166.0	39.94187927246094
167.0	39.93343811035156
168.0	39.86338806152344
169.0	39.99277954101562
170.0	39.937539672851564
171.0	40.01247863769531
172.0	40.046112060546875
173.0	39.94098815917969
174.0	40.04301452636719
175.0	39.88038635253906
176.0	39.955624389648435
177.0	39.98917236328125
178.0	40.01612548828125
179.0	39.99257202148438
180.0	39.913995361328126
181.0	39.8931884765625
182.0	40.07710266113281
183.0	39.99801330566406
184.0	39.88036193847656
185.0	39.80308227539062
186.0	39.855499267578125
187.0	39.76713562011719
188.0	39.81519775390625
189.0	39.7407958984375
190.0	39.905999755859376
191.0	39.782861328125
192.0	39.77369995117188
193.0	39.86721496582031
194.0	39.81141967773438
195.0	39.808099365234376
196.0	39.87017822265625
197.0	39.816934204101564
198.0	39.90721740722656
199.0	39.923056030273436
200.0	39.77840576171875
201.0	39.93177490234375
202.0	39.8688232421875
203.0	39.80278015136719
204.0	39.73927307128906
205.0	39.747152709960936
206.0	39.67195129394531
207.0	39.82615661621094
208.0	39.73237609863281
209.0	39.807064819335935
210.0	39.91502075195312
211.0	39.785638427734376
212.0	39.866748046875
213.0	39.85255126953125
214.0	39.86055297851563
215.0	39.93904418945313
216.0	39.821005249023436
217.0	39.859945678710936
218.0	39.81124267578125
219.0	39.83836364746094
220.0	39.83140563964844
221.0	39.88197631835938
222.0	39.79118041992187
223.0	39.98433227539063
224.0	39.8293701171875
225.0	39.76112365722656
226.0	39.66502075195312
227.0	39.72970275878906
228.0	39.82634582519531
229.0	39.814883422851565
230.0	39.839114379882815
231.0	39.82585144042969
232.0	39.760256958007815
233.0	39.89454650878906
234.0	39.847879028320314
235.0	39.85992431640625
236.0	39.856451416015624
237.0	39.8796142578125
238.0	40.010885620117186
239.0	39.81850891113281
240.0	39.83174438476563
241.0	39.92414855957031
242.0	39.91529846191406
243.0	39.845333862304685
244.0	39.75035095214844
245.0	39.840457153320315
246.0	39.910360717773436
247.0	39.84519958496094
248.0	39.90980834960938
249.0	39.91192626953125
250.0	40.01035766601562
251.0	39.849240112304685
252.0	39.86580200195313
253.0	39.852655029296876
254.0	39.9018798828125
255.0	39.939248657226564
256.0	39.93634033203125
257.0	39.98511962890625
258.0	39.96774597167969
259.0	39.81761779785156
260.0	39.932901000976564
261.0	40.02817993164062
262.0	39.949066162109375
263.0	39.879678344726564
264.0	39.8116943359375
265.0	39.96513061523437
266.0	39.96620178222656
267.0	39.96690063476562
268.0	39.981695556640624
269.0	39.990325927734375
270.0	39.965325927734376
271.0	39.9523681640625
272.0	39.97223815917969
273.0	39.964697265625
274.0	39.937112426757814
275.0	39.9324462890625
276.0	39.937677001953126
277.0	40.014749145507814
278.0	40.145928955078126
279.0	40.05521850585937
280.0	39.93091735839844
281.0	40.002899169921875
282.0	40.062933349609374
283.0	39.91246337890625
284.0	40.033328247070315
285.0	40.038760375976565
286.0	40.06647644042969
287.0	40.03184204101562
288.0	40.08157653808594
289.0	40.006683349609375
290.0	40.14619140625
291.0	39.95042114257812
292.0	40.10330810546875
293.0	40.065338134765625
294.0	40.09611511230469
295.0	39.97085876464844
296.0	40.005557250976565
297.0	39.970208740234376
298.0	39.970269775390626
299.0	40.00682373046875
300.0	40.072024536132815
301.0	40.10859985351563
302.0	39.9599609375
303.0	40.0982666015625
304.0	40.04749450683594
305.0	40.08610534667969
306.0	40.066079711914064
307.0	40.11514587402344
308.0	40.089788818359374
309.0	40.10625305175781
310.0	39.96341247558594
311.0	40.066610717773436
312.0	40.067202758789065
313.0	40.084896850585935
314.0	40.115570068359375
315.0	40.091912841796876
316.0	40.03764953613281
317.0	40.10073547363281
318.0	40.0896484375
319.0	40.1663330078125
320.0	40.158712768554686
321.0	39.99814147949219
322.0	40.1291015625
323.0	40.106631469726565
324.0	40.08883972167969
325.0	40.187869262695315
326.0	40.05501708984375
327.0	40.09665222167969
328.0	40.171939086914065
329.0	40.13505554199219
330.0	40.11341247558594
331.0	40.04227905273437
332.0	40.109521484375
333.0	40.106686401367185
334.0	40.0641357421875
335.0	40.12513122558594
336.0	40.11158447265625
337.0	40.16360778808594
338.0	40.18827514648437
339.0	40.09054870605469
340.0	40.086447143554686
341.0	40.01240539550781
342.0	40.14644165039063
343.0	40.214315795898436
344.0	40.20204162597656
345.0	40.12679443359375
346.0	40.127984619140626
347.0	40.143655395507814
348.0	39.972589111328126
349.0	40.25212097167969
350.0	40.147955322265624
351.0	40.06511535644531
352.0	40.007147216796874
353.0	40.156707763671875
354.0	40.17400207519531
355.0	40.00591125488281
356.0	40.14968566894531
357.0	40.20408935546875
358.0	40.09946899414062
359.0	40.263433837890624
360.0	40.210540771484375
361.0	40.125265502929686
362.0	40.136602783203124
363.0	40.1665283203125
364.0	40.16800231933594
365.0	40.19355773925781
366.0	40.17481689453125
367.0	40.11461181640625
368.0	40.20438232421875
369.0	40.052120971679685
370.0	40.15434265136719
371.0	40.01018371582031
372.0	40.1417236328125
373.0	40.08008728027344
374.0	40.095123291015625
375.0	40.06304016113281
376.0	40.11381225585937
377.0	40.126129150390625
378.0	40.11875
379.0	40.10398559570312
380.0	40.16571044921875
381.0	40.1364990234375
382.0	40.18006896972656
383.0	40.09554748535156
384.0	40.16665344238281
385.0	40.138327026367186
386.0	40.183206176757814
387.0	40.070553588867185
388.0	40.29221801757812
389.0	40.045599365234374
390.0	40.189962768554686
391.0	40.061614990234375
392.0	40.158935546875
393.0	40.128167724609376
394.0	40.095333862304685
395.0	40.016241455078124
396.0	40.06529235839844
397.0	40.167929077148436
398.0	40.07442016601563
399.0	39.991094970703124
400.0	40.13401794433594
401.0	39.98133850097656
402.0	40.151730346679685
403.0	40.026065063476565
404.0	40.09034729003906
405.0	40.12652587890625
406.0	40.043511962890626
407.0	40.038333129882815
408.0	40.008203125
409.0	39.99246826171875
410.0	40.06161193847656
411.0	40.011663818359374
412.0	40.11199035644531
413.0	39.98998107910156
414.0	40.018655395507814
415.0	39.97626647949219
416.0	40.091799926757815
417.0	39.987832641601564
418.0	40.01112670898438
419.0	39.97978515625
420.0	39.96104125976562
421.0	40.03024597167969
422.0	39.93024597167969
423.0	40.04027404785156
424.0	40.03432006835938
425.0	40.011322021484375
426.0	40.02713317871094
427.0	40.04434509277344
428.0	40.01994934082031
429.0	40.02735595703125
430.0	39.95954284667969
431.0	39.89855041503906
432.0	40.03933410644531
433.0	39.940609741210935
434.0	39.95133666992187
435.0	39.932666015625
436.0	40.00473327636719
437.0	39.95975036621094
438.0	39.898739624023435
439.0	39.96836547851562
440.0	39.842950439453126
441.0	39.99879455566406
442.0	39.882861328125
443.0	39.902951049804685
444.0	39.83914794921875
445.0	39.90267639160156
446.0	39.99273681640625
447.0	39.908932495117185
448.0	39.929891967773436
449.0	39.980569458007814
450.0	39.934234619140625
451.0	39.85258178710937
452.0	39.930291748046876
453.0	39.854827880859375
454.0	39.86082153320312
455.0	39.890814208984374
456.0	39.94532470703125
457.0	39.87880249023438
458.0	39.90634460449219
459.0	39.91600341796875
460.0	39.803399658203126
461.0	39.85181579589844
462.0	39.89823608398437
463.0	39.93297119140625
464.0	39.895755004882815
465.0	39.87077331542969
466.0	39.85604553222656
467.0	39.8502685546875
468.0	39.84413146972656
469.0	39.816769409179685
470.0	39.845114135742186
471.0	39.84463195800781
472.0	39.898556518554685
473.0	39.75547485351562
474.0	39.803384399414064
475.0	39.647238159179686
476.0	39.755654907226564
477.0	39.80164794921875
478.0	39.87176513671875
479.0	39.783505249023435
480.0	39.67259521484375
481.0	39.778387451171874
482.0	39.783871459960935
483.0	39.757965087890625
484.0	39.76605224609375
485.0	39.66643371582031
486.0	39.70948181152344
487.0	39.622048950195314
488.0	39.726690673828124
489.0	39.76640319824219
490.0	39.6801025390625
491.0	39.67532958984375
492.0	39.705224609375
493.0	39.63882141113281
494.0	39.805419921875
495.0	39.624874877929685
496.0	39.706304931640624
497.0	39.719183349609374
498.0	39.700564575195315
499.0	39.552365112304685
500.0	39.52884216308594
501.0	39.6952880859375
502.0	39.624594116210936
503.0	39.6802734375
504.0	39.71336059570312
505.0	39.59119567871094
506.0	39.52576904296875
507.0	39.542233276367185
508.0	39.62608337402344
509.0	39.60740356445312
510.0	39.596987915039065
511.0	39.574407958984374
512.0	39.535397338867185
513.0	39.659521484375
514.0	39.555596923828126
515.0	39.567108154296875
516.0	39.59437561035156
517.0	39.601113891601564
518.0	39.706845092773435
519.0	39.54078063964844
520.0	39.545416259765624
521.0	39.5220947265625
522.0	39.59534912109375
523.0	39.55980529785156
524.0	39.42168273925781
525.0	39.55166931152344
526.0	39.53920288085938
527.0	39.442578125
528.0	39.554083251953124
529.0	39.50198974609375
530.0	39.52958374023437
531.0	39.4534423828125
532.0	39.63001708984375
533.0	39.447576904296874
534.0	39.5677734375
535.0	39.54158020019531
536.0	39.48848876953125
537.0	39.364096069335936
538.0	39.503170776367185
539.0	39.57229919433594
540.0	39.506143188476564
541.0	39.54683837890625
542.0	39.4246337890625
543.0	39.39786376953125
544.0	39.44325561523438
545.0	39.388790893554685
546.0	39.502496337890626
547.0	39.584494018554686
548.0	39.412835693359376
549.0	39.50510864257812
550.0	39.45786743164062
551.0	39.480166625976565
552.0	39.417877197265625
553.0	39.486734008789064
554.0	39.46225280761719
555.0	39.396932983398436
556.0	39.40542297363281
557.0	39.415765380859376
558.0	39.568896484375
559.0	39.35462951660156
560.0	39.45805969238281
561.0	39.47301330566406
562.0	39.50122985839844
563.0	39.47903747558594
564.0	39.46879272460937
565.0	39.5691650390625
566.0	39.402557373046875
567.0	39.52665405273437
568.0	39.373904418945315
569.0	39.57081909179688
570.0	39.489453125
571.0	39.4432373046875
572.0	39.42125549316406
573.0	39.457925415039064
574.0	39.50465087890625
575.0	39.42995910644531
576.0	39.544073486328124
577.0	39.44559326171875
578.0	39.490176391601565
579.0	39.34462890625
580.0	39.5710693359375
581.0	39.43662719726562
582.0	39.602316284179686
583.0	39.50468444824219
584.0	39.52244873046875
585.0	39.446328735351564
586.0	39.498077392578125
587.0	39.38101501464844
588.0	39.44992370605469
589.0	39.50810852050781
590.0	39.382562255859376
591.0	39.3731689453125
592.0	39.503726196289065
593.0	39.38204650878906
594.0	39.486080932617185
595.0	39.46756286621094
596.0	39.4803466796875
597.0	39.36410827636719
598.0	39.418496704101564
599.0	39.463714599609375
600.0	39.485968017578124
601.0	39.46366577148437
602.0	39.45421447753906
603.0	39.443121337890624
604.0	39.47029418945313
605.0	39.43104553222656
606.0	39.3359130859375
607.0	39.434017944335935
608.0	39.42179870605469
609.0	39.501495361328125
610.0	39.330078125
611.0	39.503945922851564
612.0	39.440850830078126
613.0	39.36923828125
614.0	39.472705078125
615.0	39.43838195800781
616.0	39.35002746582031
617.0	39.43677978515625
618.0	39.54942321777344
619.0	39.406637573242186
620.0	39.37833862304687
621.0	39.45155029296875
622.0	39.46668701171875
623.0	39.50607604980469
624.0	39.46970825195312
625.0	39.428872680664064
626.0	39.3865966796875
627.0	39.37700500488281
628.0	39.39942626953125
629.0	39.42997741699219
630.0	39.473236083984375
631.0	39.38302917480469
632.0	39.35087890625
633.0	39.546060180664064
634.0	39.27639465332031
635.0	39.44528503417969
636.0	39.398068237304685
637.0	39.55479736328125
638.0	39.38677978515625
639.0	39.410458374023435
640.0	39.31194152832031
641.0	39.30341491699219
642.0	39.45756530761719
643.0	39.48612976074219
644.0	39.355953979492185
645.0	39.46372680664062
646.0	39.43584289550781
647.0	39.3834716796875
648.0	39.41637268066406
649.0	39.466033935546875
650.0	39.369659423828125
651.0	39.322775268554686
652.0	39.232305908203124
653.0	39.351434326171876
654.0	39.33744812011719
655.0	39.28110961914062
656.0	39.285684204101564
657.0	39.4632080078125
658.0	39.3921142578125
659.0	39.28233032226562
660.0	39.19464111328125
661.0	39.32052917480469
662.0	39.30128784179688
663.0	39.35032653808594
664.0	39.20096130371094
665.0	39.21135559082031
666.0	39.203863525390624
667.0	39.22911071777344
668.0	39.31546630859375
669.0	39.36886291503906
670.0	39.33904113769531
671.0	39.291378784179685
672.0	39.173956298828124
673.0	39.28050842285156
674.0	39.333352661132814
675.0	39.34353942871094
676.0	39.369607543945314
677.0	39.26976623535156
678.0	39.41375732421875
679.0	39.378228759765626
680.0	39.24184875488281
681.0	39.34159545898437
682.0	39.38435363769531
683.0	39.24976806640625
684.0	39.32486267089844
685.0	39.38008422851563
686.0	39.34885864257812
687.0	39.325375366210935
688.0	39.38377990722656
689.0	39.34047241210938
690.0	39.40312194824219
691.0	39.33310241699219
692.0	39.32877197265625
693.0	39.297119140625
694.0	39.447198486328126
695.0	39.385223388671875
696.0	39.43381042480469
697.0	39.47054748535156
698.0	39.43673095703125
699.0	39.278689575195315
700.0	39.40721130371094
701.0	39.378317260742186
702.0	39.42204895019531
703.0	39.441342163085935
704.0	39.33571166992188
705.0	39.43229370117187
706.0	39.38776550292969
707.0	39.50065612792969
708.0	39.466732788085935
709.0	39.379833984375
710.0	39.49954528808594
711.0	39.39580078125
712.0	39.43755187988281
713.0	39.39964294433594
714.0	39.26503295898438
715.0	39.457281494140624
716.0	39.453268432617186
717.0	39.39581298828125
718.0	39.365029907226564
719.0	39.38919677734375
720.0	39.482852172851565
721.0	39.44091796875
722.0	39.32991943359375
723.0	39.48087768554687
724.0	39.33034057617188
725.0	39.471658325195314
726.0	39.40345458984375
727.0	39.539117431640626
728.0	39.46270751953125
729.0	39.37456359863281
730.0	39.565573120117186
731.0	39.43965148925781
732.0	39.502322387695315
733.0	39.529290771484376
734.0	39.424581909179686
735.0	39.38775634765625
736.0	39.39032897949219
737.0	39.47669982910156
738.0	39.31303405761719
739.0	39.44781494140625
740.0	39.51643676757813
741.0	39.39423828125
742.0	39.505438232421874
743.0	39.401513671875
744.0	39.470681762695314
745.0	39.59071350097656
746.0	39.313507080078125
747.0	39.457705688476565
748.0	39.43739624023438
749.0	39.448614501953124
750.0	39.38228149414063
751.0	39.556741333007814
752.0	39.569094848632815
753.0	39.518734741210935
754.0	39.52742004394531
755.0	39.522509765625
756.0	39.52725830078125
757.0	39.405078125
758.0	39.39924011230469
759.0	39.44173583984375
760.0	39.36777038574219
761.0	39.51920776367187
762.0	39.45684814453125
763.0	39.48405151367187
764.0	39.50484619140625
765.0	39.5289794921875
766.0	39.53921813964844
767.0	39.59836120605469
768.0	39.425653076171876
769.0	39.50154418945313
770.0	39.51951599121094
771.0	39.46207275390625
772.0	39.315283203125
773.0	39.487710571289064
774.0	39.452413940429686
775.0	39.518359375
776.0	39.41448974609375
777.0	39.55466003417969
778.0	39.52647094726562
779.0	39.50154113769531
780.0	39.526397705078125
781.0	39.45948791503906
782.0	39.559994506835935
783.0	39.55140380859375
784.0	39.51518859863281
785.0	39.395993041992185
786.0	39.524072265625
787.0	39.39305114746094
788.0	39.53367919921875
789.0	39.517050170898436
790.0	39.44552001953125
791.0	39.493429565429686
792.0	39.482147216796875
793.0	39.677328491210936
794.0	39.45480651855469
795.0	39.447225952148436
796.0	39.57777099609375
797.0	39.422125244140624
798.0	39.5750732421875
799.0	39.44806823730469
800.0	39.517669677734375
801.0	39.497747802734374
802.0	39.544192504882815
803.0	39.50966796875
804.0	39.49867553710938
805.0	39.44850463867188
806.0	39.474981689453124
807.0	39.428811645507814
808.0	39.455752563476565
809.0	39.57440185546875
810.0	39.526058959960935
811.0	39.47398071289062
812.0	39.595724487304686
813.0	39.4903564453125
814.0	39.496630859375
815.0	39.556268310546876
816.0	39.45815734863281
817.0	39.510317993164065
818.0	39.412420654296874
819.0	39.47437438964844
820.0	39.415313720703125
821.0	39.5427001953125
822.0	39.542172241210935
823.0	39.529275512695314
824.0	39.55098266601563
825.0	39.387185668945314
826.0	39.59965209960937
827.0	39.502813720703124
828.0	39.41181335449219
829.0	39.55550537109375
830.0	39.571047973632815
831.0	39.503448486328125
832.0	39.55655517578125
833.0	39.600311279296875
834.0	39.51925354003906
835.0	39.6325439453125
836.0	39.56404113769531
837.0	39.6361328125
838.0	39.4981201171875
839.0	39.42605285644531
840.0	39.45219116210937
841.0	39.60853576660156
842.0	39.42666320800781
843.0	39.5653564453125
844.0	39.50909423828125
845.0	39.60761413574219
846.0	39.6103271484375
847.0	39.49192810058594
848.0	39.456005859375
849.0	39.5918212890625
850.0	39.44737548828125
851.0	39.57804565429687
852.0	39.44486083984375
853.0	39.48087768554687
854.0	39.566033935546876
855.0	39.520111083984375
856.0	39.57984313964844
857.0	39.62870483398437
858.0	39.525735473632814
859.0	39.68497924804687
860.0	39.408871459960935
861.0	39.489382934570315
862.0	39.74918823242187
863.0	39.454000854492186
864.0	39.567559814453126
865.0	39.650262451171876
866.0	39.58778381347656
867.0	39.5379150390625
868.0	39.625588989257814
869.0	39.4999755859375
870.0	39.557315063476565
871.0	39.58448181152344
872.0	39.499880981445315
873.0	39.54573974609375
874.0	39.562435913085935
875.0	39.525787353515625
876.0	39.54209594726562
877.0	39.514712524414065
878.0	39.62640380859375
879.0	39.46592712402344
880.0	39.53775329589844
881.0	39.488180541992186
882.0	39.586184692382815
883.0	39.6073486328125
884.0	39.47669982910156
885.0	39.670046997070315
886.0	39.526303100585935
887.0	39.5155029296875
888.0	39.49636535644531
889.0	39.58350830078125
890.0	39.572689819335935
891.0	39.44077758789062
892.0	39.59424743652344
893.0	39.545065307617186
894.0	39.580194091796876
895.0	39.547244262695315
896.0	39.52288818359375
897.0	39.50486755371094
898.0	39.50614013671875
899.0	39.407843017578124
900.0	39.559201049804685
901.0	39.47726745605469
902.0	39.50126953125
903.0	39.497555541992185
904.0	39.478573608398435
905.0	39.556192016601564
906.0	39.47367553710937
907.0	39.58143310546875
908.0	39.66475219726563
909.0	39.42218933105469
910.0	39.592593383789065
911.0	39.47704162597656
912.0	39.44121398925781
913.0	39.429055786132814
914.0	39.50849914550781
915.0	39.50902099609375
916.0	39.595620727539064
917.0	39.516885375976564
918.0	39.49379272460938
919.0	39.56987609863281
920.0	39.51331787109375
921.0	39.516552734375
922.0	39.46471252441406
923.0	39.50015869140625
924.0	39.43016662597656
925.0	39.428854370117186
926.0	39.44691467285156
927.0	39.532290649414065
928.0	39.48637390136719
929.0	39.59336853027344
930.0	39.593630981445315
931.0	39.32052917480469
932.0	39.522003173828125
933.0	39.54438781738281
934.0	39.46358947753906
935.0	39.458700561523436
936.0	39.50543212890625
937.0	39.5553466796875
938.0	39.51939086914062
939.0	39.47855834960937
940.0	39.500665283203126
941.0	39.501861572265625
942.0	39.565347290039064
943.0	39.471926879882815
944.0	39.509124755859375
945.0	39.486328125
946.0	39.515628051757815
947.0	39.478857421875
948.0	39.522039794921874
949.0	39.385012817382815
950.0	39.512567138671876
951.0	39.459295654296874
952.0	39.38812255859375
953.0	39.65091552734375
954.0	39.4616455078125
955.0	39.53245544433594
956.0	39.47877502441406
957.0	39.372076416015624
958.0	39.488153076171876
959.0	39.47642517089844
960.0	39.431661987304686
961.0	39.47870788574219
962.0	39.48957214355469
963.0	39.49919738769531
964.0	39.44852294921875
965.0	39.527960205078124
966.0	39.52393493652344
967.0	39.485659790039065
968.0	39.37879638671875
969.0	39.49476623535156
970.0	39.50672912597656
971.0	39.50123901367188
972.0	39.54888916015625
973.0	39.5277099609375
974.0	39.49685974121094
975.0	39.375335693359375
976.0	39.53835754394531
977.0	39.49037170410156
978.0	39.54587097167969
979.0	39.35713500976563
980.0	39.46068420410156
981.0	39.476828002929686
982.0	39.418792724609375
983.0	39.50349426269531
984.0	39.41733093261719
985.0	39.491748046875
986.0	39.458544921875
987.0	39.42191772460937
988.0	39.50801086425781
989.0	39.46493225097656
990.0	39.51638488769531
991.0	39.469723510742185
992.0	39.419412231445314
993.0	39.461297607421876
994.0	39.570553588867185
995.0	39.48702392578125
996.0	39.45851440429688
997.0	39.430694580078125
998.0	39.499594116210936
999.0	39.458349609375
1000.0	39.460546875
1001.0	39.39902954101562
1002.0	39.50774230957031
1003.0	39.40399169921875
1004.0	39.464471435546876
1005.0	39.398834228515625
1006.0	39.45115356445312
1007.0	39.452841186523436
1008.0	39.489419555664064
1009.0	39.34591064453125
1010.0	39.42081298828125
1011.0	39.456112670898435
1012.0	39.43102111816406
1013.0	39.453790283203126
1014.0	39.36015014648437
1015.0	39.385498046875
1016.0	39.46537475585937
1017.0	39.46183471679687
1018.0	39.41127319335938
1019.0	39.32161254882813
1020.0	39.37027587890625
1021.0	39.509213256835935
1022.0	39.52009582519531
1023.0	39.44846801757812
1024.0	39.402163696289065
1025.0	39.36392517089844
1026.0	39.35906066894531
1027.0	39.49195251464844
1028.0	39.47881164550781
1029.0	39.363336181640626
1030.0	39.368621826171875
1031.0	39.29719848632813
1032.0	39.31871337890625
1033.0	39.45818176269531
1034.0	39.444009399414064
1035.0	39.390438842773435
1036.0	39.33695983886719
1037.0	39.394921875
1038.0	39.432562255859374
1039.0	39.384393310546876
1040.0	39.50994873046875
1041.0	39.430868530273436
1042.0	39.39474792480469
1043.0	39.37958679199219
1044.0	39.433999633789064
1045.0	39.32161254882813
1046.0	39.40426025390625
1047.0	39.26015930175781
1048.0	39.3689208984375
1049.0	39.42936401367187
1050.0	39.44191284179688
1051.0	39.2302490234375
1052.0	39.41670227050781
1053.0	39.39161376953125
1054.0	39.413839721679686
1055.0	39.36830139160156
1056.0	39.446502685546875
1057.0	39.39228210449219
1058.0	39.372293090820314
1059.0	39.320864868164065
1060.0	39.39631958007813
1061.0	39.365725708007815
1062.0	39.32816162109375
1063.0	39.35652465820313
1064.0	39.38760070800781
1065.0	39.422515869140625
1066.0	39.4253662109375
1067.0	39.37052612304687
1068.0	39.38948364257813
1069.0	39.36988830566406
1070.0	39.382876586914065
1071.0	39.40146484375
1072.0	39.289215087890625
1073.0	39.374139404296876
1074.0	39.2893798828125
1075.0	39.404824829101564
1076.0	39.374636840820315
1077.0	39.422430419921874
1078.0	39.47232360839844
1079.0	39.380889892578125
1080.0	39.382073974609376
1081.0	39.37063293457031
1082.0	39.325399780273436
1083.0	39.261181640625
1084.0	39.32181396484375
1085.0	39.37716979980469
1086.0	39.388101196289064
1087.0	39.27286071777344
1088.0	39.34574890136719
1089.0	39.30873413085938
1090.0	39.22723388671875
1091.0	39.359335327148436
1092.0	39.28392333984375
1093.0	39.35995178222656
1094.0	39.403988647460935
1095.0	39.304769897460936
1096.0	39.363424682617186
1097.0	39.40151672363281
1098.0	39.323297119140626
1099.0	39.466015625
1100.0	39.257452392578124
1101.0	39.39775390625
1102.0	39.27049560546875
1103.0	39.237954711914064
1104.0	39.286233520507814
1105.0	39.47042541503906
1106.0	39.455804443359376
1107.0	39.36090087890625
1108.0	39.32435302734375
1109.0	39.319949340820315
1110.0	39.18233032226563
1111.0	39.404510498046875
1112.0	39.198342895507814
1113.0	39.393463134765625
1114.0	39.237142944335936
1115.0	39.1629638671875
1116.0	39.269430541992186
1117.0	39.18867797851563
1118.0	39.31892395019531
1119.0	39.23652648925781
1120.0	39.37290954589844
1121.0	39.236199951171876
1122.0	39.174249267578126
1123.0	39.216156005859375
1124.0	39.27132873535156
1125.0	39.2974365234375
1126.0	39.20527038574219
1127.0	39.284783935546876
1128.0	39.28616638183594
1129.0	39.26801452636719
1130.0	39.17154235839844
1131.0	39.24217529296875
1132.0	39.26966247558594
1133.0	39.225363159179686
1134.0	39.325137329101565
1135.0	39.19234924316406
1136.0	39.289797973632815
1137.0	39.28550415039062
1138.0	39.34781188964844
1139.0	39.2440673828125
1140.0	39.26793518066406
1141.0	39.38224792480469
1142.0	39.31065979003906
1143.0	39.274716186523435
1144.0	39.216207885742186
1145.0	39.322244262695314
1146.0	39.280270385742185
1147.0	39.37138977050781
1148.0	39.202877807617185
1149.0	39.30831604003906
1150.0	39.2347412109375
1151.0	39.179620361328126
1152.0	39.19008178710938
1153.0	39.329766845703126
1154.0	39.22300720214844
1155.0	39.281866455078124
1156.0	39.27762145996094
1157.0	39.23177490234375
1158.0	39.277410888671874
1159.0	39.147952270507815
1160.0	39.327841186523436
1161.0	39.27933044433594
1162.0	39.316290283203124
1163.0	39.25751953125
1164.0	39.246646118164065
1165.0	39.33449096679688
1166.0	39.20552368164063
1167.0	39.203009033203124
1168.0	39.35157165527344
1169.0	39.23259582519531
1170.0	39.207269287109376
1171.0	39.29209899902344
1172.0	39.36023864746094
1173.0	39.32823791503906
1174.0	39.32572021484375
1175.0	39.224221801757814
1176.0	39.29197998046875
1177.0	39.272457885742185
1178.0	39.21680603027344
1179.0	39.28282775878906
1180.0	39.31129150390625
1181.0	39.218133544921876
1182.0	39.249298095703125
1183.0	39.272561645507814
1184.0	39.25935668945313
1185.0	39.234130859375
1186.0	39.25740051269531
1187.0	39.2195068359375
1188.0	39.28242797851563
1189.0	39.26358642578125
1190.0	39.23774108886719
1191.0	39.29245300292969
1192.0	39.22861938476562
1193.0	39.209295654296874
1194.0	39.314459228515624
1195.0	39.25151672363281
1196.0	39.27247924804688
1197.0	39.334432983398436
1198.0	39.2369384765625
1199.0	39.26681213378906
1200.0	39.22618713378906
1201.0	39.21883850097656
1202.0	39.44389038085937
1203.0	39.21015319824219
1204.0	39.4185546875
1205.0	39.2429443359375
1206.0	39.29949951171875
1207.0	39.244161987304686
1208.0	39.21786193847656
1209.0	39.157537841796874
1210.0	39.165228271484374
1211.0	39.24558715820312
1212.0	39.24982604980469
1213.0	39.26124877929688
1214.0	39.228091430664065
1215.0	39.214288330078126
1216.0	39.1947509765625
1217.0	39.24228210449219
1218.0	39.217254638671875
1219.0	39.15626220703125
1220.0	39.289675903320315
1221.0	39.28204345703125
1222.0	39.2826904296875
1223.0	39.22868041992187
1224.0	39.11072692871094
1225.0	39.14350891113281
1226.0	39.316033935546876
1227.0	39.30360107421875
1228.0	39.329647827148435
1229.0	39.2296875
1230.0	39.190802001953124
1231.0	39.22835083007813
1232.0	39.2185791015625
1233.0	39.1484375
1234.0	39.2690673828125
1235.0	39.164727783203126
1236.0	39.27822570800781
1237.0	39.400979614257814
1238.0	39.29594116210937
1239.0	39.268212890625
1240.0	39.17591857910156
1241.0	39.244317626953126
1242.0	39.250405883789064
1243.0	39.313681030273436
1244.0	39.172882080078125
1245.0	39.24617004394531
1246.0	39.243292236328124
1247.0	39.25786437988281
1248.0	39.27981872558594
1249.0	39.265045166015625
1250.0	39.38050231933594
1251.0	39.32183837890625
1252.0	39.24104614257813
1253.0	39.24989624023438
1254.0	39.2931640625
1255.0	39.172427368164065
1256.0	39.287985229492186
1257.0	39.232296752929685
1258.0	39.24594421386719
1259.0	39.23949279785156
1260.0	39.1518798828125
1261.0	39.150839233398436
1262.0	39.30326843261719
1263.0	39.201864624023436
1264.0	39.356631469726565
1265.0	39.1816162109375
1266.0	39.13162841796875
1267.0	39.2242919921875
1268.0	39.213330078125
1269.0	39.230831909179685
1270.0	39.26580810546875
1271.0	39.23496704101562
1272.0	39.1485595703125
1273.0	39.20204467773438
1274.0	39.3526611328125
1275.0	39.18452453613281
1276.0	39.153863525390626
1277.0	39.15873718261719
1278.0	39.238119506835936
1279.0	39.23074645996094
1280.0	39.22535095214844
1281.0	39.244512939453124
1282.0	39.266937255859375
1283.0	39.28665466308594
1284.0	39.133120727539065
1285.0	39.16204833984375
1286.0	39.119171142578125
1287.0	39.20668334960938
1288.0	39.26851196289063
1289.0	39.242245483398435
1290.0	39.18856506347656
1291.0	39.18031005859375
1292.0	39.14964904785156
1293.0	39.205874633789065
1294.0	39.3123779296875
1295.0	39.22415771484375
1296.0	39.280792236328125
1297.0	39.194952392578124
1298.0	39.320761108398436
1299.0	39.2668701171875
1300.0	39.299966430664064
1301.0	39.219024658203125
1302.0	39.29344177246094
1303.0	39.237353515625
1304.0	39.251138305664064
1305.0	39.26411437988281
1306.0	39.270208740234374
1307.0	39.20311584472656
1308.0	39.235433959960936
1309.0	39.32460021972656
1310.0	39.23671264648438
1311.0	39.188900756835935
1312.0	39.2625
1313.0	39.232546997070315
1314.0	39.26622619628906
1315.0	39.13188171386719
1316.0	39.25932312011719
1317.0	39.26015930175781
1318.0	39.23534240722656
1319.0	39.18526916503906
1320.0	39.291534423828125
1321.0	39.25844116210938
1322.0	39.31337890625
1323.0	39.33486633300781
1324.0	39.298788452148436
1325.0	39.22359924316406
1326.0	39.23129577636719
1327.0	39.28247985839844
1328.0	39.26230163574219
1329.0	39.17701721191406
1330.0	39.22481994628906
1331.0	39.34244995117187
1332.0	39.276022338867186
1333.0	39.324169921875
1334.0	39.262063598632814
1335.0	39.267086791992185
1336.0	39.23599548339844
1337.0	39.23456726074219
1338.0	39.327691650390626
1339.0	39.256893920898435
1340.0	39.241796875
1341.0	39.23756103515625
1342.0	39.3353515625
1343.0	39.30787048339844
1344.0	39.33519592285156
1345.0	39.242739868164065
1346.0	39.302825927734375
1347.0	39.248260498046875
1348.0	39.407781982421874
1349.0	39.207000732421875
1350.0	39.4169189453125
1351.0	39.26201477050781
1352.0	39.23240966796875
1353.0	39.283975219726564
1354.0	39.175357055664065
1355.0	39.259970092773436
1356.0	39.235009765625
1357.0	39.19676208496094
1358.0	39.32682495117187
1359.0	39.24100341796875
1360.0	39.24464111328125
1361.0	39.42301940917969
1362.0	39.268252563476565
1363.0	39.16065368652344
1364.0	39.38053894042969
1365.0	39.2364013671875
1366.0	39.343743896484376
1367.0	39.20439758300781
1368.0	39.1943115234375
1369.0	39.44833068847656
1370.0	39.200738525390626
1371.0	39.359231567382814
1372.0	39.37672729492188
1373.0	39.284814453125
1374.0	39.181436157226564
1375.0	39.39631958007813
1376.0	39.15751647949219
1377.0	39.221990966796874
1378.0	39.3213623046875
1379.0	39.34916381835937
1380.0	39.28081359863281
1381.0	39.26066589355469
1382.0	39.2810546875
1383.0	39.30322265625
1384.0	39.36483459472656
1385.0	39.337518310546876
1386.0	39.36589660644531
1387.0	39.266964721679685
1388.0	39.24024963378906
1389.0	39.315277099609375
1390.0	39.32101745605469
1391.0	39.303567504882814
1392.0	39.35526123046875
1393.0	39.375064086914065
1394.0	39.39706726074219
1395.0	39.281243896484376
1396.0	39.28521728515625
1397.0	39.35400390625
1398.0	39.33232116699219
1399.0	39.353677368164064
1400.0	39.302548217773435
1401.0	39.311648559570315
1402.0	39.312371826171876
1403.0	39.31160888671875
1404.0	39.35072021484375
1405.0	39.30979919433594
1406.0	39.34456787109375
1407.0	39.275936889648435
1408.0	39.236236572265625
1409.0	39.195751953125
1410.0	39.219198608398436
1411.0	39.36177062988281
1412.0	39.1443359375
1413.0	39.30547180175781
1414.0	39.34035949707031
1415.0	39.398214721679686
1416.0	39.40536804199219
1417.0	39.29490356445312
1418.0	39.28511962890625
1419.0	39.359991455078124
1420.0	39.351226806640625
1421.0	39.370880126953125
1422.0	39.373175048828124
1423.0	39.30094909667969
1424.0	39.21573181152344
1425.0	39.28322143554688
1426.0	39.255062866210935
1427.0	39.29414672851563
1428.0	39.3173828125
1429.0	39.29674377441406
1430.0	39.437539672851564
1431.0	39.175350952148435
1432.0	39.295657348632815
1433.0	39.27908020019531
1434.0	39.3890869140625
1435.0	39.31081848144531
1436.0	39.320794677734376
1437.0	39.13466796875
1438.0	39.43962097167969
1439.0	39.3894775390625
1440.0	39.45115966796875
1441.0	39.32841491699219
1442.0	39.35651550292969
1443.0	39.35316772460938
1444.0	39.39789733886719
1445.0	39.43998718261719
1446.0	39.328607177734376
1447.0	39.32008056640625
1448.0	39.352685546875
1449.0	39.363037109375
1450.0	39.34246826171875
1451.0	39.29765625
1452.0	39.354000854492185
1453.0	39.377200317382815
1454.0	39.43348388671875
1455.0	39.3119384765625
1456.0	39.49103698730469
1457.0	39.31711120605469
1458.0	39.31436767578125
1459.0	39.46322937011719
1460.0	39.3879638671875
1461.0	39.31283264160156
1462.0	39.37904663085938
1463.0	39.38961486816406
1464.0	39.39813232421875
1465.0	39.25572814941406
1466.0	39.325802612304685
1467.0	39.43301696777344
1468.0	39.31743469238281
1469.0	39.41972961425781
1470.0	39.390509033203124
1471.0	39.33946228027344
1472.0	39.44401550292969
1473.0	39.384466552734374
1474.0	39.400848388671875
1475.0	39.45415344238281
1476.0	39.460052490234375
1477.0	39.35965270996094
1478.0	39.514163208007815
1479.0	39.36845092773437
1480.0	39.44892883300781
1481.0	39.47004089355469
1482.0	39.45247192382813
1483.0	39.52839965820313
1484.0	39.44977722167969
1485.0	39.51124877929688
1486.0	39.305459594726564
1487.0	39.441775512695315
1488.0	39.45358581542969
1489.0	39.395120239257814
1490.0	39.41410827636719
1491.0	39.42912902832031
1492.0	39.43430786132812
1493.0	39.43843994140625
1494.0	39.50269470214844
1495.0	39.35316467285156
1496.0	39.359588623046875
1497.0	39.420703125
1498.0	39.423013305664064
1499.0	39.373419189453124
1500.0	39.51347351074219
1501.0	39.53880310058594
1502.0	39.38576049804688
1503.0	39.4500244140625
1504.0	39.40016174316406
1505.0	39.35599365234375
1506.0	39.49855346679688
1507.0	39.451513671875
1508.0	39.45325927734375
1509.0	39.38044128417969
1510.0	39.488729858398436
1511.0	39.419708251953125
1512.0	39.400698852539065
1513.0	39.523321533203124
1514.0	39.472418212890624
1515.0	39.42606201171875
1516.0	39.50258178710938
1517.0	39.41965942382812
1518.0	39.530157470703124
1519.0	39.45126037597656
1520.0	39.50137939453125
1521.0	39.56812744140625
1522.0	39.62989807128906
1523.0	39.51090087890625
1524.0	39.42372436523438
1525.0	39.42564697265625
1526.0	39.50508422851563
1527.0	39.46924743652344
1528.0	39.498025512695314
1529.0	39.508236694335935
1530.0	39.48362426757812
1531.0	39.46861877441406
1532.0	39.50141906738281
1533.0	39.5310546875
1534.0	39.523580932617186
1535.0	39.50291748046875
1536.0	39.65316467285156
1537.0	39.48050537109375
1538.0	39.49915771484375
1539.0	39.58165588378906
1540.0	39.563232421875
1541.0	39.59461364746094
1542.0	39.51678466796875
1543.0	39.46925048828125
1544.0	39.63489990234375
1545.0	39.45850524902344
1546.0	39.49105224609375
1547.0	39.623724365234374
1548.0	39.516421508789065
1549.0	39.53559875488281
1550.0	39.658529663085936
1551.0	39.513064575195315
1552.0	39.55943603515625
1553.0	39.53069152832031
1554.0	39.50184326171875
1555.0	39.42387390136719
1556.0	39.5984130859375
1557.0	39.46878662109375
1558.0	39.623171997070315
1559.0	39.51560668945312
1560.0	39.528445434570315
1561.0	39.55504150390625
1562.0	39.5076416015625
1563.0	39.544369506835935
1564.0	39.485528564453126
1565.0	39.63668518066406
1566.0	39.543820190429685
1567.0	39.62252502441406
1568.0	39.57506408691406
1569.0	39.56794128417969
1570.0	39.559112548828125
1571.0	39.63160705566406
1572.0	39.51491088867188
1573.0	39.52926940917969
1574.0	39.56590576171875
1575.0	39.435812377929686
1576.0	39.59512023925781
1577.0	39.588522338867186
1578.0	39.642758178710935
1579.0	39.59978332519531
1580.0	39.50119323730469
1581.0	39.497317504882815
1582.0	39.55985107421875
1583.0	39.572442626953126
1584.0	39.58185729980469
1585.0	39.6186767578125
1586.0	39.558319091796875
1587.0	39.540768432617185
1588.0	39.547235107421876
1589.0	39.63525390625
1590.0	39.639208984375
1591.0	39.52053527832031
1592.0	39.6421875
1593.0	39.521356201171876
1594.0	39.60838928222656
1595.0	39.52674865722656
1596.0	39.70173645019531
1597.0	39.72947692871094
1598.0	39.49000244140625
1599.0	39.518310546875
1600.0	39.638937377929686
1601.0	39.5546630859375
1602.0	39.55650939941406
1603.0	39.54912414550781
1604.0	39.47837829589844
1605.0	39.48478698730469
1606.0	39.63784484863281
1607.0	39.535214233398435
1608.0	39.657937622070314
1609.0	39.59730224609375
1610.0	39.59627990722656
1611.0	39.53520812988281
1612.0	39.57496948242188
1613.0	39.65361633300781
1614.0	39.666952514648436
1615.0	39.620660400390626
1616.0	39.69535827636719
1617.0	39.59114379882813
1618.0	39.695474243164064
1619.0	39.63931884765625
1620.0	39.580239868164064
1621.0	39.62373352050781
1622.0	39.73328552246094
1623.0	39.67576293945312
1624.0	39.530267333984376
1625.0	39.54396057128906
1626.0	39.64808349609375
1627.0	39.60265197753906
1628.0	39.58726501464844
1629.0	39.67119140625
1630.0	39.701055908203124
1631.0	39.57821350097656
1632.0	39.69839172363281
1633.0	39.70564270019531
1634.0	39.74928588867188
1635.0	39.6734130859375
1636.0	39.57456970214844
1637.0	39.650900268554686
1638.0	39.57210693359375
1639.0	39.61815185546875
1640.0	39.785787963867186
1641.0	39.72206420898438
1642.0	39.732296752929685
1643.0	39.7170166015625
1644.0	39.69562683105469
1645.0	39.554052734375
1646.0	39.705560302734376
1647.0	39.789572143554686
1648.0	39.623681640625
1649.0	39.67524108886719
1650.0	39.59018249511719
1651.0	39.746588134765624
1652.0	39.74979248046875
1653.0	39.78272705078125
1654.0	39.749884033203124
1655.0	39.700927734375
1656.0	39.64768676757812
1657.0	39.726953125
1658.0	39.792474365234376
1659.0	39.70951538085937
1660.0	39.739767456054686
1661.0	39.75511169433594
1662.0	39.73952941894531
1663.0	39.86343688964844
1664.0	39.68708190917969
1665.0	39.736331176757815
1666.0	39.829959106445315
1667.0	39.70943908691406
1668.0	39.746054077148436
1669.0	39.84703674316406
1670.0	39.74134216308594
1671.0	39.56464538574219
1672.0	39.77646484375
1673.0	39.74857177734375
1674.0	39.813360595703124
1675.0	39.74169006347656
1676.0	39.74168701171875
1677.0	39.75344543457031
1678.0	39.7087890625
1679.0	39.76612548828125
1680.0	39.75318908691406
1681.0	39.80839233398437
1682.0	39.758541870117185
1683.0	39.708343505859375
1684.0	39.687258911132815
1685.0	39.79033203125
1686.0	39.71202697753906
1687.0	39.74119873046875
1688.0	39.71958923339844
1689.0	39.77692565917969
1690.0	39.722320556640625
1691.0	39.73833312988281
1692.0	39.767434692382814
1693.0	39.7818115234375
1694.0	39.729736328125
1695.0	39.754278564453124
1696.0	39.670538330078124
1697.0	39.77204284667969
1698.0	39.720358276367186
1699.0	39.794183349609376
1700.0	39.815008544921874
1701.0	39.81075744628906
1702.0	39.80303039550781
1703.0	39.713705444335936
1704.0	39.67392578125
1705.0	39.793768310546874
1706.0	39.79710388183594
1707.0	39.81002197265625
1708.0	39.60892028808594
1709.0	39.742428588867185
1710.0	39.83832702636719
1711.0	39.724551391601565
1712.0	39.67943420410156
1713.0	39.804971313476564
1714.0	39.759237670898436
1715.0	39.84028930664063
1716.0	39.81867370605469
1717.0	39.83719482421875
1718.0	39.811849975585936
1719.0	39.81102294921875
1720.0	39.90306396484375
1721.0	39.824407958984374
1722.0	39.75843200683594
1723.0	39.81981506347656
1724.0	39.63771057128906
1725.0	39.79996032714844
1726.0	39.74641723632813
1727.0	39.80128479003906
1728.0	39.80809631347656
1729.0	39.6732177734375
1730.0	39.78354187011719
1731.0	39.63948059082031
1732.0	39.77607116699219
1733.0	39.67399597167969
1734.0	39.679055786132814
1735.0	39.851715087890625
1736.0	39.80403137207031
1737.0	39.83357238769531
1738.0	39.764529418945315
1739.0	39.75408020019531
1740.0	39.82339172363281
1741.0	39.730654907226565
1742.0	39.815206909179686
1743.0	39.7965576171875
1744.0	39.75130615234375
1745.0	39.70689086914062
1746.0	39.88701477050781
1747.0	39.70528564453125
1748.0	39.78651733398438
1749.0	39.835018920898435
1750.0	39.780096435546874
1751.0	39.766354370117185
1752.0	39.73794860839844
1753.0	39.72728576660156
1754.0	39.77978515625
1755.0	39.735113525390624
1756.0	39.826019287109375
1757.0	39.78860168457031
1758.0	39.784112548828126
1759.0	39.72494201660156
1760.0	39.8287109375
1761.0	39.760919189453126
1762.0	39.872134399414065
1763.0	39.7031982421875
1764.0	39.77564697265625
1765.0	39.804501342773435
1766.0	39.94798889160156
1767.0	39.68345947265625
1768.0	39.85411071777344
1769.0	39.711709594726564
1770.0	39.89064331054688
1771.0	39.85947265625
1772.0	39.766448974609375
1773.0	39.91864929199219
1774.0	39.84180908203125
1775.0	39.762026977539065
1776.0	39.835427856445314
1777.0	39.855718994140624
1778.0	39.8620361328125
1779.0	39.748776245117185
1780.0	39.937628173828124
1781.0	39.752523803710936
1782.0	39.834991455078125
1783.0	39.702456665039065
1784.0	39.76180725097656
1785.0	39.69138793945312
1786.0	39.763119506835935
1787.0	39.622137451171874
1788.0	39.80976257324219
1789.0	39.75636291503906
1790.0	39.78343811035156
1791.0	39.79753723144531
1792.0	39.78437805175781
1793.0	39.798788452148436
1794.0	39.712548828125
1795.0	39.77055053710937
1796.0	39.78164978027344
1797.0	39.674050903320314
1798.0	39.82554931640625
1799.0	39.715213012695315
1800.0	39.86942138671875
1801.0	39.759820556640626
1802.0	39.895199584960935
1803.0	39.790121459960936
1804.0	39.77143249511719
1805.0	39.907717895507815
1806.0	39.736019897460935
1807.0	39.7828857421875
1808.0	39.77298278808594
1809.0	39.7241943359375
1810.0	39.764956665039065
1811.0	39.82078552246094
1812.0	39.82135925292969
1813.0	39.81643371582031
1814.0	39.8270263671875
1815.0	39.730532836914065
1816.0	39.73900451660156
1817.0	39.765567016601565
1818.0	39.82673645019531
1819.0	39.78367309570312
1820.0	39.778933715820315
1821.0	39.72901306152344
1822.0	39.79880981445312
1823.0	39.744940185546874
1824.0	39.790890502929685
1825.0	39.70887451171875
1826.0	39.79092712402344
1827.0	39.79245300292969
1828.0	39.723193359375
1829.0	39.78974304199219
1830.0	39.705029296875
1831.0	39.7970703125
1832.0	39.70724792480469
1833.0	39.824215698242185
1834.0	39.711029052734375
1835.0	39.71227111816406
1836.0	39.775079345703126
1837.0	39.80592651367188
1838.0	39.73739929199219
1839.0	39.74864807128906
1840.0	39.88289794921875
1841.0	39.645867919921876
1842.0	39.64901123046875
1843.0	39.73570861816406
1844.0	39.714334106445314
1845.0	39.7112060546875
1846.0	39.778317260742185
1847.0	39.688455200195314
1848.0	39.68601684570312
1849.0	39.68819885253906
1850.0	39.73725891113281
1851.0	39.74085998535156
1852.0	39.746762084960935
1853.0	39.739141845703124
1854.0	39.713140869140624
1855.0	39.61339416503906
1856.0	39.744912719726564
1857.0	39.68168334960937
1858.0	39.76629638671875
1859.0	39.73085327148438
1860.0	39.80556945800781
1861.0	39.77066650390625
1862.0	39.790896606445315
1863.0	39.711553955078124
1864.0	39.7281005859375
1865.0	39.70746765136719
1866.0	39.639651489257815
1867.0	39.68242492675781
1868.0	39.58765563964844
1869.0	39.6864501953125
1870.0	39.713320922851565
1871.0	39.746063232421875
1872.0	39.70661926269531
1873.0	39.564273071289065
1874.0	39.742349243164064
1875.0	39.64145202636719
1876.0	39.610476684570315
1877.0	39.730950927734376
1878.0	39.713687133789065
1879.0	39.68089599609375
1880.0	39.73381042480469
1881.0	39.731692504882815
1882.0	39.6450927734375
1883.0	39.634588623046874
1884.0	39.78433837890625
1885.0	39.59317321777344
1886.0	39.723348999023436
1887.0	39.54362182617187
1888.0	39.75926208496094
1889.0	39.66966247558594
1890.0	39.60971374511719
1891.0	39.67277221679687
1892.0	39.628729248046874
1893.0	39.599676513671874
1894.0	39.663671875
1895.0	39.68339538574219
1896.0	39.67404479980469
1897.0	39.663421630859375
1898.0	39.549615478515626
1899.0	39.684915161132814
1900.0	39.609622192382815
1901.0	39.660821533203126
1902.0	39.60709838867187
1903.0	39.706060791015624
1904.0	39.695806884765624
1905.0	39.6381103515625
1906.0	39.560202026367186
1907.0	39.56236267089844
1908.0	39.69355163574219
1909.0	39.66950988769531
1910.0	39.691412353515624
1911.0	39.63436279296875
1912.0	39.50517883300781
1913.0	39.5356201171875
1914.0	39.665924072265625
1915.0	39.54447631835937
1916.0	39.70574951171875
1917.0	39.58688049316406
1918.0	39.645538330078125
1919.0	39.69295959472656
1920.0	39.688088989257814
1921.0	39.615988159179686
1922.0	39.68479614257812
1923.0	39.73154296875
1924.0	39.6037841796875
1925.0	39.70851440429688
1926.0	39.66740417480469
1927.0	39.608642578125
1928.0	39.63851623535156
1929.0	39.61436157226562
1930.0	39.743124389648436
1931.0	39.560934448242186
1932.0	39.47840881347656
1933.0	39.460061645507814
1934.0	39.59526672363281
1935.0	39.638735961914065
1936.0	39.50849609375
1937.0	39.620419311523435
1938.0	39.526815795898436
1939.0	39.57093200683594
1940.0	39.62513122558594
1941.0	39.63829040527344
1942.0	39.60356140136719
1943.0	39.62823486328125
1944.0	39.566061401367186
1945.0	39.6533203125
1946.0	39.6980712890625
1947.0	39.60661010742187
1948.0	39.572286987304686
1949.0	39.552548217773435
1950.0	39.633261108398436
1951.0	39.50734252929688
1952.0	39.53270568847656
1953.0	39.603659057617186
1954.0	39.584161376953126
1955.0	39.537176513671874
1956.0	39.58345031738281
1957.0	39.526528930664064
1958.0	39.659173583984376
1959.0	39.5303466796875
1960.0	39.62138977050781
1961.0	39.61280517578125
1962.0	39.5815673828125
1963.0	39.601620483398435
1964.0	39.525552368164064
1965.0	39.5107666015625
1966.0	39.58252868652344
1967.0	39.38899536132813
1968.0	39.61463623046875
1969.0	39.60600891113281
1970.0	39.47789001464844
1971.0	39.469061279296874
1972.0	39.55194091796875
1973.0	39.573309326171874
1974.0	39.37106628417969
1975.0	39.45604248046875
1976.0	39.578546142578126
1977.0	39.618508911132814
1978.0	39.55376281738281
1979.0	39.52913818359375
1980.0	39.53013305664062
1981.0	39.57572021484375
1982.0	39.52259826660156
1983.0	39.592105102539065
1984.0	39.50202941894531
1985.0	39.6218505859375
1986.0	39.58192138671875
1987.0	39.5249267578125
1988.0	39.560812377929686
1989.0	39.6148681640625
1990.0	39.56800537109375
1991.0	39.42842102050781
1992.0	39.45972900390625
1993.0	39.501922607421875
1994.0	39.58046875
1995.0	39.630340576171875
1996.0	39.46199951171875
1997.0	39.631753540039064
1998.0	39.57638854980469
1999.0	39.55423583984375
2000.0	39.53553466796875
2001.0	39.52754211425781
2002.0	39.622711181640625
2003.0	39.50938110351562
2004.0	39.510223388671875
2005.0	39.458926391601565
2006.0	39.522769165039065
2007.0	39.47659606933594
2008.0	39.44548034667969
2009.0	39.58051452636719
2010.0	39.511819458007814
2011.0	39.58901672363281
2012.0	39.43074340820313
2013.0	39.44032592773438
2014.0	39.39754943847656
2015.0	39.63273620605469
2016.0	39.43418884277344
2017.0	39.44925537109375
2018.0	39.60094299316406
2019.0	39.45575866699219
2020.0	39.493527221679685
2021.0	39.4472412109375
2022.0	39.561187744140625
2023.0	39.37681884765625
2024.0	39.47374267578125
2025.0	39.580316162109376
2026.0	39.502313232421876
2027.0	39.463217163085936
2028.0	39.511175537109374
2029.0	39.54865417480469
2030.0	39.311154174804685
2031.0	39.40169982910156
2032.0	39.35422973632812
2033.0	39.352752685546875
2034.0	39.357049560546876
2035.0	39.458837890625
2036.0	39.531500244140624
2037.0	39.493856811523436
2038.0	39.560498046875
2039.0	39.48893737792969
2040.0	39.561187744140625
2041.0	39.54430236816406
2042.0	39.514059448242186
2043.0	39.53799133300781
2044.0	39.426812744140626
2045.0	39.48412170410156
2046.0	39.480526733398435
2047.0	39.454217529296876
2048.0	39.542904663085935
2049.0	39.494073486328126
2050.0	39.43968200683594
2051.0	39.539208984375
2052.0	39.46064758300781
2053.0	39.469232177734376
2054.0	39.50428466796875
2055.0	39.53607177734375
2056.0	39.442041015625
2057.0	39.472711181640626
2058.0	39.56739196777344
2059.0	39.47364196777344
2060.0	39.515316772460935
2061.0	39.42960205078125
2062.0	39.5469970703125
2063.0	39.334432983398436
2064.0	39.51842346191406
2065.0	39.54398193359375
2066.0	39.55738830566406
2067.0	39.42387084960937
2068.0	39.432562255859374
2069.0	39.348419189453125
2070.0	39.41729736328125
2071.0	39.428768920898435
2072.0	39.37071228027344
2073.0	39.45384521484375
2074.0	39.3120361328125
2075.0	39.462451171875
2076.0	39.502279663085936
2077.0	39.51678466796875
2078.0	39.48188781738281
2079.0	39.2961181640625
2080.0	39.3954833984375
2081.0	39.391552734375
2082.0	39.475439453125
2083.0	39.43712158203125
2084.0	39.53999328613281
2085.0	39.430606079101565
2086.0	39.30989074707031
2087.0	39.32338256835938
2088.0	39.397097778320315
2089.0	39.38503723144531
2090.0	39.288107299804686
2091.0	39.33139343261719
2092.0	39.188864135742186
2093.0	39.19148559570313
2094.0	39.40459289550781
2095.0	39.33636474609375
2096.0	39.46356201171875
2097.0	39.440060424804685
2098.0	39.535952758789065
2099.0	39.44458923339844
2100.0	39.443023681640625
2101.0	39.265377807617185
2102.0	39.401510620117186
2103.0	39.44741516113281
2104.0	39.347528076171876
2105.0	39.328155517578125
2106.0	39.30091247558594
2107.0	39.473818969726565
2108.0	39.44249267578125
2109.0	39.404351806640626
2110.0	39.340762329101565
2111.0	39.35720520019531
2112.0	39.374462890625
2113.0	39.27689208984375
2114.0	39.27778015136719
2115.0	39.40582275390625
2116.0	39.41402587890625
2117.0	39.464785766601565
2118.0	39.46073608398437
2119.0	39.429055786132814
2120.0	39.21775817871094
2121.0	39.42970275878906
2122.0	39.3232421875
2123.0	39.3169921875
2124.0	39.361846923828125
2125.0	39.31749572753906
2126.0	39.40540466308594
2127.0	39.273355102539064
2128.0	39.249124145507814
2129.0	39.34457702636719
2130.0	39.249514770507815
2131.0	39.26399230957031
2132.0	39.323117065429685
2133.0	39.31248474121094
2134.0	39.33753662109375
2135.0	39.328915405273435
2136.0	39.3141845703125
2137.0	39.329095458984376
2138.0	39.429324340820315
2139.0	39.36488647460938
2140.0	39.34264221191406
2141.0	39.474551391601565
2142.0	39.34218139648438
2143.0	39.36383972167969
2144.0	39.29237670898438
2145.0	39.464352416992185
2146.0	39.41024475097656
2147.0	39.29222412109375
2148.0	39.30019836425781
2149.0	39.315185546875
2150.0	39.34111633300781
2151.0	39.11497802734375
2152.0	39.26842346191406
2153.0	39.37214660644531
2154.0	39.361810302734376
2155.0	39.324798583984375
2156.0	39.33720397949219
2157.0	39.369085693359374
2158.0	39.43919677734375
2159.0	39.440408325195314
2160.0	39.35127258300781
2161.0	39.287835693359376
2162.0	39.33518981933594
2163.0	39.37220153808594
2164.0	39.37919616699219
2165.0	39.43004150390625
2166.0	39.416009521484376
2167.0	39.31813354492188
2168.0	39.24539489746094
2169.0	39.3041259765625
2170.0	39.21674499511719
2171.0	39.319268798828126
2172.0	39.195864868164065
2173.0	39.39000244140625
2174.0	39.4246337890625
2175.0	39.292337036132814
2176.0	39.40302734375
2177.0	39.325399780273436
2178.0	39.33451843261719
2179.0	39.31267395019531
2180.0	39.29753723144531
2181.0	39.35306091308594
2182.0	39.4141845703125
2183.0	39.387081909179685
2184.0	39.381796264648436
2185.0	39.393130493164065
2186.0	39.433248901367186
2187.0	39.333563232421874
2188.0	39.31605834960938
2189.0	39.335931396484376
2190.0	39.49488525390625
2191.0	39.310858154296874
2192.0	39.259884643554685
2193.0	39.38090209960937
2194.0	39.3989013671875
2195.0	39.3327392578125
2196.0	39.41641540527344
2197.0	39.38800048828125
2198.0	39.45109252929687
2199.0	39.320013427734374
2200.0	39.46949462890625
2201.0	39.43089599609375
2202.0	39.4442626953125
2203.0	39.37942199707031
2204.0	39.358401489257815
2205.0	39.2471923828125
2206.0	39.313690185546875
2207.0	39.320535278320314
2208.0	39.25773315429687
2209.0	39.30179138183594
2210.0	39.285675048828125
2211.0	39.30787658691406
2212.0	39.356744384765626
2213.0	39.40797119140625
2214.0	39.35614929199219
2215.0	39.25843200683594
2216.0	39.37806396484375
2217.0	39.33121948242187
2218.0	39.38810729980469
2219.0	39.42304992675781
2220.0	39.36031799316406
2221.0	39.369442749023435
2222.0	39.428219604492185
2223.0	39.29320068359375
2224.0	39.3539306640625
2225.0	39.35164184570313
2226.0	39.301318359375
2227.0	39.32845764160156
2228.0	39.32175903320312
2229.0	39.16075134277344
2230.0	39.355142211914064
2231.0	39.402896118164065
2232.0	39.38957214355469
2233.0	39.45536499023437
2234.0	39.405615234375
2235.0	39.364013671875
2236.0	39.39306640625
2237.0	39.403533935546875
2238.0	39.41208190917969
2239.0	39.370095825195314
2240.0	39.36601867675781
2241.0	39.332882690429685
2242.0	39.3784912109375
2243.0	39.31876220703125
2244.0	39.341061401367185
2245.0	39.39833068847656
2246.0	39.343649291992186
2247.0	39.25780029296875
2248.0	39.2201171875
2249.0	39.410562133789064
2250.0	39.35234069824219
2251.0	39.467474365234374
2252.0	39.33948669433594
2253.0	39.516729736328124
2254.0	39.34768371582031
2255.0	39.4140380859375
2256.0	39.253814697265625
2257.0	39.3658203125
2258.0	39.45634155273437
2259.0	39.247964477539064
2260.0	39.45869140625
2261.0	39.36347961425781
2262.0	39.470367431640625
2263.0	39.30437316894531
2264.0	39.427182006835935
2265.0	39.24813537597656
2266.0	39.30431213378906
2267.0	39.38151550292969
2268.0	39.30337219238281
2269.0	39.429666137695314
2270.0	39.36207275390625
2271.0	39.343789672851564
2272.0	39.50602722167969
2273.0	39.44404907226563
2274.0	39.53229675292969
2275.0	39.273825073242186
2276.0	39.449249267578125
2277.0	39.379025268554685
2278.0	39.39998779296875
2279.0	39.41128234863281
2280.0	39.248171997070315
2281.0	39.47890930175781
2282.0	39.36986389160156
2283.0	39.34817199707031
2284.0	39.469677734375
2285.0	39.34095764160156
2286.0	39.3932861328125
2287.0	39.365850830078124
2288.0	39.297976684570315
2289.0	39.502655029296875
2290.0	39.31007690429688
2291.0	39.29331970214844
2292.0	39.38193054199219
2293.0	39.43031311035156
2294.0	39.335791015625
2295.0	39.37547607421875
2296.0	39.431585693359374
2297.0	39.38087158203125
2298.0	39.45460510253906
2299.0	39.43876647949219
2300.0	39.468197631835935
2301.0	39.3801513671875
2302.0	39.40586547851562
2303.0	39.393609619140626
2304.0	39.36693115234375
2305.0	39.455502319335935
2306.0	39.50552978515625
2307.0	39.50634765625
2308.0	39.32548828125
2309.0	39.40134887695312
2310.0	39.375430297851565
2311.0	39.47279357910156
2312.0	39.280007934570314
2313.0	39.479583740234375
2314.0	39.43512878417969
2315.0	39.43628845214844
2316.0	39.5170166015625
2317.0	39.35365295410156
2318.0	39.44955749511719
2319.0	39.484170532226564
2320.0	39.437783813476564
2321.0	39.37039794921875
2322.0	39.37305908203125
2323.0	39.43511962890625
2324.0	39.344476318359376
2325.0	39.47207336425781
2326.0	39.4256591796875
2327.0	39.378622436523436
2328.0	39.357785034179685
2329.0	39.41307678222656
2330.0	39.378927612304686
2331.0	39.385491943359376
2332.0	39.385186767578126
2333.0	39.39482116699219
2334.0	39.37706604003906
2335.0	39.36442260742187
2336.0	39.42125244140625
2337.0	39.42482299804688
2338.0	39.433023071289064
2339.0	39.3847900390625
2340.0	39.42577209472656
2341.0	39.481301879882814
2342.0	39.37893981933594
2343.0	39.37015991210937
2344.0	39.41569519042969
2345.0	39.39198608398438
2346.0	39.462493896484375
2347.0	39.4091064453125
2348.0	39.347537231445315
2349.0	39.3783447265625
2350.0	39.40852355957031
2351.0	39.365396118164064
2352.0	39.381402587890626
2353.0	39.431454467773435
2354.0	39.32609558105469
2355.0	39.277645874023435
2356.0	39.340478515625
2357.0	39.337249755859375
2358.0	39.48817443847656
2359.0	39.49632568359375
2360.0	39.384176635742186
2361.0	39.447445678710935
2362.0	39.429196166992185
2363.0	39.44755554199219
2364.0	39.370138549804686
2365.0	39.3480224609375
2366.0	39.354800415039065
2367.0	39.40001220703125
2368.0	39.42229309082031
2369.0	39.490359497070315
2370.0	39.34718322753906
2371.0	39.408905029296875
2372.0	39.42116088867188
2373.0	39.3462646484375
2374.0	39.36728210449219
2375.0	39.385565185546874
2376.0	39.41221313476562
2377.0	39.32658996582031
2378.0	39.37331848144531
2379.0	39.341357421875
2380.0	39.40381774902344
2381.0	39.39293212890625
2382.0	39.42251892089844
2383.0	39.372064208984376
2384.0	39.342889404296876
2385.0	39.44765625
2386.0	39.466207885742186
2387.0	39.46312561035156
2388.0	39.4231201171875
2389.0	39.39736328125
2390.0	39.391845703125
2391.0	39.44526977539063
2392.0	39.53420715332031
2393.0	39.38859252929687
2394.0	39.40235900878906
2395.0	39.4255859375
2396.0	39.40916748046875
2397.0	39.41422729492187
2398.0	39.30097961425781
2399.0	39.43659362792969
2400.0	39.42060241699219
2401.0	39.412225341796876
2402.0	39.44283447265625
2403.0	39.338531494140625
2404.0	39.29013366699219
2405.0	39.42951965332031
2406.0	39.415975952148436
2407.0	39.40401000976563
2408.0	39.42135009765625
2409.0	39.37752685546875
2410.0	39.44967956542969
2411.0	39.303741455078125
2412.0	39.431488037109375
2413.0	39.332696533203126
2414.0	39.42543334960938
2415.0	39.37138366699219
2416.0	39.377081298828124
2417.0	39.3239501953125
2418.0	39.451263427734375
2419.0	39.43826904296875
2420.0	39.435238647460935
2421.0	39.48604125976563
2422.0	39.428680419921875
2423.0	39.41529846191406
2424.0	39.380975341796876
2425.0	39.38832092285156
2426.0	39.38898620605469
2427.0	39.460086059570315
2428.0	39.35795593261719
2429.0	39.449554443359375
2430.0	39.372747802734374
2431.0	39.295526123046876
2432.0	39.358053588867186
2433.0	39.42021179199219
2434.0	39.341732788085935
2435.0	39.37527160644531
2436.0	39.330169677734375
2437.0	39.437417602539064
2438.0	39.38528137207031
2439.0	39.329193115234375
2440.0	39.385650634765625
2441.0	39.340396118164065
2442.0	39.318460083007814
2443.0	39.446957397460935
2444.0	39.37785034179687
2445.0	39.43166809082031
2446.0	39.361471557617186
2447.0	39.44788818359375
2448.0	39.34439697265625
2449.0	39.372509765625
2450.0	39.35505981445313
2451.0	39.340521240234374
2452.0	39.45815734863281
2453.0	39.385012817382815
2454.0	39.362188720703124
2455.0	39.324032592773435
2456.0	39.5032958984375
2457.0	39.34950256347656
2458.0	39.395721435546875
2459.0	39.37735290527344
2460.0	39.3744873046875
2461.0	39.31739501953125
2462.0	39.41923828125
2463.0	39.426806640625
2464.0	39.40540466308594
2465.0	39.381954956054685
2466.0	39.368569946289064
2467.0	39.38002014160156
2468.0	39.38331604003906
2469.0	39.396173095703126
2470.0	39.30494995117188
2471.0	39.387396240234374
2472.0	39.403219604492186
2473.0	39.401266479492186
2474.0	39.370785522460935
2475.0	39.40272827148438
2476.0	39.316949462890626
2477.0	39.43120422363281
2478.0	39.46058654785156
2479.0	39.360345458984376
2480.0	39.554116821289064
2481.0	39.33279724121094
2482.0	39.45516662597656
2483.0	39.4576904296875
2484.0	39.49583435058594
2485.0	39.36017761230469
2486.0	39.394439697265625
2487.0	39.344244384765624
2488.0	39.33302001953125
2489.0	39.427337646484375
2490.0	39.39422607421875
2491.0	39.3586181640625
2492.0	39.4055419921875
2493.0	39.3242431640625
2494.0	39.33395690917969
2495.0	39.329183959960936
2496.0	39.362448120117186
2497.0	39.45630798339844
2498.0	39.36355285644531
2499.0	39.37069091796875
2500.0	39.46241760253906
2501.0	39.42352294921875
2502.0	39.404965209960935
2503.0	39.4580810546875
2504.0	39.41663818359375
2505.0	39.47008056640625
2506.0	39.40220336914062
2507.0	39.2872802734375
2508.0	39.47181701660156
2509.0	39.39281005859375
2510.0	39.477691650390625
2511.0	39.358648681640624
2512.0	39.36522216796875
2513.0	39.394796752929686
2514.0	39.38947448730469
2515.0	39.3654296875
2516.0	39.36347961425781
2517.0	39.389306640625
2518.0	39.45738220214844
2519.0	39.37382507324219
2520.0	39.2953125
2521.0	39.44203491210938
2522.0	39.527099609375
2523.0	39.369842529296875
2524.0	39.3488037109375
2525.0	39.49861145019531
2526.0	39.39567260742187
2527.0	39.45527038574219
2528.0	39.39371337890625
2529.0	39.381463623046876
2530.0	39.48080749511719
2531.0	39.38114013671875
2532.0	39.44364929199219
2533.0	39.43464660644531
2534.0	39.47173156738281
2535.0	39.388058471679685
2536.0	39.32308349609375
2537.0	39.43443908691406
2538.0	39.45643920898438
2539.0	39.286862182617185
2540.0	39.46736450195313
2541.0	39.29729309082031
2542.0	39.33885498046875
2543.0	39.4999755859375
2544.0	39.351010131835935
2545.0	39.3780029296875
2546.0	39.38099975585938
2547.0	39.403924560546876
2548.0	39.38758239746094
2549.0	39.39344482421875
2550.0	39.401312255859374
2551.0	39.462423706054686
2552.0	39.331259155273436
2553.0	39.377252197265626
2554.0	39.451516723632814
2555.0	39.35099792480469
2556.0	39.416778564453125
2557.0	39.42332153320312
2558.0	39.32481689453125
2559.0	39.377081298828124
2560.0	39.374996948242185
2561.0	39.388922119140624
2562.0	39.298370361328125
2563.0	39.35025329589844
2564.0	39.4367919921875
2565.0	39.342568969726564
2566.0	39.337643432617185
2567.0	39.386199951171875
2568.0	39.33097839355469
2569.0	39.349169921875
2570.0	39.38706665039062
2571.0	39.39189147949219
2572.0	39.401092529296875
2573.0	39.33814392089844
2574.0	39.39528198242188
2575.0	39.30596008300781
2576.0	39.37799072265625
2577.0	39.42416076660156
2578.0	39.377420043945314
2579.0	39.33832702636719
2580.0	39.405059814453125
2581.0	39.368017578125
2582.0	39.33275146484375
2583.0	39.360467529296876
2584.0	39.31227111816406
2585.0	39.453817749023436
2586.0	39.39995422363281
2587.0	39.39283752441406
2588.0	39.30683898925781
2589.0	39.401022338867186
2590.0	39.339596557617185
2591.0	39.421630859375
2592.0	39.384988403320314
2593.0	39.416070556640626
2594.0	39.362249755859374
2595.0	39.322479248046875
2596.0	39.39871520996094
2597.0	39.45478515625
2598.0	39.448916625976565
2599.0	39.353756713867185
2600.0	39.388284301757814
2601.0	39.357424926757815
2602.0	39.4281005859375
2603.0	39.445794677734376
2604.0	39.362063598632815
2605.0	39.451638793945314
2606.0	39.512838745117186
2607.0	39.370452880859375
2608.0	39.358236694335936
2609.0	39.40476684570312
2610.0	39.48717041015625
2611.0	39.309817504882815
2612.0	39.29099731445312
2613.0	39.33943176269531
2614.0	39.35609436035156
2615.0	39.3117919921875
2616.0	39.38117980957031
2617.0	39.367330932617186
2618.0	39.35121459960938
2619.0	39.31541137695312
2620.0	39.34577941894531
2621.0	39.34029541015625
2622.0	39.416009521484376
2623.0	39.439599609375
2624.0	39.39736328125
2625.0	39.36040344238281
2626.0	39.43547668457031
2627.0	39.39237670898437
2628.0	39.394711303710935
2629.0	39.321859741210936
2630.0	39.30659484863281
2631.0	39.45875549316406
2632.0	39.39120178222656
2633.0	39.32456665039062
2634.0	39.41453552246094
2635.0	39.363705444335935
2636.0	39.429681396484376
2637.0	39.438916015625
2638.0	39.34280090332031
2639.0	39.28167724609375
2640.0	39.398675537109376
2641.0	39.350946044921876
2642.0	39.45335998535156
2643.0	39.32797546386719
2644.0	39.3490966796875
2645.0	39.29354553222656
2646.0	39.41576232910156
2647.0	39.4825439453125
2648.0	39.25709838867188
2649.0	39.48069763183594
2650.0	39.344845581054685
2651.0	39.2469970703125
2652.0	39.502874755859374
2653.0	39.49888610839844
2654.0	39.44898986816406
2655.0	39.38003845214844
2656.0	39.36685485839844
2657.0	39.47219543457031
2658.0	39.285772705078124
2659.0	39.35114440917969
2660.0	39.33475952148437
2661.0	39.54129638671875
2662.0	39.38584594726562
2663.0	39.294552612304685
2664.0	39.38810729980469
2665.0	39.44404907226563
2666.0	39.36883544921875
2667.0	39.37453002929688
2668.0	39.34676513671875
2669.0	39.417999267578125
2670.0	39.41655578613281
2671.0	39.430520629882814
2672.0	39.3041015625
2673.0	39.40817565917969
2674.0	39.351620483398435
2675.0	39.32613525390625
2676.0	39.314666748046875
2677.0	39.423822021484376
2678.0	39.349212646484375
2679.0	39.32406005859375
2680.0	39.38282775878906
2681.0	39.3876220703125
2682.0	39.37051086425781
2683.0	39.33855285644531
2684.0	39.42868347167969
2685.0	39.38622131347656
2686.0	39.47413940429688
2687.0	39.36649169921875
2688.0	39.38807373046875
2689.0	39.571713256835935
2690.0	39.47807312011719
2691.0	39.50487365722656
2692.0	39.34030456542969
2693.0	39.41968688964844
2694.0	39.45948181152344
2695.0	39.29482421875
2696.0	39.366485595703125
2697.0	39.433251953125
2698.0	39.45918579101563
2699.0	39.3631591796875
2700.0	39.34410400390625
2701.0	39.37865295410156
2702.0	39.3511962890625
2703.0	39.38500061035156
2704.0	39.54135437011719
2705.0	39.351907348632814
2706.0	39.4727783203125
2707.0	39.37290649414062
2708.0	39.51466674804688
2709.0	39.26170654296875
2710.0	39.411032104492186
2711.0	39.36972351074219
2712.0	39.38593444824219
2713.0	39.45303955078125
2714.0	39.372222900390625
2715.0	39.39380798339844
2716.0	39.35531311035156
2717.0	39.338751220703124
2718.0	39.50880432128906
2719.0	39.29591064453125
2720.0	39.45389404296875
2721.0	39.36328125
2722.0	39.4150634765625
2723.0	39.489620971679685
2724.0	39.36539306640625
2725.0	39.37576904296875
2726.0	39.47868347167969
2727.0	39.39485473632813
2728.0	39.34101257324219
2729.0	39.51899108886719
2730.0	39.392303466796875
2731.0	39.3589599609375
2732.0	39.307925415039065
2733.0	39.46249694824219
2734.0	39.32459716796875
2735.0	39.41451721191406
2736.0	39.378125
2737.0	39.38660583496094
2738.0	39.459963989257815
2739.0	39.319906616210936
2740.0	39.42452392578125
2741.0	39.43185119628906
2742.0	39.482785034179685
2743.0	39.40216064453125
2744.0	39.45372009277344
2745.0	39.43150939941406
2746.0	39.415167236328124
2747.0	39.32536315917969
2748.0	39.393218994140625
2749.0	39.42503967285156
2750.0	39.31717529296875
2751.0	39.346533203125
2752.0	39.44022216796875
2753.0	39.370062255859374
2754.0	39.37584533691406
2755.0	39.583807373046874
2756.0	39.37473754882812
2757.0	39.36300964355469
2758.0	39.467507934570314
2759.0	39.43979187011719
2760.0	39.33291931152344
2761.0	39.456625366210936
2762.0	39.39570007324219
2763.0	39.38023071289062
2764.0	39.472146606445314
2765.0	39.52861633300781
2766.0	39.44070129394531
2767.0	39.339761352539064
2768.0	39.556121826171875
2769.0	39.324822998046876
2770.0	39.525143432617185
2771.0	39.39447937011719
2772.0	39.452667236328125
2773.0	39.41927490234375
2774.0	39.3832275390625
2775.0	39.48380126953125
2776.0	39.440643310546875
2777.0	39.41194458007813
2778.0	39.299200439453124
2779.0	39.41983642578125
2780.0	39.3316650390625
2781.0	39.354898071289064
2782.0	39.24003295898437
2783.0	39.375762939453125
2784.0	39.359552001953126
2785.0	39.428216552734376
2786.0	39.38951721191406
2787.0	39.35112609863281
2788.0	39.317840576171875
2789.0	39.25367126464844
2790.0	39.4927734375
2791.0	39.34486694335938
2792.0	39.309140014648435
2793.0	39.33604125976562
2794.0	39.38920593261719
2795.0	39.32947692871094
2796.0	39.39762878417969
2797.0	39.31051940917969
2798.0	39.484375
2799.0	39.39584045410156
2800.0	39.30598449707031
2801.0	39.45726623535156
2802.0	39.463018798828124
2803.0	39.281185913085935
2804.0	39.4076171875
2805.0	39.34416198730469
2806.0	39.442681884765626
2807.0	39.344329833984375
2808.0	39.299505615234374
2809.0	39.445501708984374
2810.0	39.4180908203125
2811.0	39.40150451660156
2812.0	39.326620483398436
2813.0	39.35633239746094
2814.0	39.400979614257814
2815.0	39.393191528320315
2816.0	39.15703430175781
2817.0	39.40462646484375
2818.0	39.366583251953124
2819.0	39.44906311035156
2820.0	39.36525268554688
2821.0	39.4653564453125
2822.0	39.277703857421876
2823.0	39.32408447265625
2824.0	39.36789245605469
2825.0	39.35016784667969
2826.0	39.467037963867185
2827.0	39.40081787109375
2828.0	39.3414306640625
2829.0	39.294436645507815
2830.0	39.533843994140625
2831.0	39.45829467773437
2832.0	39.41094970703125
2833.0	39.51081848144531
2834.0	39.34791564941406
2835.0	39.30545349121094
2836.0	39.433596801757815
2837.0	39.48108825683594
2838.0	39.45675354003906
2839.0	39.47681579589844
2840.0	39.48727722167969
2841.0	39.34541625976563
2842.0	39.390228271484375
2843.0	39.432962036132814
2844.0	39.329779052734374
2845.0	39.47213439941406
2846.0	39.27311401367187
2847.0	39.377532958984375
2848.0	39.4347900390625
2849.0	39.525457763671874
2850.0	39.46580505371094
2851.0	39.39629211425781
2852.0	39.479803466796874
2853.0	39.43575439453125
2854.0	39.40989685058594
2855.0	39.40719299316406
2856.0	39.420477294921874
2857.0	39.4263916015625
2858.0	39.411886596679686
2859.0	39.4281494140625
2860.0	39.43331604003906
2861.0	39.43777160644531
2862.0	39.43557434082031
2863.0	39.379025268554685
2864.0	39.385092163085936
2865.0	39.41122131347656
2866.0	39.53331604003906
2867.0	39.36311645507813
2868.0	39.50226745605469
2869.0	39.447808837890626
2870.0	39.514898681640624
2871.0	39.358096313476565
2872.0	39.35005493164063
2873.0	39.555999755859375
2874.0	39.396786499023435
2875.0	39.32259521484375
2876.0	39.422308349609374
2877.0	39.41179504394531
2878.0	39.34615478515625
2879.0	39.3498779296875
2880.0	39.47953796386719
2881.0	39.42469482421875
2882.0	39.37733154296875
2883.0	39.397463989257815
2884.0	39.28648376464844
2885.0	39.37808837890625
2886.0	39.442037963867186
2887.0	39.48026733398437
2888.0	39.414675903320315
2889.0	39.42973937988281
2890.0	39.52321166992188
2891.0	39.34486694335938
2892.0	39.35716857910156
2893.0	39.45521240234375
2894.0	39.35637512207031
2895.0	39.332339477539065
2896.0	39.386199951171875
2897.0	39.435333251953125
2898.0	39.36116333007813
2899.0	39.431854248046875
2900.0	39.335794067382814
2901.0	39.33263244628906
2902.0	39.44666748046875
2903.0	39.46025695800781
2904.0	39.4947265625
2905.0	39.347222900390626
2906.0	39.60885925292969
2907.0	39.3677734375
2908.0	39.36528015136719
2909.0	39.42112426757812
2910.0	39.490841674804685
2911.0	39.42829284667969
2912.0	39.31376953125
2913.0	39.421408081054686
2914.0	39.52073974609375
2915.0	39.40264892578125
2916.0	39.430599975585935
2917.0	39.47950134277344
2918.0	39.61280212402344
2919.0	39.34382934570313
2920.0	39.4627685546875
2921.0	39.61235656738281
2922.0	39.481912231445314
2923.0	39.2899169921875
2924.0	39.358987426757814
2925.0	39.4654296875
2926.0	39.398214721679686
2927.0	39.40287780761719
2928.0	39.4840576171875
2929.0	39.384222412109374
2930.0	39.477603149414065
2931.0	39.484130859375
2932.0	39.4061767578125
2933.0	39.48505859375
2934.0	39.505654907226564
2935.0	39.36433410644531
2936.0	39.34580688476562
2937.0	39.34878234863281
2938.0	39.358401489257815
2939.0	39.460269165039065
2940.0	39.386175537109374
2941.0	39.37364196777344
2942.0	39.544131469726565
2943.0	39.36934814453125
2944.0	39.45347290039062
2945.0	39.45954895019531
2946.0	39.40127868652344
2947.0	39.43321838378906
2948.0	39.33999938964844
2949.0	39.493780517578124
2950.0	39.50538330078125
2951.0	39.4923583984375
2952.0	39.486550903320314
2953.0	39.43617553710938
2954.0	39.27889404296875
2955.0	39.416082763671874
2956.0	39.455874633789065
2957.0	39.50063781738281
2958.0	39.45732116699219
2959.0	39.506097412109376
2960.0	39.3878662109375
2961.0	39.44549560546875
2962.0	39.53856201171875
2963.0	39.409515380859375
2964.0	39.51488037109375
2965.0	39.35263366699219
2966.0	39.458029174804686
2967.0	39.29833068847656
2968.0	39.521426391601565
2969.0	39.51241760253906
2970.0	39.422830200195314
2971.0	39.45008239746094
2972.0	39.42594604492187
2973.0	39.44358520507812
2974.0	39.45091857910156
2975.0	39.505615234375
2976.0	39.362002563476565
2977.0	39.47146301269531
2978.0	39.51561584472656
2979.0	39.408758544921874
2980.0	39.52762451171875
2981.0	39.439886474609374
2982.0	39.45182495117187
2983.0	39.30849914550781
2984.0	39.48395690917969
2985.0	39.51571350097656
2986.0	39.38242797851562
2987.0	39.48526306152344
2988.0	39.44027099609375
2989.0	39.55831298828125
2990.0	39.47287292480469
2991.0	39.42645263671875
2992.0	39.428521728515626
2993.0	39.482470703125
2994.0	39.439694213867185
2995.0	39.492105102539064
2996.0	39.560305786132815
2997.0	39.48477478027344
2998.0	39.5740478515625
2999.0	39.424169921875
3000.0	39.361209106445315
3001.0	39.602874755859375
3002.0	39.505819702148436
3003.0	39.41092224121094
3004.0	39.44013366699219
3005.0	39.421820068359374
3006.0	39.47065124511719
3007.0	39.463070678710935
3008.0	39.53355712890625
3009.0	39.49350280761719
3010.0	39.57159423828125
3011.0	39.519708251953126
3012.0	39.39970397949219
3013.0	39.453024291992186
3014.0	39.55282287597656
3015.0	39.49876708984375
3016.0	39.57688903808594
3017.0	39.637457275390624
3018.0	39.432421875
3019.0	39.45020446777344
3020.0	39.440985107421874
3021.0	39.532720947265624
3022.0	39.518716430664064
3023.0	39.58621520996094
3024.0	39.546548461914064
3025.0	39.530206298828126
3026.0	39.508016967773436
3027.0	39.459503173828125
3028.0	39.50918884277344
3029.0	39.53507080078125
3030.0	39.44093017578125
3031.0	39.33155822753906
3032.0	39.480780029296874
3033.0	39.48230895996094
3034.0	39.48896484375
3035.0	39.50499572753906
3036.0	39.53092956542969
3037.0	39.488330078125
3038.0	39.47672119140625
3039.0	39.505810546875
3040.0	39.43836669921875
3041.0	39.45972900390625
3042.0	39.404736328125
3043.0	39.49447326660156
3044.0	39.40858154296875
3045.0	39.44581298828125
3046.0	39.5306396484375
3047.0	39.40995788574219
3048.0	39.5201416015625
3049.0	39.570822143554686
3050.0	39.45341796875
3051.0	39.456356811523435
3052.0	39.47401123046875
3053.0	39.529965209960935
3054.0	39.44579162597656
3055.0	39.49238891601563
3056.0	39.458010864257815
3057.0	39.434197998046876
3058.0	39.39341735839844
3059.0	39.508154296875
3060.0	39.46271667480469
3061.0	39.4435791015625
3062.0	39.47421569824219
3063.0	39.47972412109375
3064.0	39.44660949707031
3065.0	39.525482177734375
3066.0	39.46004943847656
3067.0	39.385491943359376
3068.0	39.351748657226565
3069.0	39.41096496582031
3070.0	39.419454956054686
3071.0	39.5283935546875
3072.0	39.36551208496094
3073.0	39.5262451171875
3074.0	39.588531494140625
3075.0	39.44469299316406
3076.0	39.414492797851565
3077.0	39.456060791015624
3078.0	39.465997314453126
3079.0	39.42546691894531
3080.0	39.437200927734374
3081.0	39.48165588378906
3082.0	39.401980590820315
3083.0	39.32463073730469
3084.0	39.46820983886719
3085.0	39.481082153320315
3086.0	39.51294860839844
3087.0	39.438009643554686
3088.0	39.419680786132815
3089.0	39.55127868652344
3090.0	39.534002685546874
3091.0	39.30595092773437
3092.0	39.51443176269531
3093.0	39.38991088867188
3094.0	39.54071044921875
3095.0	39.405435180664064
3096.0	39.43512878417969
3097.0	39.373818969726564
3098.0	39.46181945800781
3099.0	39.30610046386719
3100.0	39.575537109375
3101.0	39.43757019042969
3102.0	39.47765197753906
3103.0	39.409426879882815
3104.0	39.439779663085936
3105.0	39.46432189941406
3106.0	39.51530456542969
3107.0	39.497711181640625
3108.0	39.492373657226565
3109.0	39.39098205566406
3110.0	39.31399841308594
3111.0	39.46460876464844
3112.0	39.42068176269531
3113.0	39.50918884277344
3114.0	39.334521484375
3115.0	39.540185546875
3116.0	39.38333740234375
3117.0	39.49142150878906
3118.0	39.44928894042969
3119.0	39.52239074707031
3120.0	39.52371826171875
3121.0	39.40847473144531
3122.0	39.452310180664064
3123.0	39.61404724121094
3124.0	39.473907470703125
3125.0	39.414511108398436
3126.0	39.422552490234374
3127.0	39.533016967773435
3128.0	39.393914794921876
3129.0	39.4385986328125
3130.0	39.51045532226563
3131.0	39.416201782226565
3132.0	39.57982177734375
3133.0	39.52335205078125
3134.0	39.413211059570315
3135.0	39.38383178710937
3136.0	39.494937133789065
3137.0	39.409201049804686
3138.0	39.420074462890625
3139.0	39.515631103515624
3140.0	39.49407958984375
3141.0	39.475390625
3142.0	39.451480102539065
3143.0	39.412942504882814
3144.0	39.38455810546875
3145.0	39.48066101074219
3146.0	39.57010498046875
3147.0	39.36923522949219
3148.0	39.543026733398435
3149.0	39.496640014648435
3150.0	39.41459350585937
3151.0	39.29387512207031
3152.0	39.41908264160156
3153.0	39.36631774902344
3154.0	39.49459228515625
3155.0	39.44999389648437
3156.0	39.42826843261719
3157.0	39.458865356445315
3158.0	39.33136901855469
3159.0	39.426577758789065
3160.0	39.440118408203126
3161.0	39.54152221679688
3162.0	39.46046447753906
3163.0	39.46983337402344
3164.0	39.384274291992185
3165.0	39.437554931640626
3166.0	39.537646484375
3167.0	39.461328125
3168.0	39.264340209960935
3169.0	39.3965087890625
3170.0	39.473776245117186
3171.0	39.41090698242188
3172.0	39.349038696289064
3173.0	39.4484375
3174.0	39.441934204101564
3175.0	39.36283874511719
3176.0	39.41867370605469
3177.0	39.48097229003906
3178.0	39.38210754394531
3179.0	39.477783203125
3180.0	39.342010498046875
3181.0	39.41966857910156
3182.0	39.333273315429686
3183.0	39.41927490234375
3184.0	39.48689575195313
3185.0	39.439605712890625
3186.0	39.37200012207031
3187.0	39.399298095703124
3188.0	39.44119873046875
3189.0	39.36106567382812
3190.0	39.43025207519531
3191.0	39.48480224609375
3192.0	39.37620849609375
3193.0	39.494973754882814
3194.0	39.355709838867185
3195.0	39.33419494628906
3196.0	39.42571105957031
3197.0	39.50840454101562
3198.0	39.44656982421875
3199.0	39.4509765625
3200.0	39.36915893554688
3201.0	39.414459228515625
3202.0	39.32566833496094
3203.0	39.50502014160156
3204.0	39.418670654296875
3205.0	39.41993713378906
3206.0	39.411224365234375
3207.0	39.451681518554686
3208.0	39.345462036132815
3209.0	39.47597045898438
3210.0	39.3974365234375
3211.0	39.47789611816406
3212.0	39.422445678710936
3213.0	39.484423828125
3214.0	39.479486083984376
3215.0	39.520223999023436
3216.0	39.476315307617185
3217.0	39.51384582519531
3218.0	39.41988525390625
3219.0	39.343408203125
3220.0	39.47493896484375
3221.0	39.4534423828125
3222.0	39.52304382324219
3223.0	39.50678405761719
3224.0	39.38591613769531
3225.0	39.46756591796875
3226.0	39.457757568359376
3227.0	39.33237915039062
3228.0	39.4088134765625
3229.0	39.43941955566406
3230.0	39.423159790039065
3231.0	39.41122741699219
3232.0	39.44017333984375
3233.0	39.415185546875
3234.0	39.58455200195313
3235.0	39.49058837890625
3236.0	39.49710693359375
3237.0	39.500946044921875
3238.0	39.383120727539065
3239.0	39.449154663085935
3240.0	39.36847839355469
3241.0	39.36955261230469
3242.0	39.571728515625
3243.0	39.37236633300781
3244.0	39.35844116210937
3245.0	39.526773071289064
3246.0	39.405322265625
3247.0	39.63599548339844
3248.0	39.43861389160156
3249.0	39.54881896972656
3250.0	39.42347412109375
3251.0	39.405859375
3252.0	39.573300170898435
3253.0	39.544003295898435
3254.0	39.4024169921875
3255.0	39.432684326171874
3256.0	39.425439453125
3257.0	39.41441955566406
3258.0	39.64317016601562
3259.0	39.39884948730469
3260.0	39.5246337890625
3261.0	39.522256469726564
3262.0	39.41370544433594
3263.0	39.475057983398436
3264.0	39.45081787109375
3265.0	39.34824829101562
3266.0	39.4891845703125
3267.0	39.48172607421875
3268.0	39.48193359375
3269.0	39.531698608398436
3270.0	39.49516296386719
3271.0	39.39588928222656
3272.0	39.45330810546875
3273.0	39.444854736328125
3274.0	39.443399047851564
3275.0	39.33619079589844
3276.0	39.40318908691406
3277.0	39.467831420898435
3278.0	39.505224609375
3279.0	39.4197265625
3280.0	39.44605407714844
3281.0	39.485311889648436
3282.0	39.429168701171875
3283.0	39.40618896484375
3284.0	39.477392578125
3285.0	39.405584716796874
3286.0	39.49277954101562
3287.0	39.437628173828124
3288.0	39.458578491210936
3289.0	39.4637939453125
3290.0	39.4462646484375
3291.0	39.48177490234375
3292.0	39.39863891601563
3293.0	39.48013000488281
3294.0	39.514862060546875
3295.0	39.476461791992186
3296.0	39.45646667480469
3297.0	39.368771362304685
3298.0	39.34739685058594
3299.0	39.414608764648435
3300.0	39.43179016113281
3301.0	39.3716552734375
3302.0	39.4280029296875
3303.0	39.452206420898435
3304.0	39.44632263183594
3305.0	39.4387451171875
3306.0	39.4104248046875
3307.0	39.459716796875
3308.0	39.403176879882814
3309.0	39.50283203125
3310.0	39.50937194824219
3311.0	39.387045288085936
3312.0	39.387106323242186
3313.0	39.40900573730469
3314.0	39.4455322265625
3315.0	39.536468505859375
3316.0	39.40667724609375
3317.0	39.39876708984375
3318.0	39.396609497070315
3319.0	39.40155029296875
3320.0	39.43476257324219
3321.0	39.476617431640626
3322.0	39.421905517578125
3323.0	39.55308532714844
3324.0	39.476123046875
3325.0	39.428201293945314
3326.0	39.41834716796875
3327.0	39.4679931640625
3328.0	39.43065490722656
3329.0	39.39119873046875
3330.0	39.427911376953126
3331.0	39.45613098144531
3332.0	39.39808654785156
3333.0	39.44407348632812
3334.0	39.401510620117186
3335.0	39.49871826171875
3336.0	39.581640625
3337.0	39.51093444824219
3338.0	39.49616394042969
3339.0	39.397918701171875
3340.0	39.47806091308594
3341.0	39.510595703125
3342.0	39.47701416015625
3343.0	39.32631225585938
3344.0	39.549459838867186
3345.0	39.40595703125
3346.0	39.460086059570315
3347.0	39.393035888671875
3348.0	39.53119812011719
3349.0	39.56962585449219
3350.0	39.513739013671874
3351.0	39.54183349609375
3352.0	39.455953979492186
3353.0	39.47986755371094
3354.0	39.3596923828125
3355.0	39.50589294433594
3356.0	39.408148193359374
3357.0	39.38161926269531
3358.0	39.497198486328124
3359.0	39.576089477539064
3360.0	39.449609375
3361.0	39.436886596679685
3362.0	39.461795043945315
3363.0	39.46711730957031
3364.0	39.389486694335936
3365.0	39.374942016601565
3366.0	39.51524047851562
3367.0	39.47574462890625
3368.0	39.55650024414062
3369.0	39.40586547851562
3370.0	39.42088012695312
3371.0	39.472320556640625
3372.0	39.58426513671875
3373.0	39.45296936035156
3374.0	39.47565612792969
3375.0	39.46260986328125
3376.0	39.588427734375
3377.0	39.425909423828124
3378.0	39.518798828125
3379.0	39.47349548339844
3380.0	39.45343933105469
3381.0	39.51741333007813
3382.0	39.36061096191406
3383.0	39.408938598632815
3384.0	39.39345703125
3385.0	39.5588134765625
3386.0	39.49459228515625
3387.0	39.44733581542969
3388.0	39.53193054199219
3389.0	39.526693725585936
3390.0	39.420953369140626
3391.0	39.365866088867186
3392.0	39.464404296875
3393.0	39.66451416015625
3394.0	39.50705261230469
3395.0	39.562460327148436
3396.0	39.48649597167969
3397.0	39.493231201171874
3398.0	39.490011596679686
3399.0	39.5801025390625
3400.0	39.49674682617187
3401.0	39.4064697265625
3402.0	39.523004150390626
3403.0	39.420172119140624
3404.0	39.48634643554688
3405.0	39.48968505859375
3406.0	39.489199829101565
3407.0	39.57101135253906
3408.0	39.44282531738281
3409.0	39.52241516113281
3410.0	39.49651184082031
3411.0	39.50517272949219
3412.0	39.41322021484375
3413.0	39.614889526367186
3414.0	39.58085327148437
3415.0	39.451046752929685
3416.0	39.45508728027344
3417.0	39.54221801757812
3418.0	39.53448486328125
3419.0	39.38728332519531
3420.0	39.5411376953125
3421.0	39.556149291992185
3422.0	39.46517333984375
3423.0	39.498538208007815
3424.0	39.58665771484375
3425.0	39.523370361328126
3426.0	39.53545227050781
3427.0	39.485382080078125
3428.0	39.54399719238281
3429.0	39.51335754394531
3430.0	39.58389587402344
3431.0	39.452755737304685
3432.0	39.33322448730469
3433.0	39.479122924804685
3434.0	39.5300048828125
3435.0	39.568136596679686
3436.0	39.44501953125
3437.0	39.549810791015624
3438.0	39.56455688476562
3439.0	39.614297485351564
3440.0	39.550390625
3441.0	39.41318359375
3442.0	39.6716552734375
3443.0	39.4541259765625
3444.0	39.597991943359375
3445.0	39.58218994140625
3446.0	39.529473876953126
3447.0	39.559381103515626
3448.0	39.63295288085938
3449.0	39.58872680664062
3450.0	39.53933410644531
3451.0	39.455075073242185
3452.0	39.51583557128906
3453.0	39.632867431640626
3454.0	39.571554565429686
3455.0	39.47543640136719
3456.0	39.591949462890625
3457.0	39.51429138183594
3458.0	39.681619262695314
3459.0	39.710015869140626
3460.0	39.571774291992185
3461.0	39.533154296875
3462.0	39.586428833007815
3463.0	39.550698852539064
3464.0	39.665185546875
3465.0	39.597024536132814
3466.0	39.55742492675781
3467.0	39.48036193847656
3468.0	39.632269287109374
3469.0	39.54068298339844
3470.0	39.628762817382814
3471.0	39.49819641113281
3472.0	39.59993286132813
3473.0	39.59180603027344
3474.0	39.62887878417969
3475.0	39.67015380859375
3476.0	39.55133056640625
3477.0	39.650054931640625
3478.0	39.75750732421875
3479.0	39.504833984375
3480.0	39.54611511230469
3481.0	39.584780883789065
3482.0	39.58284912109375
3483.0	39.5954345703125
3484.0	39.57044677734375
3485.0	39.765289306640625
3486.0	39.71153869628906
3487.0	39.67019348144531
3488.0	39.58815002441406
3489.0	39.74229125976562
3490.0	39.701116943359374
3491.0	39.635702514648436
3492.0	39.62659912109375
3493.0	39.68017578125
3494.0	39.669586181640625
3495.0	39.703277587890625
3496.0	39.54739074707031
3497.0	39.6344970703125
3498.0	39.57388916015625
3499.0	39.787173461914065
3500.0	39.66138610839844
3501.0	39.560247802734374
3502.0	39.608743286132814
3503.0	39.5826904296875
3504.0	39.69676513671875
3505.0	39.605889892578126
3506.0	39.592559814453125
3507.0	39.526852416992185
3508.0	39.684051513671875
3509.0	39.709658813476565
3510.0	39.56888427734375
3511.0	39.66397705078125
3512.0	39.62364501953125
3513.0	39.5771728515625
3514.0	39.639453125
3515.0	39.69046630859375
3516.0	39.66844177246094
3517.0	39.78968200683594
3518.0	39.55003051757812
3519.0	39.62516479492187
3520.0	39.589926147460936
3521.0	39.62088623046875
3522.0	39.686956787109374
3523.0	39.704461669921876
3524.0	39.57720947265625
3525.0	39.639007568359375
3526.0	39.6553955078125
3527.0	39.60488586425781
3528.0	39.5436279296875
3529.0	39.6128173828125
3530.0	39.66512756347656
3531.0	39.611672973632814
3532.0	39.763116455078126
3533.0	39.5852783203125
3534.0	39.76972351074219
3535.0	39.59613952636719
3536.0	39.663079833984376
3537.0	39.6917236328125
3538.0	39.723638916015624
3539.0	39.7032958984375
3540.0	39.68826904296875
3541.0	39.53916015625
3542.0	39.63321228027344
3543.0	39.750814819335936
3544.0	39.73910217285156
3545.0	39.66541442871094
3546.0	39.75032958984375
3547.0	39.68278198242187
3548.0	39.60970458984375
3549.0	39.73637084960937
3550.0	39.681036376953124
3551.0	39.63170471191406
3552.0	39.66349792480469
3553.0	39.62731018066406
3554.0	39.676263427734376
3555.0	39.58742980957031
3556.0	39.72423095703125
3557.0	39.686807250976564
3558.0	39.5873291015625
3559.0	39.693121337890624
3560.0	39.574029541015626
3561.0	39.69577331542969
3562.0	39.59663391113281
3563.0	39.58006286621094
3564.0	39.678225708007815
3565.0	39.72034606933594
3566.0	39.64971923828125
3567.0	39.578347778320314
3568.0	39.73414001464844
3569.0	39.696224975585935
3570.0	39.66109924316406
3571.0	39.77651672363281
3572.0	39.65094909667969
3573.0	39.70843505859375
3574.0	39.59718322753906
3575.0	39.69952392578125
3576.0	39.711996459960936
3577.0	39.60921936035156
3578.0	39.75296325683594
3579.0	39.70579833984375
3580.0	39.578802490234374
3581.0	39.6327392578125
3582.0	39.7575927734375
3583.0	39.65286865234375
3584.0	39.69066467285156
3585.0	39.709292602539065
3586.0	39.60077819824219
3587.0	39.68283386230469
3588.0	39.605038452148435
3589.0	39.77581787109375
3590.0	39.640802001953126
3591.0	39.681558227539064
3592.0	39.77865905761719
3593.0	39.65162048339844
3594.0	39.55913391113281
3595.0	39.69157409667969
3596.0	39.71317749023437
3597.0	39.662652587890626
3598.0	39.74253845214844
3599.0	39.739996337890624
3600.0	39.63368225097656
3601.0	39.70480651855469
3602.0	39.75631103515625
3603.0	39.63223571777344
3604.0	39.58004150390625
3605.0	39.604791259765626
3606.0	39.739376831054685
3607.0	39.66339111328125
3608.0	39.58893737792969
3609.0	39.668191528320314
3610.0	39.78219299316406
3611.0	39.581521606445314
3612.0	39.678811645507814
3613.0	39.54585571289063
3614.0	39.691400146484376
3615.0	39.67445373535156
3616.0	39.71826171875
3617.0	39.694891357421874
3618.0	39.675497436523436
3619.0	39.68211364746094
3620.0	39.69634094238281
3621.0	39.78977661132812
3622.0	39.605184936523436
3623.0	39.573220825195314
3624.0	39.666925048828126
3625.0	39.6792724609375
3626.0	39.603903198242186
3627.0	39.5878173828125
3628.0	39.63406982421875
3629.0	39.759881591796876
3630.0	39.722076416015625
3631.0	39.59772644042969
3632.0	39.63916931152344
3633.0	39.62242736816406
3634.0	39.699713134765624
3635.0	39.663510131835935
3636.0	39.602117919921874
3637.0	39.68825073242188
3638.0	39.727474975585935
3639.0	39.636102294921876
3640.0	39.702090454101565
3641.0	39.6406005859375
3642.0	39.719033813476564
3643.0	39.762655639648436
3644.0	39.60190124511719
3645.0	39.689431762695314
3646.0	39.6175537109375
3647.0	39.66336364746094
3648.0	39.743402099609376
3649.0	39.68236389160156
3650.0	39.859518432617186
3651.0	39.683465576171876
3652.0	39.70381469726563
3653.0	39.75274658203125
3654.0	39.64720153808594
3655.0	39.720587158203124
3656.0	39.671087646484374
3657.0	39.673727416992186
3658.0	39.781491088867185
3659.0	39.763604736328126
3660.0	39.7222412109375
3661.0	39.675543212890624
3662.0	39.714987182617186
3663.0	39.7325439453125
3664.0	39.773956298828125
3665.0	39.764617919921875
3666.0	39.69285888671875
3667.0	39.645327758789065
3668.0	39.77124938964844
3669.0	39.7669921875
3670.0	39.83345336914063
3671.0	39.603598022460936
3672.0	39.730648803710935
3673.0	39.69302062988281
3674.0	39.80549011230469
3675.0	39.73878479003906
3676.0	39.73454284667969
3677.0	39.714987182617186
3678.0	39.818722534179685
3679.0	39.83297119140625
3680.0	39.80376281738281
3681.0	39.7331787109375
3682.0	39.73248291015625
3683.0	39.826788330078124
3684.0	39.68387451171875
3685.0	39.77225036621094
3686.0	39.77891845703125
3687.0	39.742184448242185
3688.0	39.66510925292969
3689.0	39.82188110351562
3690.0	39.753701782226564
3691.0	39.79203796386719
3692.0	39.84867858886719
3693.0	39.82166442871094
3694.0	39.826708984375
3695.0	39.768988037109374
3696.0	39.67127990722656
3697.0	39.82469177246094
3698.0	39.743673706054686
3699.0	39.76887512207031
3700.0	39.74269409179688
3701.0	39.81515197753906
3702.0	39.68791198730469
3703.0	39.8771240234375
3704.0	39.73660583496094
3705.0	39.79794006347656
3706.0	39.75023193359375
3707.0	39.78265380859375
3708.0	39.80783386230469
3709.0	39.746246337890625
3710.0	39.852963256835935
3711.0	39.841390991210936
3712.0	39.840859985351564
3713.0	39.809210205078124
3714.0	39.71165466308594
3715.0	39.894989013671875
3716.0	39.67975769042969
3717.0	39.82613830566406
3718.0	39.787557983398436
3719.0	39.83121948242187

