0.0	0.001465445950610232
1.0	-0.0008964915613668913
2.0	-0.00072365172854377
3.0	-0.0013913244519863945
4.0	-0.00021278641776414177
5.0	0.0009997817211852304
6.0	0.0010834606109243498
7.0	0.0013898349884358516
8.0	9.288460195975726e-06
9.0	-0.0009770674020425198
10.0	0.00030335407642310784
11.0	0.00040058294707160774
12.0	-0.00027888136281127037
13.0	0.0017637524005574762
14.0	-0.003337143084581645
15.0	-0.0002462993476471454
16.0	0.0010440518878209787
17.0	-0.0006341804805533951
18.0	0.0018509480792348492
19.0	-0.0016126752851648943
20.0	-0.000782092485901645
21.0	0.0006483096972877326
22.0	-0.0012689608839255215
23.0	-0.0016276733556372693
24.0	-0.0016346034985451462
25.0	-0.0019263935454595172
26.0	-0.0011630434759000179
27.0	-0.005420219920741513
28.0	-0.004447724344318771
29.0	-0.0023386853309965224
30.0	-0.0034379921791372696
31.0	-0.003262669907063645
32.0	-0.0037853268042837675
33.0	-0.004201238813728138
34.0	-0.00399043834736464
35.0	-0.004146107975371015
36.0	-0.0019887648316308905
37.0	-0.00414869384959039
38.0	-0.00529175368952277
39.0	-0.004977001079540638
40.0	-0.0061971199712103926
41.0	-0.006219565359434519
42.0	-0.0069973963246225184
43.0	-0.0072485364288082665
44.0	-0.00794093010978826
45.0	-0.0054374935605268895
46.0	-0.005629365427604514
47.0	-0.007548704708193269
48.0	-0.008360462343139516
49.0	-0.005425391669180262
50.0	-0.008251235016113261
51.0	-0.004955900345910393
52.0	-0.007058112651293636
53.0	-0.005193180164280387
54.0	-0.007078489340142263
55.0	-0.007411549939597763
56.0	-0.005882263926259389
57.0	-0.007664345003283766
58.0	-0.005976803487719643
59.0	-0.007131034304280011
60.0	-0.006104028499312892
61.0	-0.007209438010611268
62.0	-0.007156686176536018
63.0	-0.007271292121938767
64.0	-0.003980818895268518
65.0	-0.007470507871799513
66.0	-0.004187895702756019
67.0	-0.007296633689288642
68.0	-0.005438114170339395
69.0	-0.0061669169603281405
70.0	-0.005424564189430015
71.0	-0.005190697725029643
72.0	-0.007658552645032511
73.0	-0.004756063986237142
74.0	-0.004623667226205142
75.0	-0.0054563187248438914
76.0	-0.007082419868955761
77.0	-0.003567079020168518
78.0	-0.005644363498076889
79.0	-0.00314423686781627
80.0	-0.005665050491831889
81.0	-0.0075567726357577665
82.0	-0.0044714109521683905
83.0	-0.005874713173538766
84.0	-0.004608151980888892
85.0	-0.0037059921832333907
86.0	-0.0037501589149002675
87.0	-0.0030319064917267644
88.0	-0.004727722804792888
89.0	-0.003911620901158139
90.0	-0.002428053144018267
91.0	-0.0015558894873075157
92.0	-0.0009667239051650198
93.0	-0.001941081311025519
94.0	-0.0034700570194575197
95.0	-0.002288105631265644
96.0	-0.002129332954196019
97.0	-0.0027810766924473897
98.0	-0.006373269723034265
99.0	-0.0029940492931550184
100.0	-0.001766483083733271
101.0	-0.00019582308288489727
102.0	0.00014302987482185797
103.0	-0.0009311422759065162
104.0	-0.0026801241629228934
105.0	-0.005074930799678767
106.0	-0.005432298616796392
107.0	-0.003877464166170641
108.0	-0.002603869395644019
109.0	-0.00487674939950577
110.0	-0.006457626266971266
111.0	-0.003952534758209399
112.0	-0.0032547624588533932
113.0	-0.003774936916822772
114.0	-0.004448195128579149
115.0	-0.004782266882430651
116.0	-0.0052236238941937695
117.0	-0.006046035330923649
118.0	-0.006240079332345645
119.0	-0.007993198618113023
120.0	-0.008618026069191145
121.0	-0.007252891351298649
122.0	-0.008417051924861273
123.0	-0.007309056539343521
124.0	-0.006182339424477399
125.0	-0.00975102952186065
126.0	-0.011086271533777269
127.0	-0.011256835797287148
128.0	-0.010164976266898152
129.0	-0.009116766293332398
130.0	-0.008830458299763151
131.0	-0.009712344843538896
132.0	-0.008518084694062652
133.0	-0.011143677941447393
134.0	-0.010412599582145646
135.0	-0.010558029148243152
136.0	-0.009761890193582026
137.0	-0.009295088179500402
138.0	-0.010335850835314644
139.0	-0.007981567511026775
140.0	-0.009843603818914276
141.0	-0.00924409473989452
142.0	-0.009907940369492278
143.0	-0.00602395729199103
144.0	-0.008659169991471895
145.0	-0.010956357212995774
146.0	-0.008644895965780898
147.0	-0.008365414680150896
148.0	-0.009144590299932778
149.0	-0.007045377608644154
150.0	-0.008002564809688148
151.0	-0.008922205117066527
152.0	-0.0058827685596131545
153.0	-0.0072957936680485246
154.0	-0.01310242594513952
155.0	-0.009559881699564402
156.0	-0.009647697988054522
157.0	-0.009902354881178523
158.0	-0.010457180053687527
159.0	-0.010255274994638776
160.0	-0.00950164781214427
161.0	-0.01068608163958665
162.0	-0.007623061909252528
163.0	-0.010982215955189523
164.0	-0.011233149189437769
165.0	-0.010250930725950274
166.0	-0.010011375338267276
167.0	-0.011635200913066145
168.0	-0.010158252993927776
169.0	-0.014246209829853517
170.0	-0.012120207481652025
171.0	-0.012141928825094774
172.0	-0.014061785280527645
173.0	-0.014874887570067774
174.0	-0.015336931575585891
175.0	-0.013465896425414773
176.0	-0.01065101718517202
177.0	-0.01389184162683027
178.0	-0.011749393118593649
179.0	-0.013725621632008893
180.0	-0.014051441783650144
181.0	-0.0116283742051269
182.0	-0.011864826543746645
183.0	-0.012356970125178144
184.0	-0.013640494652707022
185.0	-0.013715691875006398
186.0	-0.015709400898144522
187.0	-0.01412539778632427
188.0	-0.01184041589111565
189.0	-0.013688591913187395
190.0	-0.012938481519631145
191.0	-0.011932990188169275
192.0	-0.012529085913219646
193.0	-0.012009842369969147
194.0	-0.014527552944921517
195.0	-0.012787776770126017
196.0	-0.011617823838311898
197.0	-0.012686824240601522
198.0	-0.010743694917194277
199.0	-0.011032899089889274
200.0	-0.012456578000108276
201.0	-0.014887299766320774
202.0	-0.013148764811150768
203.0	-0.011111819971064646
204.0	-0.01119591260067877
205.0	-0.013436210589376395
206.0	-0.011742669845623274
207.0	-0.012331214817953023
208.0	-0.012929896417222772
209.0	-0.011182879794613023
210.0	-0.011158882881857271
211.0	-0.010110466038353775
212.0	-0.014080300139938273
213.0	-0.01113798901816477
214.0	-0.011519353748038147
215.0	-0.01203580454713177
216.0	-0.011089684887746651
217.0	-0.011563623914673894
218.0	-0.012536946970846643
219.0	-0.01189533985953527
220.0	-0.011181535140018899
221.0	-0.011565485744111651
222.0	-0.014419566837520272
223.0	-0.012004256881655394
224.0	-0.014853476531531398
225.0	-0.012590009109828026
226.0	-0.012062801073981898
227.0	-0.013267404720335645
228.0	-0.010457076618718896
229.0	-0.014402086327797393
230.0	-0.01614372433203089
231.0	-0.013432693800438142
232.0	-0.01490633180057552
233.0	-0.014403120677485145
234.0	-0.014374262321196775
235.0	-0.013706796467691892
236.0	-0.01603201456575389
237.0	-0.014248175094260147
238.0	-0.016654899947716892
239.0	-0.0138069215174659
240.0	-0.013512338726394893
241.0	-0.014242693040915022
242.0	-0.01545588178967714
243.0	-0.014781175488357768
244.0	-0.013910149616303397
245.0	-0.014510693045011144
246.0	-0.015383580746503272
247.0	-0.014844994864091896
248.0	-0.01445132137293415
249.0	-0.015491566853904517
250.0	-0.014422152711739647
251.0	-0.01459106201574927
252.0	-0.013979554480351519
253.0	-0.015331966697084642
254.0	-0.016086214489391893
255.0	-0.014797207908517894
256.0	-0.01557576291848727
257.0	-0.01537199603000052
258.0	-0.014032720054301773
259.0	-0.013995793770449147
260.0	-0.015464260022147772
261.0	-0.01448348964822327
262.0	-0.014332681463749273
263.0	-0.01614486211668727
264.0	-0.015571418649798769
265.0	-0.014360712340287393
266.0	-0.01673423456876727
267.0	-0.014810551019489773
268.0	-0.016691102186788143
269.0	-0.014893816169353648
270.0	-0.016071733593763394
271.0	-0.01629794587047427
272.0	-0.017750586571950513
273.0	-0.01719058965100252
274.0	-0.014946361133491395
275.0	-0.01589548040697089
276.0	-0.017095119174823148
277.0	-0.017727106834038397
278.0	-0.017647255038144145
279.0	-0.01973353835833589
280.0	-0.019408855991351264
281.0	-0.01701495707402252
282.0	-0.01831327280208651
283.0	-0.017405010341273144
284.0	-0.017734140411915143
285.0	-0.01971998837742651
286.0	-0.018884337264693143
287.0	-0.01938072167984451
288.0	-0.019736744842368013
289.0	-0.018678087936955887
290.0	-0.020161345389189386
291.0	-0.020695069828068385
292.0	-0.019989746775991517
293.0	-0.02055874253922289
294.0	-0.02022371667536076
295.0	-0.022405367036763008
296.0	-0.019827147005077265
297.0	-0.021546546491024138
298.0	-0.01957414507145376
299.0	-0.024742893896109133
300.0	-0.020541882639312517
301.0	-0.023285495186069385
302.0	-0.02117128442430839
303.0	-0.021757553827325138
304.0	-0.02264337089991414
305.0	-0.02232582554577489
306.0	-0.021729316080849513
307.0	-0.020356527175267765
308.0	-0.02398212970076901
309.0	-0.02415921036731176
310.0	-0.024401558499151633
311.0	-0.023992886937521753
312.0	-0.02268557236717439
313.0	-0.024712587450258013
314.0	-0.023103035901150384
315.0	-0.024408178337153377
316.0	-0.02424092399264401
317.0	-0.025064783518936887
318.0	-0.02527289467611238
319.0	-0.025219418797255512
320.0	-0.025155185681646382
321.0	-0.026210946407932756
322.0	-0.025499003517854384
323.0	-0.02631810503558375
324.0	-0.026944403771516374
325.0	-0.02423471789451751
326.0	-0.027459509916015874
327.0	-0.02679804329069975
328.0	-0.027440581316730002
329.0	-0.029669398023893748
330.0	-0.02752001937274925
331.0	-0.03168472495550575
332.0	-0.026254699399724628
333.0	-0.026359065283218505
334.0	-0.028212516488697874
335.0	-0.029729183435845505
336.0	-0.029670328938612624
337.0	-0.02857753849350475
338.0	-0.028359497579327004
339.0	-0.026583726035397756
340.0	-0.028134940262116624
341.0	-0.02895590360928375
342.0	-0.027566151368822754
343.0	-0.02664464923200638
344.0	-0.027913796298875627
345.0	-0.028644150613395754
346.0	-0.02774271486052163
347.0	-0.025071610226876134
348.0	-0.025809722164054628
349.0	-0.02669895259061325
350.0	-0.028024471715464877
351.0	-0.029108470188226876
352.0	-0.02843676350100188
353.0	-0.0280609842594425
354.0	-0.0270100849766885
355.0	-0.029891783206759996
356.0	-0.028491273729546497
357.0	-0.026922889298011128
358.0	-0.025996939457537376
359.0	-0.02840862918949513
360.0	-0.0276844809731015
361.0	-0.027522605246968625
362.0	-0.02797854658932863
363.0	-0.028663803257463004
364.0	-0.029909884326295624
365.0	-0.024565502924660008
366.0	-0.028547645787528872
367.0	-0.03154622553231612
368.0	-0.030176229370891247
369.0	-0.029775522301856754
370.0	-0.026888859193284008
371.0	-0.028860226263166873
372.0	-0.02632338021899113
373.0	-0.026169779290360257
374.0	-0.03042488703582625
375.0	-0.03166145208753138
376.0	-0.02691988968391651
377.0	-0.029009689793046748
378.0	-0.029087266019628
379.0	-0.02746013052582838
380.0	-0.02719109617204475
381.0	-0.0280485720631895
382.0	-0.030501118607813377
383.0	-0.0292856542897385
384.0	-0.029849685174468378
385.0	-0.030117892048502
386.0	-0.030428714129670877
387.0	-0.02932113248402813
388.0	-0.03034648332949475
389.0	-0.0304013038629455
390.0	-0.027340456266955755
391.0	-0.027923105446065376
392.0	-0.027377589420745883
393.0	-0.02811714944748713
394.0	-0.027113830250369633
395.0	-0.02735245472333375
396.0	-0.026119199590629378
397.0	-0.026887514538690125
398.0	-0.026418333520326628
399.0	-0.025341678930347753
400.0	-0.027670620687285506
401.0	-0.027765677423589874
402.0	-0.027826807490135753
403.0	-0.026827522256800625
404.0	-0.02724281365643225
405.0	-0.026860724881777254
406.0	-0.02773330227836325
407.0	-0.027172995052509124
408.0	-0.028425489089405502
409.0	-0.028473379479948376
410.0	-0.030489844196217
411.0	-0.02714972218453475
412.0	-0.027900453187903507
413.0	-0.02763700432243363
414.0	-0.025650122007234752
415.0	-0.028574332009472632
416.0	-0.027632453183807627
417.0	-0.02635544505931138
418.0	-0.028720899360227
419.0	-0.028908116653709747
420.0	-0.026507391028442
421.0	-0.027369831798087756
422.0	-0.025193663490030632
423.0	-0.025986078785816002
424.0	-0.025899193412045
425.0	-0.027899418838215756
426.0	-0.025086091122504633
427.0	-0.02477454499655438
428.0	-0.02506705908825013
429.0	-0.023108517954495505
430.0	-0.02552755156923638
431.0	-0.025161702084679254
432.0	-0.02591770827145563
433.0	-0.02528541030733401
434.0	-0.023623624098995006
435.0	-0.025775588624358876
436.0	-0.025928775813114507
437.0	-0.02436390817051763
438.0	-0.023761502912371887
439.0	-0.025608023974943377
440.0	-0.02571601008234438
441.0	-0.025131809378703133
442.0	-0.02520773064578413
443.0	-0.025098193013851258
444.0	-0.026355755364217755
445.0	-0.02191611963445726
446.0	-0.02496248633481851
447.0	-0.02359135238873701
448.0	-0.02512322427629476
449.0	-0.02538470787735801
450.0	-0.024880565839548754
451.0	-0.02589371135869988
452.0	-0.026254595964755757
453.0	-0.02352805018784676
454.0	-0.024775062171398254
455.0	-0.02360862602852263
456.0	-0.02483939872197626
457.0	-0.022122472397163383
458.0	-0.022720533386620386
459.0	-0.020738512514953886
460.0	-0.022039414117237012
461.0	-0.021820545723309014
462.0	-0.02332314551470363
463.0	-0.02069993127160076
464.0	-0.022241319176285763
465.0	-0.02096358700700814
466.0	-0.02179861750992876
467.0	-0.02275497723122251
468.0	-0.020580050142790636
469.0	-0.022021830172545262
470.0	-0.021702319553999382
471.0	-0.022125885751133008
472.0	-0.021270064819488513
473.0	-0.02034132223485789
474.0	-0.022365544573784635
475.0	-0.021216692375600758
476.0	-0.02101416670673926
477.0	-0.023833700520576886
478.0	-0.02000019370783789
479.0	-0.022076133531152137
480.0	-0.021173973733496634
481.0	-0.02134195212278714
482.0	-0.02241757236307851
483.0	-0.02248408104800064
484.0	-0.024042535722533755
485.0	-0.02411442302583238
486.0	-0.02202276108726414
487.0	-0.02236213121981501
488.0	-0.024800920913592005
489.0	-0.02307086762586126
490.0	-0.02143121650084001
491.0	-0.024633459699145138
492.0	-0.021024820508523133
493.0	-0.019257116892158387
494.0	-0.02141146042180389
495.0	-0.021958424536686137
496.0	-0.022893269784474635
497.0	-0.020080562678576015
498.0	-0.020702517145820137
499.0	-0.02142139017880639
500.0	-0.021805961392711886
501.0	-0.02169497567121626
502.0	-0.02227431493132513
503.0	-0.02249339019519039
504.0	-0.02130502583893451
505.0	-0.02286348051346739
506.0	-0.02067055574046876
507.0	-0.020784954815933763
508.0	-0.022589170976276135
509.0	-0.02029953450747264
510.0	-0.021223415648571133
511.0	-0.020899871066242887
512.0	-0.021847542250159387
513.0	-0.021444766481749634
514.0	-0.01919236660170514
515.0	-0.019262081770659394
516.0	-0.021376499402358133
517.0	-0.018701153934992762
518.0	-0.020437930495693642
519.0	-0.01984090385592439
520.0	-0.021381050540984138
521.0	-0.02064500730318114
522.0	-0.01978308370837926
523.0	-0.02068617442075364
524.0	-0.020702103405945135
525.0	-0.022501354687786256
526.0	-0.02319778233254814
527.0	-0.02110622382894901
528.0	-0.021211106887286765
529.0	-0.01930904124648339
530.0	-0.01825203930057152
531.0	-0.01881793201473964
532.0	-0.02033615048641914
533.0	-0.019381756029532262
534.0	-0.020256919300337392
535.0	-0.02126737551030051
536.0	-0.019967818562611265
537.0	-0.020478994178297266
538.0	-0.020812054777752765
539.0	-0.018837274353900518
540.0	-0.020762405992740766
541.0	-0.02344406099320151
542.0	-0.019797047429163887
543.0	-0.01915843993194689
544.0	-0.01847783783740739
545.0	-0.02057146504038226
546.0	-0.018872131938377643
547.0	-0.018032343426893516
548.0	-0.02175176146907364
549.0	-0.02099544497739089
550.0	-0.02064180081914926
551.0	-0.018900162814915765
552.0	-0.019079829355677893
553.0	-0.019967508257704894
554.0	-0.016385244984120514
555.0	-0.016404173583406147
556.0	-0.017824232269718264
557.0	-0.015422161989856395
558.0	-0.016243539076898766
559.0	-0.01686270079998577
560.0	-0.016059838572354268
561.0	-0.017126666840299523
562.0	-0.016469234178765765
563.0	-0.014712184364184892
564.0	-0.016380486975556767
565.0	-0.016491058957177146
566.0	-0.015513495067284768
567.0	-0.015139887960069516
568.0	-0.017597916558038516
569.0	-0.017039057421747144
570.0	-0.014890092510477891
571.0	-0.016022912288501643
572.0	-0.012407653259877893
573.0	-0.014853890271406642
574.0	-0.013825126071970397
575.0	-0.01424238273600865
576.0	-0.016065837800543267
577.0	-0.016348939310080392
578.0	-0.013061465697504524
579.0	-0.013054121814721643
580.0	-0.011806489221357401
581.0	-0.013427108312124148
582.0	-0.011752392732688268
583.0	-0.013268542504992025
584.0	-0.01269178911910277
585.0	-0.012614730067365396
586.0	-0.0128325641116054
587.0	-0.013290987893216392
588.0	-0.012310838129104397
589.0	-0.012581630877357395
590.0	-0.011442708436175774
591.0	-0.011363580685062899
592.0	-0.011647199369443901
593.0	-0.010905260338421019
594.0	-0.0076416802036320276
595.0	-0.0124992966422124
596.0	-0.012169235656851518
597.0	-0.011976743179961148
598.0	-0.010714629690968647
599.0	-0.010945703411211899
600.0	-0.00760144400077865
601.0	-0.0102113151329094
602.0	-0.00999813566226427
603.0	-0.01213944638584427
604.0	-0.00970138073684865
605.0	-0.009512301613927902
606.0	-0.009100630438203403
607.0	-0.00889241584605952
608.0	-0.010039199344867897
609.0	-0.009889011770206645
610.0	-0.010352400430318645
611.0	-0.013825332941907898
612.0	-0.010305854694369895
613.0	-0.011240699942158152
614.0	-0.012043872474696026
615.0	-0.009575707249787025
616.0	-0.009465859312948023
617.0	-0.010720318614251271
618.0	-0.009408246035340398
619.0	-0.010635605374824402
620.0	-0.01011005229847877
621.0	-0.008740056137053897
622.0	-0.00980678097003052
623.0	-0.010102398110789277
624.0	-0.009815262637470021
625.0	-0.01034681494200465
626.0	-0.008213675580957779
627.0	-0.010311336747714776
628.0	-0.009974552489383521
629.0	-0.00989780374255252
630.0	-0.009446310103849645
631.0	-0.008170026024134776
632.0	-0.009802953876185651
633.0	-0.00843523328407402
634.0	-0.009084598018043278
635.0	-0.00883645752795215
636.0	-0.010810513907023023
637.0	-0.008911137575407652
638.0	-0.00805655786338865
639.0	-0.009252369537396521
640.0	-0.007097301962969397
641.0	-0.007611373757781146
642.0	-0.006832405007936526
643.0	-0.0100416817841184
644.0	-0.007188738475366401
645.0	-0.008666617309223646
646.0	-0.0064684173528173974
647.0	-0.00870426763785765
648.0	-0.008960269185575777
649.0	-0.008552528538664774
650.0	-0.007708292323523273
651.0	-0.008638276127779152
652.0	-0.009005573701899274
653.0	-0.01024431088794877
654.0	-0.0061109461007309
655.0	-0.00831928268407715
656.0	-0.008116963885153154
657.0	-0.008859523525989023
658.0	-0.0081320653905944
659.0	-0.010110983213197651
660.0	-0.009001436303148274
661.0	-0.008719989753111402
662.0	-0.0060610904457813995
663.0	-0.007047756612926026
664.0	-0.009468858927042403
665.0	-0.007171775140487396
666.0	-0.007745115172407028
667.0	-0.006932426622741902
668.0	-0.009242439780394024
669.0	-0.008164854275696026
670.0	-0.008751020243743904
671.0	-0.008129893256250027
672.0	-0.00931443051866152
673.0	-0.0083451414262709
674.0	-0.0074144335772334015
675.0	-0.007383713391507275
676.0	-0.007684709150642524
677.0	-0.0068494717777844005
678.0	-0.00773177206143515
679.0	-0.008618106308868027
680.0	-0.0067715852462967765
681.0	-0.007037619985986029
682.0	-0.006868400377070273
683.0	-0.006480002069320149
684.0	-0.006747278028634653
685.0	-0.007454256040211776
686.0	-0.006093879330883026
687.0	-0.00996813952131952
688.0	-0.00838248144999877
689.0	-0.005411725711811902
690.0	-0.005645488741243401
691.0	-0.005334046050261779
692.0	-0.007953122894613649
693.0	-0.008329419311017147
694.0	-0.006147458644708524
695.0	-0.007555829179548779
696.0	-0.00517889359709928
697.0	-0.006865090458069522
698.0	-0.005792469831872772
699.0	-0.005078354807450029
700.0	-0.007427776688205521
701.0	-0.0051156948311779
702.0	-0.004827835313077027
703.0	-0.004514530792657649
704.0	-0.006795375289115026
705.0	-0.004200709097394154
706.0	-0.004635446271155528
707.0	-0.005858047602076026
708.0	-0.003993839159844154
709.0	-0.0057641286504282775
710.0	-0.00822732899683627
711.0	-0.004109686324872155
712.0	-0.004521047195690282
713.0	-0.0061175659387324045
714.0	-0.004195433913986774
715.0	-0.004842833383549402
716.0	-0.0049745060988000255
717.0	-0.0039799788740284
718.0	-0.0055130919812114015
719.0	-0.003930950698828907
720.0	-0.0060370703377339
721.0	-0.007985474844548524
722.0	-0.006777975019069031
723.0	-0.0061596407757322745
724.0	-0.005852542353439155
725.0	-0.009193388409903022
726.0	-0.0062507669832229055
727.0	-0.0065295242240715305
728.0	-0.006698123223174781
729.0	-0.007965615330543773
730.0	-0.005218899734723651
731.0	-0.005690252887431278
732.0	-0.005386464384139152
733.0	-0.004661592122963904
734.0	-0.0045546403652504085
735.0	-0.006195015535053278
736.0	-0.005178146357026157
737.0	-0.004196238198445034
738.0	-0.005367432349884406
739.0	-0.00502847595720878
740.0	-0.004451929441257026
741.0	-0.004863083442137652
742.0	-0.0037536399670569064
743.0	-0.004410658888715656
744.0	-0.0022399726340036536
745.0	-0.0030848294589576595
746.0	-0.002912403366009783
747.0	-0.003732539233426903
748.0	-0.000741613676328909
749.0	-0.0024230525287354033
750.0	-0.002755699388315658
751.0	-0.0046356299458012815
752.0	-0.001738106165507162
753.0	-0.003360276780805534
754.0	-0.00023685102870690897
755.0	-0.00287175342328116
756.0	-0.0035052926070280343
757.0	-0.004061669304068904
758.0	-0.002953260178675909
759.0	-0.0023517858352492837
760.0	-0.002368749170128528
761.0	-0.003134685113907403
762.0	-0.003300594803822407
763.0	-0.003052454313731279
764.0	-0.0028376198835854097
765.0	-0.0016785276234929061
766.0	-0.0012050023364409087
767.0	-0.004457101189695776
768.0	0.0010187460572527183
769.0	-0.001343708629568279
770.0	-0.001724866489504155
771.0	-0.0018594353838802852
772.0	-2.8739871531658322e-05
773.0	0.0013448765138003417
774.0	0.0004897796269374656
775.0	-0.0010480914888092814
776.0	-0.0015003091722935323
777.0	-0.00084825512913603
778.0	0.0010176082725963384
779.0	-0.0024421879979587787
780.0	-0.0007817464442136579
781.0	-0.002590513743182033
782.0	-0.0014941030741670324
783.0	-0.00011593555020903128
784.0	-9.400733682853827e-05
785.0	0.0008773504549373411
786.0	-0.0012751312452704056
787.0	0.000775156705787595
788.0	0.002186837159628839
789.0	0.00022902007065559327
790.0	0.0006204179925003378
791.0	-0.001288681226179787
792.0	0.0009777858096179622
793.0	0.0017188973608908355
794.0	-0.0012212416265385347
795.0	-0.0006294901701769046
796.0	-0.002209976493058904
797.0	0.0026323315701427164
798.0	-1.1155926839908313e-05
799.0	-0.0015669212921845363
800.0	-6.783828972865575e-05
801.0	0.0014113851987227134
802.0	-0.0005064025573346563
803.0	0.0013114670188859668
804.0	-0.0020380675749546617
805.0	0.0011947923741079608
806.0	0.0014481046126378389
807.0	-4.0841762878283776e-05
808.0	0.0015678823064793385
809.0	-0.00044858240978928616
810.0	0.0015275426686570883
811.0	0.001219306461707586
812.0	-0.0006236978119254092
813.0	-0.001344536109318286
814.0	0.0007823971536018446
815.0	-0.0005877024427916608
816.0	0.0006959255197060881
817.0	-9.193863745303888e-05
818.0	0.0006505175684137195
819.0	-0.0008063639667821544
820.0	-0.004450768461308657
821.0	-0.0022820474710032825
822.0	-0.00113671206175766
823.0	-0.002941445396943908
824.0	-0.0037116221744424114
825.0	-0.0030034029432400356
826.0	-0.0016431296688801567
827.0	-0.002038147814631785
828.0	-0.0013098621994869154
829.0	-0.0006579115912982826
830.0	-0.002687409113632411
831.0	-0.0018415179389904145
832.0	-0.001452499021427783
833.0	-0.004191974169433656
834.0	-0.0017057078249890331
835.0	-0.0024641964510159126
836.0	-0.00321896141816728
837.0	0.0010837264129352148
838.0	0.0007213937173163433
839.0	-0.0022122288670801582
840.0	-0.00036477688978978854
841.0	-0.0016864689207967865
842.0	-0.0018766858283739145
843.0	-0.0022049884192659086
844.0	-0.0018709969050912903
845.0	0.0011874716866165898
846.0	-0.0005207568227025361
847.0	-0.0014102975541675365
848.0	-0.0023749320729632814
849.0	-0.0027579517623369126
850.0	-0.002595662296329035
851.0	-0.0008037548972710329
852.0	-0.002478470476706912
853.0	0.0009526743074973381
854.0	-0.001649749506881661
855.0	-0.0011512963923550304
856.0	-0.002312560786791908
857.0	0.0018390085549302164
858.0	-0.00016359587552241487
859.0	-0.00015987221664665822
860.0	-0.0015325576872595383
861.0	-0.0020342172858182875
862.0	-8.674369372253885e-05
863.0	-0.002461714011765409
864.0	-0.0024577834829519114
865.0	-0.0024271667321946557
866.0	-0.0021911281334499135
867.0	-0.0016164434469361573
868.0	-0.0014708070109009101
869.0	-0.0017287738230256648
870.0	-0.0027880513382505336
871.0	-0.002826529146634786
872.0	-0.004157737194769034
873.0	-0.0012538004464109115
874.0	-0.0009957301993172895
875.0	-0.002711923201232038
876.0	1.1726396551211236e-05
877.0	-0.0005675094285887876
878.0	-0.0007365221675672837
879.0	-0.002489641453334659
880.0	-0.0004586958414375371
881.0	0.0003826441945782152
882.0	0.00035223431375846267
883.0	-0.0037896121408989066
884.0	-0.0016786078631697882
885.0	-0.00019245423181078487
886.0	0.00026534893998746405
887.0	-0.0006398104717626587
888.0	-0.001411849078699162
889.0	-0.0006547051072661606
890.0	-7.20220273466108e-06
891.0	-0.0006454993950452828
892.0	-9.522536116228237e-05
893.0	0.0008047623021490884
894.0	0.0005224882723622098
895.0	0.0018240104844578432
896.0	0.0007288410350683354
897.0	0.0008270008204357146
898.0	0.001836732985617214
899.0	0.0015418398896398342
900.0	-0.0002927861515225347
901.0	0.0008715812919778349
902.0	0.0015380127957949669
903.0	-0.0012127367638072842
904.0	0.0010487653934892179
905.0	6.58854892333742e-07
906.0	0.00023576653891771698
907.0	-0.000502448833229409
908.0	0.0025528132744465884
909.0	0.0016039008709048332
910.0	6.427136068895816e-05
911.0	0.0006994655039360914
912.0	0.0005485538844934605
913.0	0.0031869730680062097
914.0	-0.0014476375778954072
915.0	4.958359512271648e-05
916.0	-0.0003496753843487835
917.0	0.003068436593789963
918.0	-0.0011878089363324133
919.0	-0.0029411350920375335
920.0	-0.00019824659006203744
921.0	-0.001422606315451665
922.0	-0.0024314075659142864
923.0	0.0005670687439040907
924.0	0.0008435504154397132
925.0	-0.0008874337870099129
926.0	0.000464150949972964
927.0	-8.167538025266336e-05
928.0	-0.00027158198292365644
929.0	0.001588385625588586
930.0	0.0002485924750459624
931.0	-0.0006502574036087875
932.0	0.0002519023940467128
933.0	-0.0011599849297320342
934.0	0.00015022581974084067
935.0	-0.00011539518007340922
936.0	-0.0008898127912917832
937.0	0.0006978105444358342
938.0	-0.0014376043859240383
939.0	-0.0012275279643421577
940.0	0.0026366990341232075
941.0	0.0014562991704627185
942.0	0.0021898599690152076
943.0	0.0005020081485447121
944.0	0.001230086893751839
945.0	0.002719033269267965
946.0	0.002666798610036589
947.0	0.0022640228416268356
948.0	0.002731755770427336
949.0	0.0028578429973639655
950.0	2.8586296461584164e-05
951.0	0.0008079687861812105
952.0	0.0002350424941363399
953.0	0.001978645762776465
954.0	0.0018446974782128406
955.0	0.0025277820120030857
956.0	0.0020300529422578356
957.0	0.0006566434268633391
958.0	0.0026846928596347135
959.0	0.0003876090730794658
960.0	0.002179619907106339
961.0	0.002559122807541958
962.0	0.002477719487115841
963.0	0.0013988927627925926
964.0	0.003136393368275091
965.0	0.0022326820460879635
966.0	0.001826803228614959
967.0	0.0009829807533484622
968.0	0.001490949885002341
969.0	0.0005401756520225882
970.0	0.0028888734879964667
971.0	0.0017835674116669612
972.0	0.001455781995618841
973.0	0.0014936391941905891
974.0	0.00136755196725396
975.0	0.004359098134164461
976.0	0.0015956260734028356
977.0	0.0014875365310329587
978.0	0.0013271088944628385
979.0	0.0021201448000607134
980.0	0.0013307291183699633
981.0	0.0024899248134313376
982.0	0.004721637699720836
983.0	0.005922827992104959
984.0	0.005271601428697462
985.0	0.0048236245789328395
986.0	0.0038281664394423398
987.0	0.0036452934146480897
988.0	0.004838105474561342
989.0	0.004740049124162834
990.0	0.003729489479231083
991.0	0.0033724319670195937
992.0	0.0034894169167042134
993.0	0.0028106766516027113
994.0	0.0038391305461325854
995.0	0.0022345438755259598
996.0	0.002842327752047715
997.0	0.00128056315851409
998.0	0.0021330741711575907
999.0	0.0026676260897868375
1000.0	0.0004898028222292119
1001.0	0.0026288379764962126
1002.0	0.0036419834956473393
1003.0	0.0052919781175460884
1004.0	0.0018883470350360841
1005.0	0.003712112404476836
1006.0	0.0030240629921855816
1007.0	0.0017586395841920903
1008.0	0.0036115736148275832
1009.0	0.0035204474073367146
1010.0	0.004194533098843338
1011.0	0.0022107538327077116
1012.0	0.0031062937923617075
1013.0	0.00228119304644334
1014.0	0.004074858839970713
1015.0	0.0034682127481053386
1016.0	0.0014397495754587164
1017.0	-0.0004834167989746655
1018.0	0.0015773180839294657
1019.0	0.0030517835638170896
1020.0	0.000636370172983341
1021.0	0.003994800174138958
1022.0	0.005487470208530838
1023.0	0.0034899340915480873
1024.0	0.003723283381104585
1025.0	0.00136848288197284
1026.0	0.0033546411523903406
1027.0	0.0018955874828503337
1028.0	0.0034262181507825917
1029.0	0.0045356616258633384
1030.0	0.0002722790828953393
1031.0	0.0008729259465717178
1032.0	0.003513517264428836
1033.0	0.00200502167981409
1034.0	0.005066283015679086
1035.0	0.005974752346429961
1036.0	0.0015184635866965887
1037.0	0.0004965260951995875
1038.0	0.0002990687398082099
1039.0	0.0013526573317502151
1040.0	0.0027609244316218373
1041.0	0.004920232839768836
1042.0	0.00332154196238234
1043.0	0.0003758174866392112
1044.0	0.0024515504400159584
1045.0	0.004448155642279591
1046.0	0.001458264434869586
1047.0	0.0029005616394680894
1048.0	0.005422099308265085
1049.0	0.0034018074981518377
1050.0	0.005804705257763717
1051.0	0.0034896237866417165
1052.0	0.0028532918587379605
1053.0	0.003665670103496716
1054.0	0.004890547003730457
1055.0	0.0023165678057645825
1056.0	0.004593378338439836
1057.0	-0.00011756731441753699
1058.0	0.0032391042922687145
1059.0	0.0010599363701169666
1060.0	0.0010844504577165919
1061.0	0.003219348213232594
1062.0	0.002973172987548092
1063.0	0.003791033285652208
1064.0	0.004367062626760088
1065.0	0.00603588241297584
1066.0	0.004458809444063462
1067.0	0.0032046604476665915
1068.0	0.0020896314842720897
1069.0	0.0031058800524864654
1070.0	0.0040803408933158345
1071.0	0.0027876106535658367
1072.0	0.004613651592319591
1073.0	0.004717810605876208
1074.0	0.004195464013562458
1075.0	0.003941117425344589
1076.0	0.0030008935591798393
1077.0	0.0014968456782227112
1078.0	0.0014250618098927141
1079.0	0.0013784126389753343
1080.0	0.001098414178501217
1081.0	0.0017350564113113418
1082.0	0.002991170672115084
1083.0	0.0011186874323812152
1084.0	0.0028966311106545903
1085.0	0.004554900530055582
1086.0	0.003511034825178091
1087.0	0.004891374483480466
1088.0	0.0032277264457034626
1089.0	0.002449585175609091
1090.0	0.0038990193930532138
1091.0	0.002743443921898962
1092.0	0.0029924118917403386
1093.0	0.005845355200492338
1094.0	0.004718844955563959
1095.0	0.0024212439941648342
1096.0	0.0040147631231123426
1097.0	0.0003823338896720837
1098.0	0.0010496963082083375
1099.0	-0.001350305272278037
1100.0	0.0032715828724639664
1101.0	0.0019332378114843393
1102.0	0.004140333175205334
1103.0	0.0055944219662443315
1104.0	0.004286279916146716
1105.0	0.006056052231886967
1106.0	0.005448785530209084
1107.0	0.003980939888322965
1108.0	0.004473807514535839
1109.0	0.00332040417772596
1110.0	0.006902977756216715
1111.0	0.005548910579983331
1112.0	0.0071287762930525855
1113.0	0.004775320448514963
1114.0	0.0039889043809185915
1115.0	0.002532436585597962
1116.0	0.003020132463372086
1117.0	0.0003986766147383398
1118.0	0.004065032517937087
1119.0	0.002555192278728462
1120.0	0.004866860395880837
1121.0	0.00028634623864883576
1122.0	0.006478894384239216
1123.0	0.0034535249825393363
1124.0	0.004717810605876208
1125.0	0.00599647368987271
1126.0	0.004466670501690461
1127.0	0.0038266149149107143
1128.0	0.004443190763778583
1129.0	0.00521750494002809
1130.0	0.0026545932837210924
1131.0	0.005298804825485335
1132.0	0.005609006296841463
1133.0	0.004280280687957957
1134.0	0.004073927925251833
1135.0	0.0007846959182068363
1136.0	0.0029857920537388343
1137.0	0.002097802846805459
1138.0	-0.00031781741396603395
1139.0	0.0025597434173544637
1140.0	0.0014513342919617108
1141.0	0.003637328922052463
1142.0	0.0017167484218382147
1143.0	0.0031555288374984663
1144.0	0.001989816739404214
1145.0	0.0029896191475834587
1146.0	0.003466144048729839
1147.0	0.0009503987381843356
1148.0	0.0025792926264530847
1149.0	0.0020894246143345866
1150.0	0.004119025571637588
1151.0	0.00379630846905959
1152.0	0.004239010135416591
1153.0	0.0016566527049800832
1154.0	0.0026509730598139676
1155.0	0.0023455295970215844
1156.0	0.002841810577203841
1157.0	-7.939981093966087e-05
1158.0	-0.0008268208953076646
1159.0	-0.0005383407673942861
1160.0	0.0005358313833340863
1161.0	0.00011909189413970758
1162.0	0.004245940278324466
1163.0	-0.00026341062039028727
1164.0	0.00041481246986733913
1165.0	0.002225441598273714
1166.0	0.0042730402401437075
1167.0	-3.254377008453813e-05
1168.0	0.00047097765791221085
1169.0	0.0032929939110005837
1170.0	0.0019410988691113342
1171.0	0.0046411652940138385
1172.0	0.003483521123484086
1173.0	0.0019035519754459604
1174.0	-0.002188749129168281
1175.0	0.00019522003115796365
1176.0	-0.00014466727623653908
1177.0	0.0009211266420209628
1178.0	0.0015679055017710848
1179.0	0.0004871135130409673
1180.0	-0.0009084310856712846
1181.0	0.0007917294960833434
1182.0	0.0022571961336875887
1183.0	0.0007460112398848398
1184.0	0.002013089607378588
1185.0	0.0022762281679423323
1186.0	0.003197419999852342
1187.0	0.0024691343847077084
1188.0	0.0027337210348339675
1189.0	0.003180973839817211
1190.0	0.0025726727884513374
1191.0	0.0019521664107702117
1192.0	0.005482298460092088
1193.0	0.002438931373825216
1194.0	0.003035027098875588
1195.0	0.0020323285115708347
1196.0	0.0015865237961505863
1197.0	-0.0007581400760411612
1198.0	-0.0004668672039706669
1199.0	0.0015749390796478348
1200.0	-0.0005388579422381601
1201.0	-0.00041277071530153395
1202.0	0.0014651945777774647
1203.0	-0.0008094438205536571
1204.0	0.0006777441604933427
1205.0	0.0031731127821902163
1206.0	0.003304061452659461
1207.0	0.0005756538463124626
1208.0	0.002155209254475585
1209.0	-0.00021862327891066392
1210.0	0.003246344740082964
1211.0	0.0019657163916795913
1212.0	-0.0004508347838105388
1213.0	0.000859996575474844
1214.0	0.0009021980427350905
1215.0	-0.0014819779875286589
1216.0	-0.0016630926178535376
1217.0	-0.002212125432111287
1218.0	-0.0009770084699691562
1219.0	-0.003941971849904529
1220.0	-0.00012284249782515844
1221.0	0.002142693623253714
1222.0	-0.00029268271655366346
1223.0	0.0014175110571720902
1224.0	0.0007949359801154654
1225.0	-0.002012495942375537
1226.0	-0.00030354338827503786
1227.0	0.0016623416282627109
1228.0	0.0002097009267864663
1229.0	-0.00032754030103078913
1230.0	0.0013013535872379587
1231.0	0.0028561880378637117
1232.0	-0.00025327399345028995
1233.0	-0.003762925918954909
1234.0	-8.415781950316548e-05
1235.0	-0.0017663207166910386
1236.0	8.09243906615886e-05
1237.0	-0.0027434708667084134
1238.0	1.1760297362077218e-06
1239.0	-0.0015466248430130347
1240.0	-0.0005780597954037911
1241.0	0.0008936129403267186
1242.0	4.472215159034062e-05
1243.0	0.000917506418113838
1244.0	0.0006938800156223385
1245.0	0.002766923659810836
1246.0	-0.0012092199748690306
1247.0	0.00012188463829658751
1248.0	0.0005762744561252078
1249.0	0.0009094384905493401
1250.0	-0.0005796113199354165
1251.0	-0.002161959472255412
1252.0	-0.0022467761466509113
1253.0	-0.0020816939364861555
1254.0	-0.0022254685430834063
1255.0	-0.002968338488825407
1256.0	-0.003886427271672162
1257.0	-0.0007244202762204154
1258.0	-0.0035593659004056603
1259.0	-0.0036421138754256597
1260.0	-0.0008130640444607819
1261.0	-0.0013106896792371638
1262.0	-4.4955966337537935e-05
1263.0	0.0006157866141972097
1264.0	-0.0004473179948722853
1265.0	-0.0002718922878297914
1266.0	-0.0005343068036121586
1267.0	-0.0007731381465135379
1268.0	-0.002112931297056158
1269.0	-0.0031626927951535354
1270.0	-0.0023794832115892847
1271.0	-0.001153985701543039
1272.0	-0.005486049063777535
1273.0	-0.003588120821725159
1274.0	-0.004249587447041283
1275.0	-0.0058020428933851596
1276.0	-0.0034758938806042834
1277.0	-0.004779691662013157
1278.0	-0.002761365116306536
1279.0	-0.0006983546640891647
1280.0	-0.002313284831573285
1281.0	-0.0021805777666349118
1282.0	0.00017618799690345948
1283.0	-0.0017255673389937822
1284.0	-0.004084091497001284
1285.0	-0.001954675794830408
1286.0	-0.004407739514298162
1287.0	-0.0009820767834390351
1288.0	-0.003176242776063158
1289.0	-0.0028420443919510365
1290.0	0.0002472478204518366
1291.0	-0.0030908054918549117
1292.0	-0.0020083585436245365
1293.0	-0.003379595924674663
1294.0	-0.005479636095713534
1295.0	-0.0034891335566075315
1296.0	-0.003542195695589156
1297.0	0.000907990400986586
1298.0	-0.0027517456642104127
1299.0	-0.002212021997142657
1300.0	-0.003475687010666782
1301.0	-0.0010042118667567901
1302.0	-0.0014308811129536626
1303.0	0.00042360444221321413
1304.0	-0.0018026263907311578
1305.0	-0.002460886532015162
1306.0	-0.002124205708652537
1307.0	-0.0029023469787469087
1308.0	-0.0033230169967547866
1309.0	-0.00162389076468791
1310.0	-0.0011860505418632883
1311.0	-0.0040281331788939116
1312.0	-0.0017209127653989094
1313.0	-0.0027753288370911612
1314.0	-0.0046006457310635365
1315.0	-0.0005874723775624114
1316.0	-0.00017497372208766324
1317.0	-0.0013329281975237865
1318.0	-0.001015279408415907
1319.0	-0.003149866859025533
1320.0	-0.003040122357155161
1321.0	-0.0007832747734535352
1322.0	-0.0002068316924704128
1323.0	-0.001955813579486788
1324.0	-0.0014838398169666552
1325.0	-5.823647331567108e-07
1326.0	-0.002183887685635664
1327.0	-0.0020167367760954087
1328.0	-0.0006438444355447862
1329.0	0.0009256777806469678
1330.0	-0.0006185028681949126
1331.0	-0.003261680060271163
1332.0	-0.0022222620590512843
1333.0	-0.0008348888228721625
1334.0	-7.640019684504191e-05
1335.0	-0.003222064467230531
1336.0	-0.000915568098516663
1337.0	-0.00011756731441753699
1338.0	0.0008045554322115888
1339.0	0.000128918216173334
1340.0	-0.0006867699475864098
1341.0	0.00020783909734846655
1342.0	0.0016910965495819667
1343.0	0.0020101934282528403
1344.0	-0.0008001346733639081
1345.0	4.565306630946019e-05
1346.0	0.0032040398378540857
1347.0	-0.000589644511906782
1348.0	0.0009622937595934614
1349.0	0.000983084188317094
1350.0	-0.0006332940687297861
1351.0	-0.0005052415773862855
1352.0	0.00408189241784746
1353.0	0.00217641342307446
1354.0	0.0031963856501645905
1355.0	0.001413580528358834
1356.0	0.0006771235506808368
1357.0	0.0007649398391707156
1358.0	4.999733499796207e-05
1359.0	-0.002151822845315413
1360.0	0.0004336376341843402
1361.0	-0.0004598336260941563
1362.0	0.001954959154927088
1363.0	0.002295156767227965
1364.0	0.00045546241259596023
1365.0	0.0023570108785554646
1366.0	0.0028654971850534607
1367.0	0.0006671937936783391
1368.0	0.002195962632172838
1369.0	0.0025577781529478355
1370.0	0.003172595607346339
1371.0	0.003559132085658468
1372.0	0.0013955828437918422
1373.0	0.003760830274769716
1374.0	0.002282951440912708
1375.0	0.004203635376095588
1376.0	0.0022532656048740896
1377.0	0.004164743827836092
1378.0	0.00263990551815509
1379.0	0.00456814020605859
1380.0	0.0031629761552502155
1381.0	0.004899028671169961
1382.0	0.004470394160566217
1383.0	0.0032548264075224647
1384.0	0.004740773168944211
1385.0	0.0027833698198459667
1386.0	0.005271911733603836
1387.0	0.004463050277783336
1388.0	0.003939772770750466
1389.0	0.004785767380361334
1390.0	0.005103209299531715
1391.0	0.004391369844422214
1392.0	0.004672919829427713
1393.0	0.004640130944326087
1394.0	0.004842139438343709
1395.0	0.006850536227047836
1396.0	0.0038665408128579584
1397.0	0.005516845739663082
1398.0	0.006561228619384209
1399.0	0.004356305390007585
1400.0	0.007980149521039707
1401.0	0.004761873902574215
1402.0	0.0056342444292227095
1403.0	0.00706909431606946
1404.0	0.007905159168677834
1405.0	0.006761271848994964
1406.0	0.0049982228062250885
1407.0	0.0059729939519608324
1408.0	0.006263853084156085
1409.0	0.007484799455576088
1410.0	0.0064144543986923395
1411.0	0.005862525405309085
1412.0	0.007202628860757839
1413.0	0.006162383379787716
1414.0	0.006986966950861966
1415.0	0.007309477183502465
1416.0	0.007485833805263839
1417.0	0.007490591813827583
1418.0	0.005815876234391466
1419.0	0.008238012898195592
1420.0	0.0067277589191119605
1421.0	0.006013643894689218
1422.0	0.008191570597215711
1423.0	0.0062205138322392155
1424.0	0.005835942618333961
1425.0	0.00660580909092609
1426.0	0.006130628844373837
1427.0	0.008644719195419084
1428.0	0.008209464846813836
1429.0	0.007582752371005964
1430.0	0.007986976228978714
1431.0	0.00636035791002321
1432.0	0.006787130591188715
1433.0	0.007135706435960464
1434.0	0.004802213540396465
1435.0	0.00904480565464059
1436.0	0.004540523069395714
1437.0	0.007714631956194089
1438.0	0.004103613761290212
1439.0	0.008181537405244585
1440.0	0.006950661276822086
1441.0	0.00658915606095346
1442.0	0.009208646645180335
1443.0	0.006628875088962965
1444.0	0.006950454406884583
1445.0	0.008596932239844842
1446.0	0.005479919455810214
1447.0	0.006020780907534835
1448.0	0.00819425990640396
1449.0	0.005655965772665458
1450.0	0.007388191194740334
1451.0	0.006381355208684342
1452.0	0.00822456635225484
1453.0	0.008603552077846586
1454.0	0.00823770259328946
1455.0	0.008120924513542339
1456.0	0.007757867773142087
1457.0	0.007152669770839708
1458.0	0.008023488772956337
1459.0	0.009080180413961832
1460.0	0.010050607291008833
1461.0	0.009397725768101084
1462.0	0.011200080099005458
1463.0	0.007827582942096581
1464.0	0.00947292299040046
1465.0	0.01012870069243396
1466.0	0.007783933385273341
1467.0	0.009360696049279584
1468.0	0.009969617710457962
1469.0	0.008328518495873715
1470.0	0.009486990146153717
1471.0	0.010100049206083333
1472.0	0.010835368399104713
1473.0	0.01138853861211346
1474.0	0.009417895587012207
1475.0	0.011032101709714713
1476.0	0.012024663670079708
1477.0	0.010525684102592458
1478.0	0.008792838070704837
1479.0	0.010027955032846965
1480.0	0.007854476033978083
1481.0	0.01010615186924096
1482.0	0.011080509275101461
1483.0	0.008350032969378965
1484.0	0.009987201655149712
1485.0	0.010569333659415458
1486.0	0.010720659018733335
1487.0	0.01028902489403521
1488.0	0.01129327500587159
1489.0	0.012951647860241212
1490.0	0.010428558666912587
1491.0	0.008727363735470213
1492.0	0.012890207488788958
1493.0	0.010477483407143212
1494.0	0.010879638565740462
1495.0	0.011325546716129342
1496.0	0.009677413923668587
1497.0	0.012062210563745082
1498.0	0.01157161850684521
1499.0	0.010843643196606714
1500.0	0.01143425686831196
1501.0	0.010869501938800461
1502.0	0.010245789077087212
1503.0	0.012407786794422213
1504.0	0.011953707281499963
1505.0	0.012115169267757835
1506.0	0.008925855440549342
1507.0	0.012138649005669713
1508.0	0.010850883644420963
1509.0	0.01143415343334309
1510.0	0.010314366461385083
1511.0	0.010374151873337083
1512.0	0.011920297786585592
1513.0	0.011281276549493832
1514.0	0.010024748548815085
1515.0	0.01175769801567134
1516.0	0.00948419740199684
1517.0	0.01121776747866584
1518.0	0.011562723099530464
1519.0	0.010029403122409958
1520.0	0.010577298152011085
1521.0	0.00999526958271421
1522.0	0.011983703422444713
1523.0	0.011873234875792966
1524.0	0.012685095945708085
1525.0	0.006298814103602085
1526.0	0.009600665176837586
1527.0	0.009814361822326591
1528.0	0.011975635494880215
1529.0	0.01012983847709034
1530.0	0.00969210168923459
1531.0	0.00971299555292709
1532.0	0.009874664409122462
1533.0	0.011854823451351207
1534.0	0.011342716920946086
1535.0	0.011974394275254964
1536.0	0.012697611576929713
1537.0	0.012628310147850465
1538.0	0.011346750884728217
1539.0	0.010778479166278464
1540.0	0.011810242979809087
1541.0	0.011858753980164467
1542.0	0.012166783317176463
1543.0	0.011311376125407214
1544.0	0.01076482575040021
1545.0	0.012441816899149333
1546.0	0.012909549827949833
1547.0	0.009488231365779207
1548.0	0.010880155740584336
1549.0	0.012326590343933838
1550.0	0.010368876689929462
1551.0	0.00988252546674946
1552.0	0.010355533578957582
1553.0	0.00907480179558534
1554.0	0.011582892918441588
1555.0	0.011792141860273463
1556.0	0.009811362208232212
1557.0	0.010747552110614834
1558.0	0.012496637432600082
1559.0	0.013055806873797586
1560.0	0.012485052716097091
1561.0	0.010015646271562836
1562.0	0.011806415885964459
1563.0	0.012214466837781834
1564.0	0.01181655251290446
1565.0	0.01265385858513808
1566.0	0.01333642594408421
1567.0	0.01060346719911121
1568.0	0.011244143395703465
1569.0	0.014220277752266587
1570.0	0.01256676634142934
1571.0	0.01120566558731921

