0.000000	36.071984
1.000000	35.986909
2.000000	35.993134
3.000000	35.969085
4.000000	36.011535
5.000000	36.055211
6.000000	36.058225
7.000000	36.069260
8.000000	36.019534
9.000000	35.984006
10.000000	36.030126
11.000000	36.033628
12.000000	36.009155
13.000000	36.082729
14.000000	35.898998
15.000000	36.010328
16.000000	36.056805
17.000000	35.996357
18.000000	36.085869
19.000000	35.961112
20.000000	35.991029
21.000000	36.042551
22.000000	35.973493
23.000000	35.960572
24.000000	35.960322
25.000000	35.949812
26.000000	35.977308
27.000000	35.823968
28.000000	35.858996
29.000000	35.934962
30.000000	35.895366
31.000000	35.901681
32.000000	35.882855
33.000000	35.867874
34.000000	35.875467
35.000000	35.869860
36.000000	35.947566
37.000000	35.869767
38.000000	35.828595
39.000000	35.839932
40.000000	35.795984
41.000000	35.795176
42.000000	35.767159
43.000000	35.758113
44.000000	35.733174
45.000000	35.823345
46.000000	35.816434
47.000000	35.747301
48.000000	35.718062
49.000000	35.823781
50.000000	35.721997
51.000000	35.840692
52.000000	35.764972
53.000000	35.832145
54.000000	35.764238
55.000000	35.752241
56.000000	35.807325
57.000000	35.743136
58.000000	35.803920
59.000000	35.762345
60.000000	35.799337
61.000000	35.759521
62.000000	35.761421
63.000000	35.757293
64.000000	35.875814
65.000000	35.750118
66.000000	35.868355
67.000000	35.756381
68.000000	35.823323
69.000000	35.797072
70.000000	35.823811
71.000000	35.832235
72.000000	35.743345
73.000000	35.847890
74.000000	35.852659
75.000000	35.822667
76.000000	35.764096
77.000000	35.890716
78.000000	35.815894
79.000000	35.905947
80.000000	35.815149
81.000000	35.747011
82.000000	35.858143
83.000000	35.807597
84.000000	35.853218
85.000000	35.885713
86.000000	35.884122
87.000000	35.909993
88.000000	35.848911
89.000000	35.878306
90.000000	35.931743
91.000000	35.963158
92.000000	35.984379
93.000000	35.949283
94.000000	35.894211
95.000000	35.936784
96.000000	35.942503
97.000000	35.919027
98.000000	35.789640
99.000000	35.911356
100.000000	35.955572
101.000000	36.012146
102.000000	36.024351
103.000000	35.985661
104.000000	35.922664
105.000000	35.836405
106.000000	35.823533
107.000000	35.879536
108.000000	35.925410
109.000000	35.843543
110.000000	35.786601
111.000000	35.876832
112.000000	35.901966
113.000000	35.883229
114.000000	35.858979
115.000000	35.846946
116.000000	35.831049
117.000000	35.801426
118.000000	35.794437
119.000000	35.731291
120.000000	35.708785
121.000000	35.757956
122.000000	35.716024
123.000000	35.755933
124.000000	35.796517
125.000000	35.667975
126.000000	35.619881
127.000000	35.613737
128.000000	35.653065
129.000000	35.690821
130.000000	35.701134
131.000000	35.669369
132.000000	35.712385
133.000000	35.617813
134.000000	35.644146
135.000000	35.638908
136.000000	35.667584
137.000000	35.684398
138.000000	35.646911
139.000000	35.731710
140.000000	35.664641
141.000000	35.686235
142.000000	35.662324
143.000000	35.802221
144.000000	35.707303
145.000000	35.624560
146.000000	35.707817
147.000000	35.717884
148.000000	35.689819
149.000000	35.765431
150.000000	35.730954
151.000000	35.697829
152.000000	35.807307
153.000000	35.756411
154.000000	35.547261
155.000000	35.674860
156.000000	35.671697
157.000000	35.662525
158.000000	35.642540
159.000000	35.649813
160.000000	35.676958
161.000000	35.634295
162.000000	35.744623
163.000000	35.623629
164.000000	35.614591
165.000000	35.649969
166.000000	35.658598
167.000000	35.600109
168.000000	35.653307
169.000000	35.506063
170.000000	35.582639
171.000000	35.581857
172.000000	35.512705
173.000000	35.483418
174.000000	35.466776
175.000000	35.534169
176.000000	35.635558
177.000000	35.518827
178.000000	35.595996
179.000000	35.524814
180.000000	35.513078
181.000000	35.600355
182.000000	35.591838
183.000000	35.574111
184.000000	35.527880
185.000000	35.525171
186.000000	35.453360
187.000000	35.510414
188.000000	35.592717
189.000000	35.526147
190.000000	35.553166
191.000000	35.589383
192.000000	35.567912
193.000000	35.586615
194.000000	35.495929
195.000000	35.558594
196.000000	35.600735
197.000000	35.562230
198.000000	35.632220
199.000000	35.621803
200.000000	35.570524
201.000000	35.482971
202.000000	35.545592
203.000000	35.618961
204.000000	35.615932
205.000000	35.535238
206.000000	35.596238
207.000000	35.575039
208.000000	35.553475
209.000000	35.616401
210.000000	35.617266
211.000000	35.655029
212.000000	35.512038
213.000000	35.618018
214.000000	35.604282
215.000000	35.585680
216.000000	35.619758
217.000000	35.602687
218.000000	35.567629
219.000000	35.590739
220.000000	35.616450
221.000000	35.602620
222.000000	35.499818
223.000000	35.586816
224.000000	35.484189
225.000000	35.565718
226.000000	35.584707
227.000000	35.541318
228.000000	35.642544
229.000000	35.500448
230.000000	35.437716
231.000000	35.535365
232.000000	35.482285
233.000000	35.500411
234.000000	35.501450
235.000000	35.525492
236.000000	35.441739
237.000000	35.505992
238.000000	35.419303
239.000000	35.521885
240.000000	35.532496
241.000000	35.506189
242.000000	35.462491
243.000000	35.486793
244.000000	35.518167
245.000000	35.496536
246.000000	35.465095
247.000000	35.484495
248.000000	35.498675
249.000000	35.461206
250.000000	35.499725
251.000000	35.493641
252.000000	35.515667
253.000000	35.466954
254.000000	35.439787
255.000000	35.486216
256.000000	35.458173
257.000000	35.465513
258.000000	35.513752
259.000000	35.515082
260.000000	35.462189
261.000000	35.497516
262.000000	35.502948
263.000000	35.437675
264.000000	35.458330
265.000000	35.501938
266.000000	35.416446
267.000000	35.485735
268.000000	35.417999
269.000000	35.482736
270.000000	35.440309
271.000000	35.432161
272.000000	35.379838
273.000000	35.400008
274.000000	35.480844
275.000000	35.446657
276.000000	35.403447
277.000000	35.380683
278.000000	35.383560
279.000000	35.308413
280.000000	35.320108
281.000000	35.406334
282.000000	35.359570
283.000000	35.392285
284.000000	35.380430
285.000000	35.308901
286.000000	35.339001
287.000000	35.321122
288.000000	35.308298
289.000000	35.346430
290.000000	35.293004
291.000000	35.273780
292.000000	35.299185
293.000000	35.278690
294.000000	35.290757
295.000000	35.212176
296.000000	35.305042
297.000000	35.243110
298.000000	35.314155
299.000000	35.127980
300.000000	35.279297
301.000000	35.180475
302.000000	35.256627
303.000000	35.235510
304.000000	35.203603
305.000000	35.215041
306.000000	35.236527
307.000000	35.285974
308.000000	35.155382
309.000000	35.149004
310.000000	35.140275
311.000000	35.154995
312.000000	35.202083
313.000000	35.129072
314.000000	35.187047
315.000000	35.140037
316.000000	35.146061
317.000000	35.116386
318.000000	35.108890
319.000000	35.110816
320.000000	35.113130
321.000000	35.075102
322.000000	35.100746
323.000000	35.071243
324.000000	35.048684
325.000000	35.146284
326.000000	35.030130
327.000000	35.053956
328.000000	35.030812
329.000000	34.950532
330.000000	35.027951
331.000000	34.877941
332.000000	35.073526
333.000000	35.069767
334.000000	35.003007
335.000000	34.948378
336.000000	34.950498
337.000000	34.989860
338.000000	34.997713
339.000000	35.061675
340.000000	35.005802
341.000000	34.976231
342.000000	35.026289
343.000000	35.059481
344.000000	35.013767
345.000000	34.987460
346.000000	35.019929
347.000000	35.116140
348.000000	35.089554
349.000000	35.057525
350.000000	35.009781
351.000000	34.970736
352.000000	34.994930
353.000000	35.008465
354.000000	35.046318
355.000000	34.942521
356.000000	34.992967
357.000000	35.049459
358.000000	35.082811
359.000000	34.995943
360.000000	35.022027
361.000000	35.027857
362.000000	35.011435
363.000000	34.986752
364.000000	34.941869
365.000000	35.134370
366.000000	34.990936
367.000000	34.882930
368.000000	34.932276
369.000000	34.946709
370.000000	35.050684
371.000000	34.979677
372.000000	35.071052
373.000000	35.076585
374.000000	34.923320
375.000000	34.878779
376.000000	35.049567
377.000000	34.974294
378.000000	34.971500
379.000000	35.030108
380.000000	35.039798
381.000000	35.008912
382.000000	34.920574
383.000000	34.964354
384.000000	34.944038
385.000000	34.934377
386.000000	34.923182
387.000000	34.963076
388.000000	34.926144
389.000000	34.924169
390.000000	35.034418
391.000000	35.013432
392.000000	35.033081
393.000000	35.006442
394.000000	35.042581
395.000000	35.033986
396.000000	35.078407
397.000000	35.050733
398.000000	35.067632
399.000000	35.106413
400.000000	35.022526
401.000000	35.019102
402.000000	35.016900
403.000000	35.052894
404.000000	35.037935
405.000000	35.051698
406.000000	35.020268
407.000000	35.040450
408.000000	34.995336
409.000000	34.993611
410.000000	34.920980
411.000000	35.041288
412.000000	35.014248
413.000000	35.023737
414.000000	35.095303
415.000000	34.989975
416.000000	35.023901
417.000000	35.069898
418.000000	34.984696
419.000000	34.977952
420.000000	35.064425
421.000000	35.033360
422.000000	35.111744
423.000000	35.083202
424.000000	35.086331
425.000000	35.014285
426.000000	35.115619
427.000000	35.126840
428.000000	35.116304
429.000000	35.186849
430.000000	35.099718
431.000000	35.112895
432.000000	35.085664
433.000000	35.108439
434.000000	35.168296
435.000000	35.090784
436.000000	35.085266
437.000000	35.141631
438.000000	35.163329
439.000000	35.096819
440.000000	35.092929
441.000000	35.113972
442.000000	35.111237
443.000000	35.115183
444.000000	35.069886
445.000000	35.229798
446.000000	35.120071
447.000000	35.169458
448.000000	35.114281
449.000000	35.104863
450.000000	35.123022
451.000000	35.086529
452.000000	35.073530
453.000000	35.171738
454.000000	35.126822
455.000000	35.168836
456.000000	35.124504
457.000000	35.222366
458.000000	35.200824
459.000000	35.272215
460.000000	35.225358
461.000000	35.233241
462.000000	35.179119
463.000000	35.273605
464.000000	35.218085
465.000000	35.264108
466.000000	35.234031
467.000000	35.199584
468.000000	35.277923
469.000000	35.225991
470.000000	35.237499
471.000000	35.222243
472.000000	35.253069
473.000000	35.286521
474.000000	35.213611
475.000000	35.254991
476.000000	35.262286
477.000000	35.160729
478.000000	35.298809
479.000000	35.224035
480.000000	35.256530
481.000000	35.250480
482.000000	35.211737
483.000000	35.209341
484.000000	35.153207
485.000000	35.150617
486.000000	35.225957
487.000000	35.213734
488.000000	35.125890
489.000000	35.188205
490.000000	35.247264
491.000000	35.131922
492.000000	35.261902
493.000000	35.325574
494.000000	35.247976
495.000000	35.228275
496.000000	35.194602
497.000000	35.295914
498.000000	35.273511
499.000000	35.247618
500.000000	35.233766
501.000000	35.237764
502.000000	35.216897
503.000000	35.209006
504.000000	35.251810
505.000000	35.195675
506.000000	35.274663
507.000000	35.270542
508.000000	35.205556
509.000000	35.288027
510.000000	35.254749
511.000000	35.266403
512.000000	35.232269
513.000000	35.246776
514.000000	35.327906
515.000000	35.325395
516.000000	35.249235
517.000000	35.345599
518.000000	35.283042
519.000000	35.304546
520.000000	35.249071
521.000000	35.275583
522.000000	35.306629
523.000000	35.274100
524.000000	35.273526
525.000000	35.208719
526.000000	35.183634
527.000000	35.258970
528.000000	35.255192
529.000000	35.323703
530.000000	35.361776
531.000000	35.341393
532.000000	35.286708
533.000000	35.321084
534.000000	35.289562
535.000000	35.253166
536.000000	35.299975
537.000000	35.281563
538.000000	35.269566
539.000000	35.340696
540.000000	35.271354
541.000000	35.174763
542.000000	35.306126
543.000000	35.329128
544.000000	35.353643
545.000000	35.278232
546.000000	35.339440
547.000000	35.369689
548.000000	35.235719
549.000000	35.262960
550.000000	35.275698
551.000000	35.338431
552.000000	35.331959
553.000000	35.299986
554.000000	35.429016
555.000000	35.428334
556.000000	35.377185
557.000000	35.463706
558.000000	35.434120
559.000000	35.411819
560.000000	35.440737
561.000000	35.402311
562.000000	35.425991
563.000000	35.489278
564.000000	35.429188
565.000000	35.425205
566.000000	35.460416
567.000000	35.473873
568.000000	35.385337
569.000000	35.405466
570.000000	35.482870
571.000000	35.442067
572.000000	35.572286
573.000000	35.484174
574.000000	35.521230
575.000000	35.506200
576.000000	35.440521
577.000000	35.430324
578.000000	35.548736
579.000000	35.549001
580.000000	35.593939
581.000000	35.535566
582.000000	35.595888
583.000000	35.541277
584.000000	35.562051
585.000000	35.564827
586.000000	35.556981
587.000000	35.540469
588.000000	35.575773
589.000000	35.566019
590.000000	35.607042
591.000000	35.609893
592.000000	35.599677
593.000000	35.626401
594.000000	35.743952
595.000000	35.568985
596.000000	35.580873
597.000000	35.587807
598.000000	35.633267
599.000000	35.624944
600.000000	35.745402
601.000000	35.651396
602.000000	35.659075
603.000000	35.581946
604.000000	35.669764
605.000000	35.676574
606.000000	35.691402
607.000000	35.698902
608.000000	35.657596
609.000000	35.663005
610.000000	35.646314
611.000000	35.521222
612.000000	35.647991
613.000000	35.614319
614.000000	35.585389
615.000000	35.674290
616.000000	35.678247
617.000000	35.633062
618.000000	35.680322
619.000000	35.636114
620.000000	35.655044
621.000000	35.704390
622.000000	35.665967
623.000000	35.655319
624.000000	35.665662
625.000000	35.646516
626.000000	35.723350
627.000000	35.647793
628.000000	35.659924
629.000000	35.662689
630.000000	35.678951
631.000000	35.724922
632.000000	35.666105
633.000000	35.715369
634.000000	35.691980
635.000000	35.700917
636.000000	35.629814
637.000000	35.698228
638.000000	35.729009
639.000000	35.685937
640.000000	35.763560
641.000000	35.745044
642.000000	35.773102
643.000000	35.657506
644.000000	35.760267
645.000000	35.707035
646.000000	35.786212
647.000000	35.705679
648.000000	35.696458
649.000000	35.711144
650.000000	35.741553
651.000000	35.708056
652.000000	35.694826
653.000000	35.650208
654.000000	35.799088
655.000000	35.719546
656.000000	35.726833
657.000000	35.700087
658.000000	35.726289
659.000000	35.655010
660.000000	35.694975
661.000000	35.705113
662.000000	35.800884
663.000000	35.765345
664.000000	35.678139
665.000000	35.760878
666.000000	35.740227
667.000000	35.769499
668.000000	35.686294
669.000000	35.725108
670.000000	35.703995
671.000000	35.726367
672.000000	35.683701
673.000000	35.718614
674.000000	35.752138
675.000000	35.753244
676.000000	35.742403
677.000000	35.772487
678.000000	35.740707
679.000000	35.708782
680.000000	35.775293
681.000000	35.765710
682.000000	35.771805
683.000000	35.785795
684.000000	35.776168
685.000000	35.750703
686.000000	35.799703
687.000000	35.660155
688.000000	35.717269
689.000000	35.824274
690.000000	35.815854
691.000000	35.827072
692.000000	35.732734
693.000000	35.719181
694.000000	35.797773
695.000000	35.747045
696.000000	35.832660
697.000000	35.771925
698.000000	35.810559
699.000000	35.836281
700.000000	35.751657
701.000000	35.834936
702.000000	35.845305
703.000000	35.856590
704.000000	35.774436
705.000000	35.867893
706.000000	35.852235
707.000000	35.808197
708.000000	35.875345
709.000000	35.811580
710.000000	35.722858
711.000000	35.871172
712.000000	35.856355
713.000000	35.798850
714.000000	35.868083
715.000000	35.844765
716.000000	35.840022
717.000000	35.875844
718.000000	35.820622
719.000000	35.877610
720.000000	35.801749
721.000000	35.731569
722.000000	35.775062
723.000000	35.797334
724.000000	35.808396
725.000000	35.688061
726.000000	35.794052
727.000000	35.784011
728.000000	35.777939
729.000000	35.732284
730.000000	35.831219
731.000000	35.814241
732.000000	35.825183
733.000000	35.851293
734.000000	35.855145
735.000000	35.796060
736.000000	35.832687
737.000000	35.868054
738.000000	35.825869
739.000000	35.838078
740.000000	35.858845
741.000000	35.844035
742.000000	35.883996
743.000000	35.860331
744.000000	35.938518
745.000000	35.908086
746.000000	35.914297
747.000000	35.884757
748.000000	35.992487
749.000000	35.931923
750.000000	35.919941
751.000000	35.852228
752.000000	35.956594
753.000000	35.898165
754.000000	36.010668
755.000000	35.915761
756.000000	35.892942
757.000000	35.872902
758.000000	35.912826
759.000000	35.934490
760.000000	35.933879
761.000000	35.906291
762.000000	35.900315
763.000000	35.909253
764.000000	35.916991
765.000000	35.958740
766.000000	35.975796
767.000000	35.858658
768.000000	36.055894
769.000000	35.970800
770.000000	35.957071
771.000000	35.952224
772.000000	36.018164
773.000000	36.067641
774.000000	36.036841
775.000000	35.981448
776.000000	35.965160
777.000000	35.988646
778.000000	36.055853
779.000000	35.931234
780.000000	35.991042
781.000000	35.925891
782.000000	35.965383
783.000000	36.015024
784.000000	36.015814
785.000000	36.050801
786.000000	35.973270
787.000000	36.047120
788.000000	36.097968
789.000000	36.027449
790.000000	36.041547
791.000000	35.972782
792.000000	36.054419
793.000000	36.081113
794.000000	35.975211
795.000000	35.996526
796.000000	35.939598
797.000000	36.114014
798.000000	36.018798
799.000000	35.962760
800.000000	36.016756
801.000000	36.070037
802.000000	36.000959
803.000000	36.066438
804.000000	35.945790
805.000000	36.062235
806.000000	36.071359
807.000000	36.017728
808.000000	36.075673
809.000000	36.003042
810.000000	36.074220
811.000000	36.063118
812.000000	35.996734
813.000000	35.970770
814.000000	36.047381
815.000000	35.998031
816.000000	36.044266
817.000000	36.015888
818.000000	36.042631
819.000000	35.990155
820.000000	35.858886
821.000000	35.937002
822.000000	35.978256
823.000000	35.913251
824.000000	35.885510
825.000000	35.911019
826.000000	35.960015
827.000000	35.945787
828.000000	35.972019
829.000000	35.995502
830.000000	35.922401
831.000000	35.952870
832.000000	35.966882
833.000000	35.868208
834.000000	35.957761
835.000000	35.930441
836.000000	35.903255
837.000000	36.058235
838.000000	36.045184
839.000000	35.939517
840.000000	36.006061
841.000000	35.958454
842.000000	35.951603
843.000000	35.939778
844.000000	35.951808
845.000000	36.061971
846.000000	36.000442
847.000000	35.968402
848.000000	35.933656
849.000000	35.919860
850.000000	35.925706
851.000000	35.990249
852.000000	35.929927
853.000000	36.053514
854.000000	35.959777
855.000000	35.977731
856.000000	35.935903
857.000000	36.085439
858.000000	36.013307
859.000000	36.013441
860.000000	35.963998
861.000000	35.945929
862.000000	36.016075
863.000000	35.930531
864.000000	35.930672
865.000000	35.931775
866.000000	35.940277
867.000000	35.960977
868.000000	35.966222
869.000000	35.956931
870.000000	35.918776
871.000000	35.917390
872.000000	35.869441
873.000000	35.974039
874.000000	35.983334
875.000000	35.921518
876.000000	36.019622
877.000000	35.998758
878.000000	35.992671
879.000000	35.929525
880.000000	36.002678
881.000000	36.032982
882.000000	36.031887
883.000000	35.882701
884.000000	35.958737
885.000000	36.012268
886.000000	36.028757
887.000000	35.996154
888.000000	35.968346
889.000000	35.995618
890.000000	36.018940
891.000000	35.995949
892.000000	36.015770
893.000000	36.048186
894.000000	36.038019
895.000000	36.084899
896.000000	36.045452
897.000000	36.048987
898.000000	36.085357
899.000000	36.074735
900.000000	36.008654
901.000000	36.050593
902.000000	36.074598
903.000000	35.975518
904.000000	36.056975
905.000000	36.019223
906.000000	36.027692
907.000000	36.001102
908.000000	36.111150
909.000000	36.076971
910.000000	36.021515
911.000000	36.044394
912.000000	36.038958
913.000000	36.133992
914.000000	35.967057
915.000000	36.020986
916.000000	36.006605
917.000000	36.129722
918.000000	35.976416
919.000000	35.913262
920.000000	36.012059
921.000000	35.967958
922.000000	35.931622
923.000000	36.039625
924.000000	36.049584
925.000000	35.987235
926.000000	36.035918
927.000000	36.016258
928.000000	36.009417
929.000000	36.076412
930.000000	36.028154
931.000000	35.995778
932.000000	36.028273
933.000000	35.977418
934.000000	36.024611
935.000000	36.015043
936.000000	35.987149
937.000000	36.044334
938.000000	35.967418
939.000000	35.974985
940.000000	36.114171
941.000000	36.071654
942.000000	36.098077
943.000000	36.037282
944.000000	36.063506
945.000000	36.117137
946.000000	36.115256
947.000000	36.100748
948.000000	36.117595
949.000000	36.122137
950.000000	36.020229
951.000000	36.048302
952.000000	36.027666
953.000000	36.090469
954.000000	36.085644
955.000000	36.110248
956.000000	36.092320
957.000000	36.042851
958.000000	36.115900
959.000000	36.033161
960.000000	36.097708
961.000000	36.111377
962.000000	36.108445
963.000000	36.069587
964.000000	36.132170
965.000000	36.099619
966.000000	36.085000
967.000000	36.054606
968.000000	36.072902
969.000000	36.038656
970.000000	36.123254
971.000000	36.083442
972.000000	36.071636
973.000000	36.072999
974.000000	36.068458
975.000000	36.176211
976.000000	36.076673
977.000000	36.072779
978.000000	36.067001
979.000000	36.095566
980.000000	36.067131
981.000000	36.108885
982.000000	36.189269
983.000000	36.232535
984.000000	36.209078
985.000000	36.192943
986.000000	36.157087
987.000000	36.150500
988.000000	36.193464
989.000000	36.189932
990.000000	36.153533
991.000000	36.140672
992.000000	36.144886
993.000000	36.120438
994.000000	36.157482
995.000000	36.099686
996.000000	36.121578
997.000000	36.065324
998.000000	36.096031
999.000000	36.115285
1000.000000	36.036842
1001.000000	36.113888
1002.000000	36.150381
1003.000000	36.209812
1004.000000	36.087216
1005.000000	36.152907
1006.000000	36.128124
1007.000000	36.082544
1008.000000	36.149286
1009.000000	36.146003
1010.000000	36.170283
1011.000000	36.098829
1012.000000	36.131086
1013.000000	36.101366
1014.000000	36.165973
1015.000000	36.144122
1016.000000	36.071058
1017.000000	36.001787
1018.000000	36.076013
1019.000000	36.129122
1020.000000	36.042121
1021.000000	36.163089
1022.000000	36.216854
1023.000000	36.144904
1024.000000	36.153309
1025.000000	36.068491
1026.000000	36.140031
1027.000000	36.087477
1028.000000	36.142609
1029.000000	36.182570
1030.000000	36.029007
1031.000000	36.050642
1032.000000	36.145754
1033.000000	36.091419
1034.000000	36.201683
1035.000000	36.234405
1036.000000	36.073893
1037.000000	36.037084
1038.000000	36.029972
1039.000000	36.067921
1040.000000	36.118646
1041.000000	36.196422
1042.000000	36.138839
1043.000000	36.032736
1044.000000	36.107502
1045.000000	36.179419
1046.000000	36.071725
1047.000000	36.123675
1048.000000	36.214499
1049.000000	36.141730
1050.000000	36.228280
1051.000000	36.144893
1052.000000	36.121973
1053.000000	36.151234
1054.000000	36.195353
1055.000000	36.102641
1056.000000	36.184649
1057.000000	36.014965
1058.000000	36.135870
1059.000000	36.057378
1060.000000	36.058261
1061.000000	36.135158
1062.000000	36.126291
1063.000000	36.155750
1064.000000	36.176498
1065.000000	36.236607
1066.000000	36.179802
1067.000000	36.134629
1068.000000	36.094466
1069.000000	36.131071
1070.000000	36.166170
1071.000000	36.119607
1072.000000	36.185380
1073.000000	36.189131
1074.000000	36.170317
1075.000000	36.161155
1076.000000	36.127289
1077.000000	36.073115
1078.000000	36.070529
1079.000000	36.068849
1080.000000	36.058764
1081.000000	36.081695
1082.000000	36.126939
1083.000000	36.059494
1084.000000	36.123534
1085.000000	36.183263
1086.000000	36.145664
1087.000000	36.195383
1088.000000	36.135460
1089.000000	36.107432
1090.000000	36.159639
1091.000000	36.118016
1092.000000	36.126984
1093.000000	36.229745
1094.000000	36.189169
1095.000000	36.106411
1096.000000	36.163808
1097.000000	36.032971
1098.000000	36.057009
1099.000000	35.970563
1100.000000	36.137039
1101.000000	36.088833
1102.000000	36.168331
1103.000000	36.220706
1104.000000	36.173588
1105.000000	36.237334
1106.000000	36.215460
1107.000000	36.162590
1108.000000	36.180343
1109.000000	36.138798
1110.000000	36.267839
1111.000000	36.219067
1112.000000	36.275972
1113.000000	36.191203
1114.000000	36.162877
1115.000000	36.110416
1116.000000	36.127982
1117.000000	36.033560
1118.000000	36.165619
1119.000000	36.111236
1120.000000	36.194500
1121.000000	36.029514
1122.000000	36.252564
1123.000000	36.143593
1124.000000	36.189131
1125.000000	36.235188
1126.000000	36.180085
1127.000000	36.157031
1128.000000	36.179240
1129.000000	36.207130
1130.000000	36.114816
1131.000000	36.210058
1132.000000	36.221232
1133.000000	36.173372
1134.000000	36.165939
1135.000000	36.047464
1136.000000	36.126745
1137.000000	36.094761
1138.000000	36.007752
1139.000000	36.111399
1140.000000	36.071475
1141.000000	36.150213
1142.000000	36.081035
1143.000000	36.132859
1144.000000	36.090871
1145.000000	36.126883
1146.000000	36.144047
1147.000000	36.053432
1148.000000	36.112104
1149.000000	36.094459
1150.000000	36.167564
1151.000000	36.155940
1152.000000	36.171885
1153.000000	36.078871
1154.000000	36.114686
1155.000000	36.103684
1156.000000	36.121559
1157.000000	36.016340
1158.000000	35.989418
1159.000000	35.999809
1160.000000	36.038500
1161.000000	36.023489
1162.000000	36.172135
1163.000000	36.009712
1164.000000	36.034141
1165.000000	36.099358
1166.000000	36.173111
1167.000000	36.018027
1168.000000	36.036164
1169.000000	36.137811
1170.000000	36.089116
1171.000000	36.186371
1172.000000	36.144673
1173.000000	36.087764
1174.000000	35.940363
1175.000000	36.026231
1176.000000	36.013989
1177.000000	36.052378
1178.000000	36.075674
1179.000000	36.036745
1180.000000	35.986479
1181.000000	36.047717
1182.000000	36.100502
1183.000000	36.046070
1184.000000	36.091709
1185.000000	36.101188
1186.000000	36.134368
1187.000000	36.108136
1188.000000	36.117666
1189.000000	36.133776
1190.000000	36.111865
1191.000000	36.089515
1192.000000	36.216668
1193.000000	36.107048
1194.000000	36.128519
1195.000000	36.092402
1196.000000	36.076345
1197.000000	35.991892
1198.000000	36.002383
1199.000000	36.075928
1200.000000	35.999790
1201.000000	36.004332
1202.000000	36.071975
1203.000000	35.990044
1204.000000	36.043611
1205.000000	36.133493
1206.000000	36.138209
1207.000000	36.039934
1208.000000	36.096828
1209.000000	36.011325
1210.000000	36.136130
1211.000000	36.090003
1212.000000	36.002961
1213.000000	36.050176
1214.000000	36.051696
1215.000000	35.965820
1216.000000	35.959296
1217.000000	35.939521
1218.000000	35.984009
1219.000000	35.877213
1220.000000	36.014775
1221.000000	36.096378
1222.000000	36.008657
1223.000000	36.070257
1224.000000	36.047833
1225.000000	35.946711
1226.000000	36.008266
1227.000000	36.079076
1228.000000	36.026753
1229.000000	36.007402
1230.000000	36.066073
1231.000000	36.122077
1232.000000	36.010077
1233.000000	35.883662
1234.000000	36.016168
1235.000000	35.955578
1236.000000	36.022114
1237.000000	35.920382
1238.000000	36.019242
1239.000000	35.963491
1240.000000	35.998378
1241.000000	36.051387
1242.000000	36.020810
1243.000000	36.052247
1244.000000	36.044193
1245.000000	36.118862
1246.000000	35.975644
1247.000000	36.023590
1248.000000	36.039957
1249.000000	36.051957
1250.000000	35.998322
1251.000000	35.941328
1252.000000	35.938273
1253.000000	35.944219
1254.000000	35.939040
1255.000000	35.912282
1256.000000	35.879214
1257.000000	35.993107
1258.000000	35.890994
1259.000000	35.888014
1260.000000	35.989914
1261.000000	35.971990
1262.000000	36.017580
1263.000000	36.041380
1264.000000	36.003088
1265.000000	36.009406
1266.000000	35.999954
1267.000000	35.991352
1268.000000	35.943093
1269.000000	35.905282
1270.000000	35.933493
1271.000000	35.977634
1272.000000	35.821596
1273.000000	35.889958
1274.000000	35.866133
1275.000000	35.810215
1276.000000	35.894001
1277.000000	35.847039
1278.000000	35.919737
1279.000000	35.994045
1280.000000	35.935877
1281.000000	35.940657
1282.000000	36.025546
1283.000000	35.957046
1284.000000	35.872094
1285.000000	35.948794
1286.000000	35.860436
1287.000000	35.983826
1288.000000	35.904794
1289.000000	35.916831
1290.000000	36.028105
1291.000000	35.907871
1292.000000	35.946860
1293.000000	35.897469
1294.000000	35.821827
1295.000000	35.893524
1296.000000	35.891613
1297.000000	36.051905
1298.000000	35.920084
1299.000000	35.939524
1300.000000	35.894008
1301.000000	35.983029
1302.000000	35.967660
1303.000000	36.034457
1304.000000	35.954270
1305.000000	35.930560
1306.000000	35.942687
1307.000000	35.914659
1308.000000	35.899507
1309.000000	35.960708
1310.000000	35.976479
1311.000000	35.874109
1312.000000	35.957214
1313.000000	35.919234
1314.000000	35.853488
1315.000000	35.998039
1316.000000	36.012897
1317.000000	35.971189
1318.000000	35.982630
1319.000000	35.905744
1320.000000	35.909697
1321.000000	35.990987
1322.000000	36.011750
1323.000000	35.948753
1324.000000	35.965753
1325.000000	36.019179
1326.000000	35.940538
1327.000000	35.946558
1328.000000	35.996009
1329.000000	36.052542
1330.000000	35.996922
1331.000000	35.901716
1332.000000	35.939155
1333.000000	35.989128
1334.000000	36.016448
1335.000000	35.903143
1336.000000	35.986222
1337.000000	36.014965
1338.000000	36.048179
1339.000000	36.023843
1340.000000	35.994463
1341.000000	36.026686
1342.000000	36.080112
1343.000000	36.091605
1344.000000	35.990379
1345.000000	36.020844
1346.000000	36.134607
1347.000000	35.997961
1348.000000	36.053861
1349.000000	36.054609
1350.000000	35.996389
1351.000000	36.001001
1352.000000	36.166226
1353.000000	36.097592
1354.000000	36.134331
1355.000000	36.070116
1356.000000	36.043589
1357.000000	36.046752
1358.000000	36.021000
1359.000000	35.941693
1360.000000	36.034819
1361.000000	36.002637
1362.000000	36.089616
1363.000000	36.101869
1364.000000	36.035605
1365.000000	36.104097
1366.000000	36.122412
1367.000000	36.043231
1368.000000	36.098296
1369.000000	36.111329
1370.000000	36.133474
1371.000000	36.147397
1372.000000	36.069467
1373.000000	36.154662
1374.000000	36.101430
1375.000000	36.170611
1376.000000	36.100360
1377.000000	36.169210
1378.000000	36.114287
1379.000000	36.183740
1380.000000	36.133127
1381.000000	36.195659
1382.000000	36.180220
1383.000000	36.136436
1384.000000	36.189958
1385.000000	36.119454
1386.000000	36.209090
1387.000000	36.179955
1388.000000	36.161107
1389.000000	36.191579
1390.000000	36.203013
1391.000000	36.177373
1392.000000	36.187514
1393.000000	36.186333
1394.000000	36.193610
1395.000000	36.265950
1396.000000	36.158469
1397.000000	36.217912
1398.000000	36.255530
1399.000000	36.176110
1400.000000	36.306638
1401.000000	36.190718
1402.000000	36.222141
1403.000000	36.273823
1404.000000	36.303937
1405.000000	36.262735
1406.000000	36.199232
1407.000000	36.234342
1408.000000	36.244819
1409.000000	36.288796
1410.000000	36.250243
1411.000000	36.230363
1412.000000	36.278633
1413.000000	36.241164
1414.000000	36.270865
1415.000000	36.282481
1416.000000	36.288833
1417.000000	36.289005
1418.000000	36.228683
1419.000000	36.315926
1420.000000	36.261528
1421.000000	36.235806
1422.000000	36.314253
1423.000000	36.243258
1424.000000	36.229406
1425.000000	36.257136
1426.000000	36.240020
1427.000000	36.330575
1428.000000	36.314898
1429.000000	36.292324
1430.000000	36.306884
1431.000000	36.248295
1432.000000	36.263667
1433.000000	36.276222
1434.000000	36.192171
1435.000000	36.344986
1436.000000	36.182746
1437.000000	36.297074
1438.000000	36.167008
1439.000000	36.313892
1440.000000	36.269557
1441.000000	36.256536
1442.000000	36.350888
1443.000000	36.257966
1444.000000	36.269549
1445.000000	36.328854
1446.000000	36.216582
1447.000000	36.236063
1448.000000	36.314350
1449.000000	36.222923
1450.000000	36.285316
1451.000000	36.249051
1452.000000	36.315442
1453.000000	36.329093
1454.000000	36.315915
1455.000000	36.311709
1456.000000	36.298632
1457.000000	36.276833
1458.000000	36.308199
1459.000000	36.346260
1460.000000	36.381214
1461.000000	36.357698
1462.000000	36.422618
1463.000000	36.301143
1464.000000	36.360407
1465.000000	36.384027
1466.000000	36.299571
1467.000000	36.356364
1468.000000	36.378297
1469.000000	36.319186
1470.000000	36.360913
1471.000000	36.382995
1472.000000	36.409481
1473.000000	36.429406
1474.000000	36.358425
1475.000000	36.416567
1476.000000	36.452318
1477.000000	36.398326
1478.000000	36.335911
1479.000000	36.380398
1480.000000	36.302112
1481.000000	36.383215
1482.000000	36.418311
1483.000000	36.319961
1484.000000	36.378931
1485.000000	36.399899
1486.000000	36.405349
1487.000000	36.389802
1488.000000	36.425974
1489.000000	36.485708
1490.000000	36.394828
1491.000000	36.333552
1492.000000	36.483495
1493.000000	36.396590
1494.000000	36.411075
1495.000000	36.427137
1496.000000	36.367772
1497.000000	36.453671
1498.000000	36.436000
1499.000000	36.409779
1500.000000	36.431052
1501.000000	36.410710
1502.000000	36.388245
1503.000000	36.466118
1504.000000	36.449763
1505.000000	36.455578
1506.000000	36.340702
1507.000000	36.456424
1508.000000	36.410040
1509.000000	36.431049
1510.000000	36.390715
1511.000000	36.392868
1512.000000	36.448559
1513.000000	36.425542
1514.000000	36.380283
1515.000000	36.442702
1516.000000	36.360813
1517.000000	36.423255
1518.000000	36.435680
1519.000000	36.380451
1520.000000	36.400185
1521.000000	36.379221
1522.000000	36.450843
1523.000000	36.446864
1524.000000	36.476107
1525.000000	36.246078
1526.000000	36.365008
1527.000000	36.372705
1528.000000	36.450552
1529.000000	36.384068
1530.000000	36.368301
1531.000000	36.369054
1532.000000	36.374877
1533.000000	36.446201
1534.000000	36.427755
1535.000000	36.450508
1536.000000	36.476557
1537.000000	36.474061
1538.000000	36.427900
1539.000000	36.407432
1540.000000	36.444595
1541.000000	36.446342
1542.000000	36.457437
1543.000000	36.426626
1544.000000	36.406940
1545.000000	36.467344
1546.000000	36.484191
1547.000000	36.360958
1548.000000	36.411094
1549.000000	36.463194
1550.000000	36.392678
1551.000000	36.375160
1552.000000	36.392198
1553.000000	36.346067
1554.000000	36.436406
1555.000000	36.443943
1556.000000	36.372597
1557.000000	36.406318
1558.000000	36.469318
1559.000000	36.489459
1560.000000	36.468901
1561.000000	36.379955
1562.000000	36.444457
1563.000000	36.459155
1564.000000	36.444822
1565.000000	36.474981
1566.000000	36.499567
1567.000000	36.401128
1568.000000	36.424205
1569.000000	36.531403
1570.000000	36.471844
1571.000000	36.422819

