0.0	-0.0015154649320530632
1.0	-0.0014770323746498039
2.0	0.00010005626759567535
3.0	9.96050046908506e-05
4.0	-0.0009752280243678843
5.0	0.0009768600918743414
6.0	-0.0015357717627749049
7.0	-0.0009698128695087616
8.0	-0.0010023790091477232
9.0	-4.4949545854965184e-05
10.0	-0.000531185325916841
11.0	-0.000641443895688096
12.0	-6.30752725363828e-05
13.0	0.00024318181894261677
14.0	0.0012744679776755194
15.0	0.001988215472306177
16.0	0.0007717611015837754
17.0	0.00011577525878416899
18.0	0.002423909807015949
19.0	0.0007625102120326791
20.0	0.000591932833969174
21.0	-0.0001375336518498023
22.0	0.0028811143401941118
23.0	0.0010074707589253788
24.0	0.001343887254550591
25.0	-0.00024260269821425927
26.0	-0.0008671505586372286
27.0	-0.000172581737466088
28.0	0.0008814179874817554
29.0	-0.0016422698083382362
30.0	-0.00026930242008927334
31.0	0.000831177384066201
32.0	0.0006901577262756338
33.0	0.0017288897229399834
34.0	0.0002533352343035376
35.0	0.0007341558595062907
36.0	9.945458372257569e-05
37.0	-0.0006146689633288569
38.0	-0.00027095705074064763
39.0	-0.0019483764788489608
40.0	-0.0005429181614450863
41.0	-0.0005830053494997199
42.0	-0.0001782977342617606
43.0	-0.00037309288822313084
44.0	-0.0008017174374224053
45.0	-0.0012601253383469427
46.0	0.00033960165962925224
47.0	-0.004097140011156431
48.0	0.0007201667094533965
49.0	-0.0009695872380562616
50.0	-0.0004603370498428951
51.0	-0.0015848089984439096
52.0	-0.0023444348884090987
53.0	-0.0017831390451605285
54.0	-0.0014456696027572167
55.0	-0.0031647556390873126
56.0	-0.003323148918717748
57.0	-0.0017392161224140965
58.0	-0.0017735121031886574
59.0	-0.002497789065601011
60.0	-0.0027540311851169557
61.0	-0.002672653441261314
62.0	-0.0018828681471500877
63.0	-0.004128878835469793
64.0	-0.004404976522802755
65.0	-0.0034609345256896165
66.0	-0.004048253196455701
67.0	-0.0029871084755133106
68.0	-0.0043451089774153295
69.0	-0.003105339356604887
70.0	-0.003772305930091189
71.0	-0.004003879010804269
72.0	-0.005505907589863229
73.0	-0.004573899270214885
74.0	-0.00591813625351651
75.0	-0.005643016302477773
76.0	-0.006124137769617076
77.0	-0.005765835023102697
78.0	-0.005842549716940766
79.0	-0.005913097151078162
80.0	-0.005173477249898265
81.0	-0.005883313799352899
82.0	-0.005999589207856377
83.0	-0.005442279520268055
84.0	-0.0046878431537096645
85.0	-0.005180471824924713
86.0	-0.005563894873146605
87.0	-0.005753124451280578
88.0	-0.006805243914124372
89.0	-0.006184080525488552
90.0	-0.004339618612072157
91.0	-0.005342099155373671
92.0	-0.007836981335762274
93.0	-0.005460706088886023
94.0	-0.005551936406166035
95.0	-0.005263579409915954
96.0	-0.005740564300426733
97.0	-0.00538308886923813
98.0	-0.006231087078085407
99.0	-0.005816602099907302
100.0	-0.006387825727064293
101.0	-0.0076757300577340905
102.0	-0.0071953606954363375
103.0	-0.006975069187346327
104.0	-0.006238758547469179
105.0	-0.00839677647601657
106.0	-0.009766585023931058
107.0	-0.009454762356624485
108.0	-0.008557576491139928
109.0	-0.00935555972802415
110.0	-0.012197316168024263
111.0	-0.011747482262293496
112.0	-0.010290579973727518
113.0	-0.010697844745426677
114.0	-0.011964840561501357
115.0	-0.01474078782786587
116.0	-0.014182650824951773
117.0	-0.015159785435093272
118.0	-0.014826226937865984
119.0	-0.014342773945717808
120.0	-0.01806268799871141
121.0	-0.015742971035919658
122.0	-0.01736661496785717
123.0	-0.016491089721809103
124.0	-0.017464238176290354
125.0	-0.019982815165876595
126.0	-0.01847228780210809
127.0	-0.01860525993809411
128.0	-0.020152038755225275
129.0	-0.019963636492417076
130.0	-0.018858493638243854
131.0	-0.01908878814072651
132.0	-0.019634891466175638
133.0	-0.020799300181862834
134.0	-0.018291331377231337
135.0	-0.01944671483481994
136.0	-0.019254777679256492
137.0	-0.019202807234705337
138.0	-0.018875641628631222
139.0	-0.019545767042452
140.0	-0.018647678651157615
141.0	-0.01953644094241685
142.0	-0.019733417200418647
143.0	-0.018732892129705057
144.0	-0.019045767743789726
145.0	-0.018161367660611515
146.0	-0.018252372346439026
147.0	-0.018734621970840654
148.0	-0.020435958332910283
149.0	-0.018926483915920052
150.0	-0.020794035447971985
151.0	-0.019051709372038074
152.0	-0.01994378092460006
153.0	-0.019555017932003094
154.0	-0.01905381526559445
155.0	-0.02019754109813903
156.0	-0.020207995355436503
157.0	-0.01934946767880753
158.0	-0.01928764466083218
159.0	-0.01839000753244262
160.0	-0.020252820803992932
161.0	-0.020483641779864465
162.0	-0.019154822945814432
163.0	-0.020420615394142565
164.0	-0.020705287076669122
165.0	-0.019854205237971597
166.0	-0.019664900449353574
167.0	-0.018410389573648687
168.0	-0.0213098289483068
169.0	-0.0203970745126022
170.0	-0.020218223981281647
171.0	-0.01944671483481994
172.0	-0.02093264837026963
173.0	-0.020083822846096753
174.0	-0.021267711077180017
175.0	-0.020345555330956045
176.0	-0.020108717516351942
177.0	-0.021160009663870136
178.0	-0.020849766416730888
179.0	-0.021727547977303602
180.0	-0.02090527175403729
181.0	-0.021407602577708258
182.0	-0.021870748739134596
183.0	-0.022891580640570026
184.0	-0.023033427613686194
185.0	-0.022054638372893495
186.0	-0.02363563796031517
187.0	-0.023737172113924378
188.0	-0.02487570842306216
189.0	-0.023627214386089675
190.0	-0.023778688301177887
191.0	-0.023770039095500066
192.0	-0.023758306259971818
193.0	-0.024973256421011298
194.0	-0.025089757460967275
195.0	-0.02414992725096671
196.0	-0.024030869054549535
197.0	-0.025199639978317756
198.0	-0.025978895804647285
199.0	-0.023691143297621398
200.0	-0.02509336756420675
201.0	-0.025212124918687375
202.0	-0.025024173918784177
203.0	-0.023721904385640886
204.0	-0.025243337269611688
205.0	-0.024267255606248463
206.0	-0.024669857327930048
207.0	-0.025050497588238414
208.0	-0.024616909147085017
209.0	-0.02310171873329894
210.0	-0.024284779649056603
211.0	-0.02519399919200613
212.0	-0.023710246760596864
213.0	-0.024142030150130438
214.0	-0.02272280831412617
215.0	-0.023450394537841444
216.0	-0.02201876297195161
217.0	-0.02321107477726037
218.0	-0.021147073460595515
219.0	-0.021406248788993436
220.0	-0.021868116372189172
221.0	-0.02122198310281376
222.0	-0.021718748350657333
223.0	-0.021881654259337066
224.0	-0.023032224245939818
225.0	-0.02168573094811337
226.0	-0.021941747436176814
227.0	-0.022191371033087263
228.0	-0.022143236323228083
229.0	-0.021578330376740038
230.0	-0.02206396447292864
231.0	-0.020590515877848745
232.0	-0.021062236034468676
233.0	-0.019975444538429372
234.0	-0.02126139339651107
235.0	-0.020859769411123535
236.0	-0.020217847928860874
237.0	-0.020902188124186868
238.0	-0.022055014425314268
239.0	-0.021850667539865254
240.0	-0.02176394985163454
241.0	-0.02189616988277901
242.0	-0.022236271692127746
243.0	-0.021824870343800064
244.0	-0.020400458984389174
245.0	-0.022043958484143523
246.0	-0.02229621444799922
247.0	-0.02095491067357957
248.0	-0.021557271441176647
249.0	-0.021345704349248686
250.0	-0.021851645276159303
251.0	-0.02091595164278726
252.0	-0.020658506155524767
253.0	-0.021401360107523363
254.0	-0.02169866715138799
255.0	-0.02059036545688047
256.0	-0.02066362046844734
257.0	-0.019937388033446888
258.0	-0.02071070223152842
259.0	-0.019471609505075302
260.0	-0.020574345623755427
261.0	-0.02101929084801612
262.0	-0.019427611371844646
263.0	-0.01979275827241702
264.0	-0.020756054153473726
265.0	-0.020369096212496413
266.0	-0.017780351347882372
267.0	-0.017970257820373668
268.0	-0.018831117022011516
269.0	-0.019908657628499724
270.0	-0.01899800908635132
271.0	-0.017954388408217076
272.0	-0.019514479481043637
273.0	-0.01842573251241623
274.0	-0.01759277640039995
275.0	-0.018016662689097424
276.0	-0.018962434527346163
277.0	-0.018909937609405958
278.0	-0.018514180041782544
279.0	-0.018225898256016514
280.0	-0.017837661736808598
281.0	-0.020020946881343128
282.0	-0.0182024325849602
283.0	-0.018137601147618476
284.0	-0.017779072769651773
285.0	-0.017438594907882264
286.0	-0.018189270750233077
287.0	-0.018624438611553624
288.0	-0.01817821480906216
289.0	-0.016889483163066762
290.0	-0.018352176658912638
291.0	-0.01758141961729248
292.0	-0.01774658184049686
293.0	-0.018237330249608035
294.0	-0.016587212227248013
295.0	-0.014430401173135994
296.0	-0.01605976110186918
297.0	-0.01631720658913167
298.0	-0.01774409989451971
299.0	-0.01714136307450186
300.0	-0.01709074641866553
301.0	-0.01623996542190455
302.0	-0.016575103339298992
303.0	-0.0166125581604082
304.0	-0.018794940779132904
305.0	-0.01722958497241567
306.0	-0.017714617384731
307.0	-0.018057953244898433
308.0	-0.017938218154123758
309.0	-0.018267038390849248
310.0	-0.017250944749915613
311.0	-0.0162454557872479
312.0	-0.015165282813814095
313.0	-0.015003129009976085
314.0	-0.015036672885909097
315.0	-0.015488612685196412
316.0	-0.016044117321164907
317.0	-0.014641667423127233
318.0	-0.016402796120100063
319.0	-0.014849398780363223
320.0	-0.015665206901992315
321.0	-0.01724477749021494
322.0	-0.01568844694159613
323.0	-0.014183259522202696
324.0	-0.015801337878312807
325.0	-0.014891817493426732
326.0	-0.012264188808504606
327.0	-0.014935514784720664
328.0	-0.014183033890750195
329.0	-0.014936342100046438
330.0	-0.014124745765530095
331.0	-0.014118503295345372
332.0	-0.014739290631560419
333.0	-0.014837440313382654
334.0	-0.012998468765309431
335.0	-0.014964621242088777
336.0	-0.013755988761718421
337.0	-0.014197925566612915
338.0	-0.01342694289354043
339.0	-0.014230642127220326
340.0	-0.014237937544183324
341.0	-0.014471090045063728
342.0	-0.014678144507942394
343.0	-0.01244040697287956
344.0	-0.013971015535917407
345.0	-0.014144526122862888
346.0	-0.012571198004825156
347.0	-0.012689428885916733
348.0	-0.012688075097201908
349.0	-0.013381741392563224
350.0	-0.012331803033759853
351.0	-0.011796605228513023
352.0	-0.012824882967879902
353.0	-0.01085166070559006
354.0	-0.012520806980441326
355.0	-0.01220702884054683
356.0	-0.013250574308197028
357.0	-0.011517348700845762
358.0	-0.013318639796357275
359.0	-0.01283984985422667
360.0	-0.012829019544508425
361.0	-0.0130726263026863
362.0	-0.011407090131074507
363.0	-0.012661300164842845
364.0	-0.014483800616886023
365.0	-0.015599999412229816
366.0	-0.012336616504745702
367.0	-0.012286601532782647
368.0	-0.014835409630310504
369.0	-0.011600080233416228
370.0	-0.010278331184876694
371.0	-0.01051095721236805
372.0	-0.011645131313424985
373.0	-0.010645659189489669
374.0	-0.011565934673609767
375.0	-0.011756818882395114
376.0	-0.012324733248249356
377.0	-0.011285249146743457
378.0	-0.011936647150009716
379.0	-0.010947779704340145
380.0	-0.010909046305000336
381.0	-0.011622718589146768
382.0	-0.010700262000986071
383.0	-0.010260807142068552
384.0	-0.012790060513716115
385.0	-0.011541115213838627
386.0	-0.009683265834242612
387.0	-0.011152502642209936
388.0	-0.009380318004066362
389.0	-0.009134981404752888
390.0	-0.008911380635360129
391.0	-0.009832032171901177
392.0	-0.009063832286742216
393.0	-0.010613619523239581
394.0	-0.010347223988362715
395.0	-0.008700490437789666
396.0	-0.00873681710163655
397.0	-0.009017427418018635
398.0	-0.010892951261391068
399.0	-0.007867383904805106
400.0	-0.00816566868496361
401.0	-0.007306388903493086
402.0	-0.010462220818635595
403.0	-0.009113320785316221
404.0	-0.00915258065804508
405.0	-0.008755694933159343
406.0	-0.007711021308246821
407.0	-0.008886786807041488
408.0	-0.007213654376529974
409.0	-0.007149123781125149
410.0	-0.006165445858862202
411.0	-0.00844575252795682
412.0	-0.007193949229681407
413.0	-0.007183344551415661
414.0	-0.00724516756939101
415.0	-0.007849559020060239
416.0	-0.006927102431899541
417.0	-0.007558043183475683
418.0	-0.006053607868923798
419.0	-0.006893934608387305
420.0	-0.005778187075948337
421.0	-0.0069517714707024066
422.0	-0.007346551302031944
423.0	-0.00730668974542981
424.0	-0.007190639968378657
425.0	-0.007859336383000385
426.0	-0.006330156819161586
427.0	-0.006833691010579105
428.0	-0.005758481929099769
429.0	-0.005935828250737046
430.0	-0.005704706432928967
431.0	-0.006385135683078937
432.0	-0.005256903210270175
433.0	-0.005797064907471129
434.0	-0.00661046629360712
435.0	-0.006927252852867992
436.0	-0.004724638613905492
437.0	-0.005647471254486966
438.0	-0.0061099405215558
439.0	-0.007376334653757206
440.0	-0.00454706666081554
441.0	-0.006626185284795614
442.0	-0.007580380697269674
443.0	-0.005500735599900551
444.0	-0.007840458551477593
445.0	-0.006813685021793987
446.0	-0.009059319657692919
447.0	-0.008026228447340366
448.0	-0.008166796842225934
449.0	-0.006226516771996003
450.0	-0.005707790062779215
451.0	-0.006917475489927844
452.0	-0.006729825331961196
453.0	-0.005667326822303807
454.0	-0.008136712648563946
455.0	-0.00782316014012195
456.0	-0.006283451108501455
457.0	-0.007088955393801175
458.0	-0.00728367533727832
459.0	-0.005968469600860409
460.0	-0.005813310372048672
461.0	-0.004975766420498864
462.0	-0.005270892360323069
463.0	-0.006254946335006615
464.0	-0.005687257600604874
465.0	-0.006172214802436149
466.0	-0.004771870797954849
467.0	-0.0036374710654454127
468.0	-0.002932899249881627
469.0	-0.0029145478917478843
470.0	-0.0018078256174075135
471.0	-0.0024424516827071777
472.0	-0.0002869944173098113
473.0	-0.0012596163984018379
474.0	-0.0020034480866944833
475.0	-0.0005711396264473203
476.0	-0.0014170319417382234
477.0	0.0005497974293982707
478.0	0.0002945330461763757
479.0	0.0005022644034123657
480.0	0.000206386358746786
481.0	-0.00032926270940486935
482.0	0.001007678856933759
483.0	-0.0017056897799250293
484.0	-0.0007290064326885308
485.0	-0.0011782386545461953
486.0	-0.0004273371807430532
487.0	0.0008697428289936157
488.0	0.0018969676215822196
489.0	0.0024881220270402773
490.0	0.0023367985329203395
491.0	0.002990302429742971
492.0	0.0035805543093912055
493.0	0.002526855426380086
494.0	0.0029526971876654867
495.0	0.002890573327753412
496.0	0.003500304722797712
497.0	0.003890195872657177
498.0	0.003948784839813828
499.0	0.0038887668734581293
500.0	0.0025808565540032147
501.0	0.0020217418147952426
502.0	0.0019438237532106253
503.0	0.003044529188818599
504.0	0.0024700715108430843
505.0	0.002926298307727022
506.0	0.0034259967644527435
507.0	0.003208337623308156
508.0	0.005403355603370933
509.0	0.005561147199128093
510.0	0.0051720081541103535
511.0	0.0063530383867956945
512.0	0.006633799124146231
513.0	0.006012560525026186
514.0	0.006522938870501874
515.0	0.006994358185185259
516.0	0.0042039740125516725
517.0	0.006598299775625122
518.0	0.007462092186144943
519.0	0.008203968401849488
520.0	0.005688102496381717
521.0	0.005927647888415294
522.0	0.006498044200246512
523.0	0.006481347472764142
524.0	0.005865373607534946
525.0	0.005928625624709343
526.0	0.00563124337036049
527.0	0.0068276917522977765
528.0	0.007201939121452974
529.0	0.007210588327130795
530.0	0.008348899004816257
531.0	0.008098523303064258
532.0	0.004492707061222531
533.0	0.006195547632975262
534.0	0.005542269367605128
535.0	0.005750151145809568
536.0	0.0053984669219008605
537.0	0.0063425841294982264
538.0	0.0058317545211177095
539.0	0.005266246890756389
540.0	0.005900572114119505
541.0	0.003649823165297826
542.0	0.004393880485042972
543.0	0.004059118620069134
544.0	0.0033671821658434174
545.0	0.003455028011336457
546.0	0.003352290489980875
547.0	0.005811974163784917
548.0	0.004512713050007824
549.0	0.0028290511517146126
550.0	0.0064549485928256795
551.0	0.004740600816997379
552.0	0.00342238666121327
553.0	0.0048627426432649775
554.0	0.0054452478430452155
555.0	0.0050557327456067
556.0	0.0038395792168208474
557.0	0.004752484073493898
558.0	0.0035025610373223604
559.0	0.002797086695948751
560.0	0.0022574514721368463
561.0	0.0008424414232453261
562.0	0.0006050019247681232
563.0	0.0007542947358157382
564.0	-0.0010776070267468118
565.0	0.001142982517928653
566.0	0.0017621904339763747
567.0	0.0012645978708072042
568.0	0.0017461706008515062
569.0	0.001918026557145611
570.0	0.003275651006626855
571.0	0.0015641612291964796
572.0	0.002736090993299176
573.0	0.0016634390682810402
574.0	0.0008125828610358382
575.0	0.0007806936157540257
576.0	-9.851694401756279e-05
577.0	0.0011528350913528494
578.0	0.001238951095710288
579.0	-7.617943022339684e-05
580.0	-0.0014049982642734275
581.0	-0.0024310948995997076
582.0	-0.0015063819969143616
583.0	-0.0008597222541499019
584.0	-0.002404019125303919
585.0	-0.0018506955933758448
586.0	-0.0015247333550481045
587.0	-0.00044952427356876896
588.0	0.0007067617098298314
589.0	-0.0011298031027504652
590.0	0.00046586252908142976
591.0	0.002678254130983899
592.0	-0.0007248698560600062
593.0	-0.00015868533134153883
594.0	0.0003159680341605414
595.0	-0.0009975830716059961
596.0	-0.0008557360984896541
597.0	0.00071187602275223
598.0	0.00034319422942460497
599.0	-0.00042741239122710394
600.0	-0.001788346102011271
601.0	-0.0010882117050127335
602.0	-0.001006833961157091
603.0	0.001781519528404342
604.0	2.6031617743136302e-05
605.0	0.0003756851585795173
606.0	0.0005669454197856387
607.0	0.0025562627256845737
608.0	0.0018668082174360064
609.0	0.002355751574927531
610.0	0.0015845432704023718
611.0	0.0035802534674544786
612.0	0.0024651828293730115
613.0	0.002926523939179523
614.0	0.0031418515553152345
615.0	0.002487670764135277
616.0	0.002766626449865988
617.0	0.003709164237296203
618.0	0.0023389796369609373
619.0	0.004791743946222759
620.0	0.0023991480242849133
621.0	0.0033301033971551556
622.0	0.0014803767498477402
623.0	0.0030517493952975463
624.0	0.0023470271587654854
625.0	0.003760758629426405
626.0	0.005562275356390417
627.0	0.006138312454533258
628.0	0.005840930200184582
629.0	0.005404032497728433
630.0	0.004933891761275651
631.0	0.006683438043688511
632.0	0.005703671066601763
633.0	0.0060327921452639766
634.0	0.006513537559982505
635.0	0.005696526070607038
636.0	0.006580249259427927
637.0	0.007624847673856225
638.0	0.006662003055704344
639.0	0.005923812153723323
640.0	0.003161857544100351
641.0	0.006362740539251791
642.0	0.005088750148150663
643.0	0.004932537972560826
644.0	0.006043246402561448
645.0	0.004908169775694684
646.0	0.007386956912474197
647.0	0.008057157536779023
648.0	0.006959610941505521
649.0	0.008206751189763365
650.0	0.007980668474393455
651.0	0.007715325886294689
652.0	0.0074905217491555535
653.0	0.007073404404032025
654.0	0.006771810362570598
655.0	0.00871284253764208
656.0	0.006423435399964816
657.0	0.00628986158010552
658.0	0.006469389005783574
659.0	0.004728115876627583
660.0	0.006984656032729162
661.0	0.006438703128248312
662.0	0.0069102728638999675
663.0	0.0074035032189882916
664.0	0.00778399305832821
665.0	0.008519175540943036
666.0	0.008879885022950338
667.0	0.008688925603680767
668.0	0.008970363235388626
669.0	0.007146057731725795
670.0	0.009691932620371506
671.0	0.00807708831508009
672.0	0.008569491354842638
673.0	0.009639886965336303
674.0	0.0072628596136185
675.0	0.008322876177298566
676.0	0.009493000889781613
677.0	0.00741576252790541
678.0	0.005564982933820068
679.0	0.008660119988249377
680.0	0.006529030919718324
681.0	0.00698119635045814
682.0	0.008537526899076777
683.0	0.009516165718901378
684.0	0.009273762328469876
685.0	0.010270150822554945
686.0	0.009800160507070435
687.0	0.010250445675706201
688.0	0.007477284703944209
689.0	0.009560314273100308
690.0	0.01040161874885769
691.0	0.008129434812052019
692.0	0.00899901842985174
693.0	0.008965324132950278
694.0	0.009098296268936297
695.0	0.010301964857352354
696.0	0.008765113824129785
697.0	0.006591906884471949
698.0	0.007581225593046342
699.0	0.007466078341805189
700.0	0.007298283751655383
701.0	0.006503008092200811
702.0	0.008786323180661451
703.0	0.007766469015520066
704.0	0.010444714356278523
705.0	0.010441029042554997
706.0	0.010436065150600702
707.0	0.009986306455353986
708.0	0.010214495064280267
709.0	0.008436594429340845
710.0	0.008341453166884808
711.0	0.009802792874015859
712.0	0.010260749512035571
713.0	0.00952661997619885
714.0	0.009758117846427878
715.0	0.006972020671391091
716.0	0.008555652625758194
717.0	0.006241200396857292
718.0	0.0077345045597542045
719.0	0.0074440416699477485
720.0	0.006789180477721646
721.0	0.007645000576920968
722.0	0.006711337626621253
723.0	0.007386727774332875
724.0	0.006371987922114065
725.0	0.0072075764010757735
726.0	0.005091830271312265
727.0	0.0077585684079949715
728.0	0.008759168689192789
729.0	0.007632214794614626
730.0	0.007594684763021366
731.0	0.008751045956904019
732.0	0.007185238887281606
733.0	0.007472467726269541
734.0	0.007490367821498457
735.0	0.007014360667281554
736.0	0.005519176242280764
737.0	0.007820617057422822
738.0	0.005812647551453418
739.0	0.008454641438849214
740.0	0.007704266438435119
741.0	0.007037826338337869
742.0	0.0058986131348425855
743.0	0.00884385569435118
744.0	0.0074749496722466904
745.0	0.009036921007176952
746.0	0.009080317456534507
747.0	0.00851172619632294
748.0	0.006137256001066335
749.0	0.007308433660327483
750.0	0.008046850193761005
751.0	0.005400494098284187
752.0	0.007311592500661955
753.0	0.008740065226217323
754.0	0.006539632091295423
755.0	0.007306854240160334
756.0	0.006301290067008393
757.0	0.007865818558400028
758.0	0.008170270598259382
759.0	0.0077714294007855435
760.0	0.005481044526814227
761.0	0.007292338616718387
762.0	0.006766241280054378
763.0	0.008179220645873753
764.0	0.008297526737449554
765.0	0.008666810214650452
766.0	0.00829188595113793
767.0	0.00790079143353209
768.0	0.007871233713259151
769.0	0.008057755713963475
770.0	0.007749693570864653
771.0	0.0074496037390863225
772.0	0.008308281836683749
773.0	0.007578138456507271
774.0	0.00784987393575921
775.0	0.00854677428193905
776.0	0.007626874850239728
777.0	0.009752924816332257
778.0	0.010026690978656346
779.0	0.009607467739976618
780.0	0.006836638293223327
781.0	0.006983599579262239
782.0	0.009709829208911601
783.0	0.01043425659229223
784.0	0.008362659016727654
785.0	0.008859198633118898
786.0	0.010300306720012158
787.0	0.011079186493921093
788.0	0.00996727469617392
789.0	0.009103557496138325
790.0	0.00854135912707993
791.0	0.009648908716746075
792.0	0.008766539316639838
793.0	0.008762929213400538
794.0	0.00949247090970374
795.0	0.008257815601815694
796.0	0.008522706927009462
797.0	0.008180875276525128
798.0	0.009442079885319908
799.0	0.009069411936332037
800.0	0.008471488587300032
801.0	0.00855324238357645
802.0	0.007745481783752079
803.0	0.0074875850335845845
804.0	0.006207803435203732
805.0	0.008062117922044497
806.0	0.007707350068285542
807.0	0.008127626253743374
808.0	0.009211484540900703
809.0	0.005832051856365438
810.0	0.00809882063831216
811.0	0.007086938784491098
812.0	0.006256615039420238
813.0	0.007749167097475602
814.0	0.005990971609384922
815.0	0.007325807282167349
816.0	0.006731719667827141
817.0	0.0057967781392968265
818.0	0.007270978839218272
819.0	0.006128907637325064
820.0	0.0023544659833191106
821.0	0.005004507392519451
822.0	0.006246232485917994
823.0	0.004839871642704293
824.0	0.003955471559526082
825.0	0.0042822611131794214
826.0	0.003175914891259827
827.0	0.0034373465341823923
828.0	0.0021219151663119805
829.0	0.00351782175222821
830.0	0.004464345695318497
831.0	0.003067235741655895
832.0	0.0028067818350271984
833.0	0.003168168211391829
834.0	0.0037296144756086753
835.0	0.001980895508521413
836.0	0.0018454414265584172
837.0	0.002919898403196203
838.0	0.0018722163589174824
839.0	0.0029851811034427513
840.0	0.0017317231745159656
841.0	0.00246780818294079
842.0	0.002651622606215463
843.0	0.0023307746808102947
844.0	0.0028276151391380924
845.0	0.00309792161919098
846.0	0.0022714336088120947
847.0	0.002439453830414225
848.0	0.0016060464554931157
849.0	0.0021765179778085596
850.0	0.0009761586506952498
851.0	0.002176894030229332
852.0	-1.6694950634569584e-05
853.0	-0.0006480117546313101
854.0	0.0010612217082744133
855.0	0.0018547675265935645
856.0	-0.0017024627424839793
857.0	0.0008521365623236016
858.0	0.0019907480819457844
859.0	0.0004100493364608297
860.0	0.00010168635142545745
861.0	0.0016128906095511136
862.0	0.0008137040049205181
863.0	0.0017568434762238292
864.0	-0.00024277766600430423
865.0	0.0010721272284768867
866.0	0.00044885794628468905
867.0	0.0011543322876583018
868.0	0.00014763995724403813
869.0	0.0011106349963643696
870.0	-0.0008402497521314842
871.0	0.001233754558926021
872.0	0.0004557773108269129
873.0	0.0025136113677910956
874.0	3.993854393415704e-05
875.0	0.0010719768075086117
876.0	0.002783090532518386
877.0	0.0003264904885645894
878.0	0.0010355749331776758
879.0	0.0012014892612234327
880.0	0.0013452164964436472
881.0	0.00028700498438323074
882.0	0.0006752415035911489
883.0	0.0011081530503872202
884.0	0.0023802631793843
885.0	0.0006629821946738538
886.0	-5.234472012395717e-05
887.0	-0.0020816740035933
888.0	0.0004990985497002427
889.0	-0.0006321423424747183
890.0	-0.0005342935025890319
891.0	9.002872638143571e-05
892.0	0.0007382678893130485
893.0	-0.001180125930027719
894.0	-0.001356344094402846
895.0	-0.0009059837152828572
896.0	0.0004575071519625105
897.0	-0.001805726737228786
898.0	-0.001943963607105656
899.0	-0.0007636854792616903
900.0	-0.0019238824078363138
901.0	-0.002333553915028396
902.0	-0.0014977398046141896
903.0	-0.0007983575124571986
904.0	-0.002180425369288808
905.0	-0.0022633073228275507
906.0	-0.0018421286115597219
907.0	-0.00205730580672716
908.0	-0.0025504609513312564
909.0	-0.002034667450996444
910.0	-0.0033589736559971766
911.0	-0.002240368125160285
912.0	-0.001292490393355349
913.0	-0.0027094559148349664
914.0	-0.001610931583267417
915.0	-0.0017999355299488898
916.0	-0.0017933922178274418
917.0	-0.0014739732916211478
918.0	-0.002541134851296111
919.0	-0.0030847562307682636
920.0	-0.00232227234240515
921.0	-0.0037806036301700034
922.0	-0.004598968908260118
923.0	-0.0017047190570086278
924.0	-0.004709077057063098
925.0	-0.00184807023980807
926.0	-0.0036383053941488365
927.0	-0.0021380066562254768
928.0	-0.005652366949334686
929.0	-0.005052112075293807
930.0	-0.0035181190404691615
931.0	-0.003998939665671913
932.0	-0.0036147645126082956
933.0	-0.004498863753849959
934.0	-0.0054709592615529365
935.0	-0.005451028483251869
936.0	-0.0044509546754432795
937.0	-0.006161015453674779
938.0	-0.004687942911015482
939.0	-0.005365213320830979
940.0	-0.00702638728436175
941.0	-0.006605960677935471
942.0	-0.006629802401412737
943.0	-0.007865510656078881
944.0	-0.008017811886492693
945.0	-0.007815119631695051
946.0	-0.008050077184195105
947.0	-0.007580613342099822
948.0	-0.007200725186633002
949.0	-0.0077719488137899945
950.0	-0.008650482479204259
951.0	-0.009114079903535419
952.0	-0.010099412456449741
953.0	-0.00942921183214474
954.0	-0.009532776668826098
955.0	-0.009649127287813974
956.0	-0.008976444717531826
957.0	-0.007719527106334015
958.0	-0.008817825806449065
959.0	-0.007838209250330592
960.0	-0.008298271781906503
961.0	-0.007800980060673882
962.0	-0.008962305146510656
963.0	-0.00795313087011942
964.0	-0.009655670599935422
965.0	-0.00862543738798062
966.0	-0.008877618141352265
967.0	-0.00675653206721386
968.0	-0.008375061686228797
969.0	-0.007272175146580224
970.0	-0.006868971741025539
971.0	-0.008595052352382082
972.0	-0.005122358667494654
973.0	-0.007458020252927222
974.0	-0.006086933126782134
975.0	-0.005824072484660516
976.0	-0.005880856400197518
977.0	-0.00862190249522537
978.0	-0.006257660925813913
979.0	-0.005912520014026656
980.0	-0.005681247775250125
981.0	-0.00475172140157893
982.0	-0.0062168968434019554
983.0	-0.006119123214000495
984.0	-0.006248184404810318
985.0	-0.006043235835488027
986.0	-0.006150862038313857
987.0	-0.00654609313254822
988.0	-0.005556097529616326
989.0	-0.005575050571623344
990.0	-0.004837160511579045
991.0	-0.005945236574634067
992.0	-0.006529622036518178
993.0	-0.007039173066668094
994.0	-0.005468402105091561
995.0	-0.006442829137803413
996.0	-0.008275257373755012
997.0	-0.008134688978869445
998.0	-0.006148304881852484
999.0	-0.005912520014026656
1000.0	-0.006423048780470621
1001.0	-0.006226674206342101
1002.0	-0.006049553516157149
1003.0	-0.006493445793639743
1004.0	-0.006447266556368486
1005.0	-0.007240511532751086
1006.0	-0.006372582545602742
1007.0	-0.004903420948119469
1008.0	-0.005926358743111275
1009.0	-0.0065494776043351945
1010.0	-0.007051357165101338
1011.0	-0.005961858091632384
1012.0	-0.005984421236878876
1013.0	-0.007325424169361976
1014.0	-0.005105060256139011
1015.0	-0.005070839485848499
1016.0	-0.006745852178463714
1017.0	-0.00518004510884148
1018.0	-0.00660911951827012
1019.0	-0.005717950491517784
1020.0	-0.0053872499926884195
1021.0	-0.005995326757081346
1022.0	-0.00441274774949252
1023.0	-0.005201179254889096
1024.0	-0.005536016330346984
1025.0	-0.006673950955611668
1026.0	-0.0053145214545106
1027.0	-0.00450931801114743
1028.0	-0.0057190034382960594
1029.0	-0.005049103655927608
1030.0	-0.004369877773524187
1031.0	-0.00661017246504822
1032.0	-0.005993521705461698
1033.0	-0.0049010894231107695
1034.0	-0.004268268409430754
1035.0	-0.006171920973877249
1036.0	-0.00460626432522329
1037.0	-0.006394243165039233
1038.0	-0.0041552270517457995
1039.0	-0.004102880554774046
1040.0	-0.006405900790083253
1041.0	-0.0056489072670634875
1042.0	-0.004271427249765227
1043.0	-0.0042255488544306954
1044.0	-0.0045166886385946525
1045.0	-0.0057918071869579296
1046.0	-0.005968401403753832
1047.0	-0.003724346188022051
1048.0	-0.004548352252423964
1049.0	-0.005349569540126711
1050.0	-0.0032322439901960533
1051.0	-0.005584752724079439
1052.0	-0.003847766592520426
1053.0	-0.003819111398057313
1054.0	-0.00576864235783834
1055.0	-0.004611453848629913
1056.0	-0.006008488591808466
1057.0	-0.0033804838544655683
1058.0	-0.004675909233550686
1059.0	-0.005873034509845297
1060.0	-0.005850696996051305
1061.0	-0.002353033430424463
1062.0	-0.003354385816463829
1063.0	-0.002625821856454502
1064.0	-0.006481712958111497
1065.0	-0.0066988456258668585
1066.0	-0.0034278664594831984
1067.0	-0.005812866122521321
1068.0	-0.0046585356117109945
1069.0	-0.003418841201384601
1070.0	-0.004758339924184602
1071.0	-0.0048366340381898205
1072.0	-0.003986229093849618
1073.0	-0.004406054016402622
1074.0	-0.0045410568354607925
1075.0	-0.0037000532016399617
1076.0	-0.00400773929231801
1077.0	-0.004833700829307846
1078.0	-0.004247660736772362
1079.0	-0.005497734193912
1080.0	-0.0038949235660855567
1081.0	-0.006780749843111725
1082.0	-0.00442470621647309
1083.0	-0.0023851483071585995
1084.0	-0.0041847847720187376
1085.0	-0.004477278344897518
1086.0	-0.0044284667406808385
1087.0	-0.005972011506993306
1088.0	-0.004904173052961019
1089.0	-0.005276314528559841
1090.0	-0.006293536326755798
1091.0	-0.004888153219835975
1092.0	-0.004432603317309361
1093.0	-0.004410341013999595
1094.0	-0.006893490358859954
1095.0	-0.0031738054440076766
1096.0	-0.005690799506737947
1097.0	-0.005141462130469945
1098.0	-0.004239387583515315
1099.0	-0.0050970879448185135
1100.0	-0.004117772230636765
1101.0	-0.005432150651728902
1102.0	-0.005456218006658492
1103.0	-0.00317741554724715
1104.0	-0.004298503024061016
1105.0	-0.00508121853266192
1106.0	-0.0050449670792990856
1107.0	-0.0022075763540688226
1108.0	-0.0048066250550120575
1109.0	-0.002747813261754001
1110.0	-0.005241717705848555
1111.0	-0.002975475397291058
1112.0	-0.0024580272663048707
1113.0	-0.0036969695717897124
1114.0	-0.0032284834659883047
1115.0	-0.003551662916402172
1116.0	-0.0023792818893946526
1117.0	-0.0027521754698348493
1118.0	-0.0036510911764551807
1119.0	-0.0020106753065510783
1120.0	-0.0022119385621498463
1121.0	-0.0013790576606176126
1122.0	-0.0045992697501968435
1123.0	-0.0009526142154589372
1124.0	-0.001212391227730304
1125.0	-0.002601904922493362
1126.0	-0.0005264716122369882
1127.0	-0.0009463717452740392
1128.0	-0.001167716200142149
1129.0	-0.001509096587721658
1130.0	0.0003367191144097335
1131.0	-0.0031368770962875163
1132.0	-0.0019627662281443974
1133.0	-0.00020772958038819348
1134.0	-0.0015265454200455758
1135.0	3.143975922461056e-05
1136.0	4.836211815947757e-05
1137.0	-0.0017348032506706167
1138.0	-0.0008869554627916132
1139.0	-8.572218345799e-06
1140.0	-0.001095514135353377
1141.0	-0.0005861135261717382
1142.0	-0.0016192799470086884
1143.0	0.00026226073509631655
1144.0	-0.0007612787437687668
1145.0	-0.0006022085697810044
1146.0	-0.0015413618854240693
1147.0	-0.0014369697334169385
1148.0	-0.0007549610630996429
1149.0	-0.0002366104063036287
1150.0	0.0010780688567252348
1151.0	0.00027121078271068796
1152.0	-0.0004132046230995315
1153.0	-0.0003334815098952658
1154.0	-0.002454116321128847
1155.0	-0.00015229945356601358
1156.0	-0.002506613239068876
1157.0	-0.000940580537994143
1158.0	-0.00020577410780009148
1159.0	3.1740601161333974e-05
1160.0	0.000787079493529551
1161.0	0.00013650880558906727
1162.0	-0.0007639863211982402
1163.0	0.000476610614937977
1164.0	0.0003629675733797478
1165.0	-0.0002462373482755029
1166.0	0.0007662461894186604
1167.0	0.0002493997423057446
1168.0	-0.00011130973970155823
1169.0	-0.00011085847679655637
1170.0	0.000786778651593001
1171.0	-2.6547524058767764e-05
1172.0	5.4604588344375586e-05
1173.0	-0.0013293435305912833
1174.0	-0.00020494679247449413
1175.0	0.0006362824727988376
1176.0	0.0002554165810381417
1177.0	-0.00029444726861890553
1178.0	0.0012579723348238843
1179.0	6.17495843390969e-05
1180.0	0.00016899973474415308
1181.0	-0.00012702873088987505
1182.0	-0.0002915892702209837
1183.0	0.00028542556421590464
1184.0	-0.0011626770977038012
1185.0	0.0020342949522714417
1186.0	-0.000256465974120647
1187.0	0.0008719921301406164
1188.0	0.001656211848424447
1189.0	0.0020609946741464544
1190.0	0.0004035812348234342
1191.0	-0.0006139414053090752
1192.0	-0.00011837952521205359
1193.0	-0.0005924312068408587
1194.0	-0.00010371348080183505
1195.0	0.0011467360287587556
1196.0	0.0018310762240847486
1197.0	0.000806107746020795
1198.0	0.0012187876725790756
1199.0	0.0016393646999738024
1200.0	0.0014956374647535878
1201.0	0.0012463899202640885
1202.0	0.0011058967358625717
1203.0	0.0014630713251144495
1204.0	0.0006545586204485332
1205.0	0.001710889870405075
1206.0	0.001685769568697385
1207.0	0.0012685018026055818
1208.0	0.0010235412557128816
1209.0	0.0029878886808724016
1210.0	0.0013031738358010901
1211.0	0.001822803070827703
1212.0	0.0006166525364344954
1213.0	0.0027119414145077123
1214.0	0.00300105051559952
1215.0	0.0027525550759513987
1216.0	0.0021690721398771114
1217.0	0.0007896366499909263
1218.0	0.0019243372244369121
1219.0	0.002591980692280536
1220.0	0.0005599438313815428
1221.0	0.001707054135713274
1222.0	0.0015530982746479118
1223.0	0.0029038785700711595
1224.0	0.0026921610571749234
1225.0	0.00256407760265915
1226.0	0.003114768767641798
1227.0	0.0020849868185919937
1228.0	0.0028846246861275915
1229.0	0.0019435158978964276
1230.0	0.002594086585836913
1231.0	0.0027372873476679033
1232.0	0.0020782178750180483
1233.0	0.0027918901591644824
1234.0	0.0012961040502904178
1235.0	0.002348674776039211
1236.0	0.002355218088160659
1237.0	0.001363191802156616
1238.0	0.0021694481922978873
1239.0	0.001380490213512259
1240.0	0.0021451552059159715
1241.0	0.00023315427772820346
1242.0	0.001721795390607545
1243.0	0.0025784428051326418
1244.0	0.00020931255425111258
1245.0	0.0022002844908014245
1246.0	0.0012289410879399972
1247.0	0.0033151294974305676
1248.0	0.00201323601670805
1249.0	0.0016420722774032758
1250.0	0.0016993826663293282
1251.0	0.002036476056312041
1252.0	0.0019132060727819413
1253.0	0.0027214931459953605
1254.0	0.0022032176996835723
1255.0	0.0043118940439364085
1256.0	0.0018785340395866064
1257.0	0.0012705324856777294
1258.0	0.0011777227482305678
1259.0	0.0036175508542177688
1260.0	0.0005641556184942933
1261.0	0.003607848701761672
1262.0	0.0012054002063996297
1263.0	0.0016774964154403359
1264.0	0.0011738118030545442
1265.0	0.0013816183707745832
1266.0	0.00260040426650586
1267.0	0.0024499832981959226
1268.0	0.0010291068315402769
1269.0	0.001632144493494855
1270.0	0.0011127408899205696
1271.0	-4.896024833698099e-05
1272.0	0.0018734949371480816
1273.0	0.0014508872266813804
1274.0	0.002678171907122204
1275.0	0.002237588890942357
1276.0	0.002106722648512711
1277.0	0.0023101670081519016
1278.0	0.002081752767773296
1279.0	0.0008709391833623412
1280.0	0.0012368381887762668
1281.0	0.0004243393284502758
1282.0	0.0010680658623325881
1283.0	-0.0005159421444552907
1284.0	0.0013140041455193376
1285.0	-0.0005604667510749973
1286.0	0.0024960873249829517
1287.0	0.0022639877708808234
1288.0	0.00035822931287794995
1289.0	0.0023787589697012
1290.0	0.002247516674850778
1291.0	0.0018064823957661094
1292.0	0.0013976382038996269
1293.0	0.0022757958168931167
1294.0	0.002498569270960101
1295.0	0.0020315121643577423
1296.0	0.0006559876196475809
1297.0	0.0011762185385474676
1298.0	0.0018431851120337688
1299.0	0.004018272313795481
1300.0	0.002286400495158863
1301.0	0.0008328826783800336
1302.0	0.0018152820224122059
1303.0	0.002434640359428378
1304.0	0.001596344303037019
1305.0	0.0016880258832220334
1306.0	0.0014643499033450487
1307.0	0.001392674311945505
1308.0	0.0018642440475971603
1309.0	0.002617477046409179
1310.0	0.0019032782888735206
1311.0	0.002211340431972343
1312.0	0.0013254361391108584
1313.0	0.0026334968795340458
1314.0	0.001880339091206253
1315.0	0.0014224576636707666
1316.0	0.0008828976503430898
1317.0	0.0007026181198236609
1318.0	0.0019978930779405058
1319.0	0.0004159157542247783
1320.0	0.002447350931250498
1321.0	0.003756464618451963
1322.0	0.00152632334228885
1323.0	0.0035371508466560037
1324.0	0.0026914089523333716
1325.0	0.0019171922284421908
1326.0	0.0016958477735740806
1327.0	0.0014257669249736903
1328.0	0.001149594027156504
1329.0	0.0002105911324817118
1330.0	0.0014382518653433094
1331.0	0.0015846114675089518
1332.0	0.0013840251062676836
1333.0	0.0016171776071480866
1334.0	0.0012457130259065892
1335.0	0.0028970344160131616
1336.0	0.0029445674419990684
1337.0	0.00048225140124960163
1338.0	0.0018075353425442077
1339.0	0.000323933332103391
1340.0	0.0010834088011001325
1341.0	-0.00013522667366269812
1342.0	0.001649518115334724
1343.0	0.0007773773410736312
1344.0	0.002805653677764874
1345.0	0.0002808377246825587
1346.0	-0.0011663624114273238
1347.0	0.0005050401779484173
1348.0	-0.0010820514586897092
1349.0	-0.0005809240027651154
1350.0	-0.00022480236029133547
1351.0	0.0005245196933446597
1352.0	-0.0004475758143583199
1353.0	-0.0009427616420347425
1354.0	-0.0010369251681967258
1355.0	0.00069178781010524
1356.0	-0.0011110074950893734
1357.0	-0.0012595482012954348
1358.0	-0.001284442871550624
1359.0	8.822367476161216e-05
1360.0	-0.002625144962097176
1361.0	-0.0011468076855470325
1362.0	-0.0011522980508903787
1363.0	-0.0023437825408733665
1364.0	-0.002321896289984376
1365.0	-0.0031106286373175037
1366.0	-0.0011877221889274388
1367.0	-0.00036898085841637496
1368.0	-0.0009478759549571393
1369.0	-0.0016617738705562474
1370.0	-0.0021283797142536043
1371.0	-0.0009770576228093015
1372.0	-0.0033505500817718544
1373.0	-0.0021635782208381652
1374.0	-0.0004728465370344584
1375.0	-0.0030630204008473727
1376.0	-0.003261350447563991
1377.0	-0.002697271816401722
1378.0	-0.0034337328772473205
1379.0	-0.0016538015592357483
1380.0	-0.002673279671956356
1381.0	-0.0021856901031796568
1382.0	-0.0014656249278800532
1383.0	-0.003653798753884656
1384.0	-0.0035474511292895986
1385.0	-0.005174028270109083
1386.0	-0.0033743165947648945
1387.0	-0.0037347252348354718
1388.0	-0.003235478041014751
1389.0	-0.0036572584361558545
1390.0	-0.004342350736323398
1391.0	-0.0034753994854691034
1392.0	-0.003975323573647148
1393.0	-0.003865892319201668
1394.0	-0.00226248000750195
1395.0	-0.002393722302352372
1396.0	-0.0030782881291308664
1397.0	-0.0015863377549487777
1398.0	-0.0011914827131351874
1399.0	-0.002120858665838109
1400.0	-0.0026032587112080102
1401.0	-0.002537825589993187
1402.0	-0.001997663892792233
1403.0	-0.0014588559843061043
1404.0	-0.003276542965363436
1405.0	-0.0004250878795960542
1406.0	-0.001010902340679039
1407.0	-0.0012531553101422619
1408.0	-0.001328365794297234
1409.0	0.0002703082569008612
1410.0	-0.0006642572192088548
1411.0	-0.0014802909722902717
1412.0	-0.0005213572993144145
1413.0	7.385847228811703e-05
1414.0	0.0010361014065667267
1415.0	0.0014242627152905901
1416.0	0.00011830786842360105
1417.0	0.001013613471804461
1418.0	0.002325434736435397
1419.0	0.00188244498476263
1420.0	0.0012831678470158004
1421.0	0.0026714781740323043
1422.0	0.002639588928750669
1423.0	0.0033975601880644837
1424.0	0.002135227422007374
1425.0	0.0017453362721480859
1426.0	0.0025662587066995726
1427.0	0.002998042096233323
1428.0	0.0040045840056791345
1429.0	0.002145681679305019
1430.0	0.004121611519024336
1431.0	0.0047460841689630825
1432.0	0.005822947881093967
1433.0	0.004124168675485538
1434.0	0.0036451531019026082
1435.0	0.0037663171918763346
1436.0	0.004683433835661959
1437.0	0.003750146937783016
1438.0	0.0033857521420521904
1439.0	0.003955245928073581
1440.0	0.005657710447405359
1441.0	0.005101604127563586
1442.0	0.004268121542158254
1443.0	0.00629414156432485
1444.0	0.004623716711242983
1445.0	0.004673656472721813
1446.0	0.006124466712071168
1447.0	0.00511664622439458
1448.0	0.0029217786653000792
1449.0	0.004926514120450783
1450.0	0.00613792938873484
1451.0	0.0054749489709087825
1452.0	0.0065859582428461315
1453.0	0.005677866857158927
1454.0	0.007440800605751405
1455.0	0.006850924778523948
1456.0	0.005664780232916031
1457.0	0.0060222556641046365
1458.0	0.0077957940909628605
1459.0	0.0030641521118054686
1460.0	0.006544818108013221
1461.0	0.0036240941663392167
1462.0	0.0058129448867013205
1463.0	0.0066728263520451185
1464.0	0.007379504061165106
1465.0	0.007225247358163368
1466.0	0.004645151699227147
1467.0	0.005621910256947698
1468.0	0.00555662755670115
1469.0	0.004781282675547642
1470.0	0.006202760826076563
1471.0	0.006607769283251071
1472.0	0.006736755263576845
1473.0	0.005572797810794469
1474.0	0.007400562996728498
1475.0	0.006277520047326533
1476.0	0.005044368949121586
1477.0	0.006733521212758144
1478.0	0.0072741341728641
1479.0	0.007436438397670383
1480.0	0.00776074600534675
1481.0	0.006648157313242253
1482.0	0.005911244989491832
1483.0	0.006636048425293233
1484.0	0.00707783480921963
1485.0	0.006680949084333716
1486.0	0.00820757149171132
1487.0	0.007274359804316424
1488.0	0.007303165419747813
1489.0	0.0072053165798623
1490.0	0.008107691968753484
1491.0	0.009055193648137823
1492.0	0.006631009322854885
1493.0	0.00822231274660576
1494.0	0.0073573169683393905
1495.0	0.007160566341790096
1496.0	0.007323472250469653
1497.0	0.005516766000099016
1498.0	0.006623563484923614
1499.0	0.007302338104422212
1500.0	0.0070307530461385485
1501.0	0.007089492434263649
1502.0	0.007199600583066453
1503.0	0.008594679853656908
1504.0	0.0077239680785948645
1505.0	0.009170040057442425
1506.0	0.007652217276711094
1507.0	0.009602349920365223
1508.0	0.006727278742573249
1509.0	0.008430796208683302
1510.0	0.008942302711421319
1511.0	0.009147100859775157
1512.0	0.008151464470531817
1513.0	0.008560985556755623
1514.0	0.00811588991152648
1515.0	0.007960956314167243
1516.0	0.008212460173181392
1517.0	0.007750066116596604
1518.0	0.00764988575170222
1519.0	0.008345131467230862
1520.0	0.007911919078498239
1521.0	0.008484346073401606
1522.0	0.008243822945073977
1523.0	0.007069486445478359
1524.0	0.008319259060681447
1525.0	0.007561062169915304
1526.0	0.006512928862731585
1527.0	0.008011648180487621
1528.0	0.005634244776349044
1529.0	0.00687138203021424
1530.0	0.0070542939276790895
1531.0	0.005761049652634392
1532.0	0.007598291359572015
1533.0	0.008594303801236136
1534.0	0.0057785736954425355
1535.0	0.006601752444518674
1536.0	0.007885520198559773
1537.0	0.007016237422696605
1538.0	0.006252399745618843
1539.0	0.007226826778330517
1540.0	0.006996156223427263
1541.0	0.005295195913778408
1542.0	0.007891160984871397
1543.0	0.007323472250469653
1544.0	0.005966675116314008
1545.0	0.005442006778849049
1546.0	0.005906957991895032
1547.0	0.007451781336438101
1548.0	0.0060882152587085105
1549.0	0.005762328230864991
1550.0	0.0068404705212264764
1551.0	0.005944788865425019
1552.0	0.008256759148348771
1553.0	0.006058206275530571
1554.0	0.006812868273541637
1555.0	0.006106641827326478
1556.0	0.004875822254130404
1557.0	0.0070774587567988545
1558.0	0.007448246443682853
1559.0	0.006899285119835626
1560.0	0.004397257943452299
1561.0	0.004893346296938548
1562.0	0.006728933373224621
1563.0	0.007555722225540233
1564.0	0.008673274809598853
1565.0	0.006400037926014908
1566.0	0.007820839182186498
1567.0	0.007926058649519233
1568.0	0.006606941967925297
1569.0	0.005429747469931754
1570.0	0.00617305268483535
1571.0	0.0083092560662888
1572.0	0.007028045468708898
1573.0	0.007674178738084309
1574.0	0.006818283428400761
1575.0	0.00887032627808487
1576.0	0.005040307582977287
1577.0	0.005908612622546407
1578.0	0.006948698407925408
1579.0	0.00701337942429868
1580.0	0.006889883809316256
1581.0	0.0058082818366837485
1582.0	0.00657640651135831
1583.0	0.007008866795249383
1584.0	0.007007889058955507
1585.0	0.008346710887398011
1586.0	0.007582045894994473
1587.0	0.0073150486762443324
1588.0	0.006493900610240345
1589.0	0.006383491619500813
1590.0	0.005362358876128829
1591.0	0.007006760901693183
1592.0	0.006819486796147311
1593.0	0.0060286485552578095
1594.0	0.008719905309774933
1595.0	0.0066198029607158655
1596.0	0.007309407889932708
1597.0	0.00538612538912187
1598.0	0.00539041238671867
1599.0	0.006351903216155728
1600.0	0.005495481433083127
1601.0	0.0061815514695447195
1602.0	0.007057302347045286
1603.0	0.008019770912776392
1604.0	0.006010673249544667
1605.0	0.00717387859748549
1606.0	0.00572246667426286
1607.0	0.007576329898198626
1608.0	0.007198773267740679
1609.0	0.00446773016710547
1610.0	0.007239010876763589
1611.0	0.008531954309871735
1612.0	0.006663575462494024
1613.0	0.0068467129914113745
1614.0	0.006910566692458871
1615.0	0.006547224843506321
1616.0	0.007180346699122712
1617.0	0.007468327642952195
1618.0	0.0062892528828547775
1619.0	0.008064897203269375
1620.0	0.006237056806851122
1621.0	0.006846412149474648
1622.0	0.008072418251684872
1623.0	0.007296697318110588
1624.0	0.008210880753014243
1625.0	0.006729234215161348
1626.0	0.006042637705310529
1627.0	0.008660338606324232
1628.0	0.006556024470152418
1629.0	0.006621457591367241
1630.0	0.00813085679787325
1631.0	0.008033985694281612
1632.0	0.008119500014765954
1633.0	0.007337611821490824
1634.0	0.006705693333620807
1635.0	0.009404245505101104
1636.0	0.0068718332931190645
1637.0	0.007410565991121144
1638.0	0.0067685692983742544
1639.0	0.007109949685953767
1640.0	0.0074039474685154705
1641.0	0.007859873423462858
1642.0	0.005763305967159044
1643.0	0.007995252294941805
1644.0	0.005122211800221979
1645.0	0.005915832829025355
1646.0	0.007059633872053987
1647.0	0.005787749374509408
1648.0	0.006531656273286102
1649.0	0.005349422672854211
1650.0	0.0073613783344838625
1651.0	0.0075987426224768395
1652.0	0.007936588117300927
1653.0	0.0072620252849150795
1654.0	0.007448321654166902
1655.0	0.009300680668419747
1656.0	0.007593628309554269
1657.0	0.008369048401192002
1658.0	0.008582947018128841
1659.0	0.008318657376808173
1660.0	0.007624615029026255
1661.0	0.00872659904286483
1662.0	0.0068761955012000865
1663.0	0.009133337341174939
1664.0	0.008884315428137767
1665.0	0.0081318345341673
1666.0	0.008654848240980886
1667.0	0.010489683212425582
1668.0	0.009239609755285769


