0.000000	47.617190
1.000000	47.619023
2.000000	47.694233
3.000000	47.694212
4.000000	47.642954
5.000000	47.736048
6.000000	47.616222
7.000000	47.643212
8.000000	47.641659
9.000000	47.687318
10.000000	47.664130
11.000000	47.658872
12.000000	47.686454
13.000000	47.701059
14.000000	47.750240
15.000000	47.784279
16.000000	47.726267
17.000000	47.694983
18.000000	47.805057
19.000000	47.725825
20.000000	47.717691
21.000000	47.682903
22.000000	47.826861
23.000000	47.737507
24.000000	47.753551
25.000000	47.677892
26.000000	47.648108
27.000000	47.681231
28.000000	47.731496
29.000000	47.611143
30.000000	47.676619
31.000000	47.729100
32.000000	47.722375
33.000000	47.771912
34.000000	47.701543
35.000000	47.724473
36.000000	47.694205
37.000000	47.660149
38.000000	47.676540
39.000000	47.596545
40.000000	47.663570
41.000000	47.661659
42.000000	47.680959
43.000000	47.671669
44.000000	47.651228
45.000000	47.629367
46.000000	47.705657
47.000000	47.494071
48.000000	47.723806
49.000000	47.643223
50.000000	47.667509
51.000000	47.613883
52.000000	47.577657
53.000000	47.604425
54.000000	47.620519
55.000000	47.538536
56.000000	47.530983
57.000000	47.606519
58.000000	47.604884
59.000000	47.570344
60.000000	47.558123
61.000000	47.562004
62.000000	47.599669
63.000000	47.492558
64.000000	47.479391
65.000000	47.524412
66.000000	47.496403
67.000000	47.547008
68.000000	47.482246
69.000000	47.541370
70.000000	47.509563
71.000000	47.498519
72.000000	47.426888
73.000000	47.471335
74.000000	47.407229
75.000000	47.420349
76.000000	47.397405
77.000000	47.414492
78.000000	47.410834
79.000000	47.407469
80.000000	47.442741
81.000000	47.408890
82.000000	47.403345
83.000000	47.429922
84.000000	47.465901
85.000000	47.442408
86.000000	47.424123
87.000000	47.415098
88.000000	47.364923
89.000000	47.394546
90.000000	47.482508
91.000000	47.434700
92.000000	47.315720
93.000000	47.429044
94.000000	47.424693
95.000000	47.438444
96.000000	47.415697
97.000000	47.432745
98.000000	47.392305
99.000000	47.412071
100.000000	47.384830
101.000000	47.323410
102.000000	47.346319
103.000000	47.356824
104.000000	47.391939
105.000000	47.289024
106.000000	47.223699
107.000000	47.238569
108.000000	47.281356
109.000000	47.243300
110.000000	47.107778
111.000000	47.129231
112.000000	47.198710
113.000000	47.179287
114.000000	47.118865
115.000000	46.986482
116.000000	47.013099
117.000000	46.966500
118.000000	46.982407
119.000000	47.005463
120.000000	46.828062
121.000000	46.938688
122.000000	46.861257
123.000000	46.903011
124.000000	46.856602
125.000000	46.736492
126.000000	46.808528
127.000000	46.802187
128.000000	46.728422
129.000000	46.737407
130.000000	46.790110
131.000000	46.779128
132.000000	46.753084
133.000000	46.697554
134.000000	46.817158
135.000000	46.762058
136.000000	46.771212
137.000000	46.773690
138.000000	46.789293
139.000000	46.757335
140.000000	46.800164
141.000000	46.757779
142.000000	46.748386
143.000000	46.796100
144.000000	46.781179
145.000000	46.823356
146.000000	46.819016
147.000000	46.796018
148.000000	46.714882
149.000000	46.786868
150.000000	46.697805
151.000000	46.780896
152.000000	46.738354
153.000000	46.756893
154.000000	46.780796
155.000000	46.726252
156.000000	46.725753
157.000000	46.766696
158.000000	46.769644
159.000000	46.812452
160.000000	46.723616
161.000000	46.712608
162.000000	46.775979
163.000000	46.715614
164.000000	46.702038
165.000000	46.742625
166.000000	46.751653
167.000000	46.811480
168.000000	46.673207
169.000000	46.716736
170.000000	46.725266
171.000000	46.762058
172.000000	46.691195
173.000000	46.731675
174.000000	46.675216
175.000000	46.719193
176.000000	46.730488
177.000000	46.680352
178.000000	46.695148
179.000000	46.653287
180.000000	46.692501
181.000000	46.668545
182.000000	46.646458
183.000000	46.597775
184.000000	46.591010
185.000000	46.637688
186.000000	46.562291
187.000000	46.557449
188.000000	46.503153
189.000000	46.562693
190.000000	46.555469
191.000000	46.555881
192.000000	46.556441
193.000000	46.498501
194.000000	46.492945
195.000000	46.537765
196.000000	46.543443
197.000000	46.487704
198.000000	46.450542
199.000000	46.559644
200.000000	46.492773
201.000000	46.487109
202.000000	46.496072
203.000000	46.558177
204.000000	46.485621
205.000000	46.532169
206.000000	46.512970
207.000000	46.494817
208.000000	46.515495
209.000000	46.587753
210.000000	46.531334
211.000000	46.487973
212.000000	46.558733
213.000000	46.538141
214.000000	46.605823
215.000000	46.571125
216.000000	46.639399
217.000000	46.582538
218.000000	46.680969
219.000000	46.668609
220.000000	46.646583
221.000000	46.677397
222.000000	46.653706
223.000000	46.645937
224.000000	46.591067
225.000000	46.655281
226.000000	46.643072
227.000000	46.631167
228.000000	46.633463
229.000000	46.660403
230.000000	46.637243
231.000000	46.707511
232.000000	46.685015
233.000000	46.736844
234.000000	46.675517
235.000000	46.694671
236.000000	46.725283
237.000000	46.692648
238.000000	46.637670
239.000000	46.647415
240.000000	46.651551
241.000000	46.645245
242.000000	46.629026
243.000000	46.648645
244.000000	46.716575
245.000000	46.638197
246.000000	46.626167
247.000000	46.690133
248.000000	46.661407
249.000000	46.671497
250.000000	46.647369
251.000000	46.691991
252.000000	46.704269
253.000000	46.668842
254.000000	46.654664
255.000000	46.707518
256.000000	46.704025
257.000000	46.738658
258.000000	46.701780
259.000000	46.760871
260.000000	46.708282
261.000000	46.687063
262.000000	46.762969
263.000000	46.745556
264.000000	46.699617
265.000000	46.718071
266.000000	46.841526
267.000000	46.832470
268.000000	46.791416
269.000000	46.740029
270.000000	46.783457
271.000000	46.833227
272.000000	46.758827
273.000000	46.810748
274.000000	46.850472
275.000000	46.830257
276.000000	46.785153
277.000000	46.787657
278.000000	46.806530
279.000000	46.820278
280.000000	46.838793
281.000000	46.734674
282.000000	46.821398
283.000000	46.824489
284.000000	46.841587
285.000000	46.857825
286.000000	46.822025
287.000000	46.801272
288.000000	46.822552
289.000000	46.884011
290.000000	46.814256
291.000000	46.851013
292.000000	46.843137
293.000000	46.819733
294.000000	46.898427
295.000000	47.001284
296.000000	46.923580
297.000000	46.911303
298.000000	46.843255
299.000000	46.871999
300.000000	46.874413
301.000000	46.914987
302.000000	46.899004
303.000000	46.897218
304.000000	46.793141
305.000000	46.867792
306.000000	46.844661
307.000000	46.828288
308.000000	46.833998
309.000000	46.818317
310.000000	46.866773
311.000000	46.914725
312.000000	46.966238
313.000000	46.973971
314.000000	46.972371
315.000000	46.950818
316.000000	46.924326
317.000000	46.991209
318.000000	46.907221
319.000000	46.981302
320.000000	46.942396
321.000000	46.867068
322.000000	46.941288
323.000000	47.013070
324.000000	46.935904
325.000000	46.979279
326.000000	47.104589
327.000000	46.977195
328.000000	47.013081
329.000000	46.977156
330.000000	47.015860
331.000000	47.016158
332.000000	46.986553
333.000000	46.981872
334.000000	47.069572
335.000000	46.975807
336.000000	47.033446
337.000000	47.012370
338.000000	47.049138
339.000000	47.010810
340.000000	47.010462
341.000000	46.999343
342.000000	46.989469
343.000000	47.096185
344.000000	47.023192
345.000000	47.014917
346.000000	47.089948
347.000000	47.084310
348.000000	47.084374
349.000000	47.051294
350.000000	47.101365
351.000000	47.126888
352.000000	47.077850
353.000000	47.171952
354.000000	47.092351
355.000000	47.107315
356.000000	47.057549
357.000000	47.140206
358.000000	47.054303
359.000000	47.077136
360.000000	47.077653
361.000000	47.066035
362.000000	47.145464
363.000000	47.085651
364.000000	46.998737
365.000000	46.945506
366.000000	47.101135
367.000000	47.103520
368.000000	46.981969
369.000000	47.136260
370.000000	47.199294
371.000000	47.188200
372.000000	47.134112
373.000000	47.181776
374.000000	47.137889
375.000000	47.128785
376.000000	47.101702
377.000000	47.151274
378.000000	47.120209
379.000000	47.167368
380.000000	47.169215
381.000000	47.135181
382.000000	47.179172
383.000000	47.200129
384.000000	47.079511
385.000000	47.139072
386.000000	47.227672
387.000000	47.157605
388.000000	47.242119
389.000000	47.253819
390.000000	47.264483
391.000000	47.220577
392.000000	47.257212
393.000000	47.183304
394.000000	47.196008
395.000000	47.274540
396.000000	47.272808
397.000000	47.259425
398.000000	47.169983
399.000000	47.314270
400.000000	47.300045
401.000000	47.341024
402.000000	47.190524
403.000000	47.254852
404.000000	47.252980
405.000000	47.271907
406.000000	47.321727
407.000000	47.265656
408.000000	47.345446
409.000000	47.348524
410.000000	47.395435
411.000000	47.286688
412.000000	47.346386
413.000000	47.346892
414.000000	47.343944
415.000000	47.315121
416.000000	47.359112
417.000000	47.329023
418.000000	47.400768
419.000000	47.360694
420.000000	47.413903
421.000000	47.357936
422.000000	47.339109
423.000000	47.341010
424.000000	47.346544
425.000000	47.314654
426.000000	47.387580
427.000000	47.363567
428.000000	47.414843
429.000000	47.406385
430.000000	47.417407
431.000000	47.384958
432.000000	47.438763
433.000000	47.413003
434.000000	47.374212
435.000000	47.359105
436.000000	47.464146
437.000000	47.420137
438.000000	47.398082
439.000000	47.337688
440.000000	47.472615
441.000000	47.373463
442.000000	47.327957
443.000000	47.427135
444.000000	47.315555
445.000000	47.364521
446.000000	47.257428
447.000000	47.306695
448.000000	47.299992
449.000000	47.392523
450.000000	47.417260
451.000000	47.359571
452.000000	47.368520
453.000000	47.419190
454.000000	47.301426
455.000000	47.316379
456.000000	47.389807
457.000000	47.351393
458.000000	47.342107
459.000000	47.404829
460.000000	47.412228
461.000000	47.452170
462.000000	47.438096
463.000000	47.391167
464.000000	47.418240
465.000000	47.395112
466.000000	47.461894
467.000000	47.515993
468.000000	47.549593
469.000000	47.550469
470.000000	47.603248
471.000000	47.572983
472.000000	47.675775
473.000000	47.629391
474.000000	47.593918
475.000000	47.662224
476.000000	47.621884
477.000000	47.715681
478.000000	47.703508
479.000000	47.713414
480.000000	47.699304
481.000000	47.673759
482.000000	47.737517
483.000000	47.608118
484.000000	47.654696
485.000000	47.633272
486.000000	47.669082
487.000000	47.730939
488.000000	47.779927
489.000000	47.808119
490.000000	47.800902
491.000000	47.832068
492.000000	47.860216
493.000000	47.809966
494.000000	47.830274
495.000000	47.827312
496.000000	47.856389
497.000000	47.874983
498.000000	47.877777
499.000000	47.874915
500.000000	47.812541
501.000000	47.785878
502.000000	47.782162
503.000000	47.834654
504.000000	47.807258
505.000000	47.829015
506.000000	47.852846
507.000000	47.842466
508.000000	47.947145
509.000000	47.954670
510.000000	47.936112
511.000000	47.992435
512.000000	48.005824
513.000000	47.976198
514.000000	48.000537
515.000000	48.023019
516.000000	47.889947
517.000000	48.004131
518.000000	48.045325
519.000000	48.080705
520.000000	47.960724
521.000000	47.972148
522.000000	47.999350
523.000000	47.998554
524.000000	47.969178
525.000000	47.972195
526.000000	47.958013
527.000000	48.015071
528.000000	48.032918
529.000000	48.033331
530.000000	48.087616
531.000000	48.075676
532.000000	47.903717
533.000000	47.984924
534.000000	47.953770
535.000000	47.963683
536.000000	47.946912
537.000000	47.991936
538.000000	47.967575
539.000000	47.940606
540.000000	47.970857
541.000000	47.863520
542.000000	47.899004
543.000000	47.883039
544.000000	47.850041
545.000000	47.854230
546.000000	47.849331
547.000000	47.966632
548.000000	47.904671
549.000000	47.824378
550.000000	47.997295
551.000000	47.915538
552.000000	47.852674
553.000000	47.921363
554.000000	47.949143
555.000000	47.930567
556.000000	47.872569
557.000000	47.916105
558.000000	47.856497
559.000000	47.822853
560.000000	47.797118
561.000000	47.729637
562.000000	47.718314
563.000000	47.725434
564.000000	47.638071
565.000000	47.743970
566.000000	47.773500
567.000000	47.749770
568.000000	47.772736
569.000000	47.780931
570.000000	47.845676
571.000000	47.764056
572.000000	47.819944
573.000000	47.768790
574.000000	47.728213
575.000000	47.726693
576.000000	47.684764
577.000000	47.744440
578.000000	47.748547
579.000000	47.685829
580.000000	47.622458
581.000000	47.573524
582.000000	47.617623
583.000000	47.648462
584.000000	47.574815
585.000000	47.601203
586.000000	47.616748
587.000000	47.668024
588.000000	47.723167
589.000000	47.635582
590.000000	47.711678
591.000000	47.817186
592.000000	47.654893
593.000000	47.681894
594.000000	47.704530
595.000000	47.641888
596.000000	47.648652
597.000000	47.723411
598.000000	47.705829
599.000000	47.669079
600.000000	47.604176
601.000000	47.637566
602.000000	47.641446
603.000000	47.774421
604.000000	47.690703
605.000000	47.707378
606.000000	47.716499
607.000000	47.811369
608.000000	47.778489
609.000000	47.801806
610.000000	47.765028
611.000000	47.860202
612.000000	47.807025
613.000000	47.829026
614.000000	47.839295
615.000000	47.808097
616.000000	47.821401
617.000000	47.866350
618.000000	47.801006
619.000000	47.917977
620.000000	47.803876
621.000000	47.848273
622.000000	47.760060
623.000000	47.834998
624.000000	47.801390
625.000000	47.868810
626.000000	47.954724
627.000000	47.982195
628.000000	47.968013
629.000000	47.947177
630.000000	47.924756
631.000000	48.008191
632.000000	47.961467
633.000000	47.977162
634.000000	48.000089
635.000000	47.961126
636.000000	48.003270
637.000000	48.053087
638.000000	48.007169
639.000000	47.971965
640.000000	47.840249
641.000000	47.992897
642.000000	47.932142
643.000000	47.924692
644.000000	47.977661
645.000000	47.923530
646.000000	48.041742
647.000000	48.073703
648.000000	48.021362
649.000000	48.080837
650.000000	48.070056
651.000000	48.057401
652.000000	48.046681
653.000000	48.026789
654.000000	48.012406
655.000000	48.104973
656.000000	47.995792
657.000000	47.989422
658.000000	47.997983
659.000000	47.914943
660.000000	48.022556
661.000000	47.996520
662.000000	48.019009
663.000000	48.042531
664.000000	48.060676
665.000000	48.095737
666.000000	48.112939
667.000000	48.103832
668.000000	48.117254
669.000000	48.030253
670.000000	48.151665
671.000000	48.074654
672.000000	48.098136
673.000000	48.149183
674.000000	48.035824
675.000000	48.086375
676.000000	48.142178
677.000000	48.043115
678.000000	47.954853
679.000000	48.102458
680.000000	48.000828
681.000000	48.022391
682.000000	48.096612
683.000000	48.143283
684.000000	48.131722
685.000000	48.179240
686.000000	48.156826
687.000000	48.178300
688.000000	48.046049
689.000000	48.145388
690.000000	48.185509
691.000000	48.077150
692.000000	48.118620
693.000000	48.117013
694.000000	48.123355
695.000000	48.180757
696.000000	48.107465
697.000000	48.003826
698.000000	48.051006
699.000000	48.045515
700.000000	48.037513
701.000000	47.999587
702.000000	48.108477
703.000000	48.059840
704.000000	48.187565
705.000000	48.187389
706.000000	48.187152
707.000000	48.165703
708.000000	48.176586
709.000000	48.091798
710.000000	48.087261
711.000000	48.156952
712.000000	48.178791
713.000000	48.143781
714.000000	48.154821
715.000000	48.021954
716.000000	48.097476
717.000000	47.987101
718.000000	48.058316
719.000000	48.044464
720.000000	48.013234
721.000000	48.054048
722.000000	48.009522
723.000000	48.041731
724.000000	47.993338
725.000000	48.033187
726.000000	47.932288
727.000000	48.059464
728.000000	48.107182
729.000000	48.053438
730.000000	48.051648
731.000000	48.106794
732.000000	48.032122
733.000000	48.045820
734.000000	48.046673
735.000000	48.023973
736.000000	47.952668
737.000000	48.062423
738.000000	47.966664
739.000000	48.092659
740.000000	48.056874
741.000000	48.025092
742.000000	47.970763
743.000000	48.111220
744.000000	48.045938
745.000000	48.120428
746.000000	48.122497
747.000000	48.095381
748.000000	47.982144
749.000000	48.037997
750.000000	48.073212
751.000000	47.947008
752.000000	48.038148
753.000000	48.106271
754.000000	48.001333
755.000000	48.037922
756.000000	47.989967
757.000000	48.064578
758.000000	48.079098
759.000000	48.060077
760.000000	47.950850
761.000000	48.037229
762.000000	48.012140
763.000000	48.079524
764.000000	48.085166
765.000000	48.102777
766.000000	48.084897
767.000000	48.066246
768.000000	48.064837
769.000000	48.073732
770.000000	48.059040
771.000000	48.044729
772.000000	48.085679
773.000000	48.050859
774.000000	48.063818
775.000000	48.097053
776.000000	48.053183
777.000000	48.154573
778.000000	48.167629
779.000000	48.147637
780.000000	48.015497
781.000000	48.022506
782.000000	48.152518
783.000000	48.187066
784.000000	48.088272
785.000000	48.111952
786.000000	48.180678
787.000000	48.217822
788.000000	48.164796
789.000000	48.123606
790.000000	48.096795
791.000000	48.149613
792.000000	48.107533
793.000000	48.107361
794.000000	48.142153
795.000000	48.083273
796.000000	48.095905
797.000000	48.079603
798.000000	48.139749
799.000000	48.121977
800.000000	48.093462
801.000000	48.097361
802.000000	48.058840
803.000000	48.046541
804.000000	47.985509
805.000000	48.073940
806.000000	48.057021
807.000000	48.077064
808.000000	48.128752
809.000000	47.967589
810.000000	48.075690
811.000000	48.027434
812.000000	47.987836
813.000000	48.059015
814.000000	47.975168
815.000000	48.038826
816.000000	48.010494
817.000000	47.965907
818.000000	48.036211
819.000000	47.981746
820.000000	47.801745
821.000000	47.928124
822.000000	47.987341
823.000000	47.920273
824.000000	47.878096
825.000000	47.893680
826.000000	47.840919
827.000000	47.853387
828.000000	47.790655
829.000000	47.857225
830.000000	47.902364
831.000000	47.835737
832.000000	47.823316
833.000000	47.840550
834.000000	47.867325
835.000000	47.783930
836.000000	47.777470
837.000000	47.828710
838.000000	47.778747
839.000000	47.831823
840.000000	47.772047
841.000000	47.807150
842.000000	47.815916
843.000000	47.800615
844.000000	47.824309
845.000000	47.837200
846.000000	47.797785
847.000000	47.805798
848.000000	47.766053
849.000000	47.793259
850.000000	47.736014
851.000000	47.793277
852.000000	47.688666
853.000000	47.658558
854.000000	47.740071
855.000000	47.777915
856.000000	47.608272
857.000000	47.730100
858.000000	47.784399
859.000000	47.709017
860.000000	47.694311
861.000000	47.766380
862.000000	47.728267
863.000000	47.773245
864.000000	47.677884
865.000000	47.740591
866.000000	47.710868
867.000000	47.744511
868.000000	47.696503
869.000000	47.742427
870.000000	47.649391
871.000000	47.748299
872.000000	47.711198
873.000000	47.809335
874.000000	47.691366
875.000000	47.740584
876.000000	47.822186
877.000000	47.705032
878.000000	47.738848
879.000000	47.746760
880.000000	47.753614
881.000000	47.703149
882.000000	47.721664
883.000000	47.742309
884.000000	47.802975
885.000000	47.721079
886.000000	47.686965
887.000000	47.590188
888.000000	47.713263
889.000000	47.659315
890.000000	47.663982
891.000000	47.693755
892.000000	47.724669
893.000000	47.633182
894.000000	47.624778
895.000000	47.646256
896.000000	47.711280
897.000000	47.603348
898.000000	47.596755
899.000000	47.653042
900.000000	47.597713
901.000000	47.578176
902.000000	47.618035
903.000000	47.651389
904.000000	47.585478
905.000000	47.581526
906.000000	47.601612
907.000000	47.591350
908.000000	47.567832
909.000000	47.592430
910.000000	47.529274
911.000000	47.582620
912.000000	47.627824
913.000000	47.560249
914.000000	47.612637
915.000000	47.603624
916.000000	47.603936
917.000000	47.619169
918.000000	47.568276
919.000000	47.542351
920.000000	47.578714
921.000000	47.509167
922.000000	47.470139
923.000000	47.608165
924.000000	47.464888
925.000000	47.601328
926.000000	47.515953
927.000000	47.587501
928.000000	47.419903
929.000000	47.448529
930.000000	47.521685
931.000000	47.498754
932.000000	47.517076
933.000000	47.474913
934.000000	47.428555
935.000000	47.429505
936.000000	47.477198
937.000000	47.395646
938.000000	47.465896
939.000000	47.433598
940.000000	47.354377
941.000000	47.374427
942.000000	47.373290
943.000000	47.314360
944.000000	47.307097
945.000000	47.316763
946.000000	47.305558
947.000000	47.327946
948.000000	47.346063
949.000000	47.318822
950.000000	47.276925
951.000000	47.254816
952.000000	47.207826
953.000000	47.239788
954.000000	47.234849
955.000000	47.229300
956.000000	47.261380
957.000000	47.321322
958.000000	47.268944
959.000000	47.315662
960.000000	47.293722
961.000000	47.317437
962.000000	47.262054
963.000000	47.310181
964.000000	47.228988
965.000000	47.278119
966.000000	47.266093
967.000000	47.367246
968.000000	47.290060
969.000000	47.342656
970.000000	47.361884
971.000000	47.279568
972.000000	47.445179
973.000000	47.333793
974.000000	47.399179
975.000000	47.411715
976.000000	47.409007
977.000000	47.278288
978.000000	47.391037
979.000000	47.407497
980.000000	47.418526
981.000000	47.462855
982.000000	47.392981
983.000000	47.397644
984.000000	47.391489
985.000000	47.401263
986.000000	47.396130
987.000000	47.377282
988.000000	47.424494
989.000000	47.423591
990.000000	47.458780
991.000000	47.405937
992.000000	47.378068
993.000000	47.353767
994.000000	47.428677
995.000000	47.382207
996.000000	47.294819
997.000000	47.301523
998.000000	47.396252
999.000000	47.407497
1000.000000	47.383150
1001.000000	47.392515
1002.000000	47.400962
1003.000000	47.379793
1004.000000	47.381995
1005.000000	47.344166
1006.000000	47.385557
1007.000000	47.455620
1008.000000	47.406837
1009.000000	47.377121
1010.000000	47.353186
1011.000000	47.405144
1012.000000	47.404068
1013.000000	47.340116
1014.000000	47.446004
1015.000000	47.447636
1016.000000	47.367756
1017.000000	47.442428
1018.000000	47.374276
1019.000000	47.416776
1020.000000	47.432547
1021.000000	47.403548
1022.000000	47.479020
1023.000000	47.441420
1024.000000	47.425452
1025.000000	47.371185
1026.000000	47.436015
1027.000000	47.474415
1028.000000	47.416726
1029.000000	47.448673
1030.000000	47.481065
1031.000000	47.374226
1032.000000	47.403634
1033.000000	47.455731
1034.000000	47.485910
1035.000000	47.395126
1036.000000	47.469791
1037.000000	47.384524
1038.000000	47.491301
1039.000000	47.493798
1040.000000	47.383968
1041.000000	47.420068
1042.000000	47.485760
1043.000000	47.487948
1044.000000	47.474063
1045.000000	47.413254
1046.000000	47.404832
1047.000000	47.511850
1048.000000	47.472553
1049.000000	47.434344
1050.000000	47.535318
1051.000000	47.423128
1052.000000	47.505964
1053.000000	47.507330
1054.000000	47.414358
1055.000000	47.469544
1056.000000	47.402920
1057.000000	47.528248
1058.000000	47.466470
1059.000000	47.409380
1060.000000	47.410445
1061.000000	47.577247
1062.000000	47.529493
1063.000000	47.564238
1064.000000	47.380352
1065.000000	47.369997
1066.000000	47.525989
1067.000000	47.412249
1068.000000	47.467299
1069.000000	47.526419
1070.000000	47.462539
1071.000000	47.458805
1072.000000	47.499361
1073.000000	47.479339
1074.000000	47.472901
1075.000000	47.513008
1076.000000	47.498335
1077.000000	47.458945
1078.000000	47.486893
1079.000000	47.427278
1080.000000	47.503715
1081.000000	47.366091
1082.000000	47.478450
1083.000000	47.575715
1084.000000	47.489892
1085.000000	47.475943
1086.000000	47.478271
1087.000000	47.404660
1088.000000	47.455584
1089.000000	47.437837
1090.000000	47.389326
1091.000000	47.456348
1092.000000	47.478073
1093.000000	47.479135
1094.000000	47.360715
1095.000000	47.538105
1096.000000	47.418071
1097.000000	47.444268
1098.000000	47.487288
1099.000000	47.446384
1100.000000	47.493087
1101.000000	47.430405
1102.000000	47.429258
1103.000000	47.537933
1104.000000	47.484468
1105.000000	47.447141
1106.000000	47.448870
1107.000000	47.584184
1108.000000	47.460236
1109.000000	47.558420
1110.000000	47.439487
1111.000000	47.547563
1112.000000	47.572240
1113.000000	47.513155
1114.000000	47.535497
1115.000000	47.520085
1116.000000	47.575995
1117.000000	47.558212
1118.000000	47.515343
1119.000000	47.593574
1120.000000	47.583976
1121.000000	47.623695
1122.000000	47.470125
1123.000000	47.644032
1124.000000	47.631643
1125.000000	47.565378
1126.000000	47.664355
1127.000000	47.644330
1128.000000	47.633774
1129.000000	47.617494
1130.000000	47.705520
1131.000000	47.539866
1132.000000	47.595858
1133.000000	47.679555
1134.000000	47.616662
1135.000000	47.690961
1136.000000	47.691768
1137.000000	47.606730
1138.000000	47.647163
1139.000000	47.689053
1140.000000	47.637217
1141.000000	47.661510
1142.000000	47.612239
1143.000000	47.701969
1144.000000	47.653157
1145.000000	47.660743
1146.000000	47.615955
1147.000000	47.620933
1148.000000	47.653458
1149.000000	47.678178
1150.000000	47.740874
1151.000000	47.702396
1152.000000	47.669756
1153.000000	47.673558
1154.000000	47.572426
1155.000000	47.682199
1156.000000	47.569923
1157.000000	47.644606
1158.000000	47.679648
1159.000000	47.690975
1160.000000	47.726997
1161.000000	47.695972
1162.000000	47.653028
1163.000000	47.712191
1164.000000	47.706771
1165.000000	47.677719
1166.000000	47.726004
1167.000000	47.701355
1168.000000	47.684153
1169.000000	47.684175
1170.000000	47.726983
1171.000000	47.688196
1172.000000	47.692066
1173.000000	47.626066
1174.000000	47.679688
1175.000000	47.719806
1176.000000	47.701642
1177.000000	47.675420
1178.000000	47.749454
1179.000000	47.692407
1180.000000	47.697521
1181.000000	47.683404
1182.000000	47.675556
1183.000000	47.703074
1184.000000	47.634014
1185.000000	47.786476
1186.000000	47.677231
1187.000000	47.731047
1188.000000	47.768446
1189.000000	47.787749
1190.000000	47.708708
1191.000000	47.660183
1192.000000	47.683816
1193.000000	47.661209
1194.000000	47.684516
1195.000000	47.744149
1196.000000	47.776785
1197.000000	47.727905
1198.000000	47.747585
1199.000000	47.767642
1200.000000	47.760788
1201.000000	47.748901
1202.000000	47.742201
1203.000000	47.759235
1204.000000	47.720677
1205.000000	47.771053
1206.000000	47.769855
1207.000000	47.749956
1208.000000	47.738274
1209.000000	47.831953
1210.000000	47.751609
1211.000000	47.776390
1212.000000	47.718870
1213.000000	47.818793
1214.000000	47.832580
1215.000000	47.820730
1216.000000	47.792904
1217.000000	47.727119
1218.000000	47.781232
1219.000000	47.813072
1220.000000	47.716165
1221.000000	47.770870
1222.000000	47.763528
1223.000000	47.827946
1224.000000	47.817849
1225.000000	47.811741
1226.000000	47.838003
1227.000000	47.788894
1228.000000	47.827028
1229.000000	47.782147
1230.000000	47.813172
1231.000000	47.820002
1232.000000	47.788571
1233.000000	47.822605
1234.000000	47.751272
1235.000000	47.801469
1236.000000	47.801781
1237.000000	47.754472
1238.000000	47.792922
1239.000000	47.755297
1240.000000	47.791763
1241.000000	47.700581
1242.000000	47.771573
1243.000000	47.812426
1244.000000	47.699444
1245.000000	47.794392
1246.000000	47.748069
1247.000000	47.847558
1248.000000	47.785472
1249.000000	47.767771
1250.000000	47.770504
1251.000000	47.786580
1252.000000	47.780702
1253.000000	47.819248
1254.000000	47.794532
1255.000000	47.895094
1256.000000	47.779048
1257.000000	47.750053
1258.000000	47.745627
1259.000000	47.861981
1260.000000	47.716366
1261.000000	47.861518
1262.000000	47.746947
1263.000000	47.769461
1264.000000	47.745440
1265.000000	47.755350
1266.000000	47.813474
1267.000000	47.806300
1268.000000	47.738539
1269.000000	47.767298
1270.000000	47.742528
1271.000000	47.687127
1272.000000	47.778808
1273.000000	47.758654
1274.000000	47.817182
1275.000000	47.796171
1276.000000	47.789930
1277.000000	47.799632
1278.000000	47.788739
1279.000000	47.730996
1280.000000	47.748446
1281.000000	47.709698
1282.000000	47.740397
1283.000000	47.664857
1284.000000	47.752126
1285.000000	47.662733
1286.000000	47.808499
1287.000000	47.797430
1288.000000	47.706546
1289.000000	47.802903
1290.000000	47.796645
1291.000000	47.775612
1292.000000	47.756114
1293.000000	47.797993
1294.000000	47.808617
1295.000000	47.786343
1296.000000	47.720745
1297.000000	47.745555
1298.000000	47.777362
1299.000000	47.881091
1300.000000	47.798499
1301.000000	47.729181
1302.000000	47.776032
1303.000000	47.805568
1304.000000	47.765591
1305.000000	47.769963
1306.000000	47.759296
1307.000000	47.755878
1308.000000	47.778367
1309.000000	47.814288
1310.000000	47.780228
1311.000000	47.794919
1312.000000	47.752671
1313.000000	47.815052
1314.000000	47.779134
1315.000000	47.757298
1316.000000	47.731567
1317.000000	47.722969
1318.000000	47.784740
1319.000000	47.709297
1320.000000	47.806175
1321.000000	47.868606
1322.000000	47.762251
1323.000000	47.858147
1324.000000	47.817814
1325.000000	47.780892
1326.000000	47.770336
1327.000000	47.757456
1328.000000	47.744285
1329.000000	47.699505
1330.000000	47.758051
1331.000000	47.765031
1332.000000	47.755465
1333.000000	47.766584
1334.000000	47.748869
1335.000000	47.827620
1336.000000	47.829887
1337.000000	47.712460
1338.000000	47.775662
1339.000000	47.704910
1340.000000	47.741129
1341.000000	47.683013
1342.000000	47.768126
1343.000000	47.726534
1344.000000	47.823262
1345.000000	47.702855
1346.000000	47.633839
1347.000000	47.713547
1348.000000	47.637859
1349.000000	47.661758
1350.000000	47.678741
1351.000000	47.714476
1352.000000	47.668117
1353.000000	47.644502
1354.000000	47.640011
1355.000000	47.722453
1356.000000	47.636478
1357.000000	47.629395
1358.000000	47.628207
1359.000000	47.693669
1360.000000	47.564270
1361.000000	47.634771
1362.000000	47.634509
1363.000000	47.577688
1364.000000	47.578732
1365.000000	47.541118
1366.000000	47.632820
1367.000000	47.671865
1368.000000	47.644258
1369.000000	47.610213
1370.000000	47.587960
1371.000000	47.642866
1372.000000	47.529676
1373.000000	47.586282
1374.000000	47.666912
1375.000000	47.543388
1376.000000	47.533930
1377.000000	47.560830
1378.000000	47.525709
1379.000000	47.610593
1380.000000	47.561974
1381.000000	47.585227
1382.000000	47.619567
1383.000000	47.515214
1384.000000	47.520286
1385.000000	47.442715
1386.000000	47.528542
1387.000000	47.511355
1388.000000	47.535164
1389.000000	47.515049
1390.000000	47.482377
1391.000000	47.523722
1392.000000	47.499881
1393.000000	47.505099
1394.000000	47.581565
1395.000000	47.575306
1396.000000	47.542660
1397.000000	47.613810
1398.000000	47.632641
1399.000000	47.588319
1400.000000	47.565314
1401.000000	47.568434
1402.000000	47.594194
1403.000000	47.619890
1404.000000	47.533205
1405.000000	47.669190
1406.000000	47.641252
1407.000000	47.629699
1408.000000	47.626113
1409.000000	47.702353
1410.000000	47.657784
1411.000000	47.618867
1412.000000	47.664599
1413.000000	47.692984
1414.000000	47.738873
1415.000000	47.757384
1416.000000	47.695104
1417.000000	47.737800
1418.000000	47.800360
1419.000000	47.779235
1420.000000	47.750655
1421.000000	47.816863
1422.000000	47.815342
1423.000000	47.851490
1424.000000	47.791290
1425.000000	47.772696
1426.000000	47.811845
1427.000000	47.832437
1428.000000	47.880438
1429.000000	47.791788
1430.000000	47.886019
1431.000000	47.915800
1432.000000	47.967155
1433.000000	47.886141
1434.000000	47.863297
1435.000000	47.869075
1436.000000	47.912812
1437.000000	47.868304
1438.000000	47.850926
1439.000000	47.878085
1440.000000	47.959275
1441.000000	47.932755
1442.000000	47.893006
1443.000000	47.989626
1444.000000	47.909964
1445.000000	47.912346
1446.000000	47.981534
1447.000000	47.933472
1448.000000	47.828800
1449.000000	47.924405
1450.000000	47.982176
1451.000000	47.950559
1452.000000	48.003543
1453.000000	47.960236
1454.000000	48.044310
1455.000000	48.016179
1456.000000	47.959612
1457.000000	47.976660
1458.000000	48.061239
1459.000000	47.835590
1460.000000	48.001581
1461.000000	47.862293
1462.000000	47.966678
1463.000000	48.007685
1464.000000	48.041386
1465.000000	48.034030
1466.000000	47.910987
1467.000000	47.957568
1468.000000	47.954454
1469.000000	47.917479
1470.000000	47.985268
1471.000000	48.004583
1472.000000	48.010734
1473.000000	47.955225
1474.000000	48.042391
1475.000000	47.988833
1476.000000	47.930025
1477.000000	48.010580
1478.000000	48.036361
1479.000000	48.044102
1480.000000	48.059568
1481.000000	48.006509
1482.000000	47.971366
1483.000000	48.005931
1484.000000	48.027000
1485.000000	48.008073
1486.000000	48.080876
1487.000000	48.036372
1488.000000	48.037746
1489.000000	48.033079
1490.000000	48.076113
1491.000000	48.121299
1492.000000	48.005691
1493.000000	48.081579
1494.000000	48.040328
1495.000000	48.030945
1496.000000	48.038714
1497.000000	47.952553
1498.000000	48.005336
1499.000000	48.037706
1500.000000	48.024755
1501.000000	48.027556
1502.000000	48.032807
1503.000000	48.099337
1504.000000	48.057814
1505.000000	48.126776
1506.000000	48.054392
1507.000000	48.147393
1508.000000	48.010282
1509.000000	48.091522
1510.000000	48.115915
1511.000000	48.125682
1512.000000	48.078201
1513.000000	48.097731
1514.000000	48.076504
1515.000000	48.069115
1516.000000	48.081110
1517.000000	48.059058
1518.000000	48.054281
1519.000000	48.087437
1520.000000	48.066777
1521.000000	48.094076
1522.000000	48.082605
1523.000000	48.026602
1524.000000	48.086203
1525.000000	48.050045
1526.000000	48.000060
1527.000000	48.071533
1528.000000	47.958156
1529.000000	48.017154
1530.000000	48.025877
1531.000000	47.964203
1532.000000	48.051820
1533.000000	48.099319
1534.000000	47.965039
1535.000000	48.004296
1536.000000	48.065518
1537.000000	48.024062
1538.000000	47.987635
1539.000000	48.034105
1540.000000	48.023105
1541.000000	47.941987
1542.000000	48.065787
1543.000000	48.038714
1544.000000	47.974009
1545.000000	47.948988
1546.000000	47.971161
1547.000000	48.044833
1548.000000	47.979805
1549.000000	47.964264
1550.000000	48.015680
1551.000000	47.972966
1552.000000	48.083222
1553.000000	47.978374
1554.000000	48.014364
1555.000000	47.980684
1556.000000	47.921987
1557.000000	48.026982
1558.000000	48.044665
1559.000000	48.018485
1560.000000	47.899165
1561.000000	47.922823
1562.000000	48.010361
1563.000000	48.049790
1564.000000	48.103086
1565.000000	47.994676
1566.000000	48.062433
1567.000000	48.067451
1568.000000	48.004543
1569.000000	47.948403
1570.000000	47.983851
1571.000000	48.085726
1572.000000	48.024625
1573.000000	48.055439
1574.000000	48.014622
1575.000000	48.112483
1576.000000	47.929831
1577.000000	47.971240
1578.000000	48.020841
1579.000000	48.023926
1580.000000	48.018037
1581.000000	47.966456
1582.000000	48.003087
1583.000000	48.023711
1584.000000	48.023664
1585.000000	48.087512
1586.000000	48.051045
1587.000000	48.038312
1588.000000	47.999152
1589.000000	47.993887
1590.000000	47.945190
1591.000000	48.023610
1592.000000	48.014679
1593.000000	47.976965
1594.000000	48.105309
1595.000000	48.005157
1596.000000	48.038043
1597.000000	47.946323
1598.000000	47.946528
1599.000000	47.992381
1600.000000	47.951538
1601.000000	47.984257
1602.000000	48.026021
1603.000000	48.071920
1604.000000	47.976108
1605.000000	48.031580
1606.000000	47.962363
1607.000000	48.050773
1608.000000	48.032767
1609.000000	47.902525
1610.000000	48.034686
1611.000000	48.096346
1612.000000	48.007244
1613.000000	48.015978
1614.000000	48.019023
1615.000000	48.001695
1616.000000	48.031889
1617.000000	48.045622
1618.000000	47.989393
1619.000000	48.074072
1620.000000	47.986904
1621.000000	48.015963
1622.000000	48.074431
1623.000000	48.037437
1624.000000	48.081034
1625.000000	48.010375
1626.000000	47.977632
1627.000000	48.102469
1628.000000	48.002115
1629.000000	48.005236
1630.000000	48.077218
1631.000000	48.072598
1632.000000	48.076676
1633.000000	48.039389
1634.000000	48.009253
1635.000000	48.137945
1636.000000	48.017176
1637.000000	48.042868
1638.000000	48.012251
1639.000000	48.028531
1640.000000	48.042552
1641.000000	48.064295
1642.000000	47.964311
1643.000000	48.070751
1644.000000	47.933737
1645.000000	47.971585
1646.000000	48.026132
1647.000000	47.965476
1648.000000	48.000953
1649.000000	47.944573
1650.000000	48.040522
1651.000000	48.051842
1652.000000	48.067953
1653.000000	48.035784
1654.000000	48.044668
1655.000000	48.133006
1656.000000	48.051598
1657.000000	48.088577
1658.000000	48.098778
1659.000000	48.086174
1660.000000	48.053076
1661.000000	48.105629
1662.000000	48.017384
1663.000000	48.125026
1664.000000	48.113150
1665.000000	48.077265
1666.000000	48.102207
1667.000000	48.189709
1668.000000	48.130094

