0.0	0.0007508523154463095
1.0	-0.0007811045958670415
2.0	2.8201934049121553e-05
3.0	-6.249472933110209e-05
4.0	-0.0002912566452124856
5.0	0.001511414761820524
6.0	-0.0007407854156533433
7.0	-0.0009794336976851777
8.0	0.0013954433884557492
9.0	0.0013205649109161671
10.0	-8.75115341118884e-05
11.0	-0.0014031719477335548
12.0	-0.00040387525092631775
13.0	0.0005226062099728556
14.0	0.00040225044814127923
15.0	-0.0012392302064387262
16.0	-0.00047703436043973463
17.0	-0.0013575227266389841
18.0	0.0007199036909753327
19.0	0.001172183450258215
20.0	0.0014168495203814282
21.0	0.001683781406443603
22.0	-0.00023460346875041647
23.0	0.00045933346661008984
24.0	0.0013387902119936803
25.0	0.0017647636404761523
26.0	0.0018485828317517145
27.0	0.0012379492772590407
28.0	0.0011060737496520364
29.0	0.0022840987527792843
30.0	0.0006353107840880762
31.0	0.0006047920016236407
32.0	0.0017002013710935625
33.0	-0.0022203875705700386
34.0	1.70260418790466e-05
35.0	-0.0018228696829206835
36.0	0.0013091311135423275
37.0	-0.0014016245165101662
38.0	0.002341525644853248
39.0	0.0012783544258739273
40.0	0.0008663938468047429
41.0	-0.0004663742786773892
42.0	-0.0004325027285620113
43.0	0.000874131002922487
44.0	0.00135469436623571
45.0	0.0005622376429760477
46.0	-0.0004325886969631995
47.0	0.0008136092484013457
48.0	0.0006952307597998996
49.0	8.296380568244877e-05
50.0	-0.001979762015308274
51.0	-0.002105361849619535
52.0	-0.0026158422165880753
53.0	-0.002884321533873839
54.0	-0.005154832980826408
55.0	-0.004724561132278522
56.0	-0.0029551594965517725
57.0	-0.0019060011269857395
58.0	-0.0031785913715520835
59.0	-0.0024623886202528155
60.0	-0.0024981514751971352
61.0	-0.0022165189925111664
62.0	-0.0033536230366155986
63.0	-0.0016623666776779855
64.0	-0.0011695098329778401
65.0	-0.0034344333338453712
66.0	-0.0036502999895305145
67.0	-0.003048005369964703
68.0	-0.00241149532667836
69.0	-0.003923249663684268
70.0	-0.0035022624024777156
71.0	-0.004972150128046336
72.0	-0.005136607679749094
73.0	-0.004306152923111217
74.0	-0.005801143421862013
75.0	-0.005289975307683166
76.0	-0.005716808420178721
77.0	-0.006386158392764783
78.0	-0.005267881428546781
79.0	-0.005694112762233218
80.0	-0.005406806365061024
81.0	-0.00595623041782225
82.0	-0.006519065541187446
83.0	-0.006657130793688406
84.0	-0.004900366512953932
85.0	-0.006633489483328632
86.0	-0.006357616883530477
87.0	-0.005938005116744737
88.0	-0.006134958724142061
89.0	-0.007031695118188693
90.0	-0.01114124260592771
91.0	-0.009188814243815735
92.0	-0.009622438860014564
93.0	-0.010289897527772082
94.0	-0.009566387462361612
95.0	-0.009822315393056289
96.0	-0.011360891871270337
97.0	-0.012275509692789129
98.0	-0.006566692035512147
99.0	-0.009961412266373107
100.0	-0.007462740682348273
101.0	-0.008383806133964986
102.0	-0.007075624971257098
103.0	-0.008346753753001241
104.0	-0.007863009558839652
105.0	-0.009703764967652266
106.0	-0.00935447535313673
107.0	-0.008924719314996773
108.0	-0.008608871408590074
109.0	-0.010259464713708836
110.0	-0.00987785098030151
111.0	-0.010259034871702294
112.0	-0.0101380773310616
113.0	-0.012194097616750239
114.0	-0.011486577673983185
115.0	-0.010547888700098077
116.0	-0.01177835442802337
117.0	-0.012360274536478961
118.0	-0.011324699174319676
119.0	-0.010277002267575842
120.0	-0.012185328839816635
121.0	-0.010276572425569301
122.0	-0.010597148594047756
123.0	-0.011337508466114527
124.0	-0.01208577743110182
125.0	-0.013562542628775102
126.0	-0.010892621989344235
127.0	-0.011314898776570412
128.0	-0.012742919890702146
129.0	-0.014604393684230131
130.0	-0.012420022575388209
131.0	-0.012094804113239188
132.0	-0.012315055157390932
133.0	-0.012998761852995633
134.0	-0.016081932597515308
135.0	-0.013945187982998286
136.0	-0.011364072702118902
137.0	-0.013614639479967992
138.0	-0.013989719614876009
139.0	-0.013978543722705935
140.0	-0.010797111095490869
141.0	-0.011169784115162215
142.0	-0.01181600858779643
143.0	-0.011763052052590458
144.0	-0.014491173299707182
145.0	-0.013840306533402198
146.0	-0.01227146917792768
147.0	-0.012326488954764972
148.0	-0.012024739866172949
149.0	-0.013098915040519767
150.0	-0.015356703164078672
151.0	-0.01444053791133649
152.0	-0.01351844083890412
153.0	-0.015324980823996002
154.0	-0.01357947840383299
155.0	-0.014986695164847963
156.0	-0.01487166944389746
157.0	-0.013904696865982011
158.0	-0.012697700511613917
159.0	-0.014134834276284407
160.0	-0.012806364570867689
161.0	-0.014404603119589595
162.0	-0.012603908985786715
163.0	-0.01531707173107568
164.0	-0.012434723172012002
165.0	-0.015141438287202847
166.0	-0.013316930906237418
167.0	-0.013495659212557428
168.0	-0.014402969719964819
169.0	-0.017704586172208884
170.0	-0.0161186411048739
171.0	-0.015204968935769577
172.0	-0.014521262240165075
173.0	-0.017635381609155728
174.0	-0.01701649508813758
175.0	-0.014834187220927175
176.0	-0.016246562086020645
177.0	-0.016462342773304398
178.0	-0.014583417394310794
179.0	-0.01383033419885036
180.0	-0.014590294866415455
181.0	-0.015405447247620621
182.0	-0.015939998766955277
183.0	-0.015452987773543933
184.0	-0.017641399397247307
185.0	-0.015342518377862808
186.0	-0.016934911075295912
187.0	-0.014396779995070663
188.0	-0.015480153788357426
189.0	-0.01651400978249075
190.0	-0.017452440851171692
191.0	-0.01845405869481441
192.0	-0.01781385201027177
193.0	-0.017629449789465537
194.0	-0.018866363147488747
195.0	-0.01822177207447951
196.0	-0.01673623809987262
197.0	-0.017363721461021598
198.0	-0.017488891453326518
199.0	-0.014111622807931174
200.0	-0.01532850552844972
201.0	-0.015744334685577777
202.0	-0.015137483740742587
203.0	-0.01709739135376854
204.0	-0.01613153636507014
205.0	-0.017676130631375766
206.0	-0.01819787285891577
207.0	-0.01859169410530883
208.0	-0.02120521947348159
209.0	-0.020441218291055045
210.0	-0.02171140142038472
211.0	-0.02034175285074142
212.0	-0.0212762293729623
213.0	-0.02038843369265165
214.0	-0.01656455920245985
215.0	-0.018296822488821467
216.0	-0.018977262385176417
217.0	-0.019197857302933514
218.0	-0.018935567710541903
219.0	-0.019743928588043597
220.0	-0.017950369831549143
221.0	-0.019022223859060678
222.0	-0.01850821878763862
223.0	-0.0181243698757972
224.0	-0.018541230653740914
225.0	-0.021419022887535215
226.0	-0.019915263611851017
227.0	-0.02023248701267853
228.0	-0.02213746081726838
229.0	-0.024303692593434175
230.0	-0.021747422180532803
231.0	-0.021105754033167962
232.0	-0.0214704319915176
233.0	-0.021009813297307854
234.0	-0.02084526977720391
235.0	-0.01949092358299332
236.0	-0.01986196320303989
237.0	-0.021907151470163606
238.0	-0.01955901055682963
239.0	-0.020654591863102128
240.0	-0.01819486396486998
241.0	-0.021949877765613777
242.0	-0.019889473091458536
243.0	-0.017670714622093506
244.0	-0.017861048662589932
245.0	-0.016826934763252848
246.0	-0.01852704586752505
247.0	-0.020422992989977733
248.0	-0.021335547569865006
249.0	-0.017678795651816404
250.0	-0.017443328200633133
251.0	-0.01774146661637005
252.0	-0.017844972571545326
253.0	-0.017777401408116948
254.0	-0.0176897996071839
255.0	-0.018377718754452627
256.0	-0.014863760350977138
257.0	-0.01892344616595756
258.0	-0.016164892104777787
259.0	-0.01773364349185112
260.0	-0.016591123438464226
261.0	-0.01616136740032407
262.0	-0.017037471378056716
263.0	-0.016535931724824357
264.0	-0.016336485033789174
265.0	-0.01739630348511735
266.0	-0.01635505420847164
267.0	-0.01918943239960526
268.0	-0.017114842939234157
269.0	-0.015706852462607293
270.0	-0.015807091618532814
271.0	-0.016806818157346592
272.0	-0.01689674110511512
273.0	-0.015240301948707357
274.0	-0.01500173963507691
275.0	-0.016307513682548125
276.0	-0.016699271687310068
277.0	-0.016284818024602823
278.0	-0.017290218477903026
279.0	-0.016713714378729694
280.0	-0.015569045115310097
281.0	-0.015417826697408932
282.0	-0.018289859048315617
283.0	-0.015467688370167727
284.0	-0.015655013516618365
285.0	-0.016747070118437346
286.0	-0.01764664346972719
287.0	-0.01623478441504145
288.0	-0.016294188580345346
289.0	-0.014479481597129177
290.0	-0.014058494335922624
291.0	-0.015827294192840256
292.0	-0.016518136265753384
293.0	-0.015630770427449474
294.0	-0.01596020134126272
295.0	-0.015710377167061012
296.0	-0.015816462174275334
297.0	-0.013656162217799927
298.0	-0.01577992560371932
299.0	-0.013839618786191691
300.0	-0.015908878205681723
301.0	-0.014773149655998304
302.0	-0.015689400877141674
303.0	-0.014445008268204482
304.0	-0.015528210124688668
305.0	-0.016346973178748742
306.0	-0.015593889983288306
307.0	-0.0161230254933407
308.0	-0.013776775884835467
309.0	-0.014244701893156214
310.0	-0.015324808887193425
311.0	-0.01281616496861675
312.0	-0.015325582602805119
313.0	-0.014774611118820504
314.0	-0.01450114563425882
315.0	-0.014292844197888845
316.0	-0.01447939562872779
317.0	-0.014380274062019515
318.0	-0.013652379608142242
319.0	-0.013857242308459887
320.0	-0.013721928044800751
321.0	-0.012719708422348914
322.0	-0.012561612532343088
323.0	-0.012712143203033746
324.0	-0.014291210798264068
325.0	-0.013950088181872817
326.0	-0.01363320865465066
327.0	-0.014570264228910789
328.0	-0.012466273575292097
329.0	-0.014173262151669164
330.0	-0.013750985364442986
331.0	-0.01209566379725227
332.0	-0.012459224166384859
333.0	-0.013088684800763964
334.0	-0.012365002798550916
335.0	-0.012969360659748047
336.0	-0.012366034419366775
337.0	-0.01319459787117571
338.0	-0.013111294490308078
339.0	-0.011976597561440318
340.0	-0.01278839717499414
341.0	-0.012509687617952773
342.0	-0.011994478988912278
343.0	-0.009594413161188187
344.0	-0.01092374255061779
345.0	-0.011988117327215546
346.0	-0.009954190920663294
347.0	-0.011755228928071525
348.0	-0.012559721227514146
349.0	-0.014236878768637282
350.0	-0.012148276458852891
351.0	-0.010805707935621696
352.0	-0.01030047164113284
353.0	-0.011459153753965728
354.0	-0.008711431711350878
355.0	-0.009472853841738176
356.0	-0.009221052394306336
357.0	-0.009460646328752442
358.0	-0.009682358835726386
359.0	-0.006835171352797911
360.0	-0.007568911657963986
361.0	-0.009478441787823214
362.0	-0.009978519978233373
363.0	-0.006245514088224575
364.0	-0.008345550195382806
365.0	-0.008790092798547944
366.0	-0.008981372491458842
367.0	-0.008715558194613716
368.0	-0.007568223910753479
369.0	-0.008399194477799287
370.0	-0.01046037286756622
371.0	-0.007369207061724837
372.0	-0.008366612453703333
373.0	-0.006398022032145363
374.0	-0.007952330727798865
375.0	-0.009136717392622845
376.0	-0.008401859498239721
377.0	-0.007462998587552238
378.0	-0.007722709127904398
379.0	-0.007396888886946059
380.0	-0.004528467208894481
381.0	-0.008225366370354006
382.0	-0.005274329058644901
383.0	-0.007810482865640221
384.0	-0.007831287218756781
385.0	-0.008240668745786718
386.0	-0.0076983800703343186
387.0	-0.0074584422622828595
388.0	-0.008333772524403614
389.0	-0.00551426686669636
390.0	-0.005116663010645616
391.0	-0.007624877087215748
392.0	-0.00522971145836599
393.0	-0.007027826540129821
394.0	-0.007467640881222804
395.0	-0.006972892731693717
396.0	-0.007566590511128702
397.0	-0.008966413989631284
398.0	-0.0069734945105028355
399.0	-0.006861219778394356
400.0	-0.006333029920756232
401.0	-0.006542362977941867
402.0	-0.004408713225872022
403.0	-0.00617820083000016
404.0	-0.005135576058933436
405.0	-0.007864471021661854
406.0	-0.006296149476595065
407.0	-0.004225858436289374
408.0	-0.003850090554170851
409.0	-0.006736995438503908
410.0	-0.00550033998568446
411.0	-0.0059163410796150935
412.0	-0.005023645200430109
413.0	-0.007625994676432595
414.0	-0.0058666513436588736
415.0	-0.004842509778873627
416.0	-0.007200365121555477
417.0	-0.006294000266562358
418.0	-0.007228132915178088
419.0	-0.004711407966878517
420.0	-0.006526544792101225
421.0	-0.007087832484242833
422.0	-0.007849340583031519
423.0	-0.005406462491455871
424.0	-0.007018284047584524
425.0	-0.006409455829519403
426.0	-0.004924953475728177
427.0	-0.004149174622322439
428.0	-0.006884173341543624
429.0	-0.006871535986551348
430.0	-0.006230555586396816
431.0	-0.003691392885355907
432.0	-0.006097476501171576
433.0	-0.005231344857990767
434.0	-0.005982106906615919
435.0	-0.0064027502942173185
436.0	-0.005140734163011931
437.0	-0.006047700796814168
438.0	-0.005787216540850113
439.0	-0.005328575119870499
440.0	-0.0033619619715424607
441.0	-0.00488557994792895
442.0	-0.004534914838992601
443.0	-0.007957660768679937
444.0	-0.0035678562926757646
445.0	-0.0050479742580003895
446.0	-0.003136982665318761
447.0	-0.006166509127422156
448.0	-0.0036276043315850116
449.0	-0.005340266822448504
450.0	-0.00453947116426198
451.0	-0.0042875837484287515
452.0	-0.004009819843801655
453.0	-0.0044689770751891985
454.0	-0.004001824782479946
455.0	-0.00521432311453189
456.0	-0.005316711480489918
457.0	-0.0045013011940809875
458.0	-0.004402437532576479
459.0	-0.00556937261193504
460.0	-0.005280690720341833
461.0	-0.004887987063165621
462.0	-0.0043978812073071005
463.0	-0.005430189770216832
464.0	-0.004874232118956298
465.0	-0.004257666744773434
466.0	-0.003794383030123053
467.0	-0.004992696575959132
468.0	-0.003710649807248879
469.0	-0.0049901175239198845
470.0	-0.003261980720821104
471.0	-0.00610220476324353
472.0	-0.004448774500881755
473.0	-0.004203334715146648
474.0	-0.005937403337935619
475.0	-0.005348003978566248
476.0	-0.00531361661804294
477.0	-0.005697121656279007
478.0	-0.006176309525171418
479.0	-0.004367018551237512
480.0	-0.0055429803127332415
481.0	-0.005150362623958417
482.0	-0.00479763427339055
483.0	-0.007083534064177419
484.0	-0.004770124384971905
485.0	-0.0033660884548052977
486.0	-0.0057189576302114275
487.0	-0.007228734693987205
488.0	-0.004725420816291605
489.0	-0.006403781915032977
490.0	-0.0067555646131863736
491.0	-0.004379226064223246
492.0	-0.005570146327546734
493.0	-0.00731195210645365
494.0	-0.006738886743332649
495.0	-0.0067491169830882535
496.0	-0.006540299736310548
497.0	-0.005329864645890123
498.0	-0.006180264071631478
499.0	-0.005117006884250769
500.0	-0.005555101857317788
501.0	-0.00541841209923764
502.0	-0.0072428335118016815
503.0	-0.006471267110059968
504.0	-0.005400960513772021
505.0	-0.007593412652336842
506.0	-0.00798336532067123
507.0	-0.0054982767440529415
508.0	-0.005952877650171108
509.0	-0.0074698760596568995
510.0	-0.006784449996026032
511.0	-0.00614441524828597
512.0	-0.005664023821775324
513.0	-0.007050866071680277
514.0	-0.0055334378201881435
515.0	-0.006936957939946821
516.0	-0.0071357168837716985
517.0	-0.008053773441342622
518.0	-0.0076222980351765
519.0	-0.0051404762578079665
520.0	-0.006641398576249152
521.0	-0.007293125026567019
522.0	-0.0036695569114234866
523.0	-0.0056935109834241006
524.0	-0.00953277381745
525.0	-0.008488945488765038
526.0	-0.008430658912677993
527.0	-0.006472040825671863
528.0	-0.008251328827549063
529.0	-0.007965741798403035
530.0	-0.007294242615784066
531.0	-0.00835088023626408
532.0	-0.007802745709522476
533.0	-0.008639991969863627
534.0	-0.009249937777145794
535.0	-0.0066247207063952285
536.0	-0.006116217612656818
537.0	-0.008284856504059288
538.0	-0.007559111260214923
539.0	-0.007129011348469614
540.0	-0.006260816463657286
541.0	-0.009965624718037133
542.0	-0.007569255531569138
543.0	-0.008243849576635284
544.0	-0.009056079032195649
545.0	-0.008189775452212262
546.0	-0.007620922540755488
547.0	-0.007389667541236245
548.0	-0.006086386577402889
549.0	-0.007538736749104703
550.0	-0.006077789737272062
551.0	-0.008106300134542053
552.0	-0.007897654824566726
553.0	-0.008547833843661203
554.0	-0.009807528828031306
555.0	-0.007016564679558358
556.0	-0.008293969154597845
557.0	-0.008324573905463668
558.0	-0.0071535123428424705
559.0	-0.006615522087455284
560.0	-0.00903510274227651
561.0	-0.0087501174919396
562.0	-0.00727369616787147
563.0	-0.008034430551048261
564.0	-0.005922100962502707
565.0	-0.007823292157435073
566.0	-0.006005232406567963
567.0	-0.0066579904777014885
568.0	-0.008475448449759681
569.0	-0.007459989693506449
570.0	-0.0071931437758454625
571.0	-0.008972431777722863
572.0	-0.008925664967411043
573.0	-0.006824425302634377
574.0	-0.008852935699904368
575.0	-0.006277580301912399
576.0	-0.005354709513868133
577.0	-0.007327942229096868
578.0	-0.0070062484714013655
579.0	-0.006930338373046124
580.0	-0.0070372830642737305
581.0	-0.006419686069275008
582.0	-0.006073663254009225
583.0	-0.007054992554943114
584.0	-0.0051008448248049745
585.0	-0.007218160580626248
586.0	-0.007254439245978298
587.0	-0.006805426285945169
588.0	-0.007574929446055564
589.0	-0.007199935279548935
590.0	-0.0053542796718615915
591.0	-0.008384923723182032
592.0	-0.005821517932972032
593.0	-0.008414067011225657
594.0	-0.007215323623383035
595.0	-0.0062732818818469855
596.0	-0.004986592819466166
597.0	-0.005324448636607662
598.0	-0.005653535676815755
599.0	-0.005425203602940913
600.0	-0.00676072271726487
601.0	-0.006823995460627836
602.0	-0.00792224178734097
603.0	-0.005524840980057317
604.0	-0.003814585604430496
605.0	-0.0072606289708724535
606.0	-0.009338227325289546
607.0	-0.005434574158683634
608.0	-0.0038910974815948556
609.0	-0.006899819590581689
610.0	-0.004124071849140264
611.0	-0.007004872976980353
612.0	-0.006382547719909875
613.0	-0.006615092245448742
614.0	-0.006988796885935747
615.0	-0.007151191196007187
616.0	-0.0069287909418225355
617.0	-0.008281933578414688
618.0	-0.00449425178517375
619.0	-0.006377991394640497
620.0	-0.004926672843754342
621.0	-0.005084252923352439
622.0	-0.007550772325287861
623.0	-0.007814437412100481
624.0	-0.00425139105147789
625.0	-0.0057700228605884595
626.0	-0.005359093902334935
627.0	-0.0061050417204867435
628.0	-0.0061109735401771335
629.0	-0.006293656392957205
630.0	-0.006053890521708323
631.0	-0.007201912552779066
632.0	-0.010028553587794945
633.0	-0.0055635267606460375
634.0	-0.005218965408202456
635.0	-0.0042192388693886775
636.0	-0.005328833025074464
637.0	-0.00609429567032321
638.0	-0.005751883527912335
639.0	-0.007258049918833205
640.0	-0.00836325968605239
641.0	-0.006976503404548625
642.0	-0.006591622871891545
643.0	-0.006018729445573322
644.0	-0.005792202708126033
645.0	-0.0058156720816832305
646.0	-0.00570494478079814
647.0	-0.007666829667054023
648.0	-0.007480708078221621
649.0	-0.00710433841729418
650.0	-0.007761652813697084
651.0	-0.00726080090767523
652.0	-0.008308153940813709
653.0	-0.008173957266371622
654.0	-0.007061870027047776
655.0	-0.006075124716831425
656.0	-0.007681186390072665
657.0	-0.0063420566028936
658.0	-0.006945468811676459
659.0	-0.007241973827788599
660.0	-0.005090442648246594
661.0	-0.0072998305618691035
662.0	-0.00862288425800336
663.0	-0.007512000576297952
664.0	-0.008680998897287831
665.0	-0.0067920152153412
666.0	-0.009410354813987104
667.0	-0.008785794378482531
668.0	-0.0075884264850609225
669.0	-0.009813030805714955
670.0	-0.0075168148067710945
671.0	-0.008665954427058885
672.0	-0.008424899029790378
673.0	-0.008276259663928462
674.0	-0.007318485704952958
675.0	-0.008849067121845498
676.0	-0.008445359509301786
677.0	-0.007963850493574093
678.0	-0.01024338862266423
679.0	-0.007279198145555119
680.0	-0.00802256691166768
681.0	-0.008506397074230657
682.0	-0.008114381164264951
683.0	-0.00642398448934042
684.0	-0.008498402012908949
685.0	-0.008676356603617064
686.0	-0.009656740252136684
687.0	-0.008303855520748296
688.0	-0.007574929446055564
689.0	-0.007436176446344098
690.0	-0.008651425767237667
691.0	-0.00950990622270212
692.0	-0.009981872745884515
693.0	-0.0074456329704880074
694.0	-0.008767655045806406
695.0	-0.008462897063168592
696.0	-0.0076461972507400385
697.0	-0.008328958293930471
698.0	-0.00789989000300082
699.0	-0.007557477860589946
700.0	-0.006795196046189566
701.0	-0.007087918452644221
702.0	-0.008492642130021334
703.0	-0.008317352559753854
704.0	-0.00920549211366946
705.0	-0.006473588256895251
706.0	-0.008782957421239319
707.0	-0.006882282036714882
708.0	-0.0063832354671203816
709.0	-0.005978496233761011
710.0	-0.007869027346931233
711.0	-0.0074356606359361685
712.0	-0.007235010387282749
713.0	-0.0081169602163042
714.0	-0.00621095479089849
715.0	-0.008853537478713487
716.0	-0.007518276269593495
717.0	-0.007639577683839343
718.0	-0.008320791295806184
719.0	-0.007028256382136363
720.0	-0.006102681683695918
721.0	-0.006434347775943259
722.0	-0.005584722065813598
723.0	-0.005452932506607982
724.0	-0.005983959321489119
725.0	-0.004727359199566194
726.0	-0.006169565099913791
727.0	-0.005658482954136132
728.0	-0.005439521436004012
729.0	-0.005546466127231418
730.0	-0.0069431947432868225
731.0	-0.007061401295085692
732.0	-0.005631145002520063
733.0	-0.007074812365689862
734.0	-0.0062079070068971585
735.0	-0.0063501847110623445
736.0	-0.006042073960773588
737.0	-0.00544803230773345
738.0	-0.006751829081974735
739.0	-0.006615397229098353
740.0	-0.006296970270652605
741.0	-0.0064878201215569625
742.0	-0.0064559258446715145
743.0	-0.006746756946297427
744.0	-0.006492204510023764
745.0	-0.007945328397337272
746.0	-0.005599594599239968
747.0	-0.005599680567641157
748.0	-0.004560064690620423
749.0	-0.0067025691880250576
750.0	-0.005858703360783011
751.0	-0.00605539906297637
752.0	-0.006556852747807542
753.0	-0.005621172667968223
754.0	-0.0061909712318394695
755.0	-0.008048232573703431
756.0	-0.005932550217506934
757.0	-0.0067495939035406415
758.0	-0.004960763409118142
759.0	-0.007168603891517062
760.0	-0.007191815359870296
761.0	-0.006171542373143921
762.0	-0.006565277651135792
763.0	-0.005818814022576054
764.0	-0.0066196096807625785
765.0	-0.006335226209234785
766.0	-0.007920655466161839
767.0	-0.007111692809851029
768.0	-0.0067635207845525395
769.0	-0.007222849952742661
770.0	-0.006641015812688257
771.0	-0.007204108841257419
772.0	-0.0046953789542795565
773.0	-0.007418342097317584
774.0	-0.006883274767574998
775.0	-0.006506991075048747
776.0	-0.0074841938927197975
777.0	-0.006882758957167069
778.0	-0.008696950129975506
779.0	-0.0052711953062423815
780.0	-0.008759019315720037
781.0	-0.007229039677636816
782.0	-0.008593444174800432
783.0	-0.006151855609244207
784.0	-0.00580763813040598
785.0	-0.005978629280608046
786.0	-0.007773219657918159
787.0	-0.006766357741795754
788.0	-0.007870192014593925
789.0	-0.00851108644634707
790.0	-0.008192659487901321
791.0	-0.005986194499923214
792.0	-0.008442483662103031
793.0	-0.007580736407389025
794.0	-0.0068503488698738926
795.0	-0.008308630861266096
796.0	-0.009249812918789064
797.0	-0.006228539423211143
798.0	-0.006859461520412648
799.0	-0.009622056096453868
800.0	-0.007300823292729221
801.0	-0.0076109972846494945
802.0	-0.007155106852511705
803.0	-0.008881266382380555
804.0	-0.008033274071875672
805.0	-0.0100043575770717
806.0	-0.009886236993674219
807.0	-0.008801659642769018
808.0	-0.007899507239440126
809.0	-0.010419670923792026
810.0	-0.00575347803758177
811.0	-0.008647604267624641
812.0	-0.009703554140894147
813.0	-0.00937661631071876
814.0	-0.010169416907583577
815.0	-0.009014431436006984
816.0	-0.007908791826781258
817.0	-0.009471439457361822
818.0	-0.010008140186729183
819.0	-0.006826277717507576
820.0	-0.007336891131323152
821.0	-0.009420507273831624
822.0	-0.006559049036285895
823.0	-0.00609989180489855
824.0	-0.006238300931004864
825.0	-0.005809576513680567
826.0	-0.007617835866798614
827.0	-0.007681280546964157
828.0	-0.005243474591065616
829.0	-0.005876803803503593
830.0	-0.006263403704186838
831.0	-0.007432745898781871
832.0	-0.005222842174751632
833.0	-0.008322862725927808
834.0	-0.009007772979150746
835.0	-0.007156529425378363
836.0	-0.005460028993961067
837.0	-0.00840857322203211
838.0	-0.00708818454633829
839.0	-0.009524615007816017
840.0	-0.005828919403974928
841.0	-0.005624572514065012
842.0	-0.008146799440048433
843.0	-0.007760027602562411
844.0	-0.00632839581557597
845.0	-0.00882233913752885
846.0	-0.006848246738287031
847.0	-0.008669917162009249
848.0	-0.009113084270753375
849.0	-0.006795376171482445
850.0	-0.008081119581448795
851.0	-0.006846097528254325
852.0	-0.009185985475062827
853.0	-0.006374131005071929
854.0	-0.008635185927880588
855.0	-0.007928267763922853
856.0	-0.008595296589673632
857.0	-0.007050616354966616
858.0	-0.007616202467173837
859.0	-0.007975980226648942
860.0	-0.009114115891569033
861.0	-0.007319439545857533
862.0	-0.00780129243519038
863.0	-0.00885113855196712
864.0	-0.0078017222771969204
865.0	-0.008756659278929211
866.0	-0.009078610941828678
867.0	-0.009873732685528977
868.0	-0.009108184071878843
869.0	-0.010686048109490729
870.0	-0.009038291761615181
871.0	-0.01076350563906956
872.0	-0.009049811527390409
873.0	-0.01060601152787265
874.0	-0.010736941403065185
875.0	-0.009085402445532152
876.0	-0.009049381685383866
877.0	-0.009041472592463547
878.0	-0.008513970482035928
879.0	-0.010498379089434738
880.0	-0.0075616985007442745
881.0	-0.009256995374543336
882.0	-0.010961490867282344
883.0	-0.00953639267879521
884.0	-0.008143618609200067
885.0	-0.009789053810240332
886.0	-0.008339798500985495
887.0	-0.010115217924803825
888.0	-0.010669026366031651
889.0	-0.01050181782548707
890.0	-0.009529171333085396
891.0	-0.010481357345975661
892.0	-0.00890375121356774
893.0	-0.008672152340443143
894.0	-0.008083612665086854
895.0	-0.007028436507429042
896.0	-0.008792336165472142
897.0	-0.010487203197264663
898.0	-0.00953888576243327
899.0	-0.00822881329489644
900.0	-0.011331154992907898
901.0	-0.010708141988626914
902.0	-0.008068568194857908
903.0	-0.009648495474101312
904.0	-0.01069550463363464
905.0	-0.00917283230966262
906.0	-0.008919913273013735
907.0	-0.009984803860019221
908.0	-0.010993471112569177
909.0	-0.00948472566960906
910.0	-0.009361275045330306
911.0	-0.009319494402294407
912.0	-0.009435293838856806
913.0	-0.008747976470397196
914.0	-0.009223467698033111
915.0	-0.009097523990116497
916.0	-0.010912574846938018
917.0	-0.009663368007527482
918.0	-0.010054782138684071
919.0	-0.008765256119060039
920.0	-0.009159593175861028
921.0	-0.009449908467079212
922.0	-0.010317415604680833
923.0	-0.00949916836102869
924.0	-0.010013259400852138
925.0	-0.011114772526815028
926.0	-0.010013259400852138
927.0	-0.01015416161059651
928.0	-0.00849204853970232
929.0	-0.011117781420860815
930.0	-0.010046529172158597
931.0	-0.008135623547878357
932.0	-0.010294376073130176
933.0	-0.01166729144202323
934.0	-0.010682781310240974
935.0	-0.01074665583241306
936.0	-0.00911274039714802
937.0	-0.011932675896862015
938.0	-0.011977293497140929
939.0	-0.010326872128824742
940.0	-0.011029147999112112
941.0	-0.01078680307582398
942.0	-0.011806646220544014
943.0	-0.011835617571784859
944.0	-0.01170210864455308
945.0	-0.010953409837559446
946.0	-0.011177271554566097
947.0	-0.01194488340984775
948.0	-0.011243811097178816
949.0	-0.012165134453999495
950.0	-0.013081643580347028
951.0	-0.010688025382720859
952.0	-0.013833007407781301
953.0	-0.01165095744577466
954.0	-0.013291492447940397
955.0	-0.010532164671148928
956.0	-0.012908245314908091
957.0	-0.009974315715059651
958.0	-0.012034720389214892
959.0	-0.011514955434905019
960.0	-0.012718770958424747
961.0	-0.012724444872911172
962.0	-0.01075697204057005
963.0	-0.010221302932018148
964.0	-0.011844644253922228
965.0	-0.012765365831933786
966.0	-0.012782473543794255
967.0	-0.012670886558896081
968.0	-0.01230784200017122
969.0	-0.013760192171873036
970.0	-0.012736566417495519
971.0	-0.012565489298892063
972.0	-0.012188689795957882
973.0	-0.0119936274933895
974.0	-0.01232133903917658
975.0	-0.011591295375266802
976.0	-0.013268968726797668
977.0	-0.012917271997045458
978.0	-0.012641485365648693
979.0	-0.012143126543264497
980.0	-0.011706235127815916
981.0	-0.01271172154951751
982.0	-0.011608575023929844
983.0	-0.012541246209723172
984.0	-0.012621626664946404
985.0	-0.012473846983097569
986.0	-0.012574258075825465
987.0	-0.012311108799420975
988.0	-0.012595664207751347
989.0	-0.014824395011668217
990.0	-0.012236316290282781
991.0	-0.01334444898314637
992.0	-0.012851420201643444
993.0	-0.01264165730245127
994.0	-0.01518623601277464
995.0	-0.01218765817514222
996.0	-0.013141133714052311
997.0	-0.01403219619361252
998.0	-0.014049905684281902
999.0	-0.012947103032299588
1000.0	-0.013956973842467786
1001.0	-0.0130701238145716
1002.0	-0.012167627537637355
1003.0	-0.012757370770612078
1004.0	-0.014628301088283975
1005.0	-0.01438965280625234
1006.0	-0.01397648866956472
1007.0	-0.013739301850355287
1008.0	-0.014005460020805568
1009.0	-0.014221068771286748
1010.0	-0.013910636874162509
1011.0	-0.014379680471700502
1012.0	-0.012872654396766547
1013.0	-0.015360407993825273
1014.0	-0.013884846353770028
1015.0	-0.012799323350450555
1016.0	-0.01371230777234437
1017.0	-0.014166048994449456
1018.0	-0.014061081576451978
1019.0	-0.013732940188658357
1020.0	-0.01094410191624483
1021.0	-0.012611373091217317
1022.0	-0.011872646618775521
1023.0	-0.01345386342403835
1024.0	-0.011687642619159968
1025.0	-0.01220233543779273
1026.0	-0.01116495473920569
1027.0	-0.012353124013687357
1028.0	-0.012881055966121515
1029.0	-0.013639899044469564
1030.0	-0.013627519594681052
1031.0	-0.012093929283742925
1032.0	-0.013543614435004302
1033.0	-0.012843917616756184
1034.0	-0.012320885863196754
1035.0	-0.012117484625701311
1036.0	-0.01073382320664472
1037.0	-0.013615312081695318
1038.0	-0.01191683437704789
1039.0	-0.013547139139457823
1040.0	-0.013068810954578694
1041.0	-0.011652137669419811
1042.0	-0.011969017196641972
1043.0	-0.012705508490649869
1044.0	-0.013322331770036697
1045.0	-0.01415123909545119
1046.0	-0.014733932919518475
1047.0	-0.014042575036197415
1048.0	-0.013157960186735328
1049.0	-0.01451213444414314
1050.0	-0.012715996635609638
1051.0	-0.013278917727376022
1052.0	-0.013853272616516647
1053.0	-0.01275167352215257
1054.0	-0.012628566771478968
1055.0	-0.013475355524365417
1056.0	-0.013980247945248922
1057.0	-0.012462045978144893
1058.0	-0.011841182183896615
1059.0	-0.013130536266718073
1060.0	-0.013885338830204673
1061.0	-0.013645486990554602
1062.0	-0.014458748066930828
1063.0	-0.013240661788793844
1064.0	-0.014394615639554778
1065.0	-0.01541901510954419
1066.0	-0.015969814656726228
1067.0	-0.015137038753253068
1068.0	-0.014884721495413299
1069.0	-0.01339127842788609
1070.0	-0.014087192636476526
1071.0	-0.015847051779657978
1072.0	-0.012287702060291682
1073.0	-0.013901758794854432
1074.0	-0.014874491255657494
1075.0	-0.014102924853915781
1076.0	-0.014487289576165132
1077.0	-0.01655818239527994
1078.0	-0.013629668804713758
1079.0	-0.015647089278215065
1080.0	-0.013591154960927814
1081.0	-0.015248625738151242
1082.0	-0.014851193818903074
1083.0	-0.013831092768979075
1084.0	-0.014873287698039259
1085.0	-0.01475998134511492
1086.0	-0.015486758209775147
1087.0	-0.012963241757772099
1088.0	-0.01579847963291881
1089.0	-0.01421373812320226
1090.0	-0.013834617473432793
1091.0	-0.014889621694287829
1092.0	-0.013216676604828916
1093.0	-0.014496488195105078
1094.0	-0.015412739416248647
1095.0	-0.01511270969568279
1096.0	-0.013976207430387473
1097.0	-0.014510672981320942
1098.0	-0.013911903066208847
1099.0	-0.01508537174406672
1100.0	-0.014792133527204333
1101.0	-0.01440295457448164
1102.0	-0.015507734499694283
1103.0	-0.016700374131043937
1104.0	-0.01707700169717534
1105.0	-0.015723429218576647
1106.0	-0.014702898326646311
1107.0	-0.01467899911108257
1108.0	-0.01761052159569454
1109.0	-0.015495011176300621
1110.0	-0.016948822810824833
1111.0	-0.014615726367719606
1112.0	-0.016751611298223543
1113.0	-0.01701347104860861
1114.0	-0.016337501509121652
1115.0	-0.017155662784372406
1116.0	-0.01804689720073539
1117.0	-0.015032071335255593
1118.0	-0.014441554386669173
1119.0	-0.01727326755736216
1120.0	-0.018793618734498894
1121.0	-0.016902829716124907
1122.0	-0.01841939828360396
1123.0	-0.01693395027739846
1124.0	-0.018652114745945605
1125.0	-0.017940124446310362
1126.0	-0.016593687345020293
1127.0	-0.015817822523213166
1128.0	-0.014400977301251712
1129.0	-0.016642431428562043
1130.0	-0.018739802515280037
1131.0	-0.01727421320977663
1132.0	-0.017230111419905447
1133.0	-0.01609833741668209
1134.0	-0.019541973667887375
1135.0	-0.018944493278794907
1136.0	-0.01824264725051428
1137.0	-0.017385112447464296
1138.0	-0.01899495673036282
1139.0	-0.01954119995227568
1140.0	-0.018929964618973887
1141.0	-0.017879774628591995
1142.0	-0.01823267491596244
1143.0	-0.018829381589443212
1144.0	-0.020413349383548066
1145.0	-0.01873765330524733
1146.0	-0.01919792812585172
1147.0	-0.019343386660865273
1148.0	-0.019131216646436425
1149.0	-0.02002391252562161
1150.0	-0.018278496073859788
1151.0	-0.018976215618877777
1152.0	-0.01915683523002633
1153.0	-0.019847333429334306
1154.0	-0.019758871944388176
1155.0	-0.021890372486425315
1156.0	-0.020565943295870245
1157.0	-0.019384565525092053
1158.0	-0.021401728093389194
1159.0	-0.021031634125757096
1160.0	-0.018227602780285332
1161.0	-0.02056714685348848
1162.0	-0.02207838538008666
1163.0	-0.020869325784087046
1164.0	-0.01939720288008433
1165.0	-0.0217768941966984
1166.0	-0.021933098781875684
1167.0	-0.02067589688114344
1168.0	-0.0208154235964668
1169.0	-0.021431988970649664
1170.0	-0.021283005731182393
1171.0	-0.02265978967813432
1172.0	-0.020726102427507588
1173.0	-0.020558378076555077
1174.0	-0.020271243616185458
1175.0	-0.022962828292745967
1176.0	-0.021336220171592334
1177.0	-0.020912739826747722
1178.0	-0.020567404758692447
1179.0	-0.021735285490465276
1180.0	-0.020740803024131182
1181.0	-0.021685337849305094
1182.0	-0.02130518557871997
1183.0	-0.02205354051210845
1184.0	-0.02253823035868451
1185.0	-0.022747477447468755
1186.0	-0.021766062178133677
1187.0	-0.021640548312223604
1188.0	-0.020917038246813135
1189.0	-0.024576369216900987
1190.0	-0.022778426071939733
1191.0	-0.023424650544574148
1192.0	-0.022545967514802253
1193.0	-0.023002115852144008
1194.0	-0.022568061393938438
1195.0	-0.023448291854933922
1196.0	-0.024630099467718655
1197.0	-0.02363269407574016
1198.0	-0.022806967581174238
1199.0	-0.024822238844642637
1200.0	-0.023395077414523985
1201.0	-0.023770071581030613
1202.0	-0.023266984496574664
1203.0	-0.024472175514515405
1204.0	-0.024708416681310366
1205.0	-0.02505994147426
1206.0	-0.023594438137157978
1207.0	-0.02470833071290918
1208.0	-0.026276996131581118
1209.0	-0.02562836454371023
1210.0	-0.024273588507493303
1211.0	-0.02371359034137112
1212.0	-0.023870224768554747
1213.0	-0.026035596860707465
1214.0	-0.025088998793902237
1215.0	-0.025699804285197483
1216.0	-0.026108498065016916
1217.0	-0.026236590982966233
1218.0	-0.02394811214014012
1219.0	-0.025651919885668617
1220.0	-0.023360651164045138
1221.0	-0.02414218990033869
1222.0	-0.02427784803760318
1223.0	-0.024062927034332503
1224.0	-0.024694966720750857
1225.0	-0.02180960926764139
1226.0	-0.023181836889323935
1227.0	-0.024030345010236553
1228.0	-0.022534666764275246
1229.0	-0.023336837916882788
1230.0	-0.024749126813575068
1231.0	-0.022898914880618546
1232.0	-0.02267582687922359
1233.0	-0.02395873333194672
1234.0	-0.020794236479789344
1235.0	-0.02276600773219588
1236.0	-0.023950222460217285
1237.0	-0.022687518581801392
1238.0	-0.024903955904331136
1239.0	-0.022373390043421055
1240.0	-0.02454392023965227
1241.0	-0.025729252556890514
1242.0	-0.025674318748454612
1243.0	-0.02509901820689972
1244.0	-0.025296745529908737
1245.0	-0.024025616748164596
1246.0	-0.023558292518652966
1247.0	-0.024801137696366563
1248.0	-0.023455388342286807
1249.0	-0.024528188022212818
1250.0	-0.023425643275434265
1251.0	-0.025007117985901058
1252.0	-0.02399896654375903
1253.0	-0.0247921110142292
1254.0	-0.02420503280169491
1255.0	-0.026608107523464986
1256.0	-0.025701398794866714
1257.0	-0.025740686354264554
1258.0	-0.025544506462479126
1259.0	-0.02445296567106808
1260.0	-0.025078643695789694
1261.0	-0.025589210031159423
1262.0	-0.025048038944923877
1263.0	-0.02561843928760424
1264.0	-0.026809273582526334
1265.0	-0.0248331179416532
1266.0	-0.026159954247444946
1267.0	-0.026350116351138993
1268.0	-0.024849623874704352
1269.0	-0.02660191779857083
1270.0	-0.025870068798233503
1271.0	-0.02623861533464201
1272.0	-0.026458522505188597
1273.0	-0.026294494795492382
1274.0	-0.026947080929823536
1275.0	-0.026829304220031207
1276.0	-0.024744742425108265
1277.0	-0.0262093860781972
1278.0	-0.024140126658707167
1279.0	-0.024700468698434504
1280.0	-0.027344512849071693
1281.0	-0.027794987271927026
1282.0	-0.026602519577379947
1283.0	-0.028167918196802335
1284.0	-0.027906144414818656
1285.0	-0.028469065506585043
1286.0	-0.025689879029091492
1287.0	-0.026749525543617092
1288.0	-0.028065959672850648
1289.0	-0.02832610005520955
1290.0	-0.027426784609123667
1291.0	-0.027867028792223397
1292.0	-0.028195685990424744
1293.0	-0.027797480355564886
1294.0	-0.02850732144516722
1295.0	-0.028026930018656773
1296.0	-0.027600354811364986
1297.0	-0.026344786310257724
1298.0	-0.029104114087049385
1299.0	-0.028628622859413266
1300.0	-0.02747277770382359
1301.0	-0.026299910804774847
1302.0	-0.030183963175882424
1303.0	-0.028326529897216093
1304.0	-0.02955209542626665
1305.0	-0.02771684199513769
1306.0	-0.028134648425495876
1307.0	-0.02916497971517548
1308.0	-0.0277585366697722
1309.0	-0.025769657705505405
1310.0	-0.030436796244130124
1311.0	-0.027965978422129095
1312.0	-0.02920495502178382
1313.0	-0.03202729763673429
1314.0	-0.027808656247734962
1315.0	-0.02951297980367139
1316.0	-0.029381276212867163
1317.0	-0.03190290136004126
1318.0	-0.03248387581608258
1319.0	-0.030637016650777
1320.0	-0.030731323987012133
1321.0	-0.032283053630626384
1322.0	-0.032281592167804185
1323.0	-0.03064931013216413
1324.0	-0.0320609112816459
1325.0	-0.03264188573768722
1326.0	-0.03228331153583035
1327.0	-0.03132123915678963
1328.0	-0.031803865761734176
1329.0	-0.033145574600952285
1330.0	-0.03353397983806308
1331.0	-0.03435618162817529
1332.0	-0.03513668874365318
1333.0	-0.03286368421306255
1334.0	-0.032612914386446375
1335.0	-0.03455511250880274
1336.0	-0.03404041969017018
1337.0	-0.033853438417324695
1338.0	-0.03359097688813051
1339.0	-0.03508029347239488
1340.0	-0.03278261601062882
1341.0	-0.0342490650001453
1342.0	-0.03487319559364334
1343.0	-0.03527148719690459
1344.0	-0.03579701203410188
1345.0	-0.03689121784595356
1346.0	-0.036714724718067644
1347.0	-0.03472928448985318
1348.0	-0.035789360846385516
1349.0	-0.03532074709085407
1350.0	-0.03544522933594848
1351.0	-0.03426677449081469
1352.0	-0.03547617796041946
1353.0	-0.03505983299288347
1354.0	-0.035879455730956626
1355.0	-0.03551864635066586
1356.0	-0.037515864249859525
1357.0	-0.038737475232450025
1358.0	-0.03450103838437972
1359.0	-0.03341353810783012
1360.0	-0.03433279822301948
1361.0	-0.03755532374605994
1362.0	-0.037359401759478474
1363.0	-0.036725986578639104
1364.0	-0.03461056212764658
1365.0	-0.03616564453891177
1366.0	-0.037124793992308086
1367.0	-0.03813638417050265
1368.0	-0.03570640133912304
1369.0	-0.037862660780736995
1370.0	-0.03787607185134117
1371.0	-0.03738278516463428
1372.0	-0.038748823061422674
1373.0	-0.035748353918961515
1374.0	-0.03877788038106491
1375.0	-0.035501366702002816
1376.0	-0.03847295046162452
1377.0	-0.03883857407238843
1378.0	-0.03755953619772416
1379.0	-0.038812697583594756
1380.0	-0.03766252634249131
1381.0	-0.03830651563669163
1382.0	-0.03975594288274904
1383.0	-0.03867815703554732
1384.0	-0.039009135380584155
1385.0	-0.03852109276635715
1386.0	-0.036838175342346395
1387.0	-0.038876314200562874
1388.0	-0.04056464763385589
1389.0	-0.038167246826572236
1390.0	-0.03947259103203691
1391.0	-0.0398603085219372
1392.0	-0.03916757514419533
1393.0	-0.03893442883984714
1394.0	-0.039126138374764585
1395.0	-0.04179227640453797
1396.0	-0.039841997252458704
1397.0	-0.04058485020816333
1398.0	-0.041196945225478204
1399.0	-0.03918623028727919
1400.0	-0.041317988734520285
1401.0	-0.03933263447470721
1402.0	-0.040663597263761786
1403.0	-0.04135443933667492
1404.0	-0.04117957960841397
1405.0	-0.041463017427527296
1406.0	-0.041496545104037524
1407.0	-0.041534285232211976
1408.0	-0.04133647194080157
1409.0	-0.04036588869003121
1410.0	-0.041156797982067284
1411.0	-0.04213829921980375
1412.0	-0.041694616300651896
1413.0	-0.04199610748403995
1414.0	-0.04407018113400313
1415.0	-0.03939797045970149
1416.0	-0.04243231115227803
1417.0	-0.04252679042531594
1418.0	-0.042899721350191045
1419.0	-0.04191478137640225
1420.0	-0.04050679089977538
1421.0	-0.04380694588919725
1422.0	-0.04241279632518109
1423.0	-0.04243059178425186
1424.0	-0.043027298457732635
1425.0	-0.04302523521610112
1426.0	-0.04458143521658356
1427.0	-0.04340469973947594
1428.0	-0.04242044751289745
1429.0	-0.0450794501653622
1430.0	-0.044830141801568225
1431.0	-0.04613049983975718
1432.0	-0.046263750861785
1433.0	-0.043943033868468276
1434.0	-0.04382379569585375
1435.0	-0.045047555888476955
1436.0	-0.045246400800703024
1437.0	-0.04320611273245384
1438.0	-0.043761382636503865
1439.0	-0.044150905462831715
1440.0	-0.044566562683157195
1441.0	-0.04494508155411754
1442.0	-0.04503414481787279
1443.0	-0.043622199794785856
1444.0	-0.0464447143465389
1445.0	-0.04669264721591187
1446.0	-0.04372561978155975
1447.0	-0.04508237309100681
1448.0	-0.04409167323433019
1449.0	-0.04477787301357296
1450.0	-0.045809407860870795
1451.0	-0.04616660656830665
1452.0	-0.04483727717887685
1453.0	-0.04572524479599008
1454.0	-0.04573521713054172
1455.0	-0.04571346712501068
1456.0	-0.04530090476713238
1457.0	-0.04539813502901212
1458.0	-0.045911796226829026
1459.0	-0.045563968075135686
1460.0	-0.04389343010091345
1461.0	-0.04534930497706898
1462.0	-0.04329087757614367
1463.0	-0.04421297464857624
1464.0	-0.045737538277377005
1465.0	-0.04571346712501068
1466.0	-0.044660698082589746
1467.0	-0.0433756424198337
1468.0	-0.04433969207210455
1469.0	-0.046238820025405594
1470.0	-0.04576564994460496
1471.0	-0.0460577705722503
1472.0	-0.04605295634177716
1473.0	-0.046014098624385866
1474.0	-0.04705036173375565
1475.0	-0.04736999224981984
1476.0	-0.04623331804772195
1477.0	-0.04598332193671746
1478.0	-0.04788597459447203
1479.0	-0.04636313033369743
1480.0	-0.04419689855753164
1481.0	-0.046674249978031976
1482.0	-0.04801604478565148
1483.0	-0.04585643257638638
1484.0	-0.046258592757706496
1485.0	-0.046510480173539724
1486.0	-0.04732666417556035
1487.0	-0.0464513339134396
1488.0	-0.0463933912109579
1489.0	-0.04744951302102999
1490.0	-0.04821927408634415
1491.0	-0.04662756913612155
1492.0	-0.047850899486738215
1493.0	-0.04902772093224723
1494.0	-0.048243603143914425
1495.0	-0.04804140546403742
1496.0	-0.04760356839617436
1497.0	-0.047595659303254045
1498.0	-0.04831100237054003
1499.0	-0.04934864097433084
1500.0	-0.04755344881821161
1501.0	-0.047971083311767214
1502.0	-0.046519506855677094
1503.0	-0.04866072182706211
1504.0	-0.04684644468585248
1505.0	-0.046271573986304125
1506.0	-0.04838803005811232
1507.0	-0.04704391410365753
1508.0	-0.04614924095124242
1509.0	-0.0485383887920004
1510.0	-0.0497849306109703
1511.0	-0.047812471611353456
1512.0	-0.04858799255955543
1513.0	-0.04781969295706327
1514.0	-0.046820998039065156
1515.0	-0.047656267026176376
1516.0	-0.047652656353321464
1517.0	-0.04572859756364102
1518.0	-0.04864327024159649
1519.0	-0.048424394691865755
1520.0	-0.048575785046569495
1521.0	-0.04826182844499174
1522.0	-0.04671938338871882
1523.0	-0.04937572102074294
1524.0	-0.04842164370302393
1525.0	-0.04742062763819033
1526.0	-0.04929963898558512
1527.0	-0.04752593892979296
1528.0	-0.04759351009322134
1529.0	-0.046658603728993914
1530.0	-0.04774730756316175
1531.0	-0.05015837734625354
1532.0	-0.04813528295826601
1533.0	-0.04746017310279213
1534.0	-0.04701098820595643
1535.0	-0.047136759977070466
1536.0	-0.047886232499675996
1537.0	-0.04857397971014214
1538.0	-0.04761414250953532
1539.0	-0.04874144615589069
1540.0	-0.04897579601785691
1541.0	-0.049631477014635036
1542.0	-0.04749619386294042
1543.0	-0.048516982660074724
1544.0	-0.04879552028031351
1545.0	-0.04915461029257811
1546.0	-0.04766004963583386
1547.0	-0.048702158596492656
1548.0	-0.047306633538055684
1549.0	-0.048580943150647996
1550.0	-0.048429466827542865
1551.0	-0.04917188994124115
1552.0	-0.04846531565088837
1553.0	-0.05013834670874867
1554.0	-0.049532269479525375
1555.0	-0.04905738003069858
1556.0	-0.04897201340819943
1557.0	-0.04824704187996676
1558.0	-0.048352525108371965
1559.0	-0.04795629674674223
1560.0	-0.048371352188258596
1561.0	-0.04872769121168137
1562.0	-0.05165689254945785
1563.0	-0.05088369274809136
1564.0	-0.05008667969956232
1565.0	-0.04816967031878932
1566.0	-0.04969887624126084
1567.0	-0.049705581776562924
1568.0	-0.047050791575762196
1569.0	-0.05191135901733033
1570.0	-0.04887495508312227
1571.0	-0.04841098362126159
1572.0	-0.04945197499270353
1573.0	-0.04874342342912062
1574.0	-0.048834549934507386
1575.0	-0.04946753527334021
1576.0	-0.04917618836130657
1577.0	-0.05026557994268491
1578.0	-0.04934331093344976
1579.0	-0.0494551558235519
1580.0	-0.048366366020982675
1581.0	-0.04836215356931845
1582.0	-0.05036263826776186
1583.0	-0.04943048289237647
1584.0	-0.04800039853661341
1585.0	-0.04985104031157648
1586.0	-0.04925897593176647
1587.0	-0.048952326644299715
1588.0	-0.048501336411036655
1589.0	-0.04906950157528293
1590.0	-0.04938234058764383
1591.0	-0.048506236609911185
1592.0	-0.04860828110226406
1593.0	-0.04563626750063602
1594.0	-0.046367514722164035
1595.0	-0.048131586317009714
1596.0	-0.04810020785053219
1597.0	-0.048350805740345795
1598.0	-0.04694694174698177
1599.0	-0.048482509331150024
1600.0	-0.0464806491382858
1601.0	-0.05009716784452209
1602.0	-0.052288072551863324
1603.0	-0.04833627708052478
1604.0	-0.04499537306888288
1605.0	-0.048914586516125465
1606.0	-0.045366756562534596
1607.0	-0.046903441735919905
1608.0	-0.047100567280119604
1609.0	-0.04930531290007155
1610.0	-0.04580330410437783
1611.0	-0.04844717631821245
1612.0	-0.048611633869915204
1613.0	-0.04715498527814778
1614.0	-0.04567400762881027
1615.0	-0.04749215334807877
1616.0	-0.04559697994123798
1617.0	-0.046979523771077725
1618.0	-0.04584929719907775
1619.0	-0.04738391913083174
