0.000000	41.210269
1.000000	41.147184
2.000000	41.180511
3.000000	41.176776
4.000000	41.167356
5.000000	41.241589
6.000000	41.148844
7.000000	41.139017
8.000000	41.236813
9.000000	41.233730
10.000000	41.175746
11.000000	41.121568
12.000000	41.162718
13.000000	41.200870
14.000000	41.195914
15.000000	41.128319
16.000000	41.159706
17.000000	41.123448
18.000000	41.208995
19.000000	41.227619
20.000000	41.237694
21.000000	41.248687
22.000000	41.169689
23.000000	41.198265
24.000000	41.234480
25.000000	41.252021
26.000000	41.255473
27.000000	41.230327
28.000000	41.224897
29.000000	41.273407
30.000000	41.205511
31.000000	41.204254
32.000000	41.249363
33.000000	41.087915
34.000000	41.180051
35.000000	41.104285
36.000000	41.233259
37.000000	41.121632
38.000000	41.275772
39.000000	41.231991
40.000000	41.215027
41.000000	41.160145
42.000000	41.161539
43.000000	41.215346
44.000000	41.235135
45.000000	41.202502
46.000000	41.161536
47.000000	41.212853
48.000000	41.207979
49.000000	41.182766
50.000000	41.097824
51.000000	41.092652
52.000000	41.071631
53.000000	41.060575
54.000000	40.967077
55.000000	40.984795
56.000000	41.057658
57.000000	41.100862
58.000000	41.048457
59.000000	41.077950
60.000000	41.076477
61.000000	41.088075
62.000000	41.041250
63.000000	41.110894
64.000000	41.131190
65.000000	41.037922
66.000000	41.029033
67.000000	41.053835
68.000000	41.080046
69.000000	41.017793
70.000000	41.035129
71.000000	40.974600
72.000000	40.967827
73.000000	41.002025
74.000000	40.940462
75.000000	40.961512
76.000000	40.943935
77.000000	40.916372
78.000000	40.962422
79.000000	40.944870
80.000000	40.956701
81.000000	40.934076
82.000000	40.910899
83.000000	40.905213
84.000000	40.977556
85.000000	40.906187
86.000000	40.917547
87.000000	40.934826
88.000000	40.926716
89.000000	40.889789
90.000000	40.720560
91.000000	40.800960
92.000000	40.783104
93.000000	40.755618
94.000000	40.785412
95.000000	40.774873
96.000000	40.711515
97.000000	40.673852
98.000000	40.908937
99.000000	40.769145
100.000000	40.872039
101.000000	40.834110
102.000000	40.887980
103.000000	40.835636
104.000000	40.855556
105.000000	40.779755
106.000000	40.794138
107.000000	40.811835
108.000000	40.824842
109.000000	40.756871
110.000000	40.772586
111.000000	40.756889
112.000000	40.761870
113.000000	40.677205
114.000000	40.706340
115.000000	40.744994
116.000000	40.694325
117.000000	40.670361
118.000000	40.713006
119.000000	40.756149
120.000000	40.677566
121.000000	40.756167
122.000000	40.742966
123.000000	40.712478
124.000000	40.681665
125.000000	40.620853
126.000000	40.730798
127.000000	40.713409
128.000000	40.654604
129.000000	40.577950
130.000000	40.667901
131.000000	40.681293
132.000000	40.672224
133.000000	40.644069
134.000000	40.517106
135.000000	40.605096
136.000000	40.711384
137.000000	40.618708
138.000000	40.603262
139.000000	40.603722
140.000000	40.734732
141.000000	40.719385
142.000000	40.692774
143.000000	40.694955
144.000000	40.582612
145.000000	40.609415
146.000000	40.674018
147.000000	40.671753
148.000000	40.684179
149.000000	40.639945
150.000000	40.546970
151.000000	40.584698
152.000000	40.622669
153.000000	40.548277
154.000000	40.620155
155.000000	40.562207
156.000000	40.566944
157.000000	40.606763
158.000000	40.656466
159.000000	40.597286
160.000000	40.651992
161.000000	40.586177
162.000000	40.660329
163.000000	40.548602
164.000000	40.667296
165.000000	40.555835
166.000000	40.630967
167.000000	40.623607
168.000000	40.586245
169.000000	40.450286
170.000000	40.515594
171.000000	40.553219
172.000000	40.581373
173.000000	40.453136
174.000000	40.478621
175.000000	40.568487
176.000000	40.510327
177.000000	40.501441
178.000000	40.578814
179.000000	40.609825
180.000000	40.578531
181.000000	40.544963
182.000000	40.522951
183.000000	40.543006
184.000000	40.452888
185.000000	40.547555
186.000000	40.481981
187.000000	40.586499
188.000000	40.541887
189.000000	40.499313
190.000000	40.460669
191.000000	40.419423
192.000000	40.445787
193.000000	40.453380
194.000000	40.402445
195.000000	40.428989
196.000000	40.490162
197.000000	40.464323
198.000000	40.459168
199.000000	40.598242
200.000000	40.548132
201.000000	40.531008
202.000000	40.555998
203.000000	40.475290
204.000000	40.515063
205.000000	40.451458
206.000000	40.429973
207.000000	40.413756
208.000000	40.306132
209.000000	40.337593
210.000000	40.285288
211.000000	40.341689
212.000000	40.303208
213.000000	40.339767
214.000000	40.497232
215.000000	40.425898
216.000000	40.397878
217.000000	40.388794
218.000000	40.399595
219.000000	40.366307
220.000000	40.440165
221.000000	40.396027
222.000000	40.417193
223.000000	40.433000
224.000000	40.415834
225.000000	40.297328
226.000000	40.359252
227.000000	40.346189
228.000000	40.267743
229.000000	40.178539
230.000000	40.283805
231.000000	40.310228
232.000000	40.295211
233.000000	40.314179
234.000000	40.320955
235.000000	40.376726
236.000000	40.361447
237.000000	40.277227
238.000000	40.373922
239.000000	40.328807
240.000000	40.430097
241.000000	40.275468
242.000000	40.360314
243.000000	40.451681
244.000000	40.443843
245.000000	40.486427
246.000000	40.416418
247.000000	40.338344
248.000000	40.300766
249.000000	40.451348
250.000000	40.461045
251.000000	40.448767
252.000000	40.444505
253.000000	40.447288
254.000000	40.450895
255.000000	40.422567
256.000000	40.567270
257.000000	40.400094
258.000000	40.513690
259.000000	40.449090
260.000000	40.496138
261.000000	40.513835
262.000000	40.477758
263.000000	40.498411
264.000000	40.506624
265.000000	40.462981
266.000000	40.505859
267.000000	40.389141
268.000000	40.474571
269.000000	40.532552
270.000000	40.528424
271.000000	40.487256
272.000000	40.483553
273.000000	40.551764
274.000000	40.561588
275.000000	40.507817
276.000000	40.491684
277.000000	40.508751
278.000000	40.467350
279.000000	40.491090
280.000000	40.538226
281.000000	40.544453
282.000000	40.426185
283.000000	40.542400
284.000000	40.534686
285.000000	40.489716
286.000000	40.452672
287.000000	40.510812
288.000000	40.508365
289.000000	40.583094
290.000000	40.600430
291.000000	40.527592
292.000000	40.499143
293.000000	40.535685
294.000000	40.522119
295.000000	40.532406
296.000000	40.528038
297.000000	40.616998
298.000000	40.529542
299.000000	40.609443
300.000000	40.524232
301.000000	40.571001
302.000000	40.533270
303.000000	40.584513
304.000000	40.539908
305.000000	40.506192
306.000000	40.537203
307.000000	40.515414
308.000000	40.612031
309.000000	40.592762
310.000000	40.548284
311.000000	40.651588
312.000000	40.548252
313.000000	40.570941
314.000000	40.582202
315.000000	40.590780
316.000000	40.583097
317.000000	40.587179
318.000000	40.617153
319.000000	40.608717
320.000000	40.614289
321.000000	40.655560
322.000000	40.662070
323.000000	40.655872
324.000000	40.590847
325.000000	40.604894
326.000000	40.617943
327.000000	40.579356
328.000000	40.665996
329.000000	40.595704
330.000000	40.613093
331.000000	40.681258
332.000000	40.666287
333.000000	40.640366
334.000000	40.670167
335.000000	40.645280
336.000000	40.670124
337.000000	40.636005
338.000000	40.639435
339.000000	40.686161
340.000000	40.652732
341.000000	40.664209
342.000000	40.685425
343.000000	40.784258
344.000000	40.729517
345.000000	40.685687
346.000000	40.769442
347.000000	40.695277
348.000000	40.662148
349.000000	40.593084
350.000000	40.679091
351.000000	40.734378
352.000000	40.755183
353.000000	40.707469
354.000000	40.820618
355.000000	40.789264
356.000000	40.799633
357.000000	40.789766
358.000000	40.780636
359.000000	40.897882
360.000000	40.867667
361.000000	40.789033
362.000000	40.768441
363.000000	40.922163
364.000000	40.835685
365.000000	40.817379
366.000000	40.809502
367.000000	40.820449
368.000000	40.867695
369.000000	40.833476
370.000000	40.748598
371.000000	40.875890
372.000000	40.834818
373.000000	40.915883
374.000000	40.851878
375.000000	40.803105
376.000000	40.833366
377.000000	40.872028
378.000000	40.861333
379.000000	40.874750
380.000000	40.992870
381.000000	40.840634
382.000000	40.962156
383.000000	40.857719
384.000000	40.856862
385.000000	40.840004
386.000000	40.862335
387.000000	40.872216
388.000000	40.836170
389.000000	40.952276
390.000000	40.968649
391.000000	40.865362
392.000000	40.963993
393.000000	40.889948
394.000000	40.871837
395.000000	40.892210
396.000000	40.867762
397.000000	40.810118
398.000000	40.892186
399.000000	40.896809
400.000000	40.918559
401.000000	40.909939
402.000000	40.997802
403.000000	40.924935
404.000000	40.967870
405.000000	40.855496
406.000000	40.920078
407.000000	41.005331
408.000000	41.020805
409.000000	40.901924
410.000000	40.952849
411.000000	40.935718
412.000000	40.972479
413.000000	40.865316
414.000000	40.937765
415.000000	40.979938
416.000000	40.882843
417.000000	40.920167
418.000000	40.881700
419.000000	40.985337
420.000000	40.910591
421.000000	40.887477
422.000000	40.856119
423.000000	40.956715
424.000000	40.890341
425.000000	40.915412
426.000000	40.976543
427.000000	41.008489
428.000000	40.895864
429.000000	40.896384
430.000000	40.922779
431.000000	41.027340
432.000000	40.928259
433.000000	40.963926
434.000000	40.933010
435.000000	40.915688
436.000000	40.967657
437.000000	40.930309
438.000000	40.941036
439.000000	40.959922
440.000000	41.040906
441.000000	40.978165
442.000000	40.992605
443.000000	40.851658
444.000000	41.032428
445.000000	40.971477
446.000000	41.050171
447.000000	40.925417
448.000000	41.029967
449.000000	40.959441
450.000000	40.992417
451.000000	41.002790
452.000000	41.014228
453.000000	40.995320
454.000000	41.014557
455.000000	40.964627
456.000000	40.960411
457.000000	40.993989
458.000000	40.998060
459.000000	40.950006
460.000000	40.961894
461.000000	40.978065
462.000000	40.998248
463.000000	40.955738
464.000000	40.978632
465.000000	41.004022
466.000000	41.023099
467.000000	40.973754
468.000000	41.026547
469.000000	40.973860
470.000000	41.045023
471.000000	40.928065
472.000000	40.996152
473.000000	41.006259
474.000000	40.934851
475.000000	40.959122
476.000000	40.960538
477.000000	40.944746
478.000000	40.925013
479.000000	40.999519
480.000000	40.951093
481.000000	40.967261
482.000000	40.981786
483.000000	40.887654
484.000000	40.982919
485.000000	41.040736
486.000000	40.943847
487.000000	40.881675
488.000000	40.984760
489.000000	40.915646
490.000000	40.901160
491.000000	40.999016
492.000000	40.949975
493.000000	40.878248
494.000000	40.901847
495.000000	40.901425
496.000000	40.910024
497.000000	40.959869
498.000000	40.924850
499.000000	40.968635
500.000000	40.950594
501.000000	40.956223
502.000000	40.881094
503.000000	40.912867
504.000000	40.956941
505.000000	40.866658
506.000000	40.850600
507.000000	40.952934
508.000000	40.934214
509.000000	40.871745
510.000000	40.899970
511.000000	40.926327
512.000000	40.946109
513.000000	40.888999
514.000000	40.951486
515.000000	40.893690
516.000000	40.885505
517.000000	40.847700
518.000000	40.865468
519.000000	40.967668
520.000000	40.905861
521.000000	40.879023
522.000000	41.028240
523.000000	40.944894
524.000000	40.786796
525.000000	40.829780
526.000000	40.832180
527.000000	40.912835
528.000000	40.839565
529.000000	40.851325
530.000000	40.878977
531.000000	40.835466
532.000000	40.858038
533.000000	40.823560
534.000000	40.798443
535.000000	40.906548
536.000000	40.927488
537.000000	40.838185
538.000000	40.868070
539.000000	40.885781
540.000000	40.921533
541.000000	40.768972
542.000000	40.867653
543.000000	40.839873
544.000000	40.806426
545.000000	40.842100
546.000000	40.865525
547.000000	40.875048
548.000000	40.928716
549.000000	40.868909
550.000000	40.929070
551.000000	40.845537
552.000000	40.854129
553.000000	40.827355
554.000000	40.775482
555.000000	40.890412
556.000000	40.837809
557.000000	40.836549
558.000000	40.884773
559.000000	40.906927
560.000000	40.807290
561.000000	40.819025
562.000000	40.879823
563.000000	40.848497
564.000000	40.935481
565.000000	40.857191
566.000000	40.932058
567.000000	40.905178
568.000000	40.830336
569.000000	40.872152
570.000000	40.883141
571.000000	40.809871
572.000000	40.811796
573.000000	40.898324
574.000000	40.814791
575.000000	40.920843
576.000000	40.958846
577.000000	40.877590
578.000000	40.890837
579.000000	40.893963
580.000000	40.889559
581.000000	40.914991
582.000000	40.929240
583.000000	40.888830
584.000000	40.969300
585.000000	40.882110
586.000000	40.880616
587.000000	40.899107
588.000000	40.867419
589.000000	40.882861
590.000000	40.958864
591.000000	40.834064
592.000000	40.939623
593.000000	40.832864
594.000000	40.882227
595.000000	40.921020
596.000000	40.974005
597.000000	40.960092
598.000000	40.946541
599.000000	40.955943
600.000000	40.900947
601.000000	40.898342
602.000000	40.853117
603.000000	40.951840
604.000000	41.022267
605.000000	40.880362
606.000000	40.794807
607.000000	40.955557
608.000000	41.019117
609.000000	40.895219
610.000000	41.009523
611.000000	40.890893
612.000000	40.916520
613.000000	40.906944
614.000000	40.891555
615.000000	40.884868
616.000000	40.894026
617.000000	40.838305
618.000000	40.994279
619.000000	40.916708
620.000000	40.976472
621.000000	40.969983
622.000000	40.868414
623.000000	40.857556
624.000000	41.004280
625.000000	40.941744
626.000000	40.958666
627.000000	40.927948
628.000000	40.927704
629.000000	40.920181
630.000000	40.930054
631.000000	40.882779
632.000000	40.766380
633.000000	40.950247
634.000000	40.964436
635.000000	41.005604
636.000000	40.959912
637.000000	40.928390
638.000000	40.942491
639.000000	40.880468
640.000000	40.834956
641.000000	40.892062
642.000000	40.907911
643.000000	40.931502
644.000000	40.940830
645.000000	40.939864
646.000000	40.944424
647.000000	40.863634
648.000000	40.871299
649.000000	40.886797
650.000000	40.859730
651.000000	40.880354
652.000000	40.837225
653.000000	40.842751
654.000000	40.888546
655.000000	40.929180
656.000000	40.863043
657.000000	40.918188
658.000000	40.893340
659.000000	40.881130
660.000000	40.969728
661.000000	40.878747
662.000000	40.824265
663.000000	40.870010
664.000000	40.821872
665.000000	40.899659
666.000000	40.791837
667.000000	40.817556
668.000000	40.866863
669.000000	40.775255
670.000000	40.869812
671.000000	40.822491
672.000000	40.832418
673.000000	40.838539
674.000000	40.877979
675.000000	40.814951
676.000000	40.831575
677.000000	40.851403
678.000000	40.757533
679.000000	40.879597
680.000000	40.848985
681.000000	40.829062
682.000000	40.845205
683.000000	40.914814
684.000000	40.829391
685.000000	40.822063
686.000000	40.781691
687.000000	40.837402
688.000000	40.867419
689.000000	40.873133
690.000000	40.823089
691.000000	40.787738
692.000000	40.768303
693.000000	40.872743
694.000000	40.818303
695.000000	40.830853
696.000000	40.864484
697.000000	40.836368
698.000000	40.854037
699.000000	40.868138
700.000000	40.899528
701.000000	40.887474
702.000000	40.829628
703.000000	40.836846
704.000000	40.800273
705.000000	40.912771
706.000000	40.817673
707.000000	40.895942
708.000000	40.916492
709.000000	40.933159
710.000000	40.855308
711.000000	40.873154
712.000000	40.881417
713.000000	40.845098
714.000000	40.923586
715.000000	40.814767
716.000000	40.869752
717.000000	40.864757
718.000000	40.836705
719.000000	40.889931
720.000000	40.928045
721.000000	40.914387
722.000000	40.949374
723.000000	40.954801
724.000000	40.932934
725.000000	40.984680
726.000000	40.925291
727.000000	40.946337
728.000000	40.955354
729.000000	40.950950
730.000000	40.893433
731.000000	40.888566
732.000000	40.947463
733.000000	40.888013
734.000000	40.923712
735.000000	40.917853
736.000000	40.930541
737.000000	40.955003
738.000000	40.901314
739.000000	40.906932
740.000000	40.920044
741.000000	40.912185
742.000000	40.913499
743.000000	40.901522
744.000000	40.912005
745.000000	40.852166
746.000000	40.948762
747.000000	40.948758
748.000000	40.991569
749.000000	40.903342
750.000000	40.938092
751.000000	40.929992
752.000000	40.909343
753.000000	40.947873
754.000000	40.924409
755.000000	40.847929
756.000000	40.935051
757.000000	40.901406
758.000000	40.975069
759.000000	40.884151
760.000000	40.883195
761.000000	40.925209
762.000000	40.908996
763.000000	40.939735
764.000000	40.906758
765.000000	40.918469
766.000000	40.853182
767.000000	40.886495
768.000000	40.900832
769.000000	40.881917
770.000000	40.905877
771.000000	40.882689
772.000000	40.985997
773.000000	40.873867
774.000000	40.895901
775.000000	40.911396
776.000000	40.871155
777.000000	40.895922
778.000000	40.821215
779.000000	40.962285
780.000000	40.818659
781.000000	40.881662
782.000000	40.825477
783.000000	40.926020
784.000000	40.940195
785.000000	40.933153
786.000000	40.859253
787.000000	40.900715
788.000000	40.855260
789.000000	40.828869
790.000000	40.841981
791.000000	40.932842
792.000000	40.831694
793.000000	40.867180
794.000000	40.897257
795.000000	40.837206
796.000000	40.798448
797.000000	40.922862
798.000000	40.896881
799.000000	40.783120
800.000000	40.878706
801.000000	40.865934
802.000000	40.884707
803.000000	40.813625
804.000000	40.848545
805.000000	40.767377
806.000000	40.772241
807.000000	40.816903
808.000000	40.854053
809.000000	40.750274
810.000000	40.942425
811.000000	40.823247
812.000000	40.779763
813.000000	40.793227
814.000000	40.760580
815.000000	40.808141
816.000000	40.853671
817.000000	40.789322
818.000000	40.767221
819.000000	40.898248
820.000000	40.877221
821.000000	40.791419
822.000000	40.909252
823.000000	40.928160
824.000000	40.922460
825.000000	40.940115
826.000000	40.865652
827.000000	40.863039
828.000000	40.963427
829.000000	40.937347
830.000000	40.921427
831.000000	40.873274
832.000000	40.964276
833.000000	40.836619
834.000000	40.808415
835.000000	40.884648
836.000000	40.954509
837.000000	40.833090
838.000000	40.887463
839.000000	40.787132
840.000000	40.939318
841.000000	40.947733
842.000000	40.843870
843.000000	40.859797
844.000000	40.918750
845.000000	40.816051
846.000000	40.897343
847.000000	40.822328
848.000000	40.804079
849.000000	40.899520
850.000000	40.846574
851.000000	40.897432
852.000000	40.801077
853.000000	40.916867
854.000000	40.823758
855.000000	40.852869
856.000000	40.825401
857.000000	40.889010
858.000000	40.865719
859.000000	40.850904
860.000000	40.804036
861.000000	40.877940
862.000000	40.858097
863.000000	40.814865
864.000000	40.858080
865.000000	40.818756
866.000000	40.805498
867.000000	40.772756
868.000000	40.804280
869.000000	40.739305
870.000000	40.807159
871.000000	40.736115
872.000000	40.806684
873.000000	40.742601
874.000000	40.737209
875.000000	40.805219
876.000000	40.806702
877.000000	40.807028
878.000000	40.828750
879.000000	40.747033
880.000000	40.867964
881.000000	40.798152
882.000000	40.727962
883.000000	40.786647
884.000000	40.844001
885.000000	40.776243
886.000000	40.835922
887.000000	40.762811
888.000000	40.740006
889.000000	40.746892
890.000000	40.786944
891.000000	40.747734
892.000000	40.812699
893.000000	40.822236
894.000000	40.846472
895.000000	40.889923
896.000000	40.817287
897.000000	40.747493
898.000000	40.786544
899.000000	40.840492
900.000000	40.712740
901.000000	40.738395
902.000000	40.847091
903.000000	40.782031
904.000000	40.738916
905.000000	40.801618
906.000000	40.812033
907.000000	40.768182
908.000000	40.726646
909.000000	40.788775
910.000000	40.793858
911.000000	40.795579
912.000000	40.790810
913.000000	40.819114
914.000000	40.799533
915.000000	40.804719
916.000000	40.729977
917.000000	40.781418
918.000000	40.765300
919.000000	40.818402
920.000000	40.802163
921.000000	40.790208
922.000000	40.754485
923.000000	40.788180
924.000000	40.767010
925.000000	40.721650
926.000000	40.767010
927.000000	40.761208
928.000000	40.829652
929.000000	40.721527
930.000000	40.765640
931.000000	40.844330
932.000000	40.755434
933.000000	40.698898
934.000000	40.739440
935.000000	40.736809
936.000000	40.804093
937.000000	40.687970
938.000000	40.686132
939.000000	40.754096
940.000000	40.725176
941.000000	40.735156
942.000000	40.693160
943.000000	40.691967
944.000000	40.697464
945.000000	40.728295
946.000000	40.719077
947.000000	40.687467
948.000000	40.716337
949.000000	40.678397
950.000000	40.640656
951.000000	40.739224
952.000000	40.609715
953.000000	40.699571
954.000000	40.632015
955.000000	40.745642
956.000000	40.647796
957.000000	40.768614
958.000000	40.683768
959.000000	40.705171
960.000000	40.655599
961.000000	40.655365
962.000000	40.736384
963.000000	40.758443
964.000000	40.691595
965.000000	40.653680
966.000000	40.652976
967.000000	40.657571
968.000000	40.672521
969.000000	40.612714
970.000000	40.654866
971.000000	40.661911
972.000000	40.677427
973.000000	40.685460
974.000000	40.671965
975.000000	40.702028
976.000000	40.632942
977.000000	40.647425
978.000000	40.658781
979.000000	40.679303
980.000000	40.697294
981.000000	40.655889
982.000000	40.701316
983.000000	40.662909
984.000000	40.659599
985.000000	40.665685
986.000000	40.661550
987.000000	40.672386
988.000000	40.660668
989.000000	40.568891
990.000000	40.675466
991.000000	40.629834
992.000000	40.650136
993.000000	40.658774
994.000000	40.553990
995.000000	40.677470
996.000000	40.638206
997.000000	40.601513
998.000000	40.600784
999.000000	40.646196
1000.000000	40.604610
1001.000000	40.641130
1002.000000	40.678295
1003.000000	40.654009
1004.000000	40.576966
1005.000000	40.586793
1006.000000	40.603807
1007.000000	40.613574
1008.000000	40.602614
1009.000000	40.593735
1010.000000	40.606519
1011.000000	40.587204
1012.000000	40.649262
1013.000000	40.546818
1014.000000	40.607581
1015.000000	40.652282
1016.000000	40.614686
1017.000000	40.596001
1018.000000	40.600323
1019.000000	40.613836
1020.000000	40.728679
1021.000000	40.660021
1022.000000	40.690442
1023.000000	40.625328
1024.000000	40.698060
1025.000000	40.676865
1026.000000	40.719584
1027.000000	40.670656
1028.000000	40.648916
1029.000000	40.617667
1030.000000	40.618177
1031.000000	40.681329
1032.000000	40.621632
1033.000000	40.650445
1034.000000	40.671983
1035.000000	40.680359
1036.000000	40.737338
1037.000000	40.618680
1038.000000	40.688622
1039.000000	40.621487
1040.000000	40.641184
1041.000000	40.699522
1042.000000	40.686473
1043.000000	40.656145
1044.000000	40.630745
1045.000000	40.596611
1046.000000	40.572616
1047.000000	40.601085
1048.000000	40.637513
1049.000000	40.581749
1050.000000	40.655713
1051.000000	40.632532
1052.000000	40.608881
1053.000000	40.654244
1054.000000	40.659313
1055.000000	40.624443
1056.000000	40.603652
1057.000000	40.666171
1058.000000	40.691737
1059.000000	40.638643
1060.000000	40.607560
1061.000000	40.617437
1062.000000	40.583948
1063.000000	40.634108
1064.000000	40.586589
1065.000000	40.544405
1066.000000	40.521723
1067.000000	40.556016
1068.000000	40.566406
1069.000000	40.627905
1070.000000	40.599248
1071.000000	40.526778
1072.000000	40.673350
1073.000000	40.606884
1074.000000	40.566828
1075.000000	40.598600
1076.000000	40.582772
1077.000000	40.497494
1078.000000	40.618089
1079.000000	40.535013
1080.000000	40.619675
1081.000000	40.551421
1082.000000	40.567787
1083.000000	40.609794
1084.000000	40.566877
1085.000000	40.571543
1086.000000	40.541615
1087.000000	40.645532
1088.000000	40.528778
1089.000000	40.594037
1090.000000	40.609649
1091.000000	40.566205
1092.000000	40.635095
1093.000000	40.582394
1094.000000	40.544663
1095.000000	40.557018
1096.000000	40.603818
1097.000000	40.581809
1098.000000	40.606466
1099.000000	40.558144
1100.000000	40.570219
1101.000000	40.586245
1102.000000	40.540751
1103.000000	40.491639
1104.000000	40.476130
1105.000000	40.531869
1106.000000	40.573894
1107.000000	40.574878
1108.000000	40.454160
1109.000000	40.541275
1110.000000	40.481408
1111.000000	40.577483
1112.000000	40.489529
1113.000000	40.478746
1114.000000	40.506582
1115.000000	40.472890
1116.000000	40.436190
1117.000000	40.560339
1118.000000	40.584656
1119.000000	40.468048
1120.000000	40.405441
1121.000000	40.483302
1122.000000	40.420851
1123.000000	40.482020
1124.000000	40.411268
1125.000000	40.440587
1126.000000	40.496032
1127.000000	40.527982
1128.000000	40.586327
1129.000000	40.494025
1130.000000	40.407657
1131.000000	40.468009
1132.000000	40.469825
1133.000000	40.516430
1134.000000	40.374624
1135.000000	40.399228
1136.000000	40.428129
1137.000000	40.463442
1138.000000	40.397150
1139.000000	40.374656
1140.000000	40.399826
1141.000000	40.443072
1142.000000	40.428540
1143.000000	40.403968
1144.000000	40.338741
1145.000000	40.407745
1146.000000	40.388791
1147.000000	40.382801
1148.000000	40.391538
1149.000000	40.354778
1150.000000	40.426653
1151.000000	40.397921
1152.000000	40.390484
1153.000000	40.362049
1154.000000	40.365692
1155.000000	40.277918
1156.000000	40.332457
1157.000000	40.381106
1158.000000	40.298040
1159.000000	40.313281
1160.000000	40.428749
1161.000000	40.332408
1162.000000	40.270176
1163.000000	40.319964
1164.000000	40.380585
1165.000000	40.282591
1166.000000	40.276159
1167.000000	40.327930
1168.000000	40.322184
1169.000000	40.296794
1170.000000	40.302929
1171.000000	40.246234
1172.000000	40.325862
1173.000000	40.332769
1174.000000	40.344593
1175.000000	40.233755
1176.000000	40.300738
1177.000000	40.318177
1178.000000	40.332397
1179.000000	40.284305
1180.000000	40.325257
1181.000000	40.286361
1182.000000	40.302016
1183.000000	40.271199
1184.000000	40.251240
1185.000000	40.242623
1186.000000	40.283037
1187.000000	40.288206
1188.000000	40.318000
1189.000000	40.167311
1190.000000	40.241349
1191.000000	40.214738
1192.000000	40.250921
1193.000000	40.232137
1194.000000	40.250011
1195.000000	40.213764
1196.000000	40.165098
1197.000000	40.206171
1198.000000	40.240173
1199.000000	40.157186
1200.000000	40.215955
1201.000000	40.200513
1202.000000	40.221230
1203.000000	40.171601
1204.000000	40.161873
1205.000000	40.147397
1206.000000	40.207746
1207.000000	40.161877
1208.000000	40.097280
1209.000000	40.123990
1210.000000	40.179779
1211.000000	40.202839
1212.000000	40.196389
1213.000000	40.107221
1214.000000	40.146201
1215.000000	40.121048
1216.000000	40.104219
1217.000000	40.098944
1218.000000	40.193182
1219.000000	40.123020
1220.000000	40.217373
1221.000000	40.185190
1222.000000	40.179604
1223.000000	40.188454
1224.000000	40.162427
1225.000000	40.281244
1226.000000	40.224737
1227.000000	40.189796
1228.000000	40.251387
1229.000000	40.218354
1230.000000	40.160197
1231.000000	40.236387
1232.000000	40.245574
1233.000000	40.192744
1234.000000	40.323056
1235.000000	40.241860
1236.000000	40.193095
1237.000000	40.245092
1238.000000	40.153821
1239.000000	40.258028
1240.000000	40.168647
1241.000000	40.119836
1242.000000	40.122098
1243.000000	40.145788
1244.000000	40.137646
1245.000000	40.189990
1246.000000	40.209234
1247.000000	40.158055
1248.000000	40.213472
1249.000000	40.169295
1250.000000	40.214697
1251.000000	40.149573
1252.000000	40.191088
1253.000000	40.158427
1254.000000	40.182602
1255.000000	40.083645
1256.000000	40.120983
1257.000000	40.119365
1258.000000	40.127443
1259.000000	40.172392
1260.000000	40.146627
1261.000000	40.125603
1262.000000	40.147888
1263.000000	40.124399
1264.000000	40.075361
1265.000000	40.156738
1266.000000	40.102100
1267.000000	40.094269
1268.000000	40.156058
1269.000000	40.083900
1270.000000	40.114037
1271.000000	40.098860
1272.000000	40.089805
1273.000000	40.096559
1274.000000	40.069686
1275.000000	40.074536
1276.000000	40.160377
1277.000000	40.100064
1278.000000	40.185275
1279.000000	40.162200
1280.000000	40.053320
1281.000000	40.034770
1282.000000	40.083875
1283.000000	40.019413
1284.000000	40.030193
1285.000000	40.007012
1286.000000	40.121457
1287.000000	40.077821
1288.000000	40.023612
1289.000000	40.012899
1290.000000	40.049932
1291.000000	40.031803
1292.000000	40.018270
1293.000000	40.034667
1294.000000	40.005437
1295.000000	40.025219
1296.000000	40.042785
1297.000000	40.094488
1298.000000	39.980861
1299.000000	40.000441
1300.000000	40.048038
1301.000000	40.096336
1302.000000	39.936394
1303.000000	40.012881
1304.000000	39.962413
1305.000000	40.037988
1306.000000	40.020783
1307.000000	39.978355
1308.000000	40.036271
1309.000000	40.118172
1310.000000	39.925982
1311.000000	40.027729
1312.000000	39.976708
1313.000000	39.860486
1314.000000	40.034207
1315.000000	39.964024
1316.000000	39.969448
1317.000000	39.865609
1318.000000	39.841685
1319.000000	39.917737
1320.000000	39.913854
1321.000000	39.849954
1322.000000	39.850015
1323.000000	39.917231
1324.000000	39.859102
1325.000000	39.835178
1326.000000	39.849944
1327.000000	39.889561
1328.000000	39.869687
1329.000000	39.814436
1330.000000	39.798442
1331.000000	39.764584
1332.000000	39.732444
1333.000000	39.826044
1334.000000	39.836371
1335.000000	39.756392
1336.000000	39.777587
1337.000000	39.785287
1338.000000	39.796095
1339.000000	39.734766
1340.000000	39.829383
1341.000000	39.768995
1342.000000	39.743294
1343.000000	39.726893
1344.000000	39.705252
1345.000000	39.660193
1346.000000	39.667461
1347.000000	39.749220
1348.000000	39.705567
1349.000000	39.724864
1350.000000	39.719738
1351.000000	39.768266
1352.000000	39.718464
1353.000000	39.735608
1354.000000	39.701857
1355.000000	39.716715
1356.000000	39.634471
1357.000000	39.584166
1358.000000	39.758619
1359.000000	39.803402
1360.000000	39.765547
1361.000000	39.632846
1362.000000	39.640914
1363.000000	39.666997
1364.000000	39.754109
1365.000000	39.690072
1366.000000	39.650575
1367.000000	39.608918
1368.000000	39.708983
1369.000000	39.620190
1370.000000	39.619638
1371.000000	39.639951
1372.000000	39.583698
1373.000000	39.707256
1374.000000	39.582502
1375.000000	39.717426
1376.000000	39.595058
1377.000000	39.580002
1378.000000	39.632672
1379.000000	39.581068
1380.000000	39.628431
1381.000000	39.601912
1382.000000	39.542226
1383.000000	39.586608
1384.000000	39.572979
1385.000000	39.593076
1386.000000	39.662377
1387.000000	39.578448
1388.000000	39.508924
1389.000000	39.607647
1390.000000	39.553894
1391.000000	39.537928
1392.000000	39.566454
1393.000000	39.576055
1394.000000	39.568161
1395.000000	39.458371
1396.000000	39.538682
1397.000000	39.508092
1398.000000	39.482886
1399.000000	39.565686
1400.000000	39.477902
1401.000000	39.559657
1402.000000	39.504849
1403.000000	39.476401
1404.000000	39.483601
1405.000000	39.471929
1406.000000	39.470549
1407.000000	39.468995
1408.000000	39.477141
1409.000000	39.517108
1410.000000	39.484539
1411.000000	39.444122
1412.000000	39.462392
1413.000000	39.449977
1414.000000	39.364568
1415.000000	39.556967
1416.000000	39.432015
1417.000000	39.428124
1418.000000	39.412767
1419.000000	39.453326
1420.000000	39.511306
1421.000000	39.375408
1422.000000	39.432818
1423.000000	39.432085
1424.000000	39.407513
1425.000000	39.407598
1426.000000	39.343515
1427.000000	39.391972
1428.000000	39.432503
1429.000000	39.323007
1430.000000	39.333273
1431.000000	39.279726
1432.000000	39.274238
1433.000000	39.369804
1434.000000	39.374714
1435.000000	39.324320
1436.000000	39.316132
1437.000000	39.400150
1438.000000	39.377284
1439.000000	39.361244
1440.000000	39.344127
1441.000000	39.328540
1442.000000	39.324873
1443.000000	39.383016
1444.000000	39.266786
1445.000000	39.256577
1446.000000	39.378757
1447.000000	39.322887
1448.000000	39.363683
1449.000000	39.335426
1450.000000	39.292948
1451.000000	39.278239
1452.000000	39.332980
1453.000000	39.296414
1454.000000	39.296003
1455.000000	39.296899
1456.000000	39.313888
1457.000000	39.309884
1458.000000	39.288732
1459.000000	39.303055
1460.000000	39.371847
1461.000000	39.311895
1462.000000	39.396659
1463.000000	39.358688
1464.000000	39.295907
1465.000000	39.296899
1466.000000	39.340251
1467.000000	39.393169
1468.000000	39.353470
1469.000000	39.275265
1470.000000	39.294750
1471.000000	39.282720
1472.000000	39.282919
1473.000000	39.284519
1474.000000	39.241846
1475.000000	39.228684
1476.000000	39.275492
1477.000000	39.285786
1478.000000	39.207436
1479.000000	39.270146
1480.000000	39.359350
1481.000000	39.257334
1482.000000	39.202080
1483.000000	39.291011
1484.000000	39.274451
1485.000000	39.264078
1486.000000	39.230468
1487.000000	39.266514
1488.000000	39.268900
1489.000000	39.225409
1490.000000	39.193711
1491.000000	39.259257
1492.000000	39.208881
1493.000000	39.160420
1494.000000	39.192709
1495.000000	39.201036
1496.000000	39.219066
1497.000000	39.219391
1498.000000	39.189934
1499.000000	39.147205
1500.000000	39.221129
1501.000000	39.203932
1502.000000	39.263707
1503.000000	39.175533
1504.000000	39.250243
1505.000000	39.273916
1506.000000	39.186762
1507.000000	39.242112
1508.000000	39.278954
1509.000000	39.180570
1510.000000	39.129238
1511.000000	39.210463
1512.000000	39.178528
1513.000000	39.210166
1514.000000	39.251291
1515.000000	39.216895
1516.000000	39.217044
1517.000000	39.296276
1518.000000	39.176251
1519.000000	39.185264
1520.000000	39.179030
1521.000000	39.191959
1522.000000	39.255476
1523.000000	39.146089
1524.000000	39.185378
1525.000000	39.226599
1526.000000	39.149222
1527.000000	39.222262
1528.000000	39.219480
1529.000000	39.257979
1530.000000	39.213146
1531.000000	39.113860
1532.000000	39.197170
1533.000000	39.224970
1534.000000	39.243468
1535.000000	39.238288
1536.000000	39.207426
1537.000000	39.179105
1538.000000	39.218630
1539.000000	39.172208
1540.000000	39.162558
1541.000000	39.135558
1542.000000	39.223487
1543.000000	39.181452
1544.000000	39.169982
1545.000000	39.155195
1546.000000	39.216740
1547.000000	39.173826
1548.000000	39.231293
1549.000000	39.178818
1550.000000	39.185056
1551.000000	39.154483
1552.000000	39.183579
1553.000000	39.114685
1554.000000	39.139643
1555.000000	39.159199
1556.000000	39.162714
1557.000000	39.192568
1558.000000	39.188224
1559.000000	39.204540
1560.000000	39.187449
1561.000000	39.172775
1562.000000	39.052152
1563.000000	39.083992
1564.000000	39.116813
1565.000000	39.195754
1566.000000	39.132782
1567.000000	39.132506
1568.000000	39.241829
1569.000000	39.041674
1570.000000	39.166711
1571.000000	39.185817
1572.000000	39.142949
1573.000000	39.172127
1574.000000	39.168375
1575.000000	39.142309
1576.000000	39.154306
1577.000000	39.109446
1578.000000	39.147424
1579.000000	39.142818
1580.000000	39.187654
1581.000000	39.187828
1582.000000	39.105449
1583.000000	39.143834
1584.000000	39.202724
1585.000000	39.126516
1586.000000	39.150897
1587.000000	39.163525
1588.000000	39.182096
1589.000000	39.158699
1590.000000	39.145817
1591.000000	39.181894
1592.000000	39.177692
1593.000000	39.300078
1594.000000	39.269965
1595.000000	39.197322
1596.000000	39.198614
1597.000000	39.188295
1598.000000	39.246105
1599.000000	39.182871
1600.000000	39.265307
1601.000000	39.116381
1602.000000	39.026161
1603.000000	39.188893
1604.000000	39.326469
1605.000000	39.165079
1606.000000	39.311176
1607.000000	39.247896
1608.000000	39.239779
1609.000000	39.148989
1610.000000	39.293199
1611.000000	39.184326
1612.000000	39.177554
1613.000000	39.237538
1614.000000	39.298524
1615.000000	39.223654
1616.000000	39.301696
1617.000000	39.244763
1618.000000	39.291305
1619.000000	39.228111
