0.0	1.1641508148446475e-05
1.0	-0.0004689646970701535
2.0	0.0005362270729925019
3.0	-0.0003954487284907627
4.0	0.0004448352408775532
5.0	-0.00016762025581525084
6.0	-0.000685901915141066
7.0	0.0002626138968580425
8.0	-0.0003230869961328662
9.0	7.402945571940147e-05
10.0	0.00021526061596943949
11.0	0.00013644699909052594
12.0	-0.000207041862155068
13.0	-0.0001267188594479405
14.0	-9.901719012794234e-05
15.0	-0.0003795853793929153
16.0	0.00046137929338811907
17.0	0.0004510799547949031
18.0	0.00032810940348731207
19.0	-6.823755755035038e-05
20.0	0.00021363284693889375
21.0	-0.0013472200785509627
22.0	-0.0025565636808448284
23.0	-0.0011269681308177927
24.0	0.0006098318289737793
25.0	0.0021642624657433394
26.0	0.000572985057282335
27.0	-3.2397043077899214e-05
28.0	0.0002903155661780407
29.0	9.61375187340475e-05
30.0	-0.00044277241357864493
31.0	-5.429793548887811e-05
32.0	-0.00022385227687046695
33.0	-0.00048465047136450325
34.0	-0.00029292887536682685
35.0	0.0002473128679711332
36.0	-0.0005454106499046369
37.0	-0.00021358253407797166
38.0	-0.00012340412978568315
39.0	-0.00039503438728287715
40.0	-0.00016288492772639055
41.0	-0.00019990927422133242
42.0	-0.0011325617371228693
43.0	-0.0009347434062106199
44.0	-0.0008820036896211588
45.0	-0.0011773697791638202
46.0	-0.0008041963299609627
47.0	-0.0006887431119945477
48.0	-0.0008222497682997426
49.0	-0.0010171085191564542
50.0	-0.0011869884143443177
51.0	-0.000856373726340037
52.0	-0.0007868827866360672
53.0	-0.0003454318255521757
54.0	-0.0013341683305061517
55.0	-0.0007122717734360722
56.0	-0.0008668802355371958
57.0	-0.0013744482150619094
58.0	-0.0008710532434156693
59.0	-0.0016851153334917557
60.0	-0.001692573475231766
61.0	-0.0015652523412424794
62.0	-0.0011922860626435647
63.0	-0.0013901339893562592
64.0	-0.0017107748925733227
65.0	-0.0019497905778584363
66.0	-0.002490091512797562
67.0	-0.0018174973493759016
68.0	-0.001902674063374221
69.0	-0.002201029328773141
70.0	-0.002720642799123948
71.0	-0.002925534526368767
72.0	-0.002176080068905013
73.0	-0.0026132396389083753
74.0	-0.0021685627355638375
75.0	-0.0025794116388736343
76.0	-0.0024338298959416253
77.0	-0.002321336258030748
78.0	-0.002964453004099088
79.0	-0.0025953637753728174
80.0	-0.002755980184986903
81.0	-0.0026872291402968173
82.0	-0.0026114934866754975
83.0	-0.0030360748414431
84.0	-0.0029917995238120908
85.0	-0.0035617258551070385
86.0	-0.003403684280141326
87.0	-0.0034481963641767232
88.0	-0.004462000512201159
89.0	-0.004077314296582425
90.0	-0.003925635818736118
91.0	-0.005034590465546091
92.0	-0.004781605562398508
93.0	-0.004863793100540845
94.0	-0.0044397740659839055
95.0	-0.005583888523853885
96.0	-0.005003455683361779
97.0	-0.004992298066552346
98.0	-0.004405117383533669
99.0	-0.004909252250194069
100.0	-0.005512266686509873
101.0	-0.0062742993592096626
102.0	-0.005922997206617339
103.0	-0.005539968355829596
104.0	-0.0058380868548238525
105.0	-0.0061986228971895084
106.0	-0.006169914970650793
107.0	-0.006701781102431361
108.0	-0.006791752336119707
109.0	-0.006285427380218374
110.0	-0.006963911107950389
111.0	-0.007111830919126108
112.0	-0.00677944048308878
113.0	-0.006634628230971376
114.0	-0.007230421291951558
115.0	-0.007038018992541163
116.0	-0.0071694539428074815
117.0	-0.007607087045619895
118.0	-0.007664680473500548
119.0	-0.007209408273557241
120.0	-0.007483850132107195
121.0	-0.007201121449401735
122.0	-0.007669208630985741
123.0	-0.008254583970170376
124.0	-0.008156089145922136
125.0	-0.007895202164026489
126.0	-0.008074049586782577
127.0	-0.00807153394373537
128.0	-0.008692956967996672
129.0	-0.008564126448179173
130.0	-0.009379638732482582
131.0	-0.009340986616957096
132.0	-0.009202241503953544
133.0	-0.009656033913869082
134.0	-0.009588318722198435
135.0	-0.010594043216671307
136.0	-0.010436534366115536
137.0	-0.01032448466521299
138.0	-0.010783841085632885
139.0	-0.010740867983226422
140.0	-0.010703103741717871
141.0	-0.010666996865040312
142.0	-0.010609344245558493
143.0	-0.010572793431872602
144.0	-0.0118856335487084
145.0	-0.011204663773729898
146.0	-0.012275824583230599
147.0	-0.012105796709039959
148.0	-0.011974953674784749
149.0	-0.012438838252689561
150.0	-0.011928725034317194
151.0	-0.01218117721305456
152.0	-0.012378226053152204
153.0	-0.01311809147123618
154.0	-0.013015690001314577
155.0	-0.012890026232156281
156.0	-0.013031464563010537
157.0	-0.012692296688645919
158.0	-0.013694292112248648
159.0	-0.013596477991413128
160.0	-0.01309722643184464
161.0	-0.01388284695758712
162.0	-0.013601538873308262
163.0	-0.014429954926653707
164.0	-0.014013305246435166
165.0	-0.012849272814791472
166.0	-0.0139303482174785
167.0	-0.0133452392404987
168.0	-0.014064890726803133
169.0	-0.013509051996572709
170.0	-0.013811313907644718
171.0	-0.013422780237953786
172.0	-0.012814941686147234
173.0	-0.013370514054172824
174.0	-0.013021964311032096
175.0	-0.013292588311310572
176.0	-0.013010658715220162
177.0	-0.013461994673689661
178.0	-0.012976297990775204
179.0	-0.013625807429763671
180.0	-0.013164349707504179
181.0	-0.013689438400957732
182.0	-0.012948152384447152
183.0	-0.01317213340305019
184.0	-0.012952858116735291
185.0	-0.012577672153094998
186.0	-0.012411343753973781
187.0	-0.013057656846502046
188.0	-0.012414984037442036
189.0	-0.012827490305582825
190.0	-0.012372632446847127
191.0	-0.013142596794095978
192.0	-0.012289201885081685
193.0	-0.012520641045424732
194.0	-0.01342437841118361
195.0	-0.0129952097073302
196.0	-0.012897987502505788
197.0	-0.012842584163866067
198.0	-0.013817025897151851
199.0	-0.013497184080549838
200.0	-0.012488618389223759
201.0	-0.013405673865232557
202.0	-0.012797450568019118
203.0	-0.013505234138300955
204.0	-0.01365513686811394
205.0	-0.013334525560697598
206.0	-0.013676120290707812
207.0	-0.01322691522987808
208.0	-0.012987159649579083
209.0	-0.013948638422221667
210.0	-0.01394147623848721
211.0	-0.013958405036404942
212.0	-0.01322289020100266
213.0	-0.014403289110353422
214.0	-0.01415418125707876
215.0	-0.01458145582969679
216.0	-0.01441148714710704
217.0	-0.01472393001357021
218.0	-0.014432677740304857
219.0	-0.014418649330841497
220.0	-0.014693298359995395
221.0	-0.014283041372696705
222.0	-0.014735738737991916
223.0	-0.014660151063373372
224.0	-0.01514454553106328
225.0	-0.015236203725383339
226.0	-0.014412108658918869
227.0	-0.015629827872769852
228.0	-0.01444907381381237
229.0	-0.014285053887134691
230.0	-0.014778327094990938
231.0	-0.014653048071240082
232.0	-0.01435794834390253
233.0	-0.01510719563076234
234.0	-0.014936842202765702
235.0	-0.01444321384530246
236.0	-0.015292228575834612
237.0	-0.014898426853644878
238.0	-0.014586220753586097
239.0	-0.014722864564750327
240.0	-0.014973540995454369
241.0	-0.01494296853348072
242.0	-0.01531404068084398
243.0	-0.014934237772316884
244.0	-0.015144752701667223
245.0	-0.016158438466489327
246.0	-0.014989877877360992
247.0	-0.015532280114139164
248.0	-0.015757563347966748
249.0	-0.01581252274959814
250.0	-0.01601421813038303
251.0	-0.015824124303415902
252.0	-0.015863309143351056
253.0	-0.016320949007339068
254.0	-0.015889886172250005
255.0	-0.015711275515898303
256.0	-0.016269807463979154
257.0	-0.01593132029302753
258.0	-0.01591178706466098
259.0	-0.01642166351662896
260.0	-0.016452857490414162
261.0	-0.01745230767516924
262.0	-0.01681812886086868
263.0	-0.016638156797691542
264.0	-0.017079252609168715
265.0	-0.016659672944695357
266.0	-0.01752259770148826
267.0	-0.017385066016307644
268.0	-0.01736239563308206
269.0	-0.0175543539954844
270.0	-0.017556484893124166
271.0	-0.017740600368379333
272.0	-0.017712247591447336
273.0	-0.017880499717604654
274.0	-0.017557757512548268
275.0	-0.01786833584357623
276.0	-0.018447111319237344
277.0	-0.018805989996771733
278.0	-0.017658738384042992
279.0	-0.018467147676213113
280.0	-0.018419320862515735
281.0	-0.018194185607690927
282.0	-0.018234998216656903
283.0	-0.018208628358361897
284.0	-0.01759910284592391
285.0	-0.017569299874764865
286.0	-0.01728097758575433
287.0	-0.017973844872556148
288.0	-0.0172747624676377
289.0	-0.018030343255816473
290.0	-0.017981569376501267
291.0	-0.017528102520391727
292.0	-0.017298291129079223
293.0	-0.01722856342297059
294.0	-0.01671824303399428
295.0	-0.01727496963824164
296.0	-0.017401018152806827
297.0	-0.016657542047055315
298.0	-0.016733899212488187
299.0	-0.01672943024660416
300.0	-0.016566475768746366
301.0	-0.016696578907987692
302.0	-0.0160121760201446
303.0	-0.016425777332905993
304.0	-0.015873756460947325
305.0	-0.01622597608335675
306.0	-0.016607643527318784
307.0	-0.016704569774137642
308.0	-0.016305026466640053
309.0	-0.016434774456274937
310.0	-0.016152963243386585
311.0	-0.01652882991043987
312.0	-0.01639156458746409
313.0	-0.015793167096034812
314.0	-0.016325595548026043
315.0	-0.016521845301508912
316.0	-0.015731045510669242
317.0	-0.015924868408506238
318.0	-0.016016615390227907
319.0	-0.016075836587139382
320.0	-0.015694672271786572
321.0	-0.015980153363943903
322.0	-0.016228787684409513
323.0	-0.015052029058527283
324.0	-0.01578677440311496
325.0	-0.016000663253728724
326.0	-0.015789082875558226
327.0	-0.01584646913283521
328.0	-0.015876212912393363
329.0	-0.01568555676521557
330.0	-0.016014869237995305
331.0	-0.01580707712229584
332.0	-0.01575383427709688
333.0	-0.01643436011506705
334.0	-0.01602889764745839
335.0	-0.01695048128095238
336.0	-0.01654250317029651
337.0	-0.016286736261896886
338.0	-0.016218606729018353
339.0	-0.016241069941639995
340.0	-0.01651642927000733
341.0	-0.01596278062901784
342.0	-0.01654123055087268
343.0	-0.016252730687058924
344.0	-0.016049377941442764
345.0	-0.01582628479685639
346.0	-0.015764370382094484
347.0	-0.016434123348662663
348.0	-0.015919689143409046
349.0	-0.015332064523382039
350.0	-0.01539658336859276
351.0	-0.016222099033484108
352.0	-0.015706599379410335
353.0	-0.015940998119808918
354.0	-0.016058730214418428
355.0	-0.015357960848867994
356.0	-0.01576872096477618
357.0	-0.016053166203913796
358.0	-0.01575347912749016
359.0	-0.016340423044104452
360.0	-0.015568475778218611
361.0	-0.015582267421277305
362.0	-0.0161610133011377
363.0	-0.016005635348221973
364.0	-0.01555944905904922
365.0	-0.016232990288088434
366.0	-0.016383573721314135
367.0	-0.01591157989405704
368.0	-0.016308992303914586
369.0	-0.015378500334453536
370.0	-0.015565989730971848
371.0	-0.01656668293935031
372.0	-0.01668607239879053
373.0	-0.015940376607997367
374.0	-0.015341180029953315
375.0	-0.016333911967982267
376.0	-0.015787721468732786
377.0	-0.01619939905445808
378.0	-0.01563444481765638
379.0	-0.016001965468952994
380.0	-0.01649384767418336
381.0	-0.016013359852166814
382.0	-0.01600462909100298
383.0	-0.016228965259212736
384.0	-0.016069295915216476
385.0	-0.01632867351128391
386.0	-0.016045708062174063
387.0	-0.016866843548582994
388.0	-0.016321333752746234
389.0	-0.016840177732282434
390.0	-0.016343885752769485
391.0	-0.016463955915622427
392.0	-0.01676316945923729
393.0	-0.01609711596773853
394.0	-0.015886097909778695
395.0	-0.016121236545191164
396.0	-0.016478309878891786
397.0	-0.016026677962416736
398.0	-0.015597420471161715
399.0	-0.015000058832751876
400.0	-0.015551576576101326
401.0	-0.01573524811434816
402.0	-0.016118247369335183
403.0	-0.015165854507463153
404.0	-0.015476196072086725
405.0	-0.015249965772641589
406.0	-0.01498301165163209
407.0	-0.014493556302047322
408.0	-0.01496924960437384
409.0	-0.014948828501990629
410.0	-0.015016247735655722
411.0	-0.015218712607254947
412.0	-0.015118767588779659
413.0	-0.015266361846149103
414.0	-0.014888926601666436
415.0	-0.014703716081790942
416.0	-0.014545556123622898
417.0	-0.01520613439201891
418.0	-0.015164374717435385
419.0	-0.015129836418187204
420.0	-0.014895496869389785
421.0	-0.01532182437638999
422.0	-0.01461717796096691
423.0	-0.015208975588872391
424.0	-0.015351065027338646
425.0	-0.014979193793360336
426.0	-0.01597272481800434
427.0	-0.015920843379630817
428.0	-0.015262455200476014
429.0	-0.015454295179675746
430.0	-0.015474449919854123
431.0	-0.015676707620849405
432.0	-0.015410108649446624
433.0	-0.015570192334650767
434.0	-0.015178462318499633
435.0	-0.015384656260969
436.0	-0.015589725563017316
437.0	-0.015094380649121917
438.0	-0.015433726098289758
439.0	-0.01536512303260245
440.0	-0.015564332366140857
441.0	-0.015612425542043345
442.0	-0.01588642346358497
443.0	-0.016060653941454527
444.0	-0.015481138570779528
445.0	-0.015780766455602273
446.0	-0.015915989668339625
447.0	-0.015282787515457337
448.0	-0.016332964902364442
449.0	-0.016378631222621332
450.0	-0.01619149697570974
451.0	-0.01609377164227583
452.0	-0.016746092682317058
453.0	-0.016433442645249947
454.0	-0.015751229846648063
455.0	-0.01648378510199453
456.0	-0.016074031243305337
457.0	-0.01647301223059254
458.0	-0.01676731287131504
459.0	-0.0166302547189432
460.0	-0.01658692646693002
461.0	-0.016927840493527517
462.0	-0.016907153028939196
463.0	-0.016999699097275917
464.0	-0.016901559422634396
465.0	-0.016313875611006223
466.0	-0.017204827590925398
467.0	-0.016594976524681136
468.0	-0.016639902949924144
469.0	-0.01746994677230041
470.0	-0.017251145018794562
471.0	-0.016685214120574592
472.0	-0.017089522351961484
473.0	-0.01705054468263
474.0	-0.017372872546478773
475.0	-0.01699265529674379
476.0	-0.01735020216325319
477.0	-0.018183738290094936
478.0	-0.01727115177996989
479.0	-0.017953601344976432
480.0	-0.01757589973828866
481.0	-0.0175489083681821
482.0	-0.017254282173653324
483.0	-0.01729414771700147
484.0	-0.016665000188795326
485.0	-0.017164636493770976
486.0	-0.017073836577667135
487.0	-0.016749703369984593
488.0	-0.01731601901361173
489.0	-0.017881565166424536
490.0	-0.016994608619580336
491.0	-0.01697782780066566
492.0	-0.017081028357202037
493.0	-0.01631088643515024
494.0	-0.01651059889729787
495.0	-0.01644960195235307
496.0	-0.01672803924397828
497.0	-0.016456468178081975
498.0	-0.016068467232800983
499.0	-0.016189721227676417
500.0	-0.016195758770989825
501.0	-0.01623961974741267
502.0	-0.016945272420054742
503.0	-0.01683277878214359
504.0	-0.01642006534339886
505.0	-0.017408061953338952
506.0	-0.016097855862752416
507.0	-0.016711998320077207
508.0	-0.015944460828473953
509.0	-0.01647153244056477
510.0	-0.015751732975257282
511.0	-0.016121266140991884
512.0	-0.016283954256644848
513.0	-0.015353580670385853
514.0	-0.016408286214777874
515.0	-0.015872898182731108
516.0	-0.016175574435011
517.0	-0.016587044850132352
518.0	-0.016091344786630234
519.0	-0.015605855274319996
520.0	-0.01615530131163057
521.0	-0.01601149531673188
522.0	-0.01538705352081415
523.0	-0.01618081289170936
524.0	-0.01571340641353807
525.0	-0.015874585143362818
526.0	-0.016241425091246715
527.0	-0.015558383610229062
528.0	-0.01589343766831665
529.0	-0.016188566991454646
530.0	-0.015224335809360468
531.0	-0.016510510109896258
532.0	-0.015540892492100944
533.0	-0.015641636597191283
534.0	-0.01578038171019511
535.0	-0.016169714466501093
536.0	-0.015544236817563646
537.0	-0.015631869983008008
538.0	-0.01553666029262158
539.0	-0.015320551756966163
540.0	-0.015510734371334906
541.0	-0.01656020145902857
542.0	-0.01564977544234401
543.0	-0.016460315632154172
544.0	-0.016040587988677763
545.0	-0.016450460230569286
546.0	-0.015705948271798335
547.0	-0.016526255075791498
548.0	-0.016260395999402603
549.0	-0.016887205459365038
550.0	-0.016429417616374523
551.0	-0.01569097279671715
552.0	-0.015527929531457743
553.0	-0.015485844303067943
554.0	-0.01700771955922659
555.0	-0.01581927059212471
556.0	-0.016134377080637863
557.0	-0.016619629826543712
558.0	-0.01679229172698389
559.0	-0.016686753102203526
560.0	-0.016417046571742155
561.0	-0.016731886698050476
562.0	-0.016559047222807075
563.0	-0.01718511678775535
564.0	-0.016712471852885984
565.0	-0.01649748795765189
566.0	-0.017127138614467536
567.0	-0.016336664377433863
568.0	-0.016122124419207826
569.0	-0.016202536209316838
570.0	-0.016996265984411604
571.0	-0.01633340883937277
572.0	-0.016805846603638198
573.0	-0.01689768237276148
574.0	-0.01655318725429689
575.0	-0.016628982099519376
576.0	-0.016465613280453695
577.0	-0.016691370047090055
578.0	-0.016534897049553722
579.0	-0.016332372986353334
580.0	-0.016398194046788602
581.0	-0.016248616870781617
582.0	-0.01591868288619033
583.0	-0.01541182520587878
584.0	-0.01615672191005717
585.0	-0.015809148828334715
586.0	-0.015505495914636548
587.0	-0.016050739348268478
588.0	-0.015377494077234544
589.0	-0.015911964639464204
590.0	-0.01556643366798018
591.0	-0.015658831757314123
592.0	-0.015075143378760923
593.0	-0.016157994529480996
594.0	-0.014933734643707387
595.0	-0.015339137919714885
596.0	-0.014980555200186048
597.0	-0.015326174959071685
598.0	-0.014762226979488978
599.0	-0.01473532439678403
600.0	-0.01509763618718301
601.0	-0.014723870821969045
602.0	-0.014777883157982607
603.0	-0.014674031493833955
604.0	-0.014608328816601018
605.0	-0.014130563808235625
606.0	-0.014608713562008184
607.0	-0.014393552091970593
608.0	-0.014340901162782468
609.0	-0.014734288543764592
610.0	-0.015437484764960346
611.0	-0.014710848669724679
612.0	-0.014422289614309754
613.0	-0.01428416601311803
614.0	-0.01427084790286811
615.0	-0.015113647515283359
616.0	-0.014730914622501444
617.0	-0.014309943955401654
618.0	-0.014188926726930607
619.0	-0.015009174339322877
620.0	-0.014013630800241164
621.0	-0.014539577771910932
622.0	-0.014204286947418958
623.0	-0.01464576750430357
624.0	-0.013980365120417086
625.0	-0.014194253971030574
626.0	-0.014008925067953025
627.0	-0.014609246286418125
628.0	-0.01422488562460539
629.0	-0.014257115451410306
630.0	-0.014181083839783433
631.0	-0.014052342107367543
632.0	-0.014133523388291162
633.0	-0.013792698149095277
634.0	-0.013989924563996418
635.0	-0.014859952312922888
636.0	-0.01472597212380864
637.0	-0.013808531902392403
638.0	-0.014173980847650142
639.0	-0.01485424032341548
640.0	-0.014145480091715368
641.0	-0.014175519829279077
642.0	-0.014376771273055639
643.0	-0.014505424218069917
644.0	-0.014325570538094837
645.0	-0.014599213310030017
646.0	-0.014790490969019363
647.0	-0.015222856019332699
648.0	-0.014229295398888252
649.0	-0.014448393110399652
650.0	-0.014984017908850808
651.0	-0.01484950499532662
652.0	-0.014752223598901316
653.0	-0.01527124515324074
654.0	-0.014904789950764283
655.0	-0.015072894097918824
656.0	-0.015719917489660253
657.0	-0.015329963221542718
658.0	-0.01486960054390383
659.0	-0.015345885762241456
660.0	-0.015498718476309532
661.0	-0.015411262885668393
662.0	-0.014915681205368608
663.0	-0.015503956933007889
664.0	-0.01605985485483948
665.0	-0.01611342325384471
666.0	-0.015120217783006706
667.0	-0.016079121721000917
668.0	-0.01584759377325626
669.0	-0.01535837519007588
670.0	-0.015313715127037705
671.0	-0.015502240376575457
672.0	-0.014842224428390107
673.0	-0.015410878140261229
674.0	-0.014457360637967875
675.0	-0.014440224669446477
676.0	-0.013970776081037034
677.0	-0.014329033246759871
678.0	-0.014136838117953144
679.0	-0.013681388343206613
680.0	-0.013843543734449359
681.0	-0.01358922702027706
682.0	-0.01358099938772272
683.0	-0.014130830170440457
684.0	-0.013690000721168119
685.0	-0.013368679114538337
686.0	-0.01401167747740462
687.0	-0.01344033054768307
688.0	-0.013354147576465757
689.0	-0.013137565508001563
690.0	-0.013259944143298046
691.0	-0.013527726946723042
692.0	-0.013833777120266084
693.0	-0.013414996542407501
694.0	-0.012683861885487636
695.0	-0.013108709602460071
696.0	-0.013059669360939757
697.0	-0.013229312489723232
698.0	-0.013196727513311596
699.0	-0.012985472688947371
700.0	-0.012803843260938969
701.0	-0.013274298106567405
702.0	-0.0133618720804106
703.0	-0.01183227232030711
704.0	-0.012426141654251469
705.0	-0.012373017192254568
706.0	-0.012278073864072698
707.0	-0.012538250546755182
708.0	-0.01205240588483795
709.0	-0.012533278452261933
710.0	-0.01224995785354509
711.0	-0.01223894821573871
712.0	-0.01224454182204351
713.0	-0.012818581969615767
714.0	-0.0121894048456089
715.0	-0.012111242336342259
716.0	-0.012131811417728245
717.0	-0.011622290115366711
718.0	-0.011482923490551607
719.0	-0.011893831585462296
720.0	-0.01171957151179229
721.0	-0.011518379259616894
722.0	-0.010796360109267754
723.0	-0.011307331605856336
724.0	-0.01124094822521068
725.0	-0.011664256960554181
726.0	-0.011446254293663385
727.0	-0.01122248044566429
728.0	-0.011236124109720209
729.0	-0.011401801401229154
730.0	-0.011173588183146753
731.0	-0.011202059343281081
732.0	-0.011680889800466358
733.0	-0.010795856980658533
734.0	-0.010614967447664015
735.0	-0.011492867679538103
736.0	-0.011068375112172388
737.0	-0.010323567195395608
738.0	-0.010733794586893853
739.0	-0.011398664246370394
740.0	-0.010713166313906699
741.0	-0.011029959763051564
742.0	-0.010238183310793346
743.0	-0.010031545431315925
744.0	-0.010700854460875773
745.0	-0.010388825935620214
746.0	-0.011146271259234196
747.0	-0.010845400350788069
748.0	-0.010453818313639987
749.0	-0.011194542009939905
750.0	-0.009803657767039523
751.0	-0.010172983762169905
752.0	-0.01027899591975932
753.0	-0.010428217946159586
754.0	-0.010879465117227472
755.0	-0.01076380472865684
756.0	-0.01007546559933994
757.0	-0.011143311679178657
758.0	-0.010626924151088221
759.0	-0.01059457594108125
760.0	-0.010444584423866655
761.0	-0.01076652754230799
762.0	-0.010292994733421958
763.0	-0.010792838209001829
764.0	-0.010874522618534669
765.0	-0.010519846544678923
766.0	-0.01028373124784818
767.0	-0.010726010891347844
768.0	-0.010726957956965395
769.0	-0.010858037757625269
770.0	-0.010385333631154734
771.0	-0.010881448035864463
772.0	-0.011097319805115491
773.0	-0.010493476686384192
774.0	-0.011253437653045106
775.0	-0.011040466272248722
776.0	-0.010968726051702378
777.0	-0.011452676582383957
778.0	-0.01040921744220298
779.0	-0.01070132799368455
780.0	-0.010996634891626044
781.0	-0.011291823406365484
782.0	-0.011134048193604603
783.0	-0.010863956917736345
784.0	-0.011149733967898954
785.0	-0.011155741915411917
786.0	-0.011353057117714394
787.0	-0.010874877768141389
788.0	-0.011704329674506271
789.0	-0.011882022861040864
790.0	-0.010883904487310778
791.0	-0.011176754933806234
792.0	-0.011012527836524337
793.0	-0.011774767679828069
794.0	-0.012352300131865803
795.0	-0.011504291658552369
796.0	-0.01133272480273307
797.0	-0.01196296737555982
798.0	-0.011806287207419545
799.0	-0.011401830997029875
800.0	-0.012378048478348981
801.0	-0.011196909673984335
802.0	-0.011928458672112086
803.0	-0.01231947838904978
804.0	-0.012347594399577388
805.0	-0.011404080277871972
806.0	-0.0123159860845843
807.0	-0.011779236645711821
808.0	-0.01137486922272376
809.0	-0.01133420459276084
810.0	-0.011151924057140161
811.0	-0.011239971563792408
812.0	-0.011652507427733917
813.0	-0.010618015815121163
814.0	-0.010877482198590208
815.0	-0.010324425473611825
816.0	-0.011309788057302653
817.0	-0.010488327017087446
818.0	-0.010128442082334063
819.0	-0.01076188100162074
820.0	-0.009777968612157234
821.0	-0.009693502197372354
822.0	-0.010195772528597546
823.0	-0.009463394848054299
824.0	-0.009463631614458687
825.0	-0.009846009357634156
826.0	-0.009262646532887234
827.0	-0.009160156275563743
828.0	-0.00957497101614807
829.0	-0.00887372811778886
830.0	-0.00856513270539789
831.0	-0.009075749052380028
832.0	-0.00787060805376508
833.0	-0.008270269744464724
834.0	-0.007971500137858195
835.0	-0.008739185608464227
836.0	-0.007585541302815636
837.0	-0.007715674037857683
838.0	-0.00721879014233335
839.0	-0.007476628756771849
840.0	-0.007434365953578825
841.0	-0.006596686414659328
842.0	-0.006982704441303053
843.0	-0.00723370642581337
844.0	-0.00645743817304628
845.0	-0.006207264870951734
846.0	-0.006228011527140943
847.0	-0.006913035926795862
848.0	-0.006941299916326246
849.0	-0.006113771736997188
850.0	-0.006620984566915182
851.0	-0.006572713816209472
852.0	-0.005871322938847485
853.0	-0.006169441437842017
854.0	-0.005112249846203234
855.0	-0.0057915326605503
856.0	-0.004679085709274848
857.0	-0.005807691967653425
858.0	-0.005179846654671825
859.0	-0.004900965426038564
860.0	-0.004942044397209372
861.0	-0.004720519830052376
862.0	-0.0052597257203706215
863.0	-0.005465623704834434
864.0	-0.005179817058871104
865.0	-0.005273694938232815
866.0	-0.0037305403014750186
867.0	-0.003986307209874641
868.0	-0.005370147652242898
869.0	-0.00456150159366839
870.0	-0.004335241698422534
871.0	-0.004412427546270903
872.0	-0.004479195672323722
873.0	-0.004462829194616654
874.0	-0.003887398044418516
875.0	-0.0045768026225553
876.0	-0.0035234288891885465
877.0	-0.004022532469754257
878.0	-0.0037729510836708186
879.0	-0.004208275714039968
880.0	-0.0037177549156350406
881.0	-0.003101599943872539
882.0	-0.0029672646051518486
883.0	-0.0032109564269246567
884.0	-0.0038550202386108236
885.0	-0.003312558810231486
886.0	-0.0028097261587956327
887.0	-0.00284133447378872
888.0	-0.00338557165020138
889.0	-0.0030134636498186816
890.0	-0.0026609776652041428
891.0	-0.0021642417486828626
892.0	-0.0019136245095797105
893.0	-0.0027925309986727934
894.0	-0.0019644996907345136
895.0	-0.0012938292543492281
896.0	-0.0016535958059002793
897.0	-0.0016794329397850684
898.0	-0.001471315270279603
899.0	-0.0020451778430483607
900.0	-0.0012499978737265497
901.0	-0.0014423113857353336
902.0	-0.0009709982618909566
903.0	-0.001687246231131798
904.0	-0.0009594558996743595
905.0	-0.001334967417121202
906.0	-0.0008006448338943174
907.0	-0.0007969157630244502
908.0	-0.0015178102729522655
909.0	-0.0013240761625166028
910.0	-0.0017760928243990947
911.0	-0.0016134639003472985
912.0	-0.0012047458946775438
913.0	-0.0009884005926177387
914.0	-0.0013117643094856764
915.0	-0.0012330394800083738
916.0	-0.0006031520567883426
917.0	-0.0007994610018721023
918.0	-0.0011158401098090814
919.0	-0.0005482814425585635
920.0	-0.0003968397311166449
921.0	-0.0014012916061656915
922.0	-0.0010222285926524794
923.0	-0.0010596080887538652
924.0	-0.0017497525619048092
925.0	-0.00027671037666253547
926.0	-0.000607916980677648
927.0	-0.00034143639247719986
928.0	-0.0008531773798801114
929.0	-0.0011447848027521849
930.0	-0.0006646521303423607
931.0	-0.0010633963512248984
932.0	-0.0005248711643193707
933.0	-0.00014554178860104995
934.0	-0.00012393685419562482
935.0	-0.000753646702612434
936.0	-6.3527385891675485e-06
937.0	-0.0005763382614850058
938.0	-0.00045168074954597876
939.0	-0.0005863120462722229
940.0	5.630157118662046e-05
941.0	0.00010546019590899122
942.0	9.924507779236207e-05
943.0	-0.0004916054844950168
944.0	-0.00019070498024844482
945.0	-0.00022909073356882379
946.0	-0.0002736916050058319
947.0	-0.0005121153742798379
948.0	-0.00032515870217174255
949.0	-0.00021991603539665695
950.0	7.154340847263956e-05
951.0	-0.0003230278045317003
952.0	-0.0008737168654656532
953.0	-7.397914285820375e-05
954.0	-0.00010931652872115838
955.0	-0.00028780880187080177
956.0	-0.0005963450226606059
957.0	-0.0010458164456951698
958.0	-0.000535052119710255
959.0	-0.0006595024610456147
960.0	-0.0008932796896326471
961.0	-0.0006700089702427735
962.0	-0.0004538708387869113
963.0	-0.0008811750072053878
964.0	-0.0010726302409982311
965.0	-0.00052836346878485
966.0	-0.0008259788391696098
967.0	-0.0010700554063498582
968.0	-0.0012796824616835376
969.0	-0.0011299573066740512
970.0	-0.000735741243276431
971.0	-0.0011821938946542914
972.0	-0.0013647111966793558
973.0	-0.0012082381991430232
974.0	-0.0015597475223392897
975.0	-0.001659278199606967
976.0	-0.0017988815908267348
977.0	-0.0015995538740862715
978.0	-0.0011001247397142864
979.0	-0.0020719916383516975
980.0	-0.0018784351027195329
981.0	-0.0012192478369496785
982.0	-0.001681445454222779
983.0	-0.0017666221682213741
984.0	-0.002469196877605301
985.0	-0.0025823120273280064
986.0	-0.002715404342425591
987.0	-0.0027080941796883582
988.0	-0.0026803037229667487
989.0	-0.0029340581169286606
990.0	-0.002332878620247345
991.0	-0.0026446999748986856
992.0	-0.0027474565944270095
993.0	-0.0033152224322814698
994.0	-0.0033291028627417765
995.0	-0.003556161844602683
996.0	-0.0028637680906096405
997.0	-0.003419162883831733
998.0	-0.0024210445101016474
999.0	-0.0029788365631688908
1000.0	-0.0034186301594217915
1001.0	-0.0025984417386306865
1002.0	-0.004439981236587848
1003.0	-0.004274274349278458
1004.0	-0.004736028029543228
1005.0	-0.006104478655622965
1006.0	-0.005419839001375211
1007.0	-0.004929111032366617
1008.0	-0.004427610191955755
1009.0	-0.004967822339492995
1010.0	-0.00472318345210236
1011.0	-0.00441222037566696
1012.0	-0.0051257751270570966
1013.0	-0.005949603831316457
1014.0	-0.0056895751276370265
1015.0	-0.005491786392525498
1016.0	-0.005484683400392207
1017.0	-0.0057915326605503
1018.0	-0.005834535358757207
1019.0	-0.00641265972680605
1020.0	-0.005999354372050211
1021.0	-0.0060310514744449095
1022.0	-0.007008334404584175
1023.0	-0.007067437218293043
1024.0	-0.006376108913120159
1025.0	-0.007154123318119852
1026.0	-0.00717916136538959
1027.0	-0.006864114068477603
1028.0	-0.007794487654736597
1029.0	-0.007822366898859817
1030.0	-0.007870519266363195
1031.0	-0.007831156851624542
1032.0	-0.008083757009364685
1033.0	-0.007706173785879241
1034.0	-0.007981029985637081
1035.0	-0.008208325733902377
1036.0	-0.008546398563646392
1037.0	-0.008756114406381958
1038.0	-0.008696064527054988
1039.0	-0.009275135960721381
1040.0	-0.009371322312526357
1041.0	-0.008983262175644475
1042.0	-0.009363982553988678
1043.0	-0.009877558481026078
1044.0	-0.009520899488533342
1045.0	-0.009706909095023886
1046.0	-0.009994965021829314
1047.0	-0.010189231856674918
1048.0	-0.01018520682779922
1049.0	-0.010620324287564428
1050.0	-0.010511974061731303
1051.0	-0.01078037837696785
1052.0	-0.01067436621937871
1053.0	-0.011376053054745976
1054.0	-0.011147958219865632
1055.0	-0.012048292068560918
1056.0	-0.011948021496279356
1057.0	-0.011750203165367106
1058.0	-0.012705230053488673
1059.0	-0.012873422988044825
1060.0	-0.013015867576117798
1061.0	-0.013197289833522259
1062.0	-0.013239256678709729
1063.0	-0.013244643114410861
1064.0	-0.013487091912560565
1065.0	-0.013626991261785886
1066.0	-0.01444945855921981
1067.0	-0.014724640312783649
1068.0	-0.015020391147733476
1069.0	-0.014761871829882258
1070.0	-0.014869067819493889
1071.0	-0.014752697131710091
1072.0	-0.01554681165221202
1073.0	-0.01500115387737248
1074.0	-0.014910205982265862
1075.0	-0.01519580545762525
1076.0	-0.015256299273960274
1077.0	-0.014637036743139735
1078.0	-0.014778859819401155
1079.0	-0.014820234748577518
1080.0	-0.015299893888178566
1081.0	-0.01470306497417867
1082.0	-0.01547424274925018
1083.0	-0.014344807808455833
1084.0	-0.014807271787934317
1085.0	-0.014880403011106543
1086.0	-0.014309233656188214
1087.0	-0.014719727409891291
1088.0	-0.014456620742953992
1089.0	-0.014461740816450292
1090.0	-0.015251060817262194
1091.0	-0.015954582592263948
1092.0	-0.014779481331212707
1093.0	-0.014686165772061659
1094.0	-0.014911774559695242
1095.0	-0.01522096188809732
1096.0	-0.015115837604524566
1097.0	-0.015108231483781778
1098.0	-0.015322416292401097
1099.0	-0.015474538707255734
1100.0	-0.015694524292783795
1101.0	-0.014778682244597658
1102.0	-0.015336178339659346
1103.0	-0.015423485951297708
1104.0	-0.01550132290675835
1105.0	-0.015561757531492484
1106.0	-0.015268433552187979
1107.0	-0.01544864238176978
1108.0	-0.015779079494970562
1109.0	-0.015596828555150606
1110.0	-0.015356214696635392
1111.0	-0.015346773636258117
1112.0	-0.016355280135983304
1113.0	-0.016168678613481653
1114.0	-0.016162729857569856
1115.0	-0.016200908440286294
1116.0	-0.017312674688149027
1117.0	-0.015950557563388527
1118.0	-0.016479582498315888
1119.0	-0.016176462309027664
1120.0	-0.017211249879645694
1121.0	-0.016613118750421527
1122.0	-0.016690215810868284
1123.0	-0.016698650614026568
1124.0	-0.017221756388842855
1125.0	-0.01701464497655638
1126.0	-0.016952345816387313
1127.0	-0.0173240394755624
1128.0	-0.01739483263049092
1129.0	-0.01638703642997917
1130.0	-0.016850950603684703
1131.0	-0.017445352662038727
1132.0	-0.017017042236401533
1133.0	-0.017463435696178226
1134.0	-0.017084905407074958
1135.0	-0.01732960348606676
1136.0	-0.017017841323016307
1137.0	-0.017370593669835954
1138.0	-0.017191213522669925
1139.0	-0.017724500252877095
1140.0	-0.017731425670207166
1141.0	-0.017604962814434095
1142.0	-0.0164207756426123
1143.0	-0.01834479863671735
1144.0	-0.01800728812718372
1145.0	-0.017272749953199988
1146.0	-0.01801841614819271
1147.0	-0.017801597313323852
1148.0	-0.018161985376686732
1149.0	-0.01785978265721589
1150.0	-0.017441090866758917
1151.0	-0.018197855486959905
1152.0	-0.0179595796966884
1153.0	-0.017678330804010708
1154.0	-0.01775214273059593
1155.0	-0.018029514573400976
1156.0	-0.018431425544942995
1157.0	-0.018465460715581677
1158.0	-0.01805153384901401
1159.0	-0.01841979439532451
1160.0	-0.018797525597813006
1161.0	-0.0184197056079229
1162.0	-0.018640579067467623
1163.0	-0.019179015466971816
1164.0	-0.01866203602287027
1165.0	-0.018536461041113863
1166.0	-0.01854374160805065
1167.0	-0.0187788506476624
1168.0	-0.019286744180993385
1169.0	-0.018547973807530014
1170.0	-0.018988625681998855
1171.0	-0.01879737761881023
1172.0	-0.01917877870056715
1173.0	-0.019018458248958894
1174.0	-0.019013604537667702
1175.0	-0.01906424295241784
1176.0	-0.019666665472722538
1177.0	-0.018938105650451047
1178.0	-0.019343153776851824
1179.0	-0.020212767184570407
1180.0	-0.020090299761872314
1181.0	-0.019848442879733717
1182.0	-0.019852083163201976
1183.0	-0.019763532527940508
1184.0	-0.019345373461893477
1185.0	-0.01923459638041476
1186.0	-0.019690046155161286
1187.0	-0.019940456223660495
1188.0	-0.01940773181366371
1189.0	-0.019167532296356107
1190.0	-0.01865644241656547
1191.0	-0.019279463614056597
1192.0	-0.019145394637540742
1193.0	-0.018767811414055296
1194.0	-0.01957485929939998
1195.0	-0.019149301283214105
1196.0	-0.019130093608653555
1197.0	-0.019222314123184276
1198.0	-0.01892244947195714
1199.0	-0.01921183720978756
1200.0	-0.018970601839460796
1201.0	-0.018715219676468338
1202.0	-0.018517638111960753
1203.0	-0.01840526285725193
1204.0	-0.018764230322188206
1205.0	-0.01882602635374778
1206.0	-0.017639234751477165
1207.0	-0.01857212398078309
1208.0	-0.01894426157696651
1209.0	-0.018961871078296957
1210.0	-0.018408991928121798
1211.0	-0.018588224096285327
1212.0	-0.01868245712525348
1213.0	-0.01894091725150381
1214.0	-0.018001724116679368
1215.0	-0.01859411366059568
1216.0	-0.018201288599824218
1217.0	-0.018458120957043724
1218.0	-0.018344532274512243
1219.0	-0.018622170479522398
1220.0	-0.019056814406478554
1221.0	-0.01817192956567323
1222.0	-0.018066479728294477
1223.0	-0.018450781198506044
1224.0	-0.018034279497290282
1225.0	-0.01777291898258586
1226.0	-0.017765016903837517
1227.0	-0.018397745523910755
1228.0	-0.01792560371765088



