0.000000	61.096781
1.000000	61.067417
2.000000	61.128831
3.000000	61.071909
4.000000	61.123247
5.000000	61.085828
6.000000	61.054163
7.000000	61.112114
8.000000	61.076330
9.000000	61.100592
10.000000	61.109221
11.000000	61.104406
12.000000	61.083420
13.000000	61.088327
14.000000	61.090020
15.000000	61.072878
16.000000	61.124258
17.000000	61.123629
18.000000	61.116116
19.000000	61.091900
20.000000	61.109121
21.000000	61.013759
22.000000	60.939873
23.000000	61.027216
24.000000	61.133328
25.000000	61.228297
26.000000	61.131076
27.000000	61.094090
28.000000	61.113806
29.000000	61.101943
30.000000	61.069018
31.000000	61.092752
32.000000	61.082393
33.000000	61.066459
34.000000	61.078173
35.000000	61.111179
36.000000	61.062747
37.000000	61.083020
38.000000	61.088530
39.000000	61.071934
40.000000	61.086118
41.000000	61.083856
42.000000	61.026874
43.000000	61.038960
44.000000	61.042182
45.000000	61.024137
46.000000	61.046936
47.000000	61.053990
48.000000	61.045833
49.000000	61.033928
50.000000	61.023549
51.000000	61.043748
52.000000	61.047994
53.000000	61.074965
54.000000	61.014557
55.000000	61.052552
56.000000	61.043106
57.000000	61.012096
58.000000	61.042851
59.000000	60.993115
60.000000	60.992660
61.000000	61.000439
62.000000	61.023225
63.000000	61.011138
64.000000	60.991548
65.000000	60.976945
66.000000	60.943935
67.000000	60.985027
68.000000	60.979823
69.000000	60.961595
70.000000	60.929849
71.000000	60.917331
72.000000	60.963119
73.000000	60.936411
74.000000	60.963579
75.000000	60.938477
76.000000	60.947372
77.000000	60.954245
78.000000	60.914953
79.000000	60.937503
80.000000	60.927690
81.000000	60.931890
82.000000	60.936517
83.000000	60.910577
84.000000	60.913282
85.000000	60.878462
86.000000	60.888118
87.000000	60.885398
88.000000	60.823459
89.000000	60.846961
90.000000	60.856228
91.000000	60.788476
92.000000	60.803932
93.000000	60.798911
94.000000	60.824817
95.000000	60.754916
96.000000	60.790378
97.000000	60.791060
98.000000	60.826934
99.000000	60.796133
100.000000	60.759292
101.000000	60.712734
102.000000	60.734197
103.000000	60.757599
104.000000	60.739385
105.000000	60.717358
106.000000	60.719112
107.000000	60.686617
108.000000	60.681120
109.000000	60.712054
110.000000	60.670602
111.000000	60.661564
112.000000	60.681872
113.000000	60.690720
114.000000	60.654319
115.000000	60.666074
116.000000	60.658044
117.000000	60.631306
118.000000	60.627787
119.000000	60.655603
120.000000	60.638836
121.000000	60.656109
122.000000	60.627511
123.000000	60.591747
124.000000	60.597764
125.000000	60.613704
126.000000	60.602777
127.000000	60.602930
128.000000	60.564964
129.000000	60.572835
130.000000	60.523010
131.000000	60.525372
132.000000	60.533849
133.000000	60.506124
134.000000	60.510261
135.000000	60.448815
136.000000	60.458438
137.000000	60.465284
138.000000	60.437219
139.000000	60.439845
140.000000	60.442152
141.000000	60.444358
142.000000	60.447880
143.000000	60.450113
144.000000	60.369904
145.000000	60.411508
146.000000	60.346065
147.000000	60.356453
148.000000	60.364447
149.000000	60.336105
150.000000	60.367271
151.000000	60.351847
152.000000	60.339808
153.000000	60.294606
154.000000	60.300862
155.000000	60.308539
156.000000	60.299898
157.000000	60.320620
158.000000	60.259402
159.000000	60.265378
160.000000	60.295880
161.000000	60.247882
162.000000	60.265069
163.000000	60.214456
164.000000	60.239911
165.000000	60.311029
166.000000	60.244980
167.000000	60.280728
168.000000	60.236760
169.000000	60.270719
170.000000	60.252252
171.000000	60.275990
172.000000	60.313127
173.000000	60.279183
174.000000	60.300479
175.000000	60.283944
176.000000	60.301169
177.000000	60.273594
178.000000	60.303269
179.000000	60.263586
180.000000	60.291779
181.000000	60.259698
182.000000	60.304988
183.000000	60.291304
184.000000	60.304701
185.000000	60.327623
186.000000	60.337785
187.000000	60.298298
188.000000	60.337563
189.000000	60.312360
190.000000	60.340150
191.000000	60.293108
192.000000	60.345247
193.000000	60.331107
194.000000	60.275893
195.000000	60.302113
196.000000	60.308053
197.000000	60.311438
198.000000	60.251903
199.000000	60.271444
200.000000	60.333064
201.000000	60.277035
202.000000	60.314195
203.000000	60.270953
204.000000	60.261794
205.000000	60.281382
206.000000	60.260512
207.000000	60.287957
208.000000	60.302605
209.000000	60.243862
210.000000	60.244300
211.000000	60.243266
212.000000	60.288203
213.000000	60.216085
214.000000	60.231305
215.000000	60.205200
216.000000	60.215584
217.000000	60.196495
218.000000	60.214289
219.000000	60.215147
220.000000	60.198367
221.000000	60.223432
222.000000	60.195774
223.000000	60.200392
224.000000	60.170797
225.000000	60.165197
226.000000	60.215546
227.000000	60.141148
228.000000	60.213288
229.000000	60.223309
230.000000	60.193172
231.000000	60.200826
232.000000	60.218855
233.000000	60.173079
234.000000	60.183487
235.000000	60.213646
236.000000	60.161774
237.000000	60.185834
238.000000	60.204909
239.000000	60.196560
240.000000	60.181245
241.000000	60.183113
242.000000	60.160442
243.000000	60.183646
244.000000	60.170784
245.000000	60.108852
246.000000	60.180247
247.000000	60.147108
248.000000	60.133344
249.000000	60.129986
250.000000	60.117664
251.000000	60.129278
252.000000	60.126884
253.000000	60.098924
254.000000	60.125260
255.000000	60.136172
256.000000	60.102048
257.000000	60.122728
258.000000	60.123922
259.000000	60.092770
260.000000	60.090864
261.000000	60.029802
262.000000	60.068548
263.000000	60.079543
264.000000	60.052594
265.000000	60.078229
266.000000	60.025507
267.000000	60.033910
268.000000	60.035295
269.000000	60.023567
270.000000	60.023437
271.000000	60.012188
272.000000	60.013921
273.000000	60.003641
274.000000	60.023359
275.000000	60.004384
276.000000	59.969023
277.000000	59.947097
278.000000	60.017190
279.000000	59.967799
280.000000	59.970721
281.000000	59.984476
282.000000	59.981983
283.000000	59.983594
284.000000	60.020833
285.000000	60.022654
286.000000	60.040270
287.000000	59.997938
288.000000	60.040649
289.000000	59.994486
290.000000	59.997466
291.000000	60.025171
292.000000	60.039212
293.000000	60.043472
294.000000	60.074650
295.000000	60.040637
296.000000	60.032936
297.000000	60.078359
298.000000	60.073694
299.000000	60.073967
300.000000	60.083923
301.000000	60.075974
302.000000	60.117788
303.000000	60.092519
304.000000	60.126245
305.000000	60.104726
306.000000	60.081408
307.000000	60.075486
308.000000	60.099896
309.000000	60.091969
310.000000	60.109187
311.000000	60.086223
312.000000	60.094609
313.000000	60.131169
314.000000	60.098640
315.000000	60.086650
316.000000	60.134964
317.000000	60.123122
318.000000	60.117517
319.000000	60.113899
320.000000	60.137187
321.000000	60.119745
322.000000	60.104554
323.000000	60.176450
324.000000	60.131559
325.000000	60.118492
326.000000	60.131418
327.000000	60.127912
328.000000	60.126095
329.000000	60.137743
330.000000	60.117624
331.000000	60.130319
332.000000	60.133572
333.000000	60.091995
334.000000	60.116767
335.000000	60.060462
336.000000	60.085387
337.000000	60.101014
338.000000	60.105176
339.000000	60.103804
340.000000	60.086980
341.000000	60.120806
342.000000	60.085465
343.000000	60.103091
344.000000	60.115515
345.000000	60.129146
346.000000	60.132928
347.000000	60.092009
348.000000	60.123439
349.000000	60.159340
350.000000	60.155399
351.000000	60.104963
352.000000	60.136458
353.000000	60.122137
354.000000	60.114944
355.000000	60.157758
356.000000	60.132662
357.000000	60.115284
358.000000	60.133594
359.000000	60.097734
360.000000	60.144897
361.000000	60.144054
362.000000	60.108695
363.000000	60.118188
364.000000	60.145448
365.000000	60.104297
366.000000	60.095097
367.000000	60.123934
368.000000	60.099654
369.000000	60.156503
370.000000	60.145049
371.000000	60.083910
372.000000	60.076616
373.000000	60.122175
374.000000	60.158784
375.000000	60.098132
376.000000	60.131502
377.000000	60.106350
378.000000	60.140866
379.000000	60.118412
380.000000	60.088360
381.000000	60.117716
382.000000	60.118249
383.000000	60.104543
384.000000	60.114299
385.000000	60.098452
386.000000	60.115740
387.000000	60.065571
388.000000	60.098900
389.000000	60.067201
390.000000	60.097522
391.000000	60.090186
392.000000	60.071906
393.000000	60.112599
394.000000	60.125491
395.000000	60.111125
396.000000	60.089309
397.000000	60.116902
398.000000	60.143128
399.000000	60.179625
400.000000	60.145929
401.000000	60.134708
402.000000	60.111308
403.000000	60.169495
404.000000	60.150535
405.000000	60.164356
406.000000	60.180666
407.000000	60.210570
408.000000	60.181507
409.000000	60.182755
410.000000	60.178636
411.000000	60.166266
412.000000	60.172372
413.000000	60.163355
414.000000	60.186414
415.000000	60.197730
416.000000	60.207393
417.000000	60.167034
418.000000	60.169586
419.000000	60.171696
420.000000	60.186013
421.000000	60.159966
422.000000	60.203017
423.000000	60.166861
424.000000	60.158180
425.000000	60.180899
426.000000	60.120199
427.000000	60.123368
428.000000	60.163593
429.000000	60.151873
430.000000	60.150641
431.000000	60.138284
432.000000	60.154572
433.000000	60.144792
434.000000	60.168725
435.000000	60.156127
436.000000	60.143598
437.000000	60.173862
438.000000	60.153129
439.000000	60.157321
440.000000	60.145150
441.000000	60.142212
442.000000	60.125471
443.000000	60.114827
444.000000	60.150233
445.000000	60.131927
446.000000	60.123665
447.000000	60.162351
448.000000	60.098189
449.000000	60.095399
450.000000	60.106833
451.000000	60.112803
452.000000	60.072949
453.000000	60.092051
454.000000	60.133731
455.000000	60.088975
456.000000	60.114009
457.000000	60.089633
458.000000	60.071652
459.000000	60.080026
460.000000	60.082673
461.000000	60.061845
462.000000	60.063109
463.000000	60.057455
464.000000	60.063450
465.000000	60.099356
466.000000	60.044922
467.000000	60.082182
468.000000	60.079437
469.000000	60.028724
470.000000	60.042092
471.000000	60.076668
472.000000	60.051967
473.000000	60.054348
474.000000	60.034655
475.000000	60.057885
476.000000	60.036040
477.000000	59.985114
478.000000	60.040870
479.000000	59.999175
480.000000	60.022251
481.000000	60.023900
482.000000	60.041901
483.000000	60.039465
484.000000	60.077903
485.000000	60.047378
486.000000	60.052925
487.000000	60.072728
488.000000	60.038129
489.000000	60.003576
490.000000	60.057766
491.000000	60.058791
492.000000	60.052486
493.000000	60.099538
494.000000	60.087337
495.000000	60.091063
496.000000	60.074052
497.000000	60.090644
498.000000	60.114349
499.000000	60.106941
500.000000	60.106572
501.000000	60.103892
502.000000	60.060780
503.000000	60.067653
504.000000	60.092868
505.000000	60.032505
506.000000	60.112554
507.000000	60.075032
508.000000	60.121925
509.000000	60.089723
510.000000	60.133700
511.000000	60.111123
512.000000	60.101184
513.000000	60.158026
514.000000	60.093588
515.000000	60.126298
516.000000	60.107805
517.000000	60.082666
518.000000	60.112951
519.000000	60.142613
520.000000	60.109044
521.000000	60.117830
522.000000	60.155981
523.000000	60.107485
524.000000	60.136042
525.000000	60.126195
526.000000	60.103782
527.000000	60.145513
528.000000	60.125043
529.000000	60.107012
530.000000	60.165922
531.000000	60.087342
532.000000	60.146582
533.000000	60.140427
534.000000	60.131950
535.000000	60.108163
536.000000	60.146378
537.000000	60.141024
538.000000	60.146840
539.000000	60.160044
540.000000	60.148424
541.000000	60.084306
542.000000	60.139930
543.000000	60.090409
544.000000	60.116052
545.000000	60.091011
546.000000	60.136498
547.000000	60.086380
548.000000	60.102623
549.000000	60.064327
550.000000	60.092297
551.000000	60.137413
552.000000	60.147374
553.000000	60.149945
554.000000	60.056965
555.000000	60.129574
556.000000	60.110322
557.000000	60.080675
558.000000	60.070126
559.000000	60.076574
560.000000	60.093052
561.000000	60.073817
562.000000	60.084377
563.000000	60.046126
564.000000	60.075003
565.000000	60.088138
566.000000	60.049668
567.000000	60.097963
568.000000	60.111071
569.000000	60.106158
570.000000	60.057664
571.000000	60.098162
572.000000	60.069298
573.000000	60.063687
574.000000	60.084735
575.000000	60.080104
576.000000	60.090085
577.000000	60.076292
578.000000	60.085852
579.000000	60.098226
580.000000	60.094204
581.000000	60.103343
582.000000	60.123500
583.000000	60.154467
584.000000	60.108957
585.000000	60.130192
586.000000	60.148744
587.000000	60.115432
588.000000	60.156565
589.000000	60.123911
590.000000	60.145021
591.000000	60.139376
592.000000	60.175037
593.000000	60.108879
594.000000	60.183677
595.000000	60.158908
596.000000	60.180816
597.000000	60.159700
598.000000	60.194155
599.000000	60.195799
600.000000	60.173663
601.000000	60.196499
602.000000	60.193199
603.000000	60.199544
604.000000	60.203558
605.000000	60.232747
606.000000	60.203534
607.000000	60.216680
608.000000	60.219897
609.000000	60.195862
610.000000	60.152900
611.000000	60.197294
612.000000	60.214924
613.000000	60.223363
614.000000	60.224177
615.000000	60.172685
616.000000	60.196068
617.000000	60.221788
618.000000	60.229182
619.000000	60.179068
620.000000	60.239892
621.000000	60.207758
622.000000	60.228243
623.000000	60.201271
624.000000	60.241924
625.000000	60.228856
626.000000	60.240179
627.000000	60.203502
628.000000	60.226985
629.000000	60.225016
630.000000	60.229661
631.000000	60.237526
632.000000	60.232567
633.000000	60.253390
634.000000	60.241340
635.000000	60.188185
636.000000	60.196370
637.000000	60.252422
638.000000	60.230095
639.000000	60.188534
640.000000	60.231836
641.000000	60.230001
642.000000	60.217705
643.000000	60.209845
644.000000	60.220833
645.000000	60.204115
646.000000	60.192428
647.000000	60.166013
648.000000	60.226715
649.000000	60.213329
650.000000	60.180605
651.000000	60.188823
652.000000	60.194766
653.000000	60.163056
654.000000	60.185445
655.000000	60.175175
656.000000	60.135644
657.000000	60.159469
658.000000	60.187595
659.000000	60.158496
660.000000	60.149159
661.000000	60.154502
662.000000	60.184780
663.000000	60.148839
664.000000	60.114875
665.000000	60.111603
666.000000	60.172283
667.000000	60.113698
668.000000	60.127844
669.000000	60.157733
670.000000	60.160462
671.000000	60.148943
672.000000	60.189268
673.000000	60.154525
674.000000	60.212781
675.000000	60.213828
676.000000	60.242510
677.000000	60.220622
678.000000	60.232364
679.000000	60.260190
680.000000	60.250283
681.000000	60.265821
682.000000	60.266324
683.000000	60.232731
684.000000	60.259664
685.000000	60.279296
686.000000	60.240011
687.000000	60.274918
688.000000	60.280183
689.000000	60.293416
690.000000	60.285939
691.000000	60.269578
692.000000	60.250880
693.000000	60.276466
694.000000	60.321135
695.000000	60.295179
696.000000	60.298175
697.000000	60.287810
698.000000	60.289801
699.000000	60.302708
700.000000	60.313805
701.000000	60.285062
702.000000	60.279711
703.000000	60.373164
704.000000	60.336881
705.000000	60.340127
706.000000	60.345927
707.000000	60.330032
708.000000	60.359715
709.000000	60.330335
710.000000	60.347645
711.000000	60.348318
712.000000	60.347976
713.000000	60.312904
714.000000	60.351345
715.000000	60.356120
716.000000	60.354863
717.000000	60.385993
718.000000	60.394508
719.000000	60.369403
720.000000	60.380050
721.000000	60.392342
722.000000	60.436454
723.000000	60.405236
724.000000	60.409292
725.000000	60.383429
726.000000	60.396748
727.000000	60.410420
728.000000	60.409586
729.000000	60.399464
730.000000	60.413407
731.000000	60.411668
732.000000	60.382413
733.000000	60.436485
734.000000	60.447537
735.000000	60.393900
736.000000	60.419835
737.000000	60.465340
738.000000	60.440277
739.000000	60.399656
740.000000	60.441537
741.000000	60.422182
742.000000	60.470557
743.000000	60.483181
744.000000	60.442289
745.000000	60.461353
746.000000	60.415076
747.000000	60.433458
748.000000	60.457382
749.000000	60.412127
750.000000	60.497104
751.000000	60.474540
752.000000	60.468063
753.000000	60.458946
754.000000	60.431377
755.000000	60.438443
756.000000	60.480498
757.000000	60.415257
758.000000	60.446806
759.000000	60.448782
760.000000	60.457946
761.000000	60.438277
762.000000	60.467208
763.000000	60.436669
764.000000	60.431679
765.000000	60.453348
766.000000	60.467774
767.000000	60.440752
768.000000	60.440694
769.000000	60.432686
770.000000	60.461566
771.000000	60.431256
772.000000	60.418067
773.000000	60.454959
774.000000	60.408529
775.000000	60.421540
776.000000	60.425923
777.000000	60.396356
778.000000	60.460107
779.000000	60.442260
780.000000	60.424218
781.000000	60.406183
782.000000	60.415823
783.000000	60.432324
784.000000	60.414864
785.000000	60.414497
786.000000	60.402442
787.000000	60.431657
788.000000	60.380981
789.000000	60.370124
790.000000	60.431106
791.000000	60.413214
792.000000	60.423247
793.000000	60.376677
794.000000	60.341392
795.000000	60.393202
796.000000	60.403684
797.000000	60.365179
798.000000	60.374752
799.000000	60.399462
800.000000	60.339819
801.000000	60.411982
802.000000	60.367287
803.000000	60.343398
804.000000	60.341680
805.000000	60.399325
806.000000	60.343611
807.000000	60.376404
808.000000	60.401110
809.000000	60.403594
810.000000	60.414731
811.000000	60.409351
812.000000	60.384147
813.000000	60.447350
814.000000	60.431498
815.000000	60.465288
816.000000	60.405086
817.000000	60.455274
818.000000	60.477261
819.000000	60.438561
820.000000	60.498674
821.000000	60.503834
822.000000	60.473148
823.000000	60.517893
824.000000	60.517879
825.000000	60.494517
826.000000	60.530158
827.000000	60.536420
828.000000	60.511076
829.000000	60.553919
830.000000	60.572773
831.000000	60.541577
832.000000	60.615206
833.000000	60.590788
834.000000	60.609042
835.000000	60.562139
836.000000	60.632623
837.000000	60.624672
838.000000	60.655030
839.000000	60.639277
840.000000	60.641859
841.000000	60.693038
842.000000	60.669454
843.000000	60.654118
844.000000	60.701545
845.000000	60.716830
846.000000	60.715562
847.000000	60.673710
848.000000	60.671983
849.000000	60.722542
850.000000	60.691553
851.000000	60.694502
852.000000	60.737355
853.000000	60.719141
854.000000	60.783731
855.000000	60.742229
856.000000	60.810196
857.000000	60.741242
858.000000	60.779601
859.000000	60.796640
860.000000	60.794130
861.000000	60.807664
862.000000	60.774721
863.000000	60.762141
864.000000	60.779603
865.000000	60.773867
866.000000	60.868148
867.000000	60.852522
868.000000	60.767974
869.000000	60.817380
870.000000	60.831203
871.000000	60.826487
872.000000	60.822408
873.000000	60.823408
874.000000	60.858565
875.000000	60.816445
876.000000	60.880802
877.000000	60.850308
878.000000	60.865557
879.000000	60.838960
880.000000	60.868929
881.000000	60.906574
882.000000	60.914781
883.000000	60.899893
884.000000	60.860543
885.000000	60.893685
886.000000	60.924406
887.000000	60.922475
888.000000	60.889224
889.000000	60.911959
890.000000	60.933494
891.000000	60.963843
892.000000	60.979154
893.000000	60.925457
894.000000	60.976046
895.000000	61.017021
896.000000	60.995041
897.000000	60.993463
898.000000	61.006178
899.000000	60.971117
900.000000	61.019699
901.000000	61.007950
902.000000	61.036745
903.000000	60.992985
904.000000	61.037450
905.000000	61.014508
906.000000	61.047153
907.000000	61.047381
908.000000	61.003337
909.000000	61.015173
910.000000	60.987557
911.000000	60.997493
912.000000	61.022464
913.000000	61.035682
914.000000	61.015926
915.000000	61.020735
916.000000	61.059219
917.000000	61.047225
918.000000	61.027896
919.000000	61.062571
920.000000	61.071824
921.000000	61.010456
922.000000	61.033615
923.000000	61.031331
924.000000	60.989166
925.000000	61.079163
926.000000	61.058928
927.000000	61.075209
928.000000	61.043944
929.000000	61.026127
930.000000	61.055462
931.000000	61.031100
932.000000	61.064002
933.000000	61.087177
934.000000	61.088497
935.000000	61.050024
936.000000	61.095681
937.000000	61.060857
938.000000	61.068473
939.000000	61.060248
940.000000	61.099509
941.000000	61.102513
942.000000	61.102133
943.000000	61.066034
944.000000	61.084418
945.000000	61.082073
946.000000	61.079348
947.000000	61.064781
948.000000	61.076203
949.000000	61.082633
950.000000	61.100440
951.000000	61.076334
952.000000	61.042689
953.000000	61.091550
954.000000	61.089391
955.000000	61.078485
956.000000	61.059635
957.000000	61.032174
958.000000	61.063380
959.000000	61.055776
960.000000	61.041493
961.000000	61.055134
962.000000	61.068340
963.000000	61.042233
964.000000	61.030536
965.000000	61.063788
966.000000	61.045605
967.000000	61.030693
968.000000	61.017886
969.000000	61.027033
970.000000	61.051118
971.000000	61.023842
972.000000	61.012691
973.000000	61.022251
974.000000	61.000775
975.000000	60.994694
976.000000	60.986165
977.000000	60.998343
978.000000	61.028856
979.000000	60.969479
980.000000	60.981304
981.000000	61.021578
982.000000	60.993340
983.000000	60.988136
984.000000	60.945211
985.000000	60.938300
986.000000	60.930169
987.000000	60.930615
988.000000	60.932313
989.000000	60.916810
990.000000	60.953540
991.000000	60.934489
992.000000	60.928211
993.000000	60.893522
994.000000	60.892674
995.000000	60.878802
996.000000	60.921104
997.000000	60.887172
998.000000	60.948153
999.000000	60.914074
1000.000000	60.887204
1001.000000	60.937315
1002.000000	60.824804
1003.000000	60.834928
1004.000000	60.806717
1005.000000	60.723110
1006.000000	60.764938
1007.000000	60.794920
1008.000000	60.825560
1009.000000	60.792555
1010.000000	60.807501
1011.000000	60.826500
1012.000000	60.782905
1013.000000	60.732572
1014.000000	60.748459
1015.000000	60.760543
1016.000000	60.760977
1017.000000	60.742229
1018.000000	60.739602
1019.000000	60.704281
1020.000000	60.729532
1021.000000	60.727596
1022.000000	60.667888
1023.000000	60.664277
1024.000000	60.706514
1025.000000	60.658981
1026.000000	60.657451
1027.000000	60.676699
1028.000000	60.619857
1029.000000	60.618153
1030.000000	60.615212
1031.000000	60.617616
1032.000000	60.602184
1033.000000	60.625252
1034.000000	60.608460
1035.000000	60.594573
1036.000000	60.573918
1037.000000	60.561105
1038.000000	60.564774
1039.000000	60.529395
1040.000000	60.523518
1041.000000	60.547227
1042.000000	60.523967
1043.000000	60.492589
1044.000000	60.514380
1045.000000	60.503015
1046.000000	60.485416
1047.000000	60.473547
1048.000000	60.473793
1049.000000	60.447209
1050.000000	60.453829
1051.000000	60.437431
1052.000000	60.443908
1053.000000	60.401037
1054.000000	60.414973
1055.000000	60.359966
1056.000000	60.366092
1057.000000	60.378178
1058.000000	60.319830
1059.000000	60.309554
1060.000000	60.300851
1061.000000	60.289767
1062.000000	60.287203
1063.000000	60.286874
1064.000000	60.272061
1065.000000	60.263514
1066.000000	60.213264
1067.000000	60.196452
1068.000000	60.178382
1069.000000	60.194177
1070.000000	60.187628
1071.000000	60.194738
1072.000000	60.146220
1073.000000	60.179558
1074.000000	60.185114
1075.000000	60.167665
1076.000000	60.163969
1077.000000	60.201804
1078.000000	60.193139
1079.000000	60.190611
1080.000000	60.161306
1081.000000	60.197770
1082.000000	60.150654
1083.000000	60.219658
1084.000000	60.191403
1085.000000	60.186935
1086.000000	60.221831
1087.000000	60.196752
1088.000000	60.212827
1089.000000	60.212514
1090.000000	60.164289
1091.000000	60.121307
1092.000000	60.193101
1093.000000	60.198802
1094.000000	60.185019
1095.000000	60.166128
1096.000000	60.172551
1097.000000	60.173016
1098.000000	60.159930
1099.000000	60.150636
1100.000000	60.137196
1101.000000	60.193150
1102.000000	60.159089
1103.000000	60.153755
1104.000000	60.148999
1105.000000	60.145307
1106.000000	60.163228
1107.000000	60.152218
1108.000000	60.132030
1109.000000	60.143164
1110.000000	60.157865
1111.000000	60.158442
1112.000000	60.096826
1113.000000	60.108227
1114.000000	60.108590
1115.000000	60.106258
1116.000000	60.038333
1117.000000	60.121553
1118.000000	60.089232
1119.000000	60.107751
1120.000000	60.044530
1121.000000	60.081073
1122.000000	60.076363
1123.000000	60.075847
1124.000000	60.043888
1125.000000	60.056541
1126.000000	60.060348
1127.000000	60.037639
1128.000000	60.033313
1129.000000	60.094886
1130.000000	60.066542
1131.000000	60.030227
1132.000000	60.056395
1133.000000	60.029122
1134.000000	60.052249
1135.000000	60.037299
1136.000000	60.056346
1137.000000	60.034794
1138.000000	60.045754
1139.000000	60.013172
1140.000000	60.012749
1141.000000	60.020475
1142.000000	60.092824
1143.000000	59.975274
1144.000000	59.995895
1145.000000	60.040772
1146.000000	59.995215
1147.000000	60.008462
1148.000000	59.986443
1149.000000	60.004907
1150.000000	60.030487
1151.000000	59.984252
1152.000000	59.998810
1153.000000	60.015993
1154.000000	60.011483
1155.000000	59.994537
1156.000000	59.969982
1157.000000	59.967902
1158.000000	59.993192
1159.000000	59.970692
1160.000000	59.947614
1161.000000	59.970698
1162.000000	59.957203
1163.000000	59.924307
1164.000000	59.955892
1165.000000	59.963564
1166.000000	59.963120
1167.000000	59.948755
1168.000000	59.917725
1169.000000	59.962861
1170.000000	59.935939
1171.000000	59.947623
1172.000000	59.924321
1173.000000	59.934116
1174.000000	59.934413
1175.000000	59.931319
1176.000000	59.894513
1177.000000	59.939026
1178.000000	59.914279
1179.000000	59.861149
1180.000000	59.868631
1181.000000	59.883407
1182.000000	59.883185
1183.000000	59.888595
1184.000000	59.914143
1185.000000	59.920911
1186.000000	59.893085
1187.000000	59.877786
1188.000000	59.910333
1189.000000	59.925008
1190.000000	59.956234
1191.000000	59.918170
1192.000000	59.926361
1193.000000	59.949430
1194.000000	59.900122
1195.000000	59.926122
1196.000000	59.927296
1197.000000	59.921662
1198.000000	59.939982
1199.000000	59.922302
1200.000000	59.937040
1201.000000	59.952643
1202.000000	59.964714
1203.000000	59.971580
1204.000000	59.949649
1205.000000	59.945873
1206.000000	60.018381
1207.000000	59.961386
1208.000000	59.938649
1209.000000	59.937574
1210.000000	59.971352
1211.000000	59.960402
1212.000000	59.954645
1213.000000	59.938854
1214.000000	59.996235
1215.000000	59.960042
1216.000000	59.984042
1217.000000	59.968351
1218.000000	59.975291
1219.000000	59.958328
1220.000000	59.931773
1221.000000	59.985836
1222.000000	59.992278
1223.000000	59.968799
1224.000000	59.994246
1225.000000	60.010214
1226.000000	60.010697
1227.000000	59.972039
1228.000000	60.000885



