0.0	-0.014604602139915353
1.0	-0.0033080135255854856
2.0	-0.0015687882789452636
3.0	-0.0038614725957053712
4.0	0.00010901671625734632
5.0	0.0010159383352856988
6.0	-0.0007862299789441197
7.0	-0.001021082069841445
8.0	-0.0011725176760038285
9.0	0.0008680559668099646
10.0	0.00019717085124141653
11.0	0.001397319180302315
12.0	0.0010646684521290921
13.0	0.005867461391703679
14.0	-0.0007493439877223653
15.0	-0.000995024993473997
16.0	0.0016712568857516004
17.0	0.0062104334293473454
18.0	0.005164766338751222
19.0	0.0045009876985555785
20.0	0.0009908964696855834
21.0	0.0037998154617547115
22.0	0.004759866444285687
23.0	-0.0013461187172582939
24.0	0.0013382677539888726
25.0	0.0018585632723680115
26.0	-0.0007072127408680133
27.0	-0.0028166515140822224
28.0	0.002478349445968996
29.0	0.0076540631408304576
30.0	0.0009726226758692617
31.0	0.005802657104373776
32.0	0.0006291430328417328
33.0	-0.004078050892786769
34.0	-0.001997545626448435
35.0	-0.00025409033494334194
36.0	-0.0004153396451919111
37.0	-0.0023838333235085382
38.0	-6.306150884552909e-05
39.0	-0.0034690936340396965
40.0	-0.00261580898389783
41.0	0.0005863349788095529
42.0	0.0034480449307917986
43.0	0.0026438288010828303
44.0	-0.0016549119923938804
45.0	0.0033219895938186414
46.0	0.003749900932349233
47.0	0.0025577050876338194
48.0	0.00017162138025743782
49.0	-0.0014777577134531597
50.0	-0.0011823313800904082
51.0	-0.0022828198521354964
52.0	0.0008064665135772059
53.0	-0.00333863905040731
54.0	-0.0017357904502102936
55.0	-0.002748632392654781
56.0	-0.00577852892846493
57.0	-0.0027746894690226227
58.0	-0.00511136625237739
59.0	0.0033492310827485687
60.0	-0.00020231458579716277
61.0	-0.005054176045804254
62.0	0.00016925255513326761
63.0	-0.005948238328443241
64.0	0.00046450968670126675
65.0	-0.004247421889175969
66.0	-0.005503406810453559
67.0	-0.005833181108118749
68.0	-0.002543898221195022
69.0	0.0019570387168221307
70.0	-0.0050364098573717955
71.0	-0.005538431581934613
72.0	-0.006198995388033112
73.0	-0.0044470800067978825
74.0	-0.002079439295032181
75.0	-0.00424776029276508
76.0	-0.0026501569482006615
77.0	-0.0025131034945788397
78.0	-0.0041083380140190875
79.0	-0.003673320200115592
80.0	-0.002959627030514864
81.0	-0.006449414044033478
82.0	-0.0048445350223014026
83.0	-0.003347099140137052
84.0	-0.008469514269701137
85.0	-0.004655875021328154
86.0	-0.007700153709678471
87.0	-0.006355845451622452
88.0	-0.006274120984833064
89.0	-0.007721134732208073
90.0	-0.008743282773355671
91.0	-0.011399074141316072
92.0	-0.00841367767748484
93.0	-0.005572948748032197
94.0	-0.012630863205966522
95.0	-0.008125188617700634
96.0	-0.009723130365854165
97.0	-0.007235863985309988
98.0	-0.009210448928231793
99.0	-0.007376132273029348
100.0	-0.009170348102912894
101.0	-0.008379329713182008
102.0	-0.004421192132224793
103.0	-0.003007511138384889
104.0	-0.007322833707731973
105.0	-0.00757359076732145
106.0	-0.00753755078507267
107.0	-0.007309805169548249
108.0	-0.008486434449160621
109.0	-0.004405794768916899
110.0	-0.007707598588640486
111.0	-0.005202566019663852
112.0	-0.003977037421413333
113.0	-0.009637006652405546
114.0	-0.010301969705163276
115.0	-0.012567074129404346
116.0	-0.010567616522677178
117.0	-0.00827493220591707
118.0	-0.005725061161372802
119.0	-0.011417009531543284
120.0	-0.010587413132644694
121.0	-0.007142633796488466
122.0	-0.014649271413688627
123.0	-0.0070913656527261506
124.0	-0.012810724713620918
125.0	-0.012695836695091178
126.0	-0.011504317657554379
127.0	-0.010645110944601693
128.0	-0.014764159432218368
129.0	-0.008865446469053068
130.0	-0.00966966259876243
131.0	-0.0109755620494455
132.0	-0.010429717060082382
133.0	-0.012021736745425091
134.0	-0.012242375885577
135.0	-0.013901568683373784
136.0	-0.017573078424287496
137.0	-0.012892956785794168
138.0	-0.017516395823098222
139.0	-0.01922398033414929
140.0	-0.013954021239698185
141.0	-0.016271239816674544
142.0	-0.012514621573079945
143.0	-0.01682926733524841
144.0	-0.018812312367899958
145.0	-0.016890349183097307
146.0	-0.015802381643852476
147.0	-0.023379238005809495
148.0	-0.023735069379842526
149.0	-0.023038127187906137
150.0	-0.023616289720036633
151.0	-0.020737490386800148
152.0	-0.0247457116989572
153.0	-0.0243788822082759
154.0	-0.018622467954364626
155.0	-0.02560914845677476
156.0	-0.02546634214213687
157.0	-0.02379242878821002
158.0	-0.027077481630268876
159.0	-0.027229763245404232
160.0	-0.024608996648924884
161.0	-0.026631465699716715
162.0	-0.027383906080280292
163.0	-0.02329649832825238
164.0	-0.02557700011580174
165.0	-0.02697376093018216
166.0	-0.028180338927438132
167.0	-0.022483314503429806
168.0	-0.02388295174831826
169.0	-0.02254219672794889
170.0	-0.025495444850807104
171.0	-0.02594721364237533
172.0	-0.031757434066967447
173.0	-0.02805360678328636
174.0	-0.02176420687640173
175.0	-0.02599509775024575
176.0	-0.02679897547636561
177.0	-0.026311505106138104
178.0	-0.028803509136931017
179.0	-0.026982728625295764
180.0	-0.028017566801037973
181.0	-0.032008867933735544
182.0	-0.025757876834223863
183.0	-0.028358508417146582
184.0	-0.02629238530334881
185.0	-0.0301292051975816
186.0	-0.027903524791480814
187.0	-0.030752883012457953
188.0	-0.026460741088970677
189.0	-0.028662564042033434
190.0	-0.027220626348496268
191.0	-0.03013140482091102
192.0	-0.0276356783506371
193.0	-0.026357527994267823
194.0	-0.028042270263048584
195.0	-0.030983843462079913
196.0	-0.031324277472804654
197.0	-0.03171851765421064
198.0	-0.02747459824218289
199.0	-0.029292671525104466
200.0	-0.02884513277840111
201.0	-0.029317205785320717
202.0	-0.03011736107195996
203.0	-0.029358321821407345
204.0	-0.02956999326644565
205.0	-0.03269261238569346
206.0	-0.03414284096716561
207.0	-0.03482489340117757
208.0	-0.036531801105050415
209.0	-0.03475281343668001
210.0	-0.03229600337916291
211.0	-0.033571108103229795
212.0	-0.03497260656785895
213.0	-0.03575296524453028
214.0	-0.03598307968517927
215.0	-0.03663653701590447
216.0	-0.03918048599763792
217.0	-0.03612639360520102
218.0	-0.04190429648702576
219.0	-0.03827102635169064
220.0	-0.03860283107089128
221.0	-0.038087442404555236
222.0	-0.04028266648762856
223.0	-0.0412241052727545
224.0	-0.037897428789225154
225.0	-0.037890660717441356
226.0	-0.04078773384449416
227.0	-0.03657020991242337
228.0	-0.04074018814021325
229.0	-0.04018232982343413
230.0	-0.04045034546607221
231.0	-0.04249311873221581
232.0	-0.04187062532990115
233.0	-0.043145222448584174
234.0	-0.04267416465243229
235.0	-0.041929845958009346
236.0	-0.0450646476064683
237.0	-0.045536720613387906
238.0	-0.04464164311998119
239.0	-0.048027709433413085
240.0	-0.04632655459055631
241.0	-0.048315860089608184
242.0	-0.04271629589928625
243.0	-0.046204052491269805
244.0	-0.04624313810582137
245.0	-0.04299530965857338
246.0	-0.04723601423650359
247.0	-0.03938217453679489
248.0	-0.043216625605903114
249.0	-0.045372933276220016
250.0	-0.04373505990454195
251.0	-0.05115726582623905
252.0	-0.04071869951229978
253.0	-0.04255521579083204
254.0	-0.03845867114189616
255.0	-0.03758795870691134
256.0	-0.043370599238984425
257.0	-0.041145764841857
258.0	-0.04203407426347992
259.0	-0.04271544989031328
260.0	-0.04196977758153388
261.0	-0.03961465780256844
262.0	-0.0439252427216664
263.0	-0.04011397229841758
264.0	-0.041704299965814734
265.0	-0.03962599432280622
266.0	-0.04101734067975968
267.0	-0.03552623483977319
268.0	-0.040961165683953873
269.0	-0.038980827880016
270.0	-0.03804361913975533
271.0	-0.033068240369694
272.0	-0.03366196946692715
273.0	-0.034042673504765544
274.0	-0.03597648081518983
275.0	-0.0380074099557118
276.0	-0.038994194821788834
277.0	-0.03449867234119864
278.0	-0.03957929462749788
279.0	-0.03758339025845736
280.0	-0.032344902697801055
281.0	-0.03287501192026638
282.0	-0.03379022442723012
283.0	-0.030625474061127957
284.0	-0.02906424910240143
285.0	-0.03185607871321632
286.0	-0.029517033104737384
287.0	-0.02603452176838643
288.0	-0.026711667350354906
289.0	-0.02992836266739721
290.0	-0.027051932159284895
291.0	-0.02808541672067027
292.0	-0.02375080514673953
293.0	-0.024806624345011345
294.0	-0.02203543735313734
295.0	-0.025413381980428605
296.0	-0.02759879235941574
297.0	-0.027465799748864036
298.0	-0.027857163499761986
299.0	-0.027804710943437585
300.0	-0.028220608954551786
301.0	-0.022621552369613714
302.0	-0.02565144890542347
303.0	-0.024549099213638074
304.0	-0.022979752568770915
305.0	-0.020439526026518474
306.0	-0.022543381140510976
307.0	-0.01886628774037595
308.0	-0.0226628376074947
309.0	-0.023405802687560807
310.0	-0.020428866313459314
311.0	-0.01746529688113066
312.0	-0.021865727953158633
313.0	-0.020696712754302633
314.0	-0.018091851126515044
315.0	-0.015270241999851697
316.0	-0.0160286044432257
317.0	-0.01760708798500082
318.0	-0.018538205460656317
319.0	-0.013053360087070157
320.0	-0.013823566656065798
321.0	-0.01321342498475664
322.0	-0.014145388469385109
323.0	-0.015389867668630172
324.0	-0.017313861274968277
325.0	-0.015726579239873906
326.0	-0.015497310808197896
327.0	-0.01598241235330123
328.0	-0.016613365845345632
329.0	-0.017398800575854807
330.0	-0.013903260701319732
331.0	-0.016078011367247316
332.0	-0.016403048014664162
333.0	-0.016660573146037434
334.0	-0.01478666327089956
335.0	-0.016623517953021322
336.0	-0.014287687178639529
337.0	-0.01901755414474358
338.0	-0.01461763067809947
339.0	-0.008599461247950056
340.0	-0.01213544035139314
341.0	-0.013533047174746534
342.0	-0.011782147004279032
343.0	-0.013053021683480652
344.0	-0.012619526685728745
345.0	-0.014407651251007115
346.0	-0.016565481737475213
347.0	-0.015217451039938185
348.0	-0.015403911417581621
349.0	-0.0160390949544905
350.0	-0.014183966478552811
351.0	-0.016271409018469296
352.0	-0.014586328346099424
353.0	-0.015448919094943614
354.0	-0.015690200854036017
355.0	-0.01153849642006246
356.0	-0.012390427455847487
357.0	-0.009730575244816573
358.0	-0.010446468037747113
359.0	-0.010956442246656203
360.0	-0.012180967809900212
361.0	-0.010612467174006027
362.0	-0.008812836886695131
363.0	-0.0035015925543630455
364.0	-0.008544990445851419
365.0	-0.009532295093073538
366.0	-0.00406589271509806
367.0	-0.008827062013202158
368.0	-0.0021907984273981016
369.0	-0.009306918302673287
370.0	-0.004756755818190097
371.0	-0.0049141134871633
372.0	-0.005123246905282288
373.0	-0.0033786072012151097
374.0	0.00037208897956906575
375.0	-0.005505993540416959
376.0	-0.003399769601300289
377.0	-0.003473372381949045
378.0	0.0017065713577772866
379.0	0.002306391719616001
380.0	-0.004312117853516815
381.0	-0.0015353472024211014
382.0	-0.0024009835835680764
383.0	0.00051859338216592
384.0	0.0010811893491937691
385.0	-0.0013274103726250222
386.0	0.0009537682221025567
387.0	0.0005805090632261778
388.0	-0.00046532722916430285
389.0	-0.0012169216007545118
390.0	0.001663557574666701
391.0	0.003303122964290718
392.0	0.0024662508882248666
393.0	0.0010804881904931118
394.0	0.0016512058436611984
395.0	0.003687198862259794
396.0	0.003655050521286774
397.0	1.941156082748319e-05
398.0	0.0016193837305164653
399.0	0.002361502801609206
400.0	0.001275045902754744
401.0	0.001966742839058536
402.0	0.005959397586112947
403.0	0.007171390040795879
404.0	0.004534210870240513
405.0	0.0019229073984974128
406.0	0.006230785088882093
407.0	0.003607480465483425
408.0	0.0067605559077583074
409.0	0.0024995471144763203
410.0	0.0027535068324021188
411.0	0.007156814334938527
412.0	0.007321109277489882
413.0	0.0064441363761047355
414.0	0.005702694112190215
415.0	0.007884877481318994
416.0	0.01038923324311701
417.0	0.01016588687425182
418.0	0.009423937004953437
419.0	0.00926674853777499
420.0	0.012791040541629575
421.0	0.01203826175747728
422.0	0.010338798932566846
423.0	0.009617322480414206
424.0	0.007947469969557867
425.0	0.006175745802593902
426.0	0.006359668153318809
427.0	0.010146911921734843
428.0	0.004925006136948907
429.0	0.009378566572479902
430.0	0.009444204693021561
431.0	0.005548840977859189
432.0	0.012080876258193061
433.0	0.010673963336136953
434.0	0.01203045412340372
435.0	0.010679027214213582
436.0	0.011006432686754598
437.0	0.01425662995912676
438.0	0.008244551793582917
439.0	0.010755337223575617
440.0	0.010756847863965989
441.0	0.009539102548266992
442.0	0.010619456006755058
443.0	0.012371032984400784
444.0	0.007645057659572094
445.0	0.011017744855469941
446.0	0.008074310436698307
447.0	0.00960220264188973
448.0	0.008438601900461081
449.0	0.014005002539041873
450.0	0.011251907963428221
451.0	0.013699073518653498
452.0	0.01061029475832466
453.0	0.010776789324205827
454.0	0.011215021972206467
455.0	0.010212996768854676
456.0	0.006141155581929803
457.0	0.011057652127472048
458.0	0.008187482085760058
459.0	0.00913890377676654
460.0	0.003909202533668258
461.0	0.00875987958111327
462.0	0.004590916564090722
463.0	0.00867730910535091
464.0	0.0050196739115942884
465.0	0.006670563645694865
466.0	0.004729819061692025
467.0	0.009390651695601705
468.0	0.004191418951291317
469.0	0.005635725469952654
470.0	0.009518556076553952
471.0	0.01375130817013867
472.0	0.008561550726325761
473.0	0.012460636880969139
474.0	0.011834590240968224
475.0	0.011747608342785418
476.0	0.01097723257199502
477.0	0.005500847288138603
478.0	0.004960755159791551
479.0	0.008665259250651262
480.0	0.005527568995923448
481.0	0.006734485396768143
482.0	0.01061851259169274
483.0	0.006885921002930525
484.0	0.0034311587608933563
485.0	0.00819197747964713
486.0	0.009211587493875809
487.0	0.0057463347405734425
488.0	0.004168189602387034
489.0	0.008320740045333966
490.0	0.0058691630676878425
491.0	0.010332875610894528
492.0	0.0067034971168351675
493.0	0.008932561558827459
494.0	0.010825929640343741
495.0	0.003951417751988843
496.0	0.007929859548297447
497.0	0.008507852878633582
498.0	0.013244826320110543
499.0	0.007278094235518193
500.0	0.00904133396122998
501.0	0.007406506221854302
502.0	0.004171029505611811
503.0	0.0021181041317925127
504.0	0.007622915317141341
505.0	0.006050341662415818
506.0	0.006225296318026729
507.0	0.005392485085030995
508.0	0.003960022691990904
509.0	0.004054775696964016
510.0	0.0027316054874711344
511.0	0.005099246199236837
512.0	0.0017356837244861282
513.0	0.007881600509554658
514.0	0.0027613850033199813
515.0	0.0039024697303066177
516.0	0.0007940635618046153
517.0	0.0021563072100878452
518.0	0.00685893268726198
519.0	0.0007790046020858334
520.0	0.0018397184766395227
521.0	0.0012204399084224018
522.0	0.005496338459628814
523.0	0.003394682968966123
524.0	0.0026767597545001263
525.0	0.0013595116078184578
526.0	0.002642568816230831
527.0	0.0014716923976345244
528.0	0.003884340786762615
529.0	0.003362860855821389
530.0	0.004254711339369348
531.0	0.0022236129970530233
532.0	0.004726615144494599
533.0	0.004672978175608115
534.0	0.0008128084337211493
535.0	0.0024354414681244697
536.0	-0.00227479808980643
537.0	0.000782170733138501
538.0	0.005089371616344568
539.0	0.0017107501818750736
540.0	-0.000787357289284627
541.0	0.0033044497094025177
542.0	0.0011129480658102018
543.0	0.00470104132198858
544.0	0.002664528522244903
545.0	3.3428440533892845e-05
546.0	-0.00011546913870956791
547.0	0.0013532024383736598
548.0	0.0014445714074548758
549.0	0.003752991491112386
550.0	0.0023636633799331563
551.0	0.004470394924433299
552.0	0.004089690886594903
553.0	-0.00020058981715167699
554.0	-0.00268701018872288
555.0	-0.0007794413322220062
556.0	0.00035014984849331577
557.0	0.001500552849943491
558.0	-0.0011114152532170078
559.0	0.0006635115720828876
560.0	-0.002767405392677866
561.0	-0.001724276329000665
562.0	-0.0010222580832268198
563.0	0.0001844891158239066
564.0	-0.0023004084395961016
565.0	-0.0035443922092185183
566.0	-0.00013988290017554242
567.0	-0.004683120286841804
568.0	-0.0018899370616700744
569.0	-0.003411399598666817
570.0	-0.004244392209218518
571.0	-0.007033176187730626
572.0	-0.003978576189909863
573.0	-0.003262683396979323
574.0	-0.008679171245549329
575.0	-0.0032225947474212482
576.0	-0.01142380573143324
577.0	-0.008953121126759436
578.0	-0.0019138188662301422
579.0	-0.00556959284024646
580.0	-0.008127766948486938
581.0	-0.009726385503819083
582.0	-0.010329928305138803
583.0	-0.011637688975562574
584.0	-0.013221925378353762
585.0	-0.010138911654802603
586.0	-0.011884397367842756
587.0	-0.00841643738582711
588.0	-0.010035529358304996
589.0	-0.011121297274220019
590.0	-0.009329462445221858
591.0	-0.013329900474827785
592.0	-0.01261553049804844
593.0	-0.010470728549764068
594.0	-0.01514188249314379
595.0	-0.01341840518916179
596.0	-0.015953048072192524
597.0	-0.018972115693148366
598.0	-0.01293144242431815
599.0	-0.014604002163888163
600.0	-0.013074599318306368
601.0	-0.011004753765027587
602.0	-0.010450787089524233
603.0	-0.011950760998607505
604.0	-0.016100604212840364
605.0	-0.016529204534310393
606.0	-0.01575645993839583
607.0	-0.00985182491241971
608.0	-0.013916559623971281
609.0	-0.013423336392727315
610.0	-0.012918450413417682
611.0	-0.01230492470621663
612.0	-0.00915980174828763
613.0	-0.011846726246453719
614.0	-0.01043439886697065
615.0	-0.01373503044989337
616.0	-0.016119252937529447
617.0	-0.013191554285654819
618.0	-0.013317609622627973
619.0	-0.009483158553519748
620.0	-0.014294931363968763
621.0	-0.016313508773485228
622.0	-0.014267351471450118
623.0	-0.012972450137415716
624.0	-0.015396096643192072
625.0	-0.012818657881889984
626.0	-0.01899739981510975
627.0	-0.015693057968467237
628.0	-0.015475126057029
629.0	-0.011001769011530492
630.0	-0.010872172612632297
631.0	-0.019015008977509067
632.0	-0.016023182845482757
633.0	-0.011265059179681442
634.0	-0.009969819442057928
635.0	-0.010848665738944595
636.0	-0.013376202146602423
637.0	-0.011626486388697005
638.0	-0.011827836524264867
639.0	-0.012762338035812256
640.0	-0.012575043824957064
641.0	-0.016857710447946872
642.0	-0.011361190150533431
643.0	-0.014157588209802304
644.0	-0.01374845827047229
645.0	-0.012193844357496023
646.0	-0.01015953118108216
647.0	-0.011668134381689533
648.0	-0.011354772658099964
649.0	-0.008692551621944882
650.0	-0.006409693185032175
651.0	-0.006714933222481501
652.0	-0.010478657941449013
653.0	-0.008975638400062954
654.0	-0.007459082715109697
655.0	-0.010447367785210186
656.0	-0.007375340002546073
657.0	-0.00989627754021486
658.0	-0.008367200922461354
659.0	-0.006677551801637104
660.0	-0.009672435741727025
661.0	-0.011104052125793745
662.0	-0.015262355429756737
663.0	-0.004386571678584161
664.0	-0.0073616468329453484
665.0	-0.008027298868642513
666.0	-0.010606441823651771
667.0	-0.007366396658954906
668.0	-0.009477189046525556
669.0	-0.007207854577419616
670.0	-0.007374361319061999
671.0	-0.0032145351989478067
672.0	-0.006006703213351813
673.0	-0.004075433929846439
674.0	-0.003188308920785608
675.0	-0.010470766335908826
676.0	-0.004490328905954134
677.0	-0.006376252108508399
678.0	-0.006679969329806145
679.0	-0.0054016497716421075
680.0	-0.005601150863230489
681.0	-0.006690302815037411
682.0	-0.006048689609933845
683.0	-0.006031092623295746
684.0	-0.006374233862734165
685.0	-0.00447004904212519
686.0	-0.008659823879882586
687.0	-0.007070511423253161
688.0	-0.00956285385763518
689.0	-0.007777098117481373
690.0	-0.006201841585564218
691.0	-0.007862387997718238
692.0	-0.0057615785160285175
693.0	-0.004286308068956247
694.0	-0.005361754675400831
695.0	-0.006394743807163556
696.0	-0.007613165930041172
697.0	-0.007767308764916837
698.0	-0.009397737257632889
699.0	-0.006696261405131482
700.0	-0.008054794789694923
701.0	-0.006703718459855113
702.0	-0.007102696291509438
703.0	-0.009983187642692263
704.0	-0.0031061499031792626
705.0	-0.006853981829216236
706.0	-0.0057071320654523165
707.0	-0.005697656764955243
708.0	-0.005612209858684848
709.0	-0.008914182880203186
710.0	-0.005721526393754092
711.0	-0.004413088916152102
712.0	-0.004034415299849159
713.0	-0.006068559274468271
714.0	-0.004857751232347428
715.0	-0.00409753974499394
716.0	-0.00618802791721321
717.0	-0.006625245354446519
718.0	-0.007769387889496762
719.0	-0.0013263527531195327
720.0	-0.005232545383136217
721.0	-0.006147927091894312
722.0	-0.00614115902011052
723.0	-0.006318990106229858
724.0	-0.004477228572065
725.0	-0.007019147132263
726.0	-0.005144898853536009
727.0	-0.00834399718394061
728.0	-0.008740775392265516
729.0	-0.009142122049044797
730.0	-0.009073256918644383
731.0	-0.007945526957669756
732.0	-0.007042327778122808
733.0	-0.007802551441237119
734.0	-0.007731655889302037
735.0	-0.005253357203871463
736.0	-0.012850010175796003
737.0	-0.010291171436138133
738.0	-0.006480747021862288
739.0	-0.0065758384304245125
740.0	-0.010608255599209101
741.0	-0.010880332084917293
742.0	-0.010882870111836215
743.0	-0.006888861750424973
744.0	-0.013729690305894429
745.0	-0.009230783789412332
746.0	-0.013889924405376062
747.0	-0.009752263720353557
748.0	-0.007156877393063432
749.0	-0.010251070610819235
750.0	-0.012046809256854368
751.0	-0.010606732783057514
752.0	-0.015758589024881337
753.0	-0.012964898194325744
754.0	-0.011513992805674977
755.0	-0.012486395519211843
756.0	-0.007523537681950379
757.0	-0.011645293398280727
758.0	-0.015337953363518403
759.0	-0.010733464927209285
760.0	-0.014178751868749373
761.0	-0.01314289848223983
762.0	-0.01347774883374287
763.0	-0.01634571925212544
764.0	-0.013466073909915983
765.0	-0.013717846180272787
766.0	-0.010653263276571094
767.0	-0.010666630218344323
768.0	-0.014693802131495915
769.0	-0.015818824863757255
770.0	-0.012330391464595086
771.0	-0.01328519719149386
772.0	-0.014476547027236294
773.0	-0.015092779963150635
774.0	-0.017681059815067852
775.0	-0.0155878644141353
776.0	-0.013191628599082834
777.0	-0.016314755323714507
778.0	-0.015874661455973556
779.0	-0.014151002774435586
780.0	-0.014038483581030011
781.0	-0.0135611653184782
782.0	-0.009491523754883142
783.0	-0.009900992097802664
784.0	-0.012405855464984543
785.0	-0.012570488811125406
786.0	-0.014357259762046935
787.0	-0.008811332540611878
788.0	-0.00995801310258104
789.0	-0.0077517909028586626
790.0	-0.009742450016266979
791.0	-0.010203524906537925
792.0	-0.0071081472762200395
793.0	-0.00787057056266456
794.0	-0.005738797152563905
795.0	-0.00456216787295153
796.0	-0.005789388489148002
797.0	-0.01012213884333804
798.0	-0.00686855753507359
799.0	-0.007909317773626618
800.0	-0.007378870147571788
801.0	-0.00731321985126891
802.0	-0.005968234786034666
803.0	-0.008920806101714666
804.0	-0.0052626633025741765
805.0	-0.00980200904796468
806.0	-0.006810013714144008
807.0	-0.00655248858277074
808.0	-0.006411035882489296
809.0	-0.006605110340889498
810.0	-0.005266893347439046
811.0	-0.005282121508952584
812.0	-0.007309328209993149
813.0	-0.002387417207023948
814.0	-0.007397820748566331
815.0	-0.007871078168048029
816.0	-0.0011964057748710091
817.0	-0.003879438631761344
818.0	-0.004693806869146396
819.0	-0.0038657332863990053
820.0	-0.0028703191287974684
821.0	-0.005462321420196094
822.0	-0.004386536410162006
823.0	-0.0024811550012293336
824.0	-0.0037398471512205965
825.0	-0.005814430354747722
826.0	-0.004146439063632081
827.0	-0.005329159607850029
828.0	-0.006999012118706367
829.0	-0.004465553648237718
830.0	-0.0063176364918730195
831.0	-0.0016424217054227786
832.0	-0.0071413108279607855
833.0	-0.008518275032373296
834.0	-0.0034090576427876847
835.0	-0.004058623332237124
836.0	-0.003467770665512016
837.0	-0.0006414238885999289
838.0	-0.0016177182434121674
839.0	-0.003289601175803569
840.0	-0.005903092095115653
841.0	-0.004510899729189216
842.0	-0.0024327632879754453
843.0	-0.004446941450832285
844.0	-0.0017908116792823745
845.0	-0.0034214093737931846
846.0	-0.0030158326721490335
847.0	-0.0024138126869809027
848.0	-0.006001905943158889
849.0	-0.003648308980344635
850.0	-0.0009282209304381893
851.0	-0.0006622357093347796
852.0	-0.0033407001177711278
853.0	0.0017828994243550477
854.0	-0.0017500340467852585
855.0	-0.0003896516182427289
856.0	-0.0005977698255943796
857.0	0.002919258676854165
858.0	-0.0017336214727096378
859.0	0.0027794979945186676
860.0	-0.0011013143663083963
861.0	0.0005057642787531003
862.0	-0.006128976490899769
863.0	0.00023639502175819044
864.0	-0.0032963692475873603
865.0	-0.0003082655550424478
866.0	-0.0010025005182651672
867.0	-0.008224202313367781
868.0	0.0003291176051962416
869.0	-0.000689984803648573
870.0	0.0012852769464518545
871.0	-7.341346414472725e-05
872.0	-0.001297588448038412
873.0	-0.0005233210359726518
874.0	-0.0015321021353470235
875.0	0.002335850889091072
876.0	0.0003045833449799906
877.0	-0.00037476186031830025
878.0	-0.0019348024064827474
879.0	-0.0005970930184157659
880.0	-0.0017148400735094486
881.0	-0.0006735722295729522
882.0	0.001501686041738495
883.0	0.0017600571820847446
884.0	-0.0025388528131863306
885.0	0.0017221559800956526
886.0	-0.0013024953000819023
887.0	0.0046701588473216675
888.0	-0.003792807312928866
889.0	0.000577167436072436
890.0	0.002808769904983653
891.0	0.003597250267795616
892.0	0.0002279349320284511
893.0	0.001405917825997657
894.0	0.0012067673137596113
895.0	0.003929224188790619
896.0	0.005576234457377049
897.0	-0.0005459940764481992
898.0	0.0020605595692853368
899.0	0.0054495023132252775
900.0	0.0008438294643536762
901.0	0.0029123214032756167
902.0	0.00573359212635025
903.0	0.002107597668182782
904.0	0.0021475292917069308
905.0	-0.0009043634774001564
906.0	-0.000290330164815635
907.0	0.003791324726195819
908.0	0.0031805062477084445
909.0	0.000869717338926766
910.0	0.004902472911300071
911.0	0.002954283448335219
912.0	0.0014954255753385683
913.0	0.005441549828879396
914.0	0.0007923921187970004
915.0	0.006158796236166772
916.0	0.0075712928174445976
917.0	0.0029520838250054063
918.0	0.0022820447184098286
919.0	0.0011798642284191873
920.0	0.002542953885674999
921.0	0.004168644728142318
922.0	0.00521955707437104
923.0	0.00553224199078239
924.0	0.004473715563796897
925.0	0.0060034689887290245
926.0	0.003983030359471855
927.0	0.004651546649916234
928.0	0.008264174166310471
929.0	0.005187747136987133
930.0	0.004142926055363984
931.0	0.00264092172474565
932.0	0.001029105429435023
933.0	0.0019928788514474013
934.0	0.0039073971572880385
935.0	0.0022321301890043527
936.0	0.002920443089416248
937.0	0.006955059881530256
938.0	0.005502631676728289
939.0	0.005567097560468689
940.0	0.0016829011637497287
941.0	0.000750430073737399
942.0	0.0020651280177393224
943.0	0.008412733341964823
944.0	0.0028204448288105394
945.0	0.0038925073993636167
946.0	0.004928529987667916
947.0	0.0031933655840978093
948.0	0.001754304321068676
949.0	0.004855096408813517
950.0	0.00242248220792355
951.0	0.003933115830066379
952.0	0.0026970967205510593
953.0	0.0023091170055450083
954.0	0.00856501495710018
955.0	0.004676250111926845
956.0	0.007297355111995702
957.0	0.002820275627016179
958.0	0.006896516060600285
959.0	0.0021850920901069068
960.0	0.0031241620501082793
961.0	0.0026932050792752987
962.0	0.003036853924097576
963.0	0.004130405122564124
964.0	0.00950087008300441
965.0	0.005636639498047328
966.0	0.0016048991364413503
967.0	0.005745943857355361
968.0	0.004047327041417895
969.0	0.00443327633488889
970.0	0.006233245025788506
971.0	0.005338167532381793
972.0	0.0007060992035536315
973.0	0.004971168839905736
974.0	0.003279320095752069
975.0	0.005479451030868481
976.0	0.0030194261392542327
977.0	0.0007292798494130437
978.0	0.005547808555885037
979.0	0.0004011975696938025
980.0	0.0022162252203125968
981.0	-0.0006344866150213817
982.0	0.0038133209594931484
983.0	-0.002178960596083182
984.0	0.0016500760155980987
985.0	0.0006751352751426912
986.0	0.0022439743146259947
987.0	-0.0010571526979193777
988.0	0.003867127130174392
989.0	-0.001951045778764008
990.0	0.0010184457163754709
991.0	0.000591041983229135
992.0	-0.004254051404994166
993.0	-0.004056254507112951
994.0	0.001138240586948695
995.0	-0.0017183933111961
996.0	-0.0036400180924096447
997.0	-0.0029794542863111405
998.0	0.000519469624115439
999.0	0.0018490573260417842
1000.0	-0.004907508735719367
1001.0	-0.0039635319236749
1002.0	-0.0031050020179008288
1003.0	-0.004174695763329344
1004.0	-0.004075035906312745
1005.0	-0.0010593523212491904
1006.0	-0.004075374309902249
1007.0	-0.001868644504796004
1008.0	-0.005082970996714531
1009.0	-0.0005571613948916161
1010.0	-0.0024440998082132224
1011.0	-0.004846596089665223
1012.0	-0.004047456013794103
1013.0	0.0019680061876420412
1014.0	0.0031052114491137367
1015.0	0.0006653215710561131
1016.0	0.001376984319122176
1017.0	-0.0020062055638016885
1018.0	0.0012766476549273594
1019.0	-0.00044514980686991316
1020.0	-0.0009383730381138765
1021.0	-0.0010661203930329819
1022.0	0.0037392105734605306
1023.0	0.001655659674819807
1024.0	0.0014246992251978462
1025.0	0.0018548101870578529
1026.0	-0.00013686413711779303
1027.0	0.0032637535306490268
1028.0	-0.0015931839831959164
1029.0	0.0035693319716874694
1030.0	-0.003139180780408909
1031.0	0.0004839372472505199
1032.0	-0.004359294921232077
1033.0	0.0013829063819329936
1034.0	-0.00027797843381012813
1035.0	0.002532463374410196
1036.0	-0.00042230756459961014
1037.0	-0.00047256049759419503
1038.0	-1.2162414501474183e-05
1039.0	0.001631971423576523
1040.0	-0.0007960743288594584
1041.0	-0.0009001334325352868
1042.0	0.003843777282520224
1043.0	-0.004033243063047899
1044.0	-0.0012994496677791157
1045.0	-0.005099891176174017
1046.0	9.32503035311861e-05
1047.0	0.0030918445073409026
1048.0	-0.0008119792975512142
1049.0	-0.0008899813248595927
1050.0	0.0026945586936321375
1051.0	-0.0036454325498365974
1052.0	-0.002919218447435617
1053.0	0.0023037025481180487
1054.0	-0.0005382107938970735
1055.0	-0.0026848739619217605
1056.0	-0.004317332876172871
1057.0	0.00013199751449325292
1058.0	0.0011379021833595859
1059.0	-0.0026518796119757632
1060.0	-0.002477432561748322
1061.0	-0.004009554811804622
1062.0	-0.0015473302968605543
1063.0	-0.0024100902474995024
1064.0	-0.00025919703460994584
1065.0	-0.002668968993229609
1066.0	-0.00418637068715623
1067.0	-0.003043581766462827
1068.0	-0.009525871719185583
1069.0	-0.0013598547084493948
1070.0	-0.004802434421276211
1071.0	-0.00725433762674983
1072.0	-0.007194440191463408
1073.0	-0.007280902308501533
1074.0	-0.00534997142858488
1075.0	-0.0030747148966681205
1076.0	-0.005151159319935943
1077.0	-0.009389156669153262
1078.0	-0.007060939975528241
1079.0	-0.008722332396654832
1080.0	-0.00254409806881893
1081.0	-0.0068401316335819674
1082.0	-0.004073513090161546
1083.0	-0.0055445534923689475
1084.0	-0.007594264032091102
1085.0	-0.010009788851726832
1086.0	-0.005031533651157468
1087.0	-0.006078554356110428
1088.0	-0.005680084129839574
1089.0	-0.006776850162403262
1090.0	-0.002352392435542894
1091.0	-0.0037400163530149568
1092.0	-0.0051795852214279545
1093.0	-0.00685908223457651
1094.0	-0.002132091698980486
1095.0	-0.005848609117256198
1096.0	-0.004648460788194899
1097.0	-0.005037455713968285
1098.0	-0.006747239848349167
1099.0	0.000445866843466686
1100.0	-0.004591439783416516
1101.0	-0.0010476773974219086
1102.0	-0.0054200209715473836
1103.0	-0.004708019819892204
1104.0	-0.006519325031029994
1105.0	-0.0034870596700956676
1106.0	-0.0053244219576012945
1107.0	-0.0018975780116718805
1108.0	-0.002073886281639624
1109.0	-0.0011930217389791134
1110.0	-0.0006730646241890874
1111.0	-0.0004478570355831952
1112.0	-0.003045950591586993
1113.0	-0.006910011974749328
1114.0	-0.006301731523180868
1115.0	-0.0012048658646007554
1116.0	-0.001964920325920707
1117.0	-0.0030862206187006465
1118.0	-0.0049471019556547955
1119.0	-0.008183932286254128
1120.0	-0.0034577877596310776
1121.0	-0.0027205755405810337
1122.0	-0.006296993872932529
1123.0	-0.005390410657493282
1124.0	-0.005498530604239232
1125.0	-0.003419548154052488
1126.0	-0.003736293913533952
1127.0	-0.004679763120194949
1128.0	-0.0026819975314137227
1129.0	-0.005704449188261076
1130.0	-0.006927947364976536
1131.0	-0.008702704988481675
1132.0	-0.0036813033302906255
1133.0	-0.00334814499673354
1134.0	-0.0072868243713123506
1135.0	-0.0021275232505261117
1136.0	-0.006455535954467812
1137.0	-0.0037361247117395917
1138.0	-0.003954902632150405
1139.0	-0.001500122996168756
1140.0	0.00024248628636376374
1141.0	-0.004683316357881205
1142.0	-0.004725616806529915
1143.0	-0.0014757579377468583
1144.0	-0.003961839905728952
1145.0	-0.002536991593445634
1146.0	-0.0059946302659912255
1147.0	-0.0018370037692068456
1148.0	-0.005004461364022295
1149.0	-0.0017699998585475238
1150.0	-0.0026320830020082468
1151.0	-0.005182292450141625
1152.0	-0.0042640343108755
1153.0	-0.004311072409772549
1154.0	-0.004623588124389539
1155.0	-0.0023078923635643706
1156.0	-0.004262342292929552
1157.0	-0.005589561169731336
1158.0	-0.007231833788069031
1159.0	-0.00142736622449297
1160.0	-0.003124460224279236
1161.0	-0.009578155073715627
1162.0	-0.005278229867676823
1163.0	-0.005788880883764137
1164.0	-0.004917153238011592
1165.0	-0.006435400940910791
1166.0	-0.0032457779110036593
1167.0	-0.005842856256239734
1168.0	-0.005925595933796847
1169.0	-0.010159532439943266
1170.0	-0.005546922317493516
1171.0	-0.0067198291576248785
1172.0	-0.008880366872806257
1173.0	-0.006410528277105431
1174.0	-0.007162461052285141
1175.0	-0.007609999798988505
1176.0	-0.006081261584824106
1177.0	-0.007321172335614791
1178.0	-0.004881790062941033
1179.0	-0.009757508975986156
1180.0	-0.00802775902984301
1181.0	-0.009665463199726323
1182.0	-0.0060919212978832625
1183.0	-0.007741300391593859
1184.0	-0.007661944749929038
1185.0	-0.008479866225000346
1186.0	-0.009322152758493551
1187.0	-0.004654890456389582
1188.0	-0.007501203045063941
1189.0	-0.009496092203337128
1190.0	-0.007081751796263092
1191.0	-0.007417955762123359
1192.0	-0.007251799599830908
1193.0	-0.009841940671488822
1194.0	-0.010806052497090315
1195.0	-0.008627240988092614
1196.0	-0.011066454058971614
1197.0	-0.009017081922838973
1198.0	-0.007348075420955604
1199.0	-0.005358939123698484
1200.0	-0.009560896490667032
1201.0	-0.005090077472087439
1202.0	-0.007764650239248027
1203.0	-0.004669780214313615
1204.0	-0.01058372133899285
1205.0	-0.007834192176826666
1206.0	-0.00857868007304397
1207.0	-0.0057019111613421545
1208.0	-0.008495263588308639
1209.0	-0.011306551405501934
1210.0	-0.0118050198923781
1211.0	-0.011909586601437793
1212.0	-0.009859537658126928
1213.0	-0.009746510859337488
1214.0	-0.00701373267483604
1215.0	-0.007478191600998882
1216.0	-0.0057272914305313795
1217.0	-0.008317263300394942
1218.0	-0.008695260109519659
1219.0	-0.011243439136117977
1220.0	-0.012972850678672014
1221.0	-0.005299718495590288
1222.0	-0.006795631561603444
1223.0	-0.006524739488456947
1224.0	-0.007173797572522918
1225.0	-0.006121193208348248
1226.0	-0.0035170083877392737
1227.0	-0.007886306329561566
1228.0	-0.008085118438210503
1229.0	-0.008620472916308816
1230.0	-0.00688090926607909
1231.0	-0.010128230107943217
1232.0	-0.006947236369560188
1233.0	-0.008352964879054214
1234.0	-0.0034968733741822457
1235.0	-0.005396840325687964
1236.0	-0.003077929730765656
1237.0	-0.009765123056742922
1238.0	-0.004299905091329528
1239.0	-0.003723096173555471
1240.0	-0.011767287892183764
1241.0	-0.00675756115781961
1242.0	-0.0067313348796574045
1243.0	-0.00842995169559487
1244.0	-0.006857559418424922
1245.0	-0.006805783669279138
1246.0	-0.008828421921865724
1247.0	-0.004686361990183991
1248.0	-0.007457210578469283
1249.0	-0.010476278199425126
1250.0	-0.004220549449664311
1251.0	-0.00527315381383898
1252.0	-0.010511133769111424
1253.0	-0.008097808572805119
1254.0	-0.005790403699915336
1255.0	-0.0064888687080029185
1256.0	-0.006343524366446109
1257.0	-0.004976373866119781
1258.0	-0.008170565344480898
1259.0	-0.007694262292696421
1260.0	-0.005586515537428549
1261.0	-0.008563621113324793
1262.0	-0.007485467278166538
1263.0	-0.007505094686339702
1264.0	-0.0043547264727780985
1265.0	-0.0074719311345989555
1266.0	-0.006313237245213394
1267.0	-0.0058103695116776015
1268.0	-0.008082072805908112
1269.0	-0.009107097277563347
1270.0	-0.007623197538966583
1271.0	-0.003453896118355317
1272.0	-0.0010080841774868757
1273.0	-0.007594940839269327
1274.0	-0.005360969545233548
1275.0	-0.00669749452073844
1276.0	-0.009600658912396814
1277.0	-0.009123171448049859
1278.0	-0.004796004753081522
1279.0	-0.005740319968715493
1280.0	-0.007913886222080604
1281.0	-0.008154491173994386
1282.0	-0.005520526837536561
1283.0	-0.004950147587957582
1284.0	-0.006651810036197834
1285.0	-0.007812026741734588
1286.0	-0.012432250944941497
1287.0	-0.004791774708216652
1288.0	-0.009444824059574813
1289.0	-0.0033747096784848478
1290.0	-0.0043021047146593406
1291.0	-0.0066834507717869855
1292.0	-0.009992022663294372
1293.0	-0.008190192752654054
1294.0	-0.0086636193739305
1295.0	-0.00666771500488959
1296.0	-0.009142798856223015
1297.0	-0.006579391668111164
1298.0	-0.006650794825430104
1299.0	-0.012830721171212351
1300.0	-0.007378024138598814
1301.0	-0.011753751748616181
1302.0	-0.009866982537088937
1303.0	-0.013175216025007213
1304.0	-0.011099956014301476
1305.0	-0.007777847979226508
1306.0	-0.008371407874665287
1307.0	-0.006961280118511643
1308.0	-0.009835680205088895
1309.0	-0.008478174207054398
1310.0	-0.007717442938556229
1311.0	-0.005718323735418164
1312.0	-0.006498513210294748
1313.0	-0.0087962735808927
1314.0	-0.004498378796389355
1315.0	-0.005471965922487916
1316.0	-0.007879538257777768
1317.0	-0.0055410002546826915
1318.0	-0.008210496968005436
1319.0	-0.01223800728474654
1320.0	-0.005083817005687512
1321.0	-0.009009129438493092
1322.0	-0.007803735853799598
1323.0	-0.008304403964005577
1324.0	-0.006530492349473411
1325.0	-0.006211716168456487
1326.0	-0.005523741671634097
1327.0	-0.008670556647508659
1328.0	-0.009454806965455744
1329.0	-0.008732822907919635
1330.0	-0.004898710242400519
1331.0	-0.009511827970234523
1332.0	-0.011793683372140323
1333.0	-0.011409256894820924
1334.0	-0.011120091027858497
1335.0	-0.008496617202665471
1336.0	-0.009594229244202132
1337.0	-0.011941058135232592
1338.0	-0.011511793182345553
1339.0	-0.012542739716811612
1340.0	-0.011994356700529963
1341.0	-0.00916919433617997
1342.0	-0.013179107666282967
1343.0	-0.014508356964620208
1344.0	-0.011692331497178172
1345.0	-0.009969349622818818
1346.0	-0.015349797489140038
1347.0	-0.009085777851444632
1348.0	-0.01698564043928305
1349.0	-0.014965201810026278
1350.0	-0.016442164275044496
1351.0	-0.015806473132751755
1352.0	-0.018075638400062946
1353.0	-0.015496326243259332
1354.0	-0.01749510704280828
1355.0	-0.017351454719197024
1356.0	-0.017865151367587116
1357.0	-0.01751744167969472
1358.0	-0.017760246254938314
1359.0	-0.01630189598732553
1360.0	-0.019704882480216915
1361.0	-0.017720483833208532
1362.0	-0.016340981601876706
1363.0	-0.01588345994929241
1364.0	-0.01783621786071124
1365.0	-0.014677727961009404
1366.0	-0.01807174675878758
1367.0	-0.01711846384804
1368.0	-0.017401876853986364
1369.0	-0.01664097638369344
1370.0	-0.018500504106290748
1371.0	-0.015582111553118836
1372.0	-0.01565283790325956
1373.0	-0.020170187415352727
1374.0	-0.018440606671004334
1375.0	-0.015319171964318609
1376.0	-0.014153202397765399
1377.0	-0.017457544244408305
1378.0	-0.01460006433729053
1379.0	-0.015024422438134474
1380.0	-0.021742748894317033
1381.0	-0.016035572362633012
1382.0	-0.017088853533985905
1383.0	-0.01719883470047255
1384.0	-0.018334178742203944
1385.0	-0.015240662331626366
1386.0	-0.01632795306369298
1387.0	-0.017320998396169948
1388.0	-0.01952400576179479
1389.0	-0.015384991462415848
1390.0	-0.01823925653543647
1391.0	-0.012420237617525106
1392.0	-0.016767539326050455
1393.0	-0.017412705768840672
1394.0	-0.014487714345679322
1395.0	-0.009144152470579854
1396.0	-0.013310577460683084
1397.0	-0.016902731559931577
1398.0	-0.01646483731552005
1399.0	-0.016787843541401837
1400.0	-0.015751820953097545
1401.0	-0.020810785409688563
1402.0	-0.013231221819018263
1403.0	-0.013054913549050513
1404.0	-0.012881143306001297
1405.0	-0.015195485452469624
1406.0	-0.014926623800858579
1407.0	-0.020259864366487995
1408.0	-0.019269357060929554
1409.0	-0.016272793278654905
1410.0	-0.017418458629856734
1411.0	-0.018125722131263178
1412.0	-0.015820686083497564
1413.0	-0.01585757207471932
1414.0	-0.019006586673924082
1415.0	-0.015801227877119156
1416.0	-0.014320204569030428
1417.0	-0.011999432754367814
1418.0	-0.011644616591102509
1419.0	-0.014595665090630905
1420.0	-0.012906185171601412
1421.0	-0.016816607846482964
1422.0	-0.015097348411604613
1423.0	-0.01621306504516324
1424.0	-0.014140004657786918
1425.0	-0.015000564985096441
1426.0	-0.015703767643432766
1427.0	-0.015391928735994395
1428.0	-0.02051823550683424
1429.0	-0.016094792990741208
1430.0	-0.0137758823958189
1431.0	-0.014024778235668068
1432.0	-0.013748133301505502
1433.0	-0.01537365494217807
1434.0	-0.012025151427146148
1435.0	-0.011220258490258565
1436.0	-0.013197381460099291
1437.0	-0.01773452758215998
1438.0	-0.011622789559599533
1439.0	-0.010523316298322176
1440.0	-0.015479575265594596
1441.0	-0.011734124340443018
1442.0	-0.015696153562676
1443.0	-0.01182227847542709
1444.0	-0.014012934110046433
1445.0	-0.012716002354476964
1446.0	-0.015024760841723583
1447.0	-0.014127991330370923
1448.0	-0.01560783022589717
1449.0	-0.01722049253018077
1450.0	-0.015332200502502334
1451.0	-0.013762853857635175
1452.0	-0.013687559059040467
1453.0	-0.014358782578198127
1454.0	-0.01247573580615229
1455.0	-0.0185756297030907
1456.0	-0.011780316430367489
1457.0	-0.014794984804663713
1458.0	-0.015474668413551112
1459.0	-0.01488178532529094
1460.0	-0.012242914136789634
1461.0	-0.01430869884699829
1462.0	-0.014346938452576492
1463.0	-0.011871346995859592
1464.0	-0.015864847751886978
1465.0	-0.01208352604628137
1466.0	-0.015624750405356656
1467.0	-0.016122203681465497
1468.0	-0.01680831695854758
1469.0	-0.01600037838935721
1470.0	-0.019178834100821312
1471.0	-0.013930871239667934
1472.0	-0.010189819561175975
1473.0	-0.013471149963753827
1474.0	-0.0142757044970523
1475.0	-0.011735139551210748
1476.0	-0.011493180984940126
1477.0	-0.01127694109144784
1478.0	-0.013139514446347934
1479.0	-0.013107704508964027
1480.0	-0.01500208780124764
1481.0	-0.012649336847406363
1482.0	-0.01494185196237211
1483.0	-0.010014695703770315
1484.0	-0.00820440570339987
1485.0	-0.01413002175190598
1486.0	-0.013639844152964804
1487.0	-0.016306464435779516
1488.0	-0.017698656801705952
1489.0	-0.016708318697942266
1490.0	-0.013752363346370372
1491.0	-0.010645649195814321
1492.0	-0.011974390888767698
1493.0	-0.00907613334915281
1494.0	-0.010612147240484466
1495.0	-0.011762550241935036
1496.0	-0.012762532847990551
1497.0	-0.008116589972005301
1498.0	-0.014233742451992699
1499.0	-0.013353216312920904
1500.0	-0.013650503866024356
1501.0	-0.00971199369323991
1502.0	-0.01098879043525274
1503.0	-0.012422606442649272
1504.0	-0.009704887217867003
1505.0	-0.014967232231561342
1506.0	-0.014926962204447688
1507.0	-0.018672413129599268
1508.0	-0.016388865709747125
1509.0	-0.017464819921575565
1510.0	-0.01461326207726901
1511.0	-0.013778928028121687
1512.0	-0.012518205456595361
1513.0	-0.012134794190043685
1514.0	-0.011119921826063741
1515.0	-0.008576988055098022
1516.0	-0.010132967758191952
1517.0	-0.009376297332763897
1518.0	-0.0064749941608462196
1519.0	-0.008978842317260772
1520.0	-0.011726679461481008
1521.0	-0.011021107978020512
1522.0	-0.0079157474418213
1523.0	-0.009591014410104596
1524.0	-0.009439409602147853
1525.0	-0.012330222262800726
1526.0	-0.014648456050544418
1527.0	-0.01262615620154695
1528.0	-0.015393451552145587
1529.0	-0.014381117215084572
1530.0	-0.014112424765268276
1531.0	-0.010605548370495424
1532.0	-0.006739794969387151
1533.0	-0.012040548790454434
1534.0	-0.008149753523746047
1535.0	-0.010569000782862782
1536.0	-0.010495736405803533
1537.0	-0.007982582150686262
1538.0	-0.006863650683030496
1539.0	-0.006811536530295207
1540.0	-0.005429157868455348
1541.0	-0.0068171201895169155
1542.0	-0.010029754663489097
1543.0	-0.007057555939636345
1544.0	-0.011340560966215258
1545.0	-0.011393521127923528
1546.0	-0.01385371522133253
1547.0	-0.010820942255014737
1548.0	-0.01268182359196889
1549.0	-0.011525498527707503
1550.0	-0.00931961473157463
1551.0	-0.011559508088421223
1552.0	-0.003885529896366522
1553.0	-0.008781214621173919
1554.0	-0.010139228224591885
1555.0	-0.010259192296959865
1556.0	-0.012184539517654412
1557.0	-0.005012921453752034
1558.0	-0.005203104270876871
1559.0	-0.00957392502885075
1560.0	-0.0043630173607134845
1561.0	-0.010026370627597201
1562.0	-0.00863079422577887
1563.0	-0.00599632228393718
1564.0	-0.01286523833730954
1565.0	-0.012158144037697853
1566.0	-0.01274933510801207
1567.0	-0.012319054944357309
1568.0	-0.011539034671275086
1569.0	-0.013260832133072357
1570.0	-0.011927860395254118
1571.0	-0.007880553468545498
1572.0	-0.008705073813606237
1573.0	-0.008535702817216646
1574.0	-0.005254710818228302
1575.0	-0.006120177997580914
1576.0	-0.006134898553710587
1577.0	-0.007441982416955745
1578.0	-0.006450629102424329
1579.0	-0.008666834208027647
1580.0	-0.0066418271303165
1581.0	-0.007575144229301803
1582.0	-0.007473623152544903
1583.0	-0.008528934745432855
1584.0	-0.008474790171162502
1585.0	-0.013165909926304493
1586.0	-0.008742467410211464
1587.0	-0.012223963535795085
1588.0	-0.009955475075662119
1589.0	-0.010132798556397591
1590.0	-0.0081375709945349
1591.0	-0.010275943274624595
1592.0	-0.005778051968909829
1593.0	-0.004878406027049137
1594.0	-0.005927118749948046
1595.0	-0.011042765807728337
1596.0	-0.006735564924522281
1597.0	-0.005605635340217847
1598.0	-0.008752450316092798
1599.0	-0.006241834087894454
1600.0	-0.006798677193906231
1601.0	-0.008264641542275788
1602.0	-0.004910892771611263
1603.0	-0.007728779458793999
1604.0	-0.012514313815319996
1605.0	-0.0098255280974132
1606.0	-0.008442811031984234
1607.0	-0.008165658492437803
1608.0	-0.011547833164593941
1609.0	-0.010280850126668078
1610.0	-0.005846578695720739
1611.0	-0.008020144949086238
1612.0	-0.004491610724605564
1613.0	-0.007461102219745043
1614.0	-0.006592758609883998
1615.0	-0.0048968490226602105
1616.0	-0.005892263180261352
1617.0	-0.0051396535979038056
1618.0	-0.007034036890187422
1619.0	-0.011297752912183079
1620.0	-0.0066716066461653505
1621.0	-0.004990756018660345
1622.0	-0.004133748929037472
1623.0	-0.006480239416478423
1624.0	-0.005673654461644892
1625.0	-0.007671927655809976
1626.0	-0.010836847223706493
1627.0	-0.006800538413646539
1628.0	-0.012640369152293154
1629.0	-0.005759608973299152
1630.0	-0.010687611240873923
1631.0	-0.008548054548222146
1632.0	-0.006728120045559869
1633.0	-0.009561065692461386
1634.0	-0.002655263647867659
1635.0	-0.006990721230771377
1636.0	-0.006387347631246012
1637.0	-0.011360188374388422
1638.0	-0.007819810024286103
1639.0	-0.004668257398162416
1640.0	-0.0036731816441499953
1641.0	-0.0035449266838474204
1642.0	-0.009693381495834477
1643.0	-0.006155202769061968
1644.0	-0.007335385286360995
1645.0	-0.010216722646516399
1646.0	-0.010046844044743338
1647.0	-0.0082807157127623
1648.0	-0.010703347007771325
1649.0	-0.012297227912854735
1650.0	-0.010377125947792385
1651.0	-0.0034212401719984358
1652.0	-0.004780438187978874
1653.0	-0.004851164538119604
1654.0	-0.004842873650184218
1655.0	-0.002231751555996696
1656.0	-0.004116659547783231
1657.0	-0.004220549449664311
1658.0	-0.0035117631321066743
1659.0	-0.005349125419611906
1660.0	-0.004379091531199989
1661.0	-0.004146777467221197
1662.0	-0.005806647072196597
1663.0	-0.008512691373151983
1664.0	-0.00901183666720677
1665.0	-0.009839233442775546
1666.0	-0.004639831496670404
1667.0	-0.009340764955898985
1668.0	-0.013559980905916117
1669.0	-0.009475787987985746
1670.0	-0.006583452511181278
1671.0	-0.00801574570242662
1672.0	-0.00927596066856908
1673.0	-0.003213967973619752
1674.0	-0.00680020001005743
1675.0	-0.006739625767592395
1676.0	-0.005921535090726337
1677.0	-0.003286724745295531
1678.0	-0.004197876409188756

