0.000000	42.299809
1.000000	42.784735
2.000000	42.859394
3.000000	42.760977
4.000000	42.931417
5.000000	42.970348
6.000000	42.892987
7.000000	42.882905
8.000000	42.876405
9.000000	42.964000
10.000000	42.935201
11.000000	42.986719
12.000000	42.972440
13.000000	43.178608
14.000000	42.894570
15.000000	42.884024
16.000000	42.998479
17.000000	43.193331
18.000000	43.148444
19.000000	43.119950
20.000000	42.969273
21.000000	43.089851
22.000000	43.131063
23.000000	42.868953
24.000000	42.984184
25.000000	43.006519
26.000000	42.896379
27.000000	42.805827
28.000000	43.033124
29.000000	43.255301
30.000000	42.968489
31.000000	43.175826
32.000000	42.953744
33.000000	42.751680
34.000000	42.840989
35.000000	42.915830
36.000000	42.908908
37.000000	42.824407
38.000000	42.924030
39.000000	42.777820
40.000000	42.814449
41.000000	42.951906
42.000000	43.074750
43.000000	43.040228
44.000000	42.855697
45.000000	43.069339
46.000000	43.087708
47.000000	43.036531
48.000000	42.934104
49.000000	42.863302
50.000000	42.875983
51.000000	42.828743
52.000000	42.961356
53.000000	42.783420
54.000000	42.852225
55.000000	42.808747
56.000000	42.678684
57.000000	42.807629
58.000000	42.707323
59.000000	43.070509
60.000000	42.918052
61.000000	42.709778
62.000000	42.934002
63.000000	42.671399
64.000000	42.946677
65.000000	42.744409
66.000000	42.690494
67.000000	42.676338
68.000000	42.817536
69.000000	43.010746
70.000000	42.710540
71.000000	42.688990
72.000000	42.660634
73.000000	42.735838
74.000000	42.837473
75.000000	42.744395
76.000000	42.812974
77.000000	42.818858
78.000000	42.750379
79.000000	42.769053
80.000000	42.799690
81.000000	42.649885
82.000000	42.718777
83.000000	42.783057
84.000000	42.563168
85.000000	42.726876
86.000000	42.596195
87.000000	42.653901
88.000000	42.657409
89.000000	42.595294
90.000000	42.551416
91.000000	42.437412
92.000000	42.565565
93.000000	42.687509
94.000000	42.384535
95.000000	42.577949
96.000000	42.509355
97.000000	42.616125
98.000000	42.531363
99.000000	42.610104
100.000000	42.533084
101.000000	42.567040
102.000000	42.736950
103.000000	42.797634
104.000000	42.612392
105.000000	42.601627
106.000000	42.603175
107.000000	42.612951
108.000000	42.562442
109.000000	42.737611
110.000000	42.595875
111.000000	42.703408
112.000000	42.756016
113.000000	42.513052
114.000000	42.484507
115.000000	42.387274
116.000000	42.473104
117.000000	42.571521
118.000000	42.680979
119.000000	42.436642
120.000000	42.472254
121.000000	42.620127
122.000000	42.297892
123.000000	42.622328
124.000000	42.376814
125.000000	42.381746
126.000000	42.432894
127.000000	42.469777
128.000000	42.292960
129.000000	42.546172
130.000000	42.511650
131.000000	42.455592
132.000000	42.479023
133.000000	42.410683
134.000000	42.401212
135.000000	42.329988
136.000000	42.172382
137.000000	42.373284
138.000000	42.174815
139.000000	42.101514
140.000000	42.327736
141.000000	42.228266
142.000000	42.389525
143.000000	42.204311
144.000000	42.119186
145.000000	42.201689
146.000000	42.248392
147.000000	41.923143
148.000000	41.907868
149.000000	41.937785
150.000000	41.912967
151.000000	42.036544
152.000000	41.864484
153.000000	41.880231
154.000000	42.127335
155.000000	41.827420
156.000000	41.833550
157.000000	41.905406
158.000000	41.764389
159.000000	41.757852
160.000000	41.870353
161.000000	41.783535
162.000000	41.751235
163.000000	41.926694
164.000000	41.828800
165.000000	41.768841
166.000000	41.717047
167.000000	41.961602
168.000000	41.901520
169.000000	41.959074
170.000000	41.832301
171.000000	41.812908
172.000000	41.563494
173.000000	41.722487
174.000000	41.992471
175.000000	41.810852
176.000000	41.776344
177.000000	41.797270
178.000000	41.690296
179.000000	41.768457
180.000000	41.724034
181.000000	41.552701
182.000000	41.821035
183.000000	41.709399
184.000000	41.798091
185.000000	41.633389
186.000000	41.728930
187.000000	41.606616
188.000000	41.790864
189.000000	41.696347
190.000000	41.758244
191.000000	41.633294
192.000000	41.740428
193.000000	41.795294
194.000000	41.722974
195.000000	41.596702
196.000000	41.582088
197.000000	41.565165
198.000000	41.747342
199.000000	41.669298
200.000000	41.688510
201.000000	41.668245
202.000000	41.633897
203.000000	41.666480
204.000000	41.657394
205.000000	41.523350
206.000000	41.461096
207.000000	41.431818
208.000000	41.358546
209.000000	41.434912
210.000000	41.540375
211.000000	41.485639
212.000000	41.425477
213.000000	41.391979
214.000000	41.382101
215.000000	41.354050
216.000000	41.244847
217.000000	41.375949
218.000000	41.127922
219.000000	41.283887
220.000000	41.269643
221.000000	41.291767
222.000000	41.197534
223.000000	41.157121
224.000000	41.299924
225.000000	41.300215
226.000000	41.175853
227.000000	41.356897
228.000000	41.177894
229.000000	41.201841
230.000000	41.190336
231.000000	41.102646
232.000000	41.129368
233.000000	41.074653
234.000000	41.094874
235.000000	41.126826
236.000000	40.992259
237.000000	40.971994
238.000000	41.010417
239.000000	40.865064
240.000000	40.938089
241.000000	40.852695
242.000000	41.093066
243.000000	40.943348
244.000000	40.941670
245.000000	41.081089
246.000000	40.899049
247.000000	41.236189
248.000000	41.071588
249.000000	40.979025
250.000000	41.049334
251.000000	40.730723
252.000000	41.178816
253.000000	41.099980
254.000000	41.275832
255.000000	41.313209
256.000000	41.064979
257.000000	41.160484
258.000000	41.122351
259.000000	41.093102
260.000000	41.125111
261.000000	41.226209
262.000000	41.041170
263.000000	41.204775
264.000000	41.136508
265.000000	41.225722
266.000000	41.165996
267.000000	41.401712
268.000000	41.168408
269.000000	41.253417
270.000000	41.293649
271.000000	41.507225
272.000000	41.481739
273.000000	41.465396
274.000000	41.382384
275.000000	41.295203
276.000000	41.252843
277.000000	41.445822
278.000000	41.227727
279.000000	41.313405
280.000000	41.538276
281.000000	41.515520
282.000000	41.476233
283.000000	41.612085
284.000000	41.679104
285.000000	41.559260
286.000000	41.659667
287.000000	41.809160
288.000000	41.780092
289.000000	41.642010
290.000000	41.765486
291.000000	41.721122
292.000000	41.907192
293.000000	41.861870
294.000000	41.980828
295.000000	41.835823
296.000000	41.742011
297.000000	41.747720
298.000000	41.730920
299.000000	41.733172
300.000000	41.715318
301.000000	41.955668
302.000000	41.825604
303.000000	41.872924
304.000000	41.940291
305.000000	42.049335
306.000000	41.959023
307.000000	42.116869
308.000000	41.953895
309.000000	41.922002
310.000000	42.049792
311.000000	42.177009
312.000000	41.988113
313.000000	42.038295
314.000000	42.150113
315.000000	42.271235
316.000000	42.238681
317.000000	42.170922
318.000000	42.130952
319.000000	42.366399
320.000000	42.333336
321.000000	42.359528
322.000000	42.319522
323.000000	42.266100
324.000000	42.183509
325.000000	42.251646
326.000000	42.261488
327.000000	42.240664
328.000000	42.213579
329.000000	42.179863
330.000000	42.329915
331.000000	42.236560
332.000000	42.222608
333.000000	42.211553
334.000000	42.291994
335.000000	42.213144
336.000000	42.313413
337.000000	42.110375
338.000000	42.299250
339.000000	42.557590
340.000000	42.405802
341.000000	42.345807
342.000000	42.420968
343.000000	42.366413
344.000000	42.385022
345.000000	42.308264
346.000000	42.215635
347.000000	42.273502
348.000000	42.265497
349.000000	42.238231
350.000000	42.317866
351.000000	42.228259
352.000000	42.300594
353.000000	42.263565
354.000000	42.253208
355.000000	42.431427
356.000000	42.394856
357.000000	42.509035
358.000000	42.478304
359.000000	42.456413
360.000000	42.403848
361.000000	42.471178
362.000000	42.548431
363.000000	42.776425
364.000000	42.559928
365.000000	42.517547
366.000000	42.752202
367.000000	42.547820
368.000000	42.832693
369.000000	42.527221
370.000000	42.722545
371.000000	42.715790
372.000000	42.706813
373.000000	42.781704
374.000000	42.942710
375.000000	42.690383
376.000000	42.780796
377.000000	42.777636
378.000000	42.999995
379.000000	43.025743
380.000000	42.741632
381.000000	42.860830
382.000000	42.823671
383.000000	42.948999
384.000000	42.973149
385.000000	42.869756
386.000000	42.967679
387.000000	42.951656
388.000000	42.906762
389.000000	42.874499
390.000000	42.998148
391.000000	43.068529
392.000000	43.032605
393.000000	42.973119
394.000000	42.997618
395.000000	43.085016
396.000000	43.083636
397.000000	42.927570
398.000000	42.996252
399.000000	43.028109
400.000000	42.981471
401.000000	43.011163
402.000000	43.182555
403.000000	43.234581
404.000000	43.121376
405.000000	43.009281
406.000000	43.194204
407.000000	43.081594
408.000000	43.216946
409.000000	43.034034
410.000000	43.044936
411.000000	43.233956
412.000000	43.241008
413.000000	43.203363
414.000000	43.171535
415.000000	43.265209
416.000000	43.372713
417.000000	43.363125
418.000000	43.331276
419.000000	43.324528
420.000000	43.475815
421.000000	43.443500
422.000000	43.370548
423.000000	43.339577
424.000000	43.267896
425.000000	43.191842
426.000000	43.199737
427.000000	43.362311
428.000000	43.138151
429.000000	43.329328
430.000000	43.332146
431.000000	43.164931
432.000000	43.445330
433.000000	43.384935
434.000000	43.443165
435.000000	43.385153
436.000000	43.399207
437.000000	43.538728
438.000000	43.280649
439.000000	43.388429
440.000000	43.388493
441.000000	43.336220
442.000000	43.382596
443.000000	43.457785
444.000000	43.254914
445.000000	43.399693
446.000000	43.273341
447.000000	43.338928
448.000000	43.288979
449.000000	43.527926
450.000000	43.409745
451.000000	43.514794
452.000000	43.382202
453.000000	43.389349
454.000000	43.408161
455.000000	43.365148
456.000000	43.190357
457.000000	43.401406
458.000000	43.278199
459.000000	43.319040
460.000000	43.094546
461.000000	43.302770
462.000000	43.123810
463.000000	43.299226
464.000000	43.142215
465.000000	43.213083
466.000000	43.129773
467.000000	43.329847
468.000000	43.106661
469.000000	43.168660
470.000000	43.335338
471.000000	43.517036
472.000000	43.294256
473.000000	43.461632
474.000000	43.434757
475.000000	43.431024
476.000000	43.397954
477.000000	43.162870
478.000000	43.139686
479.000000	43.298708
480.000000	43.164018
481.000000	43.215827
482.000000	43.382555
483.000000	43.222327
484.000000	43.074025
485.000000	43.278392
486.000000	43.322160
487.000000	43.173408
488.000000	43.105664
489.000000	43.283919
490.000000	43.178681
491.000000	43.370294
492.000000	43.214496
493.000000	43.310183
494.000000	43.391459
495.000000	43.096358
496.000000	43.267140
497.000000	43.291951
498.000000	43.495294
499.000000	43.239162
500.000000	43.314852
501.000000	43.244674
502.000000	43.105786
503.000000	43.017660
504.000000	43.253964
505.000000	43.186458
506.000000	43.193969
507.000000	43.158219
508.000000	43.096728
509.000000	43.100795
510.000000	43.043996
511.000000	43.145631
512.000000	43.001244
513.000000	43.265068
514.000000	43.045274
515.000000	43.094257
516.000000	42.960824
517.000000	43.019300
518.000000	43.221169
519.000000	42.960177
520.000000	43.005710
521.000000	42.979127
522.000000	43.162677
523.000000	43.072460
524.000000	43.041642
525.000000	42.985096
526.000000	43.040174
527.000000	42.989912
528.000000	43.093479
529.000000	43.071094
530.000000	43.109378
531.000000	43.022189
532.000000	43.129635
533.000000	43.127333
534.000000	42.961628
535.000000	43.031283
536.000000	42.829087
537.000000	42.960313
538.000000	43.145207
539.000000	43.000174
540.000000	42.892938
541.000000	43.068586
542.000000	42.974512
543.000000	43.128537
544.000000	43.041117
545.000000	42.928172
546.000000	42.921780
547.000000	42.984826
548.000000	42.988748
549.000000	43.087841
550.000000	43.028201
551.000000	43.118636
552.000000	43.102294
553.000000	42.918126
554.000000	42.811392
555.000000	42.893278
556.000000	42.941768
557.000000	42.991151
558.000000	42.879028
559.000000	42.955219
560.000000	42.807941
561.000000	42.852719
562.000000	42.882855
563.000000	42.934657
564.000000	42.827988
565.000000	42.774588
566.000000	42.920732
567.000000	42.725706
568.000000	42.845608
569.000000	42.780297
570.000000	42.744539
571.000000	42.624826
572.000000	42.755950
573.000000	42.786681
574.000000	42.554169
575.000000	42.788402
576.000000	42.436350
577.000000	42.542409
578.000000	42.844583
579.000000	42.687653
580.000000	42.577839
581.000000	42.509215
582.000000	42.483307
583.000000	42.427169
584.000000	42.359163
585.000000	42.491507
586.000000	42.416579
587.000000	42.565447
588.000000	42.495944
589.000000	42.449336
590.000000	42.526254
591.000000	42.354528
592.000000	42.385193
593.000000	42.477263
594.000000	42.276745
595.000000	42.350729
596.000000	42.241925
597.000000	42.112326
598.000000	42.371632
599.000000	42.299835
600.000000	42.365487
601.000000	42.454339
602.000000	42.478119
603.000000	42.413730
604.000000	42.235591
605.000000	42.217192
606.000000	42.250364
607.000000	42.503830
608.000000	42.329345
609.000000	42.350517
610.000000	42.372190
611.000000	42.398527
612.000000	42.533537
613.000000	42.418196
614.000000	42.478822
615.000000	42.337137
616.000000	42.234790
617.000000	42.360467
618.000000	42.355055
619.000000	42.519656
620.000000	42.313102
621.000000	42.226451
622.000000	42.314286
623.000000	42.369872
624.000000	42.265833
625.000000	42.376474
626.000000	42.111241
627.000000	42.253085
628.000000	42.262440
629.000000	42.454467
630.000000	42.460030
631.000000	42.110485
632.000000	42.238914
633.000000	42.443165
634.000000	42.498765
635.000000	42.461039
636.000000	42.352540
637.000000	42.427650
638.000000	42.419007
639.000000	42.378891
640.000000	42.386931
641.000000	42.203091
642.000000	42.439038
643.000000	42.318998
644.000000	42.336561
645.000000	42.403295
646.000000	42.490621
647.000000	42.425862
648.000000	42.439314
649.000000	42.553594
650.000000	42.651590
651.000000	42.638487
652.000000	42.476922
653.000000	42.541442
654.000000	42.606543
655.000000	42.478266
656.000000	42.610138
657.000000	42.501922
658.000000	42.567560
659.000000	42.640092
660.000000	42.511531
661.000000	42.450076
662.000000	42.271574
663.000000	42.738436
664.000000	42.610726
665.000000	42.582151
666.000000	42.471437
667.000000	42.610522
668.000000	42.519912
669.000000	42.617327
670.000000	42.610180
671.000000	42.788748
672.000000	42.668889
673.000000	42.751792
674.000000	42.789873
675.000000	42.477261
676.000000	42.733982
677.000000	42.653025
678.000000	42.639988
679.000000	42.694862
680.000000	42.686298
681.000000	42.639544
682.000000	42.667087
683.000000	42.667842
684.000000	42.653112
685.000000	42.734852
686.000000	42.554999
687.000000	42.623223
688.000000	42.516235
689.000000	42.592892
690.000000	42.660512
691.000000	42.589230
692.000000	42.679411
693.000000	42.742740
694.000000	42.696574
695.000000	42.652232
696.000000	42.599929
697.000000	42.593312
698.000000	42.523323
699.000000	42.639288
700.000000	42.580971
701.000000	42.638968
702.000000	42.621841
703.000000	42.498191
704.000000	42.793400
705.000000	42.632518
706.000000	42.681748
707.000000	42.682155
708.000000	42.685823
709.000000	42.544080
710.000000	42.681131
711.000000	42.737298
712.000000	42.753553
713.000000	42.666234
714.000000	42.718210
715.000000	42.750843
716.000000	42.661105
717.000000	42.642337
718.000000	42.593223
719.000000	42.869801
720.000000	42.702121
721.000000	42.662827
722.000000	42.663117
723.000000	42.655483
724.000000	42.734544
725.000000	42.625428
726.000000	42.705883
727.000000	42.568556
728.000000	42.551524
729.000000	42.534296
730.000000	42.537252
731.000000	42.585661
732.000000	42.624433
733.000000	42.591799
734.000000	42.594842
735.000000	42.701228
736.000000	42.375128
737.000000	42.484971
738.000000	42.648540
739.000000	42.644458
740.000000	42.471359
741.000000	42.459680
742.000000	42.459571
743.000000	42.631021
744.000000	42.337366
745.000000	42.530490
746.000000	42.330488
747.000000	42.508104
748.000000	42.619516
749.000000	42.486692
750.000000	42.409607
751.000000	42.471425
752.000000	42.250272
753.000000	42.370196
754.000000	42.432479
755.000000	42.390737
756.000000	42.603776
757.000000	42.426843
758.000000	42.268329
759.000000	42.465984
760.000000	42.318089
761.000000	42.362555
762.000000	42.348181
763.000000	42.225069
764.000000	42.348682
765.000000	42.337875
766.000000	42.469427
767.000000	42.468853
768.000000	42.295980
769.000000	42.247686
770.000000	42.397434
771.000000	42.356447
772.000000	42.305306
773.000000	42.278853
774.000000	42.167747
775.000000	42.257601
776.000000	42.360463
777.000000	42.226398
778.000000	42.245290
779.000000	42.319281
780.000000	42.324111
781.000000	42.344600
782.000000	42.519297
783.000000	42.501720
784.000000	42.394194
785.000000	42.387127
786.000000	42.310427
787.000000	42.548495
788.000000	42.499272
789.000000	42.593978
790.000000	42.508525
791.000000	42.488733
792.000000	42.621607
793.000000	42.588879
794.000000	42.680389
795.000000	42.730898
796.000000	42.678217
797.000000	42.492227
798.000000	42.631892
799.000000	42.587216
800.000000	42.609986
801.000000	42.612804
802.000000	42.670540
803.000000	42.543796
804.000000	42.700828
805.000000	42.505969
806.000000	42.634405
807.000000	42.645460
808.000000	42.651532
809.000000	42.643201
810.000000	42.700646
811.000000	42.699993
812.000000	42.612971
813.000000	42.824253
814.000000	42.609173
815.000000	42.588857
816.000000	42.875379
817.000000	42.760205
818.000000	42.725247
819.000000	42.760794
820.000000	42.803524
821.000000	42.692257
822.000000	42.738437
823.000000	42.820229
824.000000	42.766198
825.000000	42.677143
826.000000	42.748744
827.000000	42.697974
828.000000	42.626292
829.000000	42.735045
830.000000	42.655542
831.000000	42.856233
832.000000	42.620184
833.000000	42.561075
834.000000	42.780397
835.000000	42.752514
836.000000	42.777877
837.000000	42.899203
838.000000	42.857294
839.000000	42.785525
840.000000	42.673337
841.000000	42.733099
842.000000	42.822306
843.000000	42.735844
844.000000	42.849863
845.000000	42.779867
846.000000	42.797277
847.000000	42.823120
848.000000	42.669095
849.000000	42.770127
850.000000	42.886892
851.000000	42.898309
852.000000	42.783332
853.000000	43.003271
854.000000	42.851614
855.000000	42.910011
856.000000	42.901077
857.000000	43.052051
858.000000	42.852318
859.000000	43.046052
860.000000	42.879461
861.000000	42.948448
862.000000	42.663640
863.000000	42.936885
864.000000	42.785235
865.000000	42.913504
866.000000	42.883703
867.000000	42.573699
868.000000	42.940865
869.000000	42.897118
870.000000	42.981910
871.000000	42.923586
872.000000	42.871036
873.000000	42.904273
874.000000	42.860969
875.000000	43.027007
876.000000	42.939812
877.000000	42.910650
878.000000	42.843682
879.000000	42.901106
880.000000	42.853125
881.000000	42.897823
882.000000	42.991200
883.000000	43.002291
884.000000	42.817752
885.000000	43.000664
886.000000	42.870825
887.000000	43.127212
888.000000	42.763924
889.000000	42.951513
890.000000	43.047308
891.000000	43.081155
892.000000	42.936522
893.000000	42.987088
894.000000	42.978540
895.000000	43.095406
896.000000	43.166107
897.000000	42.903299
898.000000	43.015190
899.000000	43.160666
900.000000	42.962960
901.000000	43.051753
902.000000	43.172861
903.000000	43.017209
904.000000	43.018923
905.000000	42.887916
906.000000	42.914274
907.000000	43.089486
908.000000	43.063266
909.000000	42.964071
910.000000	43.137184
911.000000	43.053555
912.000000	42.990931
913.000000	43.160325
914.000000	42.960752
915.000000	43.191114
916.000000	43.251748
917.000000	43.053460
918.000000	43.024698
919.000000	42.977385
920.000000	43.035898
921.000000	43.105683
922.000000	43.150796
923.000000	43.164218
924.000000	43.118779
925.000000	43.184446
926.000000	43.097716
927.000000	43.126413
928.000000	43.281491
929.000000	43.149430
930.000000	43.104579
931.000000	43.040103
932.000000	42.970913
933.000000	43.012285
934.000000	43.094469
935.000000	43.022555
936.000000	43.052102
937.000000	43.225295
938.000000	43.162947
939.000000	43.165714
940.000000	42.998978
941.000000	42.958951
942.000000	43.015386
943.000000	43.287868
944.000000	43.047810
945.000000	43.093830
946.000000	43.138303
947.000000	43.063818
948.000000	43.002044
949.000000	43.135150
950.000000	43.030726
951.000000	43.095573
952.000000	43.042515
953.000000	43.025860
954.000000	43.294405
955.000000	43.127473
956.000000	43.239989
957.000000	43.047802
958.000000	43.222782
959.000000	43.020536
960.000000	43.060847
961.000000	43.042348
962.000000	43.057099
963.000000	43.104042
964.000000	43.334578
965.000000	43.168700
966.000000	42.995630
967.000000	43.173392
968.000000	43.100476
969.000000	43.117043
970.000000	43.194310
971.000000	43.155887
972.000000	42.957048
973.000000	43.140133
974.000000	43.067508
975.000000	43.161952
976.000000	43.056351
977.000000	42.958043
978.000000	43.164886
979.000000	42.943959
980.000000	43.021872
981.000000	42.899501
982.000000	43.090430
983.000000	42.833201
984.000000	42.997569
985.000000	42.955718
986.000000	43.023064
987.000000	42.881357
988.000000	43.092740
989.000000	42.842985
990.000000	42.970456
991.000000	42.952109
992.000000	42.744124
993.000000	42.752615
994.000000	42.975598
995.000000	42.852972
996.000000	42.770483
997.000000	42.798839
998.000000	42.949036
999.000000	43.006111
1000.000000	42.716074
1001.000000	42.756596
1002.000000	42.793449
1003.000000	42.747531
1004.000000	42.751809
1005.000000	42.881262
1006.000000	42.751795
1007.000000	42.846522
1008.000000	42.708542
1009.000000	42.902820
1010.000000	42.821820
1011.000000	42.718688
1012.000000	42.752993
1013.000000	43.011217
1014.000000	43.060034
1015.000000	42.955297
1016.000000	42.985846
1017.000000	42.840617
1018.000000	42.981539
1019.000000	42.907628
1020.000000	42.886456
1021.000000	42.880972
1022.000000	43.087249
1023.000000	42.997809
1024.000000	42.987895
1025.000000	43.006358
1026.000000	42.920862
1027.000000	43.066839
1028.000000	42.858347
1029.000000	43.079957
1030.000000	42.791982
1031.000000	42.947511
1032.000000	42.739607
1033.000000	42.986101
1034.000000	42.914804
1035.000000	43.035447
1036.000000	42.908609
1037.000000	42.906452
1038.000000	42.926215
1039.000000	42.996792
1040.000000	42.892564
1041.000000	42.888097
1042.000000	43.091738
1043.000000	42.753603
1044.000000	42.870956
1045.000000	42.707815
1046.000000	42.930740
1047.000000	43.059460
1048.000000	42.891881
1049.000000	42.888533
1050.000000	43.042406
1051.000000	42.770250
1052.000000	42.801425
1053.000000	43.025627
1054.000000	42.903633
1055.000000	42.811484
1056.000000	42.741408
1057.000000	42.932403
1058.000000	42.975583
1059.000000	42.812900
1060.000000	42.820389
1061.000000	42.754620
1062.000000	42.860315
1063.000000	42.823280
1064.000000	42.915611
1065.000000	42.812167
1066.000000	42.747030
1067.000000	42.796086
1068.000000	42.517822
1069.000000	42.868363
1070.000000	42.720584
1071.000000	42.615332
1072.000000	42.617903
1073.000000	42.614192
1074.000000	42.697080
1075.000000	42.794750
1076.000000	42.705615
1077.000000	42.523691
1078.000000	42.623634
1079.000000	42.552316
1080.000000	42.817527
1081.000000	42.633112
1082.000000	42.751874
1083.000000	42.688727
1084.000000	42.600740
1085.000000	42.497049
1086.000000	42.710750
1087.000000	42.665805
1088.000000	42.682910
1089.000000	42.635829
1090.000000	42.825756
1091.000000	42.766190
1092.000000	42.704394
1093.000000	42.632299
1094.000000	42.835213
1095.000000	42.675675
1096.000000	42.727194
1097.000000	42.710495
1098.000000	42.637100
1099.000000	42.945877
1100.000000	42.729641
1101.000000	42.881764
1102.000000	42.694073
1103.000000	42.724637
1104.000000	42.646884
1105.000000	42.777049
1106.000000	42.698177
1107.000000	42.845280
1108.000000	42.837712
1109.000000	42.875524
1110.000000	42.897845
1111.000000	42.907512
1112.000000	42.795984
1113.000000	42.630113
1114.000000	42.656224
1115.000000	42.875016
1116.000000	42.842389
1117.000000	42.794256
1118.000000	42.714374
1119.000000	42.575428
1120.000000	42.778305
1121.000000	42.809952
1122.000000	42.656428
1123.000000	42.695344
1124.000000	42.690703
1125.000000	42.779947
1126.000000	42.766350
1127.000000	42.725850
1128.000000	42.811608
1129.000000	42.681864
1130.000000	42.629343
1131.000000	42.553158
1132.000000	42.768711
1133.000000	42.783012
1134.000000	42.613937
1135.000000	42.835409
1136.000000	42.649622
1137.000000	42.766357
1138.000000	42.756966
1139.000000	42.862342
1140.000000	42.937146
1141.000000	42.725698
1142.000000	42.723882
1143.000000	42.863388
1144.000000	42.756668
1145.000000	42.817832
1146.000000	42.669407
1147.000000	42.847880
1148.000000	42.711912
1149.000000	42.850757
1150.000000	42.813750
1151.000000	42.704278
1152.000000	42.743696
1153.000000	42.741677
1154.000000	42.728261
1155.000000	42.827667
1156.000000	42.743769
1157.000000	42.686795
1158.000000	42.616298
1159.000000	42.865465
1160.000000	42.792614
1161.000000	42.515578
1162.000000	42.700160
1163.000000	42.678239
1164.000000	42.715660
1165.000000	42.650486
1166.000000	42.787406
1167.000000	42.675922
1168.000000	42.672371
1169.000000	42.490621
1170.000000	42.688626
1171.000000	42.638277
1172.000000	42.545532
1173.000000	42.651554
1174.000000	42.619276
1175.000000	42.600065
1176.000000	42.665688
1177.000000	42.612463
1178.000000	42.717178
1179.000000	42.507879
1180.000000	42.582132
1181.000000	42.511830
1182.000000	42.665231
1183.000000	42.594428
1184.000000	42.597835
1185.000000	42.562724
1186.000000	42.526567
1187.000000	42.726918
1188.000000	42.604735
1189.000000	42.519101
1190.000000	42.622741
1191.000000	42.608308
1192.000000	42.615441
1193.000000	42.504255
1194.000000	42.462868
1195.000000	42.556398
1196.000000	42.451690
1197.000000	42.539663
1198.000000	42.611308
1199.000000	42.696695
1200.000000	42.516319
1201.000000	42.708237
1202.000000	42.593426
1203.000000	42.726279
1204.000000	42.472412
1205.000000	42.590441
1206.000000	42.558482
1207.000000	42.681973
1208.000000	42.562063
1209.000000	42.441384
1210.000000	42.419986
1211.000000	42.415497
1212.000000	42.503499
1213.000000	42.508351
1214.000000	42.625660
1215.000000	42.605723
1216.000000	42.680883
1217.000000	42.569704
1218.000000	42.553478
1219.000000	42.444093
1220.000000	42.369855
1221.000000	42.699237
1222.000000	42.635023
1223.000000	42.646651
1224.000000	42.618789
1225.000000	42.663974
1226.000000	42.775763
1227.000000	42.588204
1228.000000	42.579669
1229.000000	42.556688
1230.000000	42.631362
1231.000000	42.491965
1232.000000	42.628515
1233.000000	42.568171
1234.000000	42.776628
1235.000000	42.695068
1236.000000	42.794612
1237.000000	42.507552
1238.000000	42.742156
1239.000000	42.766917
1240.000000	42.421606
1241.000000	42.636657
1242.000000	42.637783
1243.000000	42.564867
1244.000000	42.632364
1245.000000	42.634587
1246.000000	42.547762
1247.000000	42.725567
1248.000000	42.606623
1249.000000	42.477025
1250.000000	42.745563
1251.000000	42.700378
1252.000000	42.475528
1253.000000	42.579125
1254.000000	42.678174
1255.000000	42.648191
1256.000000	42.654430
1257.000000	42.713118
1258.000000	42.576001
1259.000000	42.596447
1260.000000	42.686926
1261.000000	42.559129
1262.000000	42.605410
1263.000000	42.604568
1264.000000	42.739803
1265.000000	42.605991
1266.000000	42.655730
1267.000000	42.677317
1268.000000	42.579800
1269.000000	42.535799
1270.000000	42.599498
1271.000000	42.778473
1272.000000	42.883463
1273.000000	42.600711
1274.000000	42.696608
1275.000000	42.639235
1276.000000	42.514612
1277.000000	42.535109
1278.000000	42.720860
1279.000000	42.680324
1280.000000	42.587020
1281.000000	42.576691
1282.000000	42.689759
1283.000000	42.714243
1284.000000	42.641197
1285.000000	42.591392
1286.000000	42.393061
1287.000000	42.721042
1288.000000	42.521302
1289.000000	42.781872
1290.000000	42.742062
1291.000000	42.639838
1292.000000	42.497812
1293.000000	42.575159
1294.000000	42.554836
1295.000000	42.640514
1296.000000	42.534267
1297.000000	42.644305
1298.000000	42.641240
1299.000000	42.375956
1300.000000	42.610023
1301.000000	42.422187
1302.000000	42.503180
1303.000000	42.361168
1304.000000	42.450252
1305.000000	42.592859
1306.000000	42.567380
1307.000000	42.627912
1308.000000	42.504523
1309.000000	42.562797
1310.000000	42.595452
1311.000000	42.681268
1312.000000	42.647777
1313.000000	42.549142
1314.000000	42.733636
1315.000000	42.691843
1316.000000	42.588494
1317.000000	42.688880
1318.000000	42.574287
1319.000000	42.401399
1320.000000	42.708505
1321.000000	42.540004
1322.000000	42.591748
1323.000000	42.570256
1324.000000	42.646404
1325.000000	42.660088
1326.000000	42.689621
1327.000000	42.554538
1328.000000	42.520873
1329.000000	42.551865
1330.000000	42.716451
1331.000000	42.518425
1332.000000	42.420473
1333.000000	42.436975
1334.000000	42.449388
1335.000000	42.562005
1336.000000	42.514888
1337.000000	42.414146
1338.000000	42.432573
1339.000000	42.388318
1340.000000	42.411858
1341.000000	42.533133
1342.000000	42.361001
1343.000000	42.303941
1344.000000	42.424823
1345.000000	42.498785
1346.000000	42.267820
1347.000000	42.536714
1348.000000	42.197599
1349.000000	42.284330
1350.000000	42.220929
1351.000000	42.248217
1352.000000	42.150809
1353.000000	42.261530
1354.000000	42.175729
1355.000000	42.181896
1356.000000	42.159844
1357.000000	42.174770
1358.000000	42.164348
1359.000000	42.226950
1360.000000	42.080871
1361.000000	42.166054
1362.000000	42.225272
1363.000000	42.244912
1364.000000	42.161086
1365.000000	42.296670
1366.000000	42.150976
1367.000000	42.191897
1368.000000	42.179731
1369.000000	42.212394
1370.000000	42.132571
1371.000000	42.257848
1372.000000	42.254812
1373.000000	42.060897
1374.000000	42.135142
1375.000000	42.269135
1376.000000	42.319186
1377.000000	42.177342
1378.000000	42.300004
1379.000000	42.281788
1380.000000	41.993392
1381.000000	42.238382
1382.000000	42.193168
1383.000000	42.188447
1384.000000	42.139711
1385.000000	42.272505
1386.000000	42.225831
1387.000000	42.183203
1388.000000	42.088635
1389.000000	42.266310
1390.000000	42.143785
1391.000000	42.393577
1392.000000	42.206961
1393.000000	42.179266
1394.000000	42.304827
1395.000000	42.534208
1396.000000	42.355357
1397.000000	42.201158
1398.000000	42.219955
1399.000000	42.206090
1400.000000	42.250563
1401.000000	42.033398
1402.000000	42.358764
1403.000000	42.366332
1404.000000	42.373792
1405.000000	42.274444
1406.000000	42.285986
1407.000000	42.057047
1408.000000	42.099566
1409.000000	42.228199
1410.000000	42.179019
1411.000000	42.148659
1412.000000	42.247607
1413.000000	42.246023
1414.000000	42.110846
1415.000000	42.248442
1416.000000	42.312017
1417.000000	42.411641
1418.000000	42.426872
1419.000000	42.300193
1420.000000	42.372717
1421.000000	42.204855
1422.000000	42.278657
1423.000000	42.230763
1424.000000	42.319753
1425.000000	42.282812
1426.000000	42.252626
1427.000000	42.266012
1428.000000	42.045956
1429.000000	42.235840
1430.000000	42.335383
1431.000000	42.324699
1432.000000	42.336575
1433.000000	42.266796
1434.000000	42.410537
1435.000000	42.445088
1436.000000	42.360216
1437.000000	42.165452
1438.000000	42.427809
1439.000000	42.475005
1440.000000	42.262249
1441.000000	42.423029
1442.000000	42.252952
1443.000000	42.419245
1444.000000	42.325207
1445.000000	42.380881
1446.000000	42.281773
1447.000000	42.320268
1448.000000	42.256744
1449.000000	42.187517
1450.000000	42.268576
1451.000000	42.335943
1452.000000	42.339175
1453.000000	42.310361
1454.000000	42.391194
1455.000000	42.129346
1456.000000	42.421046
1457.000000	42.291637
1458.000000	42.262460
1459.000000	42.287911
1460.000000	42.401189
1461.000000	42.312511
1462.000000	42.310870
1463.000000	42.417139
1464.000000	42.245711
1465.000000	42.408031
1466.000000	42.256017
1467.000000	42.234663
1468.000000	42.205211
1469.000000	42.239893
1470.000000	42.103452
1471.000000	42.328730
1472.000000	42.489321
1473.000000	42.348465
1474.000000	42.313928
1475.000000	42.422986
1476.000000	42.433372
1477.000000	42.442655
1478.000000	42.362701
1479.000000	42.364066
1480.000000	42.282746
1481.000000	42.383742
1482.000000	42.285332
1483.000000	42.496839
1484.000000	42.574549
1485.000000	42.320181
1486.000000	42.341223
1487.000000	42.226754
1488.000000	42.166991
1489.000000	42.209503
1490.000000	42.336393
1491.000000	42.469754
1492.000000	42.412715
1493.000000	42.537128
1494.000000	42.471192
1495.000000	42.421809
1496.000000	42.378883
1497.000000	42.578318
1498.000000	42.315729
1499.000000	42.353527
1500.000000	42.340765
1501.000000	42.509833
1502.000000	42.455024
1503.000000	42.393475
1504.000000	42.510138
1505.000000	42.284243
1506.000000	42.285971
1507.000000	42.125191
1508.000000	42.223216
1509.000000	42.177029
1510.000000	42.299437
1511.000000	42.335253
1512.000000	42.389371
1513.000000	42.405830
1514.000000	42.449395
1515.000000	42.558555
1516.000000	42.491762
1517.000000	42.524243
1518.000000	42.648787
1519.000000	42.541305
1520.000000	42.423349
1521.000000	42.453637
1522.000000	42.586940
1523.000000	42.515026
1524.000000	42.521534
1525.000000	42.397441
1526.000000	42.297927
1527.000000	42.384737
1528.000000	42.265946
1529.000000	42.309403
1530.000000	42.320937
1531.000000	42.471475
1532.000000	42.637420
1533.000000	42.409876
1534.000000	42.576895
1535.000000	42.473044
1536.000000	42.476189
1537.000000	42.584071
1538.000000	42.632103
1539.000000	42.634340
1540.000000	42.693681
1541.000000	42.634100
1542.000000	42.496192
1543.000000	42.623779
1544.000000	42.439924
1545.000000	42.437650
1546.000000	42.332042
1547.000000	42.462229
1548.000000	42.382348
1549.000000	42.431985
1550.000000	42.526676
1551.000000	42.430525
1552.000000	42.759944
1553.000000	42.549788
1554.000000	42.491493
1555.000000	42.486343
1556.000000	42.403694
1557.000000	42.711549
1558.000000	42.703385
1559.000000	42.515760
1560.000000	42.739447
1561.000000	42.496338
1562.000000	42.556245
1563.000000	42.669334
1564.000000	42.374474
1565.000000	42.404828
1566.000000	42.379450
1567.000000	42.397920
1568.000000	42.431404
1569.000000	42.357493
1570.000000	42.414713
1571.000000	42.588451
1572.000000	42.553057
1573.000000	42.560327
1574.000000	42.701169
1575.000000	42.664018
1576.000000	42.663386
1577.000000	42.607277
1578.000000	42.649833
1579.000000	42.554698
1580.000000	42.641625
1581.000000	42.601561
1582.000000	42.605919
1583.000000	42.560618
1584.000000	42.562942
1585.000000	42.361567
1586.000000	42.551451
1587.000000	42.402002
1588.000000	42.499381
1589.000000	42.491769
1590.000000	42.577418
1591.000000	42.485624
1592.000000	42.678704
1593.000000	42.717323
1594.000000	42.672305
1595.000000	42.452707
1596.000000	42.637601
1597.000000	42.686105
1598.000000	42.551023
1599.000000	42.658795
1600.000000	42.634892
1601.000000	42.571963
1602.000000	42.715928
1603.000000	42.594966
1604.000000	42.389538
1605.000000	42.504959
1606.000000	42.564315
1607.000000	42.576212
1608.000000	42.431026
1609.000000	42.485414
1610.000000	42.675762
1611.000000	42.582458
1612.000000	42.733927
1613.000000	42.606456
1614.000000	42.643731
1615.000000	42.716531
1616.000000	42.673801
1617.000000	42.706108
1618.000000	42.624789
1619.000000	42.441761
1620.000000	42.640347
1621.000000	42.712500
1622.000000	42.749289
1623.000000	42.648561
1624.000000	42.683186
1625.000000	42.597406
1626.000000	42.461547
1627.000000	42.634812
1628.000000	42.384127
1629.000000	42.679496
1630.000000	42.467953
1631.000000	42.559797
1632.000000	42.637921
1633.000000	42.516312
1634.000000	42.812755
1635.000000	42.626648
1636.000000	42.652549
1637.000000	42.439081
1638.000000	42.591058
1639.000000	42.726344
1640.000000	42.769059
1641.000000	42.774565
1642.000000	42.510632
1643.000000	42.662514
1644.000000	42.611853
1645.000000	42.488166
1646.000000	42.495459
1647.000000	42.571273
1648.000000	42.467277
1649.000000	42.398857
1650.000000	42.481281
1651.000000	42.779874
1652.000000	42.721528
1653.000000	42.718492
1654.000000	42.718848
1655.000000	42.830935
1656.000000	42.750022
1657.000000	42.745563
1658.000000	42.775988
1659.000000	42.697117
1660.000000	42.738757
1661.000000	42.748729
1662.000000	42.677477
1663.000000	42.561315
1664.000000	42.539888
1665.000000	42.504371
1666.000000	42.727564
1667.000000	42.525768
1668.000000	42.344651
1669.000000	42.519972
1670.000000	42.644131
1671.000000	42.582647
1672.000000	42.528550
1673.000000	42.788772
1674.000000	42.634827
1675.000000	42.637427
1676.000000	42.672545
1677.000000	42.785649
1678.000000	42.746536


