0.0	-0.0028919578880040003
1.0	-0.0021577809650034333
2.0	-0.00039135809132547503
3.0	-0.001826487682649465
4.0	-0.003002388982122051
5.0	1.1604654689660685e-05
6.0	-0.002011040506845233
7.0	-0.0024543469906826553
8.0	-0.0010264950932403288
9.0	-0.002625689218375808
10.0	-0.0020607977834928726
11.0	-0.002884363772649293
12.0	-0.00408186083766218
13.0	-0.002410601722024136
14.0	-0.005130956231782925
15.0	-0.0050870527523878845
16.0	-0.004509029826370687
17.0	-0.007226299226766471
18.0	-0.004749272829835046
19.0	-0.003483824253470269
20.0	-0.0061817919440057805
21.0	-0.007595246664421301
22.0	-0.007722448096614538
23.0	-0.004861365136686852
24.0	-0.007286814833500177
25.0	-0.006536500415370511
26.0	-0.006731020515969367
27.0	-0.008676696154168414
28.0	-0.008375700227865473
29.0	-0.00857093227677877
30.0	-0.01088460608821333
31.0	-0.011307740703139703
32.0	-0.011507956390254634
33.0	-0.011688316629931559
34.0	-0.011949680766726655
35.0	-0.013521188012964175
36.0	-0.014506603585620042
37.0	-0.016928968173070543
38.0	-0.013557418271636156
39.0	-0.01252477679411755
40.0	-0.014532391935679186
41.0	-0.014446562611096087
42.0	-0.01340395385717421
43.0	-0.015115952237475937
44.0	-0.013985615630132332
45.0	-0.015092695259201882
46.0	-0.014887100407043732
47.0	-0.014665684481229894
48.0	-0.015512665659396893
49.0	-0.016622830397829448
50.0	-0.015848388842374578
51.0	-0.016062527074306752
52.0	-0.018434106015321763
53.0	-0.016983946404024695
54.0	-0.01755959616899351
55.0	-0.020229006821580287
56.0	-0.019561199302566022
57.0	-0.02067175956783979
58.0	-0.018942437111884775
59.0	-0.0181658597114864
60.0	-0.020133605747435314
61.0	-0.01993228258516436
62.0	-0.019421261906079738
63.0	-0.020269271454034402
64.0	-0.02050919803602572
65.0	-0.021673470846361276
66.0	-0.02209976967601864
67.0	-0.02144272048709044
68.0	-0.021031214361301096
69.0	-0.02252290429094501
70.0	-0.021693959136745555
71.0	-0.021687393391178332
72.0	-0.021080101478897776
73.0	-0.02290514143047081
74.0	-0.020204879684255085
75.0	-0.022948412066919575
76.0	-0.02402013159636829
77.0	-0.023716762509016973
78.0	-0.02087893652736334
79.0	-0.020827122511140366
80.0	-0.019975553221613127
81.0	-0.02267431196583162
82.0	-0.023127111093862562
83.0	-0.02067753425972422
84.0	-0.020196731831322274
85.0	-0.021430696471111833
86.0	-0.019307033754284424
87.0	-0.017228144675903022
88.0	-0.018580530052006734
89.0	-0.019903092704269352
90.0	-0.01938155101120354
91.0	-0.019475607294087614
92.0	-0.018615573730154523
93.0	-0.01866802058932377
94.0	-0.018178595675779452
95.0	-0.019990978768427602
96.0	-0.01885194057057327
97.0	-0.017938669093788138
98.0	-0.017460793564012488
99.0	-0.016374755962905323
100.0	-0.01678950540879401
101.0	-0.01742400956776259
102.0	-0.0173290040204592
103.0	-0.016871142148858265
104.0	-0.016432898408590645
105.0	-0.015576899218439692
106.0	-0.01696322079753536
107.0	-0.014845807404801944
108.0	-0.0159305002146484
109.0	-0.017299023085881212
110.0	-0.016436299939426698
111.0	-0.018172741878526667
112.0	-0.016920899425505904
113.0	-0.016650991908936787
114.0	-0.01656271031793714
115.0	-0.019710550237877295
116.0	-0.016699958131901817
117.0	-0.01691599489267262
118.0	-0.016427519243547614
119.0	-0.01664395153116
120.0	-0.013738411354259353
121.0	-0.014245872291771405
122.0	-0.01394392710104915
123.0	-0.014277909965924544
124.0	-0.01293628291990671
125.0	-0.015035976710145622
126.0	-0.012802753058251126
127.0	-0.013646886443160179
128.0	-0.014369909509233468
129.0	-0.010049648926024758
130.0	-0.014555728019321593
131.0	-0.012760036159380275
132.0	-0.013656774614195098
133.0	-0.013671171791221903
134.0	-0.014213122669303642
135.0	-0.015122676193779681
136.0	-0.016487639323439923
137.0	-0.015580617170748969
138.0	-0.014836156549871901
139.0	-0.013875421852119155
140.0	-0.010803285769622119
141.0	-0.012226391344967686
142.0	-0.012403587369913437
143.0	-0.01151634155929232
144.0	-0.012790808147640869
145.0	-0.012754894310442116
146.0	-0.011249281835981149
147.0	-0.01317715876631734
148.0	-0.011166300304656183
149.0	-0.010774966047778257
150.0	-0.011540706012722397
151.0	-0.011062988693683273
152.0	-0.01175729651107112
153.0	-0.01023791970252962
154.0	-0.013152161469940991
155.0	-0.01403829980540627
156.0	-0.013676946483106332
157.0	-0.013141007613013716
158.0	-0.01441515777988922
159.0	-0.013164343696656124
160.0	-0.013248511808505281
161.0	-0.012983034192559698
162.0	-0.012876874788328843
163.0	-0.011531292473897045
164.0	-0.012171966851591637
165.0	-0.01400428449704615
166.0	-0.013723064912813047
167.0	-0.013660413461135838
168.0	-0.012077119515024583
169.0	-0.01260601800734041
170.0	-0.011716478141039086
171.0	-0.012807262064243013
172.0	-0.01169883764391275
173.0	-0.01326061492985206
174.0	-0.012975835604046387
175.0	-0.011692667425186924
176.0	-0.013282606222233758
177.0	-0.014253782828599338
178.0	-0.012158598044352317
179.0	-0.011459464799499355
180.0	-0.011805313469616833
181.0	-0.011232353287169441
182.0	-0.009584825782015388
183.0	-0.009569004708359518
184.0	-0.010449131035835491
185.0	-0.010274149961201599
186.0	-0.01023277785359146
187.0	-0.012765889956632873
188.0	-0.01178071170008188
189.0	-0.010813964994339832
190.0	-0.0125060288218352
191.0	-0.010323432605639674
192.0	-0.011553362871647096
193.0	-0.012260643969432682
194.0	-0.012212389694782277
195.0	-0.012472092618843428
196.0	-0.011897075696820886
197.0	-0.012722856636288978
198.0	-0.012657832023563388
199.0	-0.012535139597362036
200.0	-0.010146711212903487
201.0	-0.012356677886523927
202.0	-0.011101592113403634
203.0	-0.013126768646723432
204.0	-0.012507215402359387
205.0	-0.012100772020140219
206.0	-0.012268000768682698
207.0	-0.010936103682963265
208.0	-0.011249914678927421
209.0	-0.012644542321692421
210.0	-0.012093336115521849
211.0	-0.012028707029637653
212.0	-0.012426527926714448
213.0	-0.013543495726818917
214.0	-0.012535693334939955
215.0	-0.013035955683938696
216.0	-0.012569550432563557
217.0	-0.011674631401219195
218.0	-0.013558525746791995
219.0	-0.012542179975139012
220.0	-0.011584846808222131
221.0	-0.011736491799213798
222.0	-0.010940217162113755
223.0	-0.010499600260797756
224.0	-0.011032058494686157
225.0	-0.010032720377213051
226.0	-0.010367573401139588
227.0	-0.009108611464973682
228.0	-0.00898702651392817
229.0	-0.009395289319617984
230.0	-0.009824910574743226
231.0	-0.008877940211071014
232.0	-0.012707668405579381
233.0	-0.011441270564795103
234.0	-0.012818969658748392
235.0	-0.011172312312645302
236.0	-0.01190514444438534
237.0	-0.010869259646767212
238.0	-0.011293027104639669
239.0	-0.010950817281463115
240.0	-0.01099392970717536
241.0	-0.009870396161503854
242.0	-0.008530825855061175
243.0	-0.008397454204142295
244.0	-0.009290870233489238
245.0	-0.009122375799054215
246.0	-0.009338333454456851
247.0	-0.010381416840588475
248.0	-0.009138908821024527
249.0	-0.01129714058379016
250.0	-0.009662111726824279
251.0	-0.009814073139288806
252.0	-0.010173290616645424
253.0	-0.012960014530390519
254.0	-0.011300067482416458
255.0	-0.01129896000726062
256.0	-0.010834769706197338
257.0	-0.01146737533632729
258.0	-0.016787435656385626
259.0	-0.017175447487795852
260.0	-0.01585921326499577
261.0	-0.013701139712966659
262.0	-0.010887124447165188
263.0	-0.014339361824244518
264.0	-0.012262054853228701
265.0	-0.01525010192924475
266.0	-0.012977404698578929
267.0	-0.011996577237283118
268.0	-0.012289979048231349
269.0	-0.011672482543442646
270.0	-0.01147163401338144
271.0	-0.014081241007548952
272.0	-0.012712559925579618
273.0	-0.012464089963814096
274.0	-0.012426673124617926
275.0	-0.01350108223658825
276.0	-0.014310488364822554
277.0	-0.013378152494282022
278.0	-0.013179202493059448
279.0	-0.012510920341835437
280.0	-0.013035942671105652
281.0	-0.01301078716399278
282.0	-0.011809730357407323
283.0	-0.012521124934343583
284.0	-0.011480177393155464
285.0	-0.014420444826730855
286.0	-0.012895056010200051
287.0	-0.013873352099710776
288.0	-0.011440545603647618
289.0	-0.014158606057726196
290.0	-0.012851468952278053
291.0	-0.014638459221708644
292.0	-0.01453174607989987
293.0	-0.013199611678075561
294.0	-0.012135011631771987
295.0	-0.012986027183721306
296.0	-0.0123940026075187
297.0	-0.01303530982815938
298.0	-0.013044406945511504
299.0	-0.01317342780117502
300.0	-0.00868688773384333
301.0	-0.013059357860116229
302.0	-0.01264310541223031
303.0	-0.012699349329077004
304.0	-0.011538636260314015
305.0	-0.009857488973641238
306.0	-0.010147726569858111
307.0	-0.007161894444153923
308.0	-0.00800001582107367
309.0	-0.007835002022842867
310.0	-0.008195880712933423
311.0	-0.008823265388756864
312.0	-0.007180405100331218
313.0	-0.008574795426991525
314.0	-0.008018922004092363
315.0	-0.006921255913848168
316.0	-0.00806440759085299
317.0	-0.005982591613845288
318.0	-0.00570746314296966
319.0	-0.0056400653691956884
320.0	-0.004056534106979558
321.0	-0.0048964749073697675
322.0	-0.0040675297531704985
323.0	-0.0047146116656956085
324.0	-0.003956703132211051
325.0	-0.005023359918089961
326.0	-0.0033411842616295137
327.0	-0.002051924969412578
328.0	-0.0025696696048009447
329.0	-0.004267429018812387
330.0	-0.004025287486509214
331.0	-0.005198973835670125
332.0	-0.0038277613819157055
333.0	-0.004436635401561851
334.0	-0.0057610174772949295
335.0	-0.004775997431480276
336.0	-0.0032084454536567223
337.0	-0.0037053853771875827
338.0	-0.004225344962887808
339.0	-0.003118502649923135
340.0	-0.002363521015064877
341.0	-0.0013217824201941474
342.0	-0.0015883675112955678
343.0	-0.002616658193558807
344.0	-0.002847487658197996
345.0	-0.0023123398417881713
346.0	9.847536189347243e-05
347.0	-0.0010057564739181304
348.0	-0.00112568021222952
349.0	-0.0008830640477167804
350.0	-0.002988611635208289
351.0	-0.003146505950293952
352.0	-0.0021562649501729713
353.0	-0.002507097258491903
354.0	-0.0022439928035948844
355.0	-0.002949612688646715
356.0	-0.000973323272923596
357.0	0.00036830377309423484
358.0	-0.004066646581286308
359.0	-0.0044018951320542446
360.0	-0.005926967527111821
361.0	-0.004860785373442661
362.0	-0.006248451743799224
363.0	-0.004824555114770865
364.0	-0.003887314711397051
365.0	-0.007062920615603334
366.0	-0.004687465511542708
367.0	-0.005035608237340033
368.0	-0.0055781128529998735
369.0	-0.004207137715350512
370.0	-0.0069072412508295305
371.0	-0.007295173976871589
372.0	-0.006137466912103254
373.0	-0.005545046809059067
374.0	-0.006966332960934354
375.0	-0.007098992663538793
376.0	-0.0047770127884349005
377.0	-0.003437442481992406
378.0	-0.006058598859928776
379.0	-0.002445382058400963
380.0	-0.005296814163398604
381.0	-0.007457577297949138
382.0	-0.00610455907889897
383.0	-0.0074016498025754884
384.0	-0.006335942281116078
385.0	-0.007166390437312765
386.0	-0.0066321127799540865
387.0	-0.007041562166167909
388.0	-0.004707637380453944
389.0	-0.007705256206031683
390.0	-0.007798679645969673
391.0	-0.010387244612174985
392.0	-0.010874375470039097
393.0	-0.009351359814556856
394.0	-0.0076955262457332856
395.0	-0.007958868016735364
396.0	-0.008676432812397265
397.0	-0.006714540573701136
398.0	-0.006376918861884819
399.0	-0.00724612864853839
400.0	-0.006389971247650913
401.0	-0.006253910014210425
402.0	-0.007413278291712701
403.0	-0.005404713885731568
404.0	-0.005302351539178159
405.0	-0.005759026830254718
406.0	-0.00677608455022251
407.0	-0.00540605867699228
408.0	-0.0058329112442277445
409.0	-0.008963585299251318
410.0	-0.008166361397732143
411.0	-0.007141709562409644
412.0	-0.00745362202953517
413.0	-0.006508945721542986
414.0	-0.007622511990811589
415.0	-0.006234687409718506
416.0	-0.0071061121466839345
417.0	-0.006926147433848406
418.0	-0.007185850357909559
419.0	-0.006631559042375984
420.0	-0.006202175103355802
421.0	-0.008637117444362463
422.0	-0.00424447544917833
423.0	-0.006018176016737952
424.0	-0.005703257545617774
425.0	-0.006547074509053782
426.0	-0.006600470632642345
427.0	-0.004975013525238158
428.0	-0.006290219378250575
429.0	-0.007056671291509339
430.0	-0.008892469573168253
431.0	-0.007553532109671846
432.0	-0.005770101581813827
433.0	-0.006930260912998896
434.0	-0.00536500299085537
435.0	-0.007488823918419482
436.0	-0.006816586498781502
437.0	-0.006213170749546558
438.0	-0.006449537589965303
439.0	-0.0072326807359308996
440.0	-0.006931922125732836
441.0	-0.00791504364270849
442.0	-0.006366714269376857
443.0	-0.006658454867590964
444.0	-0.006471528882347
445.0	-0.0073182727444091236
446.0	-0.007294857555398361
447.0	-0.007893526982536543
448.0	-0.006778774132743934
449.0	-0.008571064461849204
450.0	-0.009288945678984334
451.0	-0.008295224042659137
452.0	-0.008336437939532752
453.0	-0.008926405776160022
454.0	-0.009803446994273358
455.0	-0.009473656713916624
456.0	-0.006236585938557321
457.0	-0.0075188839583656365
458.0	-0.007245891332433515
459.0	-0.007705651732873079
460.0	-0.008257016149780172
461.0	-0.009232701762137824
462.0	-0.007095986659544141
463.0	-0.010636505627623118
464.0	-0.010315416937777298
465.0	-0.009706226496657923
466.0	-0.01024841469084472
467.0	-0.009424453174846904
468.0	-0.010014895643683921
469.0	-0.011140881455772349
470.0	-0.011456907402048362
471.0	-0.010411134433395315
472.0	-0.010040367572270021
473.0	-0.009518825879204208
474.0	-0.00956106814586531
475.0	-0.010392149145008269
476.0	-0.010748044196897006
477.0	-0.010455591650368273
478.0	-0.012377931204924909
479.0	-0.010840281056310803
480.0	-0.011390696208798581
481.0	-0.012279365916048762
482.0	-0.012567625878058652
483.0	-0.01098868272720276
484.0	-0.011829889213485514
485.0	-0.013833469981265011
486.0	-0.010925161116474586
487.0	-0.011197600004828608
488.0	-0.014976226131428436
489.0	-0.013211306259747896
490.0	-0.013362160197056588
491.0	-0.010567525746483558
492.0	-0.012523010450349169
493.0	-0.013916293301853455
494.0	-0.012970905045546832
495.0	-0.012072900904839649
496.0	-0.013252282840516456
497.0	-0.013760693042448004
498.0	-0.013145569698707681
499.0	-0.010759751791402386
500.0	-0.012728684407875487
501.0	-0.011469959787814458
502.0	-0.014208350321540792
503.0	-0.014700464817606722
504.0	-0.014333732330263565
505.0	-0.012670146435348768
506.0	-0.01214646889733945
507.0	-0.01432653374175007
508.0	-0.012728921723980362
509.0	-0.013152689181852823
510.0	-0.014024272129554774
511.0	-0.014820072134445066
512.0	-0.014022610916820832
513.0	-0.013640373777295035
514.0	-0.013130302362629728
515.0	-0.015558837168805875
516.0	-0.012737306893017865
517.0	-0.012256346253879398
518.0	-0.01402245270608431
519.0	-0.013775723062421082
520.0	-0.012229925060874166
521.0	-0.014509108931738856
522.0	-0.013695668429722228
523.0	-0.014136680857879624
524.0	-0.01218744547810819
525.0	-0.012580203631615178
526.0	-0.012869096436571342
527.0	-0.012883889140439544
528.0	-0.01365983369789183
529.0	-0.013549086182300735
530.0	-0.013926735210466293
531.0	-0.01460348163609616
532.0	-0.013876186880135862
533.0	-0.013327116518908798
534.0	-0.013556522086918921
535.0	-0.013088297412073503
536.0	-0.013927288948044212
537.0	-0.01404001409784229
538.0	-0.014461408394666368
539.0	-0.014943476508960857
540.0	-0.01619879959818584
541.0	-0.015411542973069754
542.0	-0.013958377357778034
543.0	-0.015452361343101975
544.0	-0.01688495956264106
545.0	-0.015214412395317643
546.0	-0.014816670603609017
547.0	-0.01589471856252008
548.0	-0.01535680205822048
549.0	-0.017008047515683626
550.0	-0.014685039270792247
551.0	-0.014025616920815484
552.0	-0.015982762837415038
553.0	-0.016204811606175144
554.0	-0.015616821403754675
555.0	-0.01507977505850622
556.0	-0.014148230241648484
557.0	-0.015013326549151565
558.0	-0.012683357031851382
559.0	-0.013832678927582217
560.0	-0.013186546279476422
561.0	-0.012401504604672011
562.0	-0.012645623771182168
563.0	-0.012230478798452085
564.0	-0.012503471424384207
565.0	-0.014332071117529627
566.0	-0.011668988894405197
567.0	-0.013852692585756745
568.0	-0.013447989521639683
569.0	-0.01227272106511337
570.0	-0.012933567311719015
571.0	-0.010971754178391052
572.0	-0.009618340432499671
573.0	-0.013101745324680992
574.0	-0.013056813475498284
575.0	-0.010989315570149032
576.0	-0.011197679110196961
577.0	-0.013120018664753413
578.0	-0.010396974572473199
579.0	-0.011962311599985079
580.0	-0.008768669671811065
581.0	-0.009524996097930036
582.0	-0.009282538144153817
583.0	-0.008940328320977263
584.0	-0.008863200586904893
585.0	-0.010344132186462738
586.0	-0.009261654326927958
587.0	-0.010689110697528887
588.0	-0.01051729383762617
589.0	-0.01214591515976153
590.0	-0.00942951591841671
591.0	-0.009786043813251901
592.0	-0.00832821098123159
593.0	-0.008349569430667014
594.0	-0.007293829185610876
595.0	-0.008050234717098016
596.0	-0.0072829126447882895
597.0	-0.009585986336873305
598.0	-0.0069574731596869195
599.0	-0.007793537797031514
600.0	-0.009259630633620366
601.0	-0.009879500299457271
602.0	-0.008450382716122584
603.0	-0.007961353329419659
604.0	-0.009778087217323175
605.0	-0.011362488638590452
606.0	-0.008731602300355686
607.0	-0.009293962363453534
608.0	-0.00993083968347068
609.0	-0.008677019596242931
610.0	-0.008609780033205481
611.0	-0.010756778833675297
612.0	-0.010816028754516642
613.0	-0.011458601661049866
614.0	-0.01089679533552975
615.0	-0.009974426741392494
616.0	-0.011549256413097893
617.0	-0.014157993248214443
618.0	-0.012534751091122114
619.0	-0.013024492426139664
620.0	-0.010851467959505829
621.0	-0.010764214738293667
622.0	-0.011416517605125104
623.0	-0.01147695410649064
624.0	-0.010708840980498117
625.0	-0.010473818931340088
626.0	-0.011216618339483213
627.0	-0.011608110807097845
628.0	-0.011182682136491446
629.0	-0.010549285452678702
630.0	-0.010329847161071663
631.0	-0.01132578374770872
632.0	-0.009278378605902537
633.0	-0.00939830234421411
634.0	-0.009776030477748023
635.0	-0.010848778376984222
636.0	-0.0105090208202244
637.0	-0.011827232677231653
638.0	-0.010072438292690722
639.0	-0.009830059444282672
640.0	-0.008097572773596667
641.0	-0.010651410483127236
642.0	-0.007847125177624162
643.0	-0.010548019766786158
644.0	-0.00874955921895506
645.0	-0.008236402694926932
646.0	-0.007997900009564685
647.0	-0.007299320502289641
648.0	-0.00885817088960265
649.0	-0.009886224255761016
650.0	-0.00825143271490001
651.0	-0.00972674783330995
652.0	-0.00866001194206287
653.0	-0.010166019943365235
654.0	-0.012977899364223014
655.0	-0.011681520588860936
656.0	-0.011494199076775576
657.0	-0.011393418837587568
658.0	-0.009653496262283193
659.0	-0.0114994200310819
660.0	-0.011079924263096456
661.0	-0.012408024291138627
662.0	-0.01200901681353746
663.0	-0.011277845894531544
664.0	-0.011900484248258222
665.0	-0.011448001541700323
666.0	-0.012197762222252068
667.0	-0.01149997376865982
668.0	-0.01006658449543794
669.0	-0.010361489308383404
670.0	-0.009239854291550529
671.0	-0.009413965207133276
672.0	-0.008193290269214684
673.0	-0.009816374215570491
674.0	-0.00949030188752285
675.0	-0.00847719943596921
676.0	-0.008151918161604547
677.0	-0.008855323096344521
678.0	-0.009819301114196793
679.0	-0.010470892032713789
680.0	-0.010062312805550928
681.0	-0.009946265230285155
682.0	-0.009608880834573712
683.0	-0.009702937117457788
684.0	-0.008406400131359189
685.0	-0.010696896069887864
686.0	-0.010761604261140412
687.0	-0.00989627063753264
688.0	-0.009057120890825224
689.0	-0.008446664763813491
690.0	-0.00998874481305113
691.0	-0.01039795688316026
692.0	-0.008737535202976637
693.0	-0.009394267970431788
694.0	-0.010211110003284465
695.0	-0.010766983426183444
696.0	-0.009873013659258398
697.0	-0.010311020083421142
698.0	-0.008765617608715807
699.0	-0.010003062884709767
700.0	-0.012667206523889425
701.0	-0.013904018956937114
702.0	-0.011442971844398079
703.0	-0.013134877461156925
704.0	-0.012197953479256153
705.0	-0.014376515321669541
706.0	-0.01315109406165419
707.0	-0.012687694814273703
708.0	-0.0131189772821327
709.0	-0.012589445946870784
710.0	-0.012161723220584359
711.0	-0.011228596296361033
712.0	-0.011852895862821653
713.0	-0.011401757947524464
714.0	-0.015283221052887638
715.0	-0.011851709282297462
716.0	-0.012264560199347518
717.0	-0.01360974698693792
718.0	-0.013539264103800942
719.0	-0.013776342892534127
720.0	-0.012853895193028698
721.0	-0.011897748606636008
722.0	-0.01251730185100005
723.0	-0.013349015693089095
724.0	-0.01288624928865488
725.0	-0.014230012179616218
726.0	-0.013814234363940046
727.0	-0.01355904044587078
728.0	-0.012177069662030478
729.0	-0.013683868717015636
730.0	-0.014308722021054175
731.0	-0.01340818650856209
732.0	-0.011729728804410734
733.0	-0.01439423492416423
734.0	-0.012983786207743361
735.0	-0.014004403669283537
736.0	-0.015039892940060272
737.0	-0.01382206579539963
738.0	-0.011673405782195872
739.0	-0.013383110106817572
740.0	-0.014221073273000612
741.0	-0.01335906207486054
742.0	-0.015756112944461463
743.0	-0.014618182221762966
744.0	-0.014249867627054408
745.0	-0.014651248265703774
746.0	-0.013866443907004419
747.0	-0.014547541127889651
748.0	-0.013432076329782418
749.0	-0.014962606995251381
750.0	-0.01489592116979185
751.0	-0.013784332534730416
752.0	-0.014250737786105371
753.0	-0.015389538667855016
754.0	-0.016534905295171695
755.0	-0.013145873107347682
756.0	-0.015502501133757968
757.0	-0.014163721880998084
758.0	-0.014963081627460947
759.0	-0.014356264347390138
760.0	-0.014115863133189074
761.0	-0.014719357987792371
762.0	-0.016392594737637215
763.0	-0.016425977203051063
764.0	-0.014959680096625082
765.0	-0.015639353420881248
766.0	-0.01701547040746877
767.0	-0.017263070210183144
768.0	-0.016153221893223817
769.0	-0.015485809901050949
770.0	-0.016552308476193153
771.0	-0.015931014913727188
772.0	-0.016706484838969724
773.0	-0.016263494776605346
774.0	-0.016776413984528598
775.0	-0.016540047144109855
776.0	-0.0171714661937158
777.0	-0.018218267532156333
778.0	-0.017817282420348364
779.0	-0.016616225613762907
780.0	-0.01677815430263071
781.0	-0.019450017221634214
782.0	-0.017357442914540448
783.0	-0.01697520577501465
784.0	-0.01767916444733254
785.0	-0.0179410032163372
786.0	-0.019432851356717632
787.0	-0.017287830190454618
788.0	-0.01683526837852855
789.0	-0.019038273779740184
790.0	-0.017406171821400602
791.0	-0.016148396465758885
792.0	-0.01758787685233824
793.0	-0.018825638549805245
794.0	-0.01814129800882067
795.0	-0.018066780751901372
796.0	-0.01713673893704105
797.0	-0.019026249763761757
798.0	-0.020611046711870248
799.0	-0.019372810382193493
800.0	-0.018104909539412167
801.0	-0.018035296815326337
802.0	-0.01777772973620869
803.0	-0.017963390035560294
804.0	-0.018833944613474575
805.0	-0.01947137567106964
806.0	-0.01784085582009565
807.0	-0.016765339232969488
808.0	-0.01876045572634313
809.0	-0.019650232908749333
810.0	-0.02160753703608522
811.0	-0.021115185223914604
812.0	-0.020554011741340944
813.0	-0.02070423283570336
814.0	-0.019846809748923524
815.0	-0.01952334789802914
816.0	-0.01732303207933893
817.0	-0.020742282517845805
818.0	-0.02091315011332921
819.0	-0.020431952158085864
820.0	-0.020003121956643416
821.0	-0.020104218617304468
822.0	-0.019634174518988586
823.0	-0.018363742304422174
824.0	-0.020963302916818242
825.0	-0.020801216017213922
826.0	-0.022243623302419573
827.0	-0.021776664313466514
828.0	-0.02438405635732235
829.0	-0.022111675548129574
830.0	-0.021672166121969597
831.0	-0.020651865081902466
832.0	-0.021971342624802076
833.0	-0.02017604629170216
834.0	-0.024064707985578637
835.0	-0.02283272097999588
836.0	-0.021769782146426248
837.0	-0.023364229949464965
838.0	-0.023142972234387466
839.0	-0.01997939034615961
840.0	-0.024365974274254014
841.0	-0.025191597002985587
842.0	-0.025487292869613844
843.0	-0.02494391809490286
844.0	-0.025138359090133545
845.0	-0.027710503186004275
846.0	-0.0246537926503219
847.0	-0.02764405467664962
848.0	-0.026051268086344847
849.0	-0.026015433354514263
850.0	-0.02976118469417755
851.0	-0.030042166962305775
852.0	-0.027585075118180896
853.0	-0.027620830744643127
854.0	-0.02976593101627431
855.0	-0.032770702371264934
856.0	-0.032205890041750354
857.0	-0.033430994880292664
858.0	-0.030948431107581685
859.0	-0.03227969535035503
860.0	-0.03451690731693087
861.0	-0.034864258989045584
862.0	-0.035688299610411575
863.0	-0.032848812416024185
864.0	-0.033762242103545836
865.0	-0.036895796998095295
866.0	-0.037607191575031555
867.0	-0.038320405575438095
868.0	-0.03625314498619372
869.0	-0.037547625232717166
870.0	-0.0375555357695451
871.0	-0.03821116106184442
872.0	-0.035778196355044554
873.0	-0.03783604340546358
874.0	-0.03725746674186846
875.0	-0.03527587726647066
876.0	-0.037068642227785685
877.0	-0.03758994660474662
878.0	-0.03535798863874467
879.0	-0.03618202926011065
880.0	-0.037195131711664296
881.0	-0.036890496938420614
882.0	-0.038405760267811624
883.0	-0.035279753429516274
884.0	-0.036418554311265915
885.0	-0.037444867359322176
886.0	-0.03699902950369985
887.0	-0.035043307483729365
888.0	-0.03716333135361603
889.0	-0.03590160072956035
890.0	-0.037352393183803685
891.0	-0.03659132043558795
892.0	-0.036759973080759685
893.0	-0.03713967884850058
894.0	-0.03744407630563938
895.0	-0.03519226289219942
896.0	-0.03598268373204668
897.0	-0.03600594071032074
898.0	-0.03597184629659245
899.0	-0.035174385078968216
900.0	-0.03476675511622467
901.0	-0.03489561776115185
902.0	-0.036446478506268566
903.0	-0.03472008294893985
904.0	-0.035815613194240724
905.0	-0.03531709116334428
906.0	-0.03563011110562564
907.0	-0.03416990511255694
908.0	-0.034398756942989155
909.0	-0.03537357239629566
910.0	-0.032234117645393
911.0	-0.03593213540171625
912.0	-0.03406596065863795
913.0	-0.03248939066883044
914.0	-0.03354671302125235
915.0	-0.032713179755692656
916.0	-0.034384280660594
917.0	-0.03386068222795303
918.0	-0.03454280781862593
919.0	-0.033126347094215754
920.0	-0.03193248887614379
921.0	-0.033700177435714296
922.0	-0.03275391902035652
923.0	-0.03330124906348148
924.0	-0.03365508737579506
925.0	-0.034953364679995776
926.0	-0.03345779858730625
927.0	-0.033032132600595156
928.0	-0.03324104987822082
929.0	-0.03252016265709103
930.0	-0.033106808068250795
931.0	-0.02988215683571131
932.0	-0.03371987467241578
933.0	-0.031641539331612296
934.0	-0.03455696767954786
935.0	-0.03318630896337154
936.0	-0.031915718538068606
937.0	-0.032537803154217365
938.0	-0.03180868897478661
939.0	-0.03139037978732535
940.0	-0.03330227743326915
941.0	-0.03329729379506751
942.0	-0.03366465912535675
943.0	-0.03192101859774329
944.0	-0.03045092443363986
945.0	-0.032202475498081265
946.0	-0.03315569518584747
947.0	-0.03376346173033778
948.0	-0.0331978583471404
949.0	-0.032756608602878136
950.0	-0.03346072548593255
951.0	-0.03233814120468036
952.0	-0.032026624264396224
953.0	-0.032276913649632026
954.0	-0.032379355101553785
955.0	-0.03339127097258342
956.0	-0.033772558847689906
957.0	-0.03238995522090333
958.0	-0.03317270284002753
959.0	-0.03373751516954211
960.0	-0.03177404082348021
961.0	-0.03395386835178614
962.0	-0.03353136657980604
963.0	-0.034239834258116005
964.0	-0.032823215322969314
965.0	-0.033460646380564375
966.0	-0.03319999419208391
967.0	-0.033845335786506905
968.0	-0.03338272759280921
969.0	-0.03503492231469168
970.0	-0.03190535573482394
971.0	-0.03433262485510773
972.0	-0.032972487152912414
973.0	-0.03363815882698317
974.0	-0.03354940260377377
975.0	-0.034128374794210284
976.0	-0.03535830506021771
977.0	-0.03368253693858796
978.0	-0.03305317462855736
979.0	-0.033507714074690595
980.0	-0.03288333540286162
981.0	-0.035226357305927714
982.0	-0.034965626012079074
983.0	-0.03477711791946934
984.0	-0.035172961182339146
985.0	-0.03552956818254251
986.0	-0.03521615271341975
987.0	-0.034418137758217594
988.0	-0.03512391585400595
989.0	-0.0357176016429425
990.0	-0.034145777975231745
991.0	-0.034462436764454034
992.0	-0.03334246296035491
993.0	-0.03555765058828168
994.0	-0.03417821117622628
995.0	-0.03581751172307936
996.0	-0.035607645181034195
997.0	-0.03733783779604036
998.0	-0.035442156750593826
999.0	-0.036314688962715086
1000.0	-0.03786507507562225
1001.0	-0.038685002217837744
1002.0	-0.037964985155758926
1003.0	-0.03790359938997426
1004.0	-0.038773600230310616
1005.0	-0.03820546547532816
1006.0	-0.037892050006205394
1007.0	-0.03722645743750299
1008.0	-0.037037316501946985
1009.0	-0.03737058741850793
1010.0	-0.03722503354087393
1011.0	-0.03508222732492277
1012.0	-0.03503555515763795
1013.0	-0.037749423027197686
1014.0	-0.034103535708570644
1015.0	-0.034813585494246194
1016.0	-0.0353717529728252
1017.0	-0.03693353025876451
1018.0	-0.03489166249273788
1019.0	-0.035681213173533996
1020.0	-0.03374044206816841
1021.0	-0.0352859236482421
1022.0	-0.03508365122155183
1023.0	-0.034564720005639274
1024.0	-0.035810629556039086
1025.0	-0.03768471483594532
1026.0	-0.037562655252690244
1027.0	-0.034238252150750416
1028.0	-0.03586165251857927
1029.0	-0.03735357976432788
1030.0	-0.03463789247129768
1031.0	-0.03591821285689901
1032.0	-0.0363714866171397
1033.0	-0.03652914361612049
1034.0	-0.03808736116048723
1035.0	-0.03626627647732816
1036.0	-0.037032570179850226
1037.0	-0.037992513823920174
1038.0	-0.035887361763270065
1039.0	-0.036813131888243374
1040.0	-0.03599059426887462
1041.0	-0.036514904649830204
1042.0	-0.037452145053204024
1043.0	-0.03698605622330193
1044.0	-0.03725825779555125
1045.0	-0.037314264396293075
1046.0	-0.03637259409229554
1047.0	-0.03646593842686518
1048.0	-0.03780274004541808
1049.0	-0.03761122594881369
1050.0	-0.034944188457275295
1051.0	-0.03778573239123802
1052.0	-0.03562607673184332
1053.0	-0.03723697845148418
1054.0	-0.03769887469686725
1055.0	-0.03837973460164761
1056.0	-0.036864708588361474
1057.0	-0.03814313044512417
1058.0	-0.03748790067966625
1059.0	-0.03850195239563921
1060.0	-0.03812493621041992
1061.0	-0.039061543770847466
1062.0	-0.037608773682397144
1063.0	-0.037789766765020154
1064.0	-0.037408795311386904
1065.0	-0.03909753671341457
1066.0	-0.03947573947915805
1067.0	-0.039349882838225714
1068.0	-0.04019583564660504
1069.0	-0.04081815757885868
1070.0	-0.03922157393087645
1071.0	-0.041515866927082576
1072.0	-0.04055790091721961
1073.0	-0.04159687082420074
1074.0	-0.04069752189223266
1075.0	-0.04222512565907533
1076.0	-0.04138518485868512
1077.0	-0.04286026266099018
1078.0	-0.04264454232169242
1079.0	-0.04240706800611784
1080.0	-0.04082575169421357
1081.0	-0.043709854316310436
1082.0	-0.04284728938059244
1083.0	-0.04153105515779217
1084.0	-0.04445478956939707
1085.0	-0.04278273940007642
1086.0	-0.04166316112281869
1087.0	-0.03962081872458249
1088.0	-0.040543266424087926
1089.0	-0.03986145725488825
1090.0	-0.04089765847397943
1091.0	-0.040991635651495335
1092.0	-0.04219150587755661
1093.0	-0.0408099306205577
1094.0	-0.0396803850668967
1095.0	-0.039855366141530776
1096.0	-0.038591657883268106
1097.0	-0.040616517995114676
1098.0	-0.03961828735279741
1099.0	-0.03995432695724814
1100.0	-0.039949422424414856
1101.0	-0.04041068582685184
1102.0	-0.040851460938904356
1103.0	-0.04132546030563421
1104.0	-0.04100405519431516
1105.0	-0.04044422650300221
1106.0	-0.0391430223001752
1107.0	-0.03895372315388267
1108.0	-0.04188726663115414
1109.0	-0.040598719287251825
1110.0	-0.04067347386027581
1111.0	-0.0409494724902024
1112.0	-0.04209903170203793
1113.0	-0.040530925986636455
1114.0	-0.041095263683941285
1115.0	-0.04080012155489095
1116.0	-0.04226246339290315
1117.0	-0.04069902489423008
1118.0	-0.041542288120087985
1119.0	-0.04167249555627569
1120.0	-0.03999087363739316
1121.0	-0.040843866823549464
1122.0	-0.04142204796030337
1123.0	-0.041442061618477896
1124.0	-0.04099994171516467
1125.0	-0.042021983073333914
1126.0	-0.04193393879843896
1127.0	-0.04280291126898765
1128.0	-0.03962967852582975
1129.0	-0.04169899585464928
1130.0	-0.03963648158750166
1131.0	-0.04164417583443165
1132.0	-0.04335134878726845
1133.0	-0.041108078753602506
1134.0	-0.041880700885586916
1135.0	-0.04130244064346484
1136.0	-0.04268947417087513
1137.0	-0.0404060977154916
1138.0	-0.041936865697065256
1139.0	-0.041972463112790966
1140.0	-0.0415165788753972
1141.0	-0.0442597157312203
1142.0	-0.04290408703501706
1143.0	-0.04244147884131936
1144.0	-0.043712623004200216
1145.0	-0.04226887092773385
1146.0	-0.04404692229054884
1147.0	-0.043403241908859774
1148.0	-0.04245120880161776
1149.0	-0.04134238885444592
1150.0	-0.04438422758089193
1151.0	-0.04326757620226068
1152.0	-0.04355172268512009
1153.0	-0.042583868504222196
1154.0	-0.04400610392051662
1155.0	-0.042069920926511274
1156.0	-0.04327873005918796
1157.0	-0.042856465603312736
1158.0	-0.043796000062366766
1159.0	-0.04396884529205715
1160.0	-0.043521979066646975
1161.0	-0.04497917905572102
1162.0	-0.04307044562450839
1163.0	-0.04416281165507809
1164.0	-0.04401013829429894
1165.0	-0.04475127648970813
1166.0	-0.043499117615214314
1167.0	-0.04258687450821685
1168.0	-0.04359499332156885
1169.0	-0.04400586660441174
1170.0	-0.045153922814250035
1171.0	-0.04434617789874967
1172.0	-0.04387170389981007
1173.0	-0.046259657652058875
1174.0	-0.045984687391919764
1175.0	-0.04453816662756362
1176.0	-0.045764932678839874
1177.0	-0.0440960467242502
1178.0	-0.04587781603937447
1179.0	-0.0470299066229949
1180.0	-0.04372021711955511
1181.0	-0.04557800669359572
1182.0	-0.04591610303762161
1183.0	-0.04482484448220793
1184.0	-0.04519062770513177
1185.0	-0.04546156359148855
1186.0	-0.045016754105653714
1187.0	-0.04626369202584119
1188.0	-0.046007786159457484
1189.0	-0.049900956859325864
1190.0	-0.04713851829364249
1191.0	-0.04708836549015345
1192.0	-0.04837240382806388
1193.0	-0.04849098277511456
1194.0	-0.04829266561683825
1195.0	-0.049307824807967235
1196.0	-0.05048143205175961
1197.0	-0.049516504769488205
1198.0	-0.05043831962604736
1199.0	-0.05122193740422271
1200.0	-0.0481898286380751
1201.0	-0.049894312008390285
1202.0	-0.04969385900517048
1203.0	-0.04931874134878982
1204.0	-0.051040469689389946
1205.0	-0.049626303020659804
1206.0	-0.050998227422728665
1207.0	-0.05129518897524946
1208.0	-0.05088914111987151
1209.0	-0.05056275237035082
1210.0	-0.04906378474682543
1211.0	-0.050404383423055595
1212.0	-0.048947737171559653
1213.0	-0.0494318620254293
1214.0	-0.04929635452956673
1215.0	-0.049304897909340936
1216.0	-0.05130974436301279
1217.0	-0.05028968063905053
1218.0	-0.05161524929530762
1219.0	-0.04898918838453796
1220.0	-0.049410819997466916
1221.0	-0.04989170153123703
1222.0	-0.05035699930745634
1223.0	-0.04938352864541054
1224.0	-0.050138431174900445
1225.0	-0.05024490700060434
1226.0	-0.04771915169681294
1227.0	-0.050158919465284724
1228.0	-0.05099142436105675
1229.0	-0.051106443566534855
1230.0	-0.05078139960827507
1231.0	-0.053252097575743965
1232.0	-0.05380006046181519
1233.0	-0.05309293757476594
1234.0	-0.052170648085997036
1235.0	-0.05349162863089388
1236.0	-0.05243762870393985
1237.0	-0.055018283133317226
1238.0	-0.053229236124311304
1239.0	-0.05166144683038287
1240.0	-0.05208576802583325
1241.0	-0.05347715234849872
1242.0	-0.05494558529986839
1243.0	-0.053827430919239735
1244.0	-0.05348735694100687
1245.0	-0.05221265303655326
1246.0	-0.052756423338105644
1247.0	-0.054956818262164024
1248.0	-0.05366660970552777
1249.0	-0.05373653885108683
1250.0	-0.05423134292967419
1251.0	-0.053930347003371244
1252.0	-0.053715101296283055
1253.0	-0.05353806348207382
1254.0	-0.05449207422352283
1255.0	-0.053180665428187855
1256.0	-0.053187231173754894
1257.0	-0.0533214729837251
1258.0	-0.05406909781933316
1259.0	-0.05504169832232781
1260.0	-0.05270199884472941
1261.0	-0.05639147322127845
1262.0	-0.05628317797210409
1263.0	-0.053281524772744025
1264.0	-0.053896410800379296
1265.0	-0.055991516479257965
1266.0	-0.055084494326567014
1267.0	-0.05547551216197189
1268.0	-0.05400170004555919
1269.0	-0.05413617917163409
1270.0	-0.05529016828409333
1271.0	-0.05426520002729779
1272.0	-0.053742471753707784
1273.0	-0.055551611526256595
1274.0	-0.056781700003000535
1275.0	-0.05439651493864151
1276.0	-0.05544600585960366
1277.0	-0.055693368346213155
1278.0	-0.05465194617281547
1279.0	-0.054424201817539285
1280.0	-0.05495515704943027
1281.0	-0.05443725420330538
1282.0	-0.055783073833841866
1283.0	-0.05630967827047767
1284.0	-0.05772218372647369
1285.0	-0.057234182709558434
1286.0	-0.05707122565090297
1287.0	-0.055603425542479566
1288.0	-0.05758224632998759
1289.0	-0.057767273786392924
1290.0	-0.057243596248383606
1291.0	-0.06003601574864477
1292.0	-0.06039183169516534
1293.0	-0.06019976386098303
1294.0	-0.05802476176014222
1295.0	-0.0588014973712773
1296.0	-0.05848175347269201
1297.0	-0.061786142916457294
1298.0	-0.06038566147643951
1299.0	-0.05905234049409102
1300.0	-0.05848523410889641
1301.0	-0.0595990376942697
1302.0	-0.05788838410522869
1303.0	-0.058499235759081815
1304.0	-0.060573220304629936
1305.0	-0.05963811574619962
1306.0	-0.05972695107477737
1307.0	-0.05968557896716724
1308.0	-0.0586078474297294
1309.0	-0.06124308456321954
1310.0	-0.05993420713966928
1311.0	-0.05935040952176766
1312.0	-0.06073720573307307
1313.0	-0.06024335091890503
1314.0	-0.06082010815902968
1315.0	-0.06320616338243985
1316.0	-0.059906757576876385
1317.0	-0.060386848056963705
1318.0	-0.0617324303713955
1319.0	-0.061647075679022154
1320.0	-0.06234692087218956
1321.0	-0.06014359904950469
1322.0	-0.060052786086719954
1323.0	-0.0622771499373672
1324.0	-0.06141237005133735
1325.0	-0.060055396563873216
1326.0	-0.06319762000266564
1327.0	-0.06342465240962739
1328.0	-0.06241234101175654
1329.0	-0.06364076827576673
1330.0	-0.06287241783366933
1331.0	-0.061183201799431916
1332.0	-0.06199363629745389
1333.0	-0.06386772157736012
1334.0	-0.06449613462297123
1335.0	-0.06403700706547794
1336.0	-0.06317792276596415
1337.0	-0.06515508234073823
1338.0	-0.06473036561844646
1339.0	-0.06401905014687856
1340.0	-0.06371101384279865
1341.0	-0.06506063053101277
1342.0	-0.06425051245446384
1343.0	-0.0635164937421998
1344.0	-0.06447635828090138
1345.0	-0.06665143948711055
1346.0	-0.06454027541847114
1347.0	-0.06511814013375182
1348.0	-0.06364021453818862
1349.0	-0.06623479151238323
1350.0	-0.06316605696072225
1351.0	-0.0673165574236034
1352.0	-0.06465426625416176
1353.0	-0.06541763305805752
1354.0	-0.06525079983635626
1355.0	-0.0664441043168503
1356.0	-0.0660867853683325
1357.0	-0.06556168393369412
1358.0	-0.06485068488359944
1359.0	-0.06670111765839003
1360.0	-0.0677690401301613
1361.0	-0.06617016242649905
1362.0	-0.06729836318889915
1363.0	-0.06597287363801023
1364.0	-0.06709340117968726
1365.0	-0.06673370907012108
1366.0	-0.06594550318058569
1367.0	-0.06621303753610641
1368.0	-0.06593268811092427
1369.0	-0.06642583097677787
1370.0	-0.06848810792782062
1371.0	-0.0669761670238973
1372.0	-0.06791419848095391
1373.0	-0.06914919149053114
1374.0	-0.0670185675012951
1375.0	-0.06854719963792526
1376.0	-0.06732328137990715
1377.0	-0.06833171661473238
1378.0	-0.06758314251470482
1379.0	-0.06796957223874946
1380.0	-0.0687039864778549
1381.0	-0.07100848406656898
1382.0	-0.0687720961999435
1383.0	-0.06712274927131898
1384.0	-0.06887343017670924
1385.0	-0.07183252468793515
1386.0	-0.0702906819548022
1387.0	-0.07072773911454563
1388.0	-0.07010438881250433
1389.0	-0.07029226406216779
1390.0	-0.07229070298100913
1391.0	-0.07086902130229263
1392.0	-0.07186440415135158
1393.0	-0.07102509619390765
1394.0	-0.07185143087095384
1395.0	-0.07072829285212355
1396.0	-0.07155850369221536
1397.0	-0.0740306255563135
1398.0	-0.07239338174903577
1399.0	-0.07077330380667461
1400.0	-0.07122452082733997
1401.0	-0.07186915047344834
1402.0	-0.0736338330290242
1403.0	-0.07117302323259003
1404.0	-0.07473948876146468
1405.0	-0.07245658693829089
1406.0	-0.0736211761700995
1407.0	-0.07312755867203634
1408.0	-0.07203598369514962
1409.0	-0.07408718589463324
1410.0	-0.07346082958859729
1411.0	-0.07448358289508097
1412.0	-0.07581809045795367
1413.0	-0.07616876455553608
1414.0	-0.07539922753291449
1415.0	-0.07353590058309432
1416.0	-0.0754470862807235
1417.0	-0.07573740298230872
1418.0	-0.07660257839518016
1419.0	-0.07591436169114978
1420.0	-0.07711731702657387
1421.0	-0.07697358257241033
1422.0	-0.07524085858561926
1423.0	-0.0754163142924629
1424.0	-0.07579665290315006
1425.0	-0.07638812374177475
1426.0	-0.07490410703285409
1427.0	-0.07822115333554389
1428.0	-0.07804506478575415
1429.0	-0.07683609744234077
1430.0	-0.07708251066453095
1431.0	-0.07806167691309282
1432.0	-0.07695784060412261
1433.0	-0.07834194723290643
1434.0	-0.07758095359005905
1435.0	-0.07781921895931661
1436.0	-0.07823729083067299
1437.0	-0.07797173410935905
1438.0	-0.08008669523567591
1439.0	-0.0781878499754984
1440.0	-0.07792751420849096
1441.0	-0.07836022057297903
1442.0	-0.0797621259096257
1443.0	-0.0777920067126284
1444.0	-0.0796815175393491
1445.0	-0.08053063456245961
1446.0	-0.07979701137703696
1447.0	-0.08279304809524911
1448.0	-0.07834076065238224
1449.0	-0.0800100421338133
1450.0	-0.08033745925312147
1451.0	-0.0815751418452203
1452.0	-0.08317212102004373
1453.0	-0.08329995529518325
1454.0	-0.08087213243732154
1455.0	-0.08192763536627298
1456.0	-0.07921099880882347
1457.0	-0.07874752045607482
1458.0	-0.0804126884583552
1459.0	-0.0807614640270988
1460.0	-0.08143773582051891
1461.0	-0.08122842301605186
1462.0	-0.0818254312304561
1463.0	-0.08204613520795549
1464.0	-0.08047676380666148
1465.0	-0.08383834643169259
1466.0	-0.08114203995389084
1467.0	-0.08025969867610282
1468.0	-0.08061322056694337
1469.0	-0.08203672166913033
1470.0	-0.0807433488977629
1471.0	-0.08064802692898627
1472.0	-0.08218338302192017
1473.0	-0.08109259909871624
1474.0	-0.08046339499942216
1475.0	-0.08177021568339707
1476.0	-0.08046149647058352
1477.0	-0.08018019778098208
1478.0	-0.08242813503137641
1479.0	-0.08218322481118365
1480.0	-0.08177274705518198
1481.0	-0.08218749650107066
1482.0	-0.08069928720763116
1483.0	-0.08280657511322495
1484.0	-0.08291131062082674
1485.0	-0.07913743081632367
1486.0	-0.08364572485993237
1487.0	-0.08291724352344769
1488.0	-0.08208260278273236
1489.0	-0.08225394501042532
1490.0	-0.0822356716703529
1491.0	-0.08195935661895308
1492.0	-0.08154547733211553
1493.0	-0.0825396736006503
1494.0	-0.08219667272379114
1495.0	-0.08173192868514995
1496.0	-0.08333404970891171
1497.0	-0.08268649316417685
1498.0	-0.0831363653935815
1499.0	-0.08350309788092466
1500.0	-0.08369935829962562
1501.0	-0.08369366271310955
1502.0	-0.08326008618957052
1503.0	-0.08477408383306899
1504.0	-0.08323057988720228
1505.0	-0.08557383910637326
1506.0	-0.08589777558947721
1507.0	-0.08541887168991408
1508.0	-0.08632431173523945
1509.0	-0.08673906118112813
1510.0	-0.08620945074049786
1511.0	-0.08899902244750091
1512.0	-0.08832496560439264
1513.0	-0.08894436063801998
1514.0	-0.0873613040080136
1515.0	-0.08569265536952882
1516.0	-0.08818692673674518
1517.0	-0.08782881673454458
1518.0	-0.0886202659441795
1519.0	-0.08881660546824882
1520.0	-0.08895353686074027
1521.0	-0.08652618863508832
1522.0	-0.08682607708623542
1523.0	-0.0869574711029475
1524.0	-0.08811051095098725
1525.0	-0.08678502140009851
1526.0	-0.08899736123476715
1527.0	-0.08837242882536026
1528.0	-0.08703673468196338
1529.0	-0.08816635934099254
1530.0	-0.08850730347827655
1531.0	-0.08566006395779775
1532.0	-0.08735647858054849
1533.0	-0.08915565107669403
1534.0	-0.08805877604013262
1535.0	-0.08890947517060871
1536.0	-0.08766443577926004
1537.0	-0.08723426078655688
1538.0	-0.08865135435391315
1539.0	-0.09078672466524612
1540.0	-0.08964499688487017
1541.0	-0.08939676423920953
1542.0	-0.0890130240976865
1543.0	-0.08949699074081943
1544.0	-0.09077232748821931
1545.0	-0.08916031829342261
1546.0	-0.08923894902949221
1547.0	-0.08893154556835876
1548.0	-0.08804572365436653
1549.0	-0.08776236822518992
1550.0	-0.08891279759607641
1551.0	-0.08829245329802976
1552.0	-0.08831222964009959
1553.0	-0.08925192230989014
1554.0	-0.08910304600678826
1555.0	-0.08825630214472613
1556.0	-0.0883178461212475
1557.0	-0.0891482942774442
1558.0	-0.08755890921797528
1559.0	-0.0870559572864553
1560.0	-0.0871595062135329
1561.0	-0.08713300591515931
1562.0	-0.0894240555912659
1563.0	-0.08781568524341013
1564.0	-0.08790317578072716
1565.0	-0.08773650076976243
1566.0	-0.08856845192795652
1567.0	-0.08823209590203257
1568.0	-0.09002857881565668
1569.0	-0.08840138139015039
1570.0	-0.08961881300796963
1571.0	-0.0893407576384677
1572.0	-0.08671635794043199
1573.0	-0.08962751459848037
1574.0	-0.08759442752833281
1575.0	-0.09026241428429052
1576.0	-0.09029279074570973
1577.0	-0.09089589007347162
1578.0	-0.09064868579759865
1579.0	-0.08946131421972556
1580.0	-0.08954643159599403
1581.0	-0.0916940632394103
1582.0	-0.09093306959656293
1583.0	-0.09334973859749716
1584.0	-0.09290619479755487
1585.0	-0.09279505175512238
1586.0	-0.09402371633523726
1587.0	-0.09437858301733833
1588.0	-0.09250449773743229
1589.0	-0.09405725701138763
1590.0	-0.09577835250904149
1591.0	-0.09297121941028047
1592.0	-0.09526124071659939
1593.0	-0.09610766815718848
1594.0	-0.09720905219974195
1595.0	-0.0956089879155555
1596.0	-0.0954145469203248
1597.0	-0.09457215385351805
1598.0	-0.09625788925155107
1599.0	-0.09548922238798045
1600.0	-0.09697410925595226
1601.0	-0.09622221273045702
1602.0	-0.09705843557853813
1603.0	-0.09549555081744279
1604.0	-0.09687506933486655
1605.0	-0.09849198306249653
1606.0	-0.09665491909494507
1607.0	-0.09897413028215919
1608.0	-0.09692205792362442
1609.0	-0.09687056032887466
1610.0	-0.09617854656716684
1611.0	-0.09748441798672244
1612.0	-0.09653349235463626
1613.0	-0.09637646819860175
1614.0	-0.09702695164196291
1615.0	-0.09721601347215056
1616.0	-0.09699507217854629
1617.0	-0.09795169339714854
1618.0	-0.09625567430123921
1619.0	-0.09727439323394076
1620.0	-0.09726205279648911
1621.0	-0.09723025243844084
1622.0	-0.09795011128978297
1623.0	-0.10000455680936593
1624.0	-0.09796965031574792
1625.0	-0.09704846830213486
1626.0	-0.0978354085057779
1627.0	-0.09692545945446046
1628.0	-0.0979605531983958
1629.0	-0.09987640611275338
1630.0	-0.09759461176473544
1631.0	-0.09722439864118806
1632.0	-0.09661576193764679
1633.0	-0.09847299777410949
1634.0	-0.09738711838373884
1635.0	-0.09699087959402745
1636.0	-0.09777647500640978
1637.0	-0.09970712062463556
1638.0	-0.0970242620594413
1639.0	-0.09838115644153708
1640.0	-0.10008587712795715
1641.0	-0.09861689043900955
1642.0	-0.09723855850211018
1643.0	-0.09863152493214124
1644.0	-0.09801426574345741
1645.0	-0.09927742026414216
1646.0	-0.09791435566332073
1647.0	-0.09921959423993006
1648.0	-0.09923976610884129
1649.0	-0.09988637338915665
1650.0	-0.09982087414422132
1651.0	-0.10008120991122874
1652.0	-0.09861831433563863
1653.0	-0.0991965745777607
1654.0	-0.10061793983500415
1655.0	-0.10006792020935777
1656.0	-0.09983701163935041
1657.0	-0.10261906833636691

