0.000000	44.754696
1.000000	44.787650
2.000000	44.866935
3.000000	44.802520
4.000000	44.749740
5.000000	44.885021
6.000000	44.794236
7.000000	44.774338
8.000000	44.838427
9.000000	44.766648
10.000000	44.792003
11.000000	44.755037
12.000000	44.701288
13.000000	44.776302
14.000000	44.654200
15.000000	44.656171
16.000000	44.682115
17.000000	44.560152
18.000000	44.671332
19.000000	44.728131
20.000000	44.607034
21.000000	44.543592
22.000000	44.537882
23.000000	44.666301
24.000000	44.557436
25.000000	44.591113
26.000000	44.582382
27.000000	44.495051
28.000000	44.508561
29.000000	44.499799
30.000000	44.395950
31.000000	44.376958
32.000000	44.367972
33.000000	44.359876
34.000000	44.348145
35.000000	44.277609
36.000000	44.233379
37.000000	44.124652
38.000000	44.275983
39.000000	44.322332
40.000000	44.232221
41.000000	44.236074
42.000000	44.282871
43.000000	44.206029
44.000000	44.256763
45.000000	44.207072
46.000000	44.216301
47.000000	44.226239
48.000000	44.188222
49.000000	44.138393
50.000000	44.173154
51.000000	44.163542
52.000000	44.057095
53.000000	44.122185
54.000000	44.096347
55.000000	43.976532
56.000000	44.006506
57.000000	43.956659
58.000000	44.034279
59.000000	44.069135
60.000000	43.980814
61.000000	43.989850
62.000000	44.012787
63.000000	43.974724
64.000000	43.963955
65.000000	43.911698
66.000000	43.892563
67.000000	43.922055
68.000000	43.940525
69.000000	43.873571
70.000000	43.910778
71.000000	43.911073
72.000000	43.938331
73.000000	43.856415
74.000000	43.977615
75.000000	43.854473
76.000000	43.806369
77.000000	43.819986
78.000000	43.947360
79.000000	43.949686
80.000000	43.987908
81.000000	43.866775
82.000000	43.846452
83.000000	43.956400
84.000000	43.977980
85.000000	43.922594
86.000000	44.017914
87.000000	44.111224
88.000000	44.050523
89.000000	43.991160
90.000000	44.014569
91.000000	44.010348
92.000000	44.048950
93.000000	44.046596
94.000000	44.068563
95.000000	43.987215
96.000000	44.038341
97.000000	44.079332
98.000000	44.100782
99.000000	44.149528
100.000000	44.130912
101.000000	44.102433
102.000000	44.106697
103.000000	44.127248
104.000000	44.146918
105.000000	44.185339
106.000000	44.123115
107.000000	44.218154
108.000000	44.169468
109.000000	44.108043
110.000000	44.146765
111.000000	44.068826
112.000000	44.125014
113.000000	44.137129
114.000000	44.141092
115.000000	43.999802
116.000000	44.134931
117.000000	44.125235
118.000000	44.147160
119.000000	44.137445
120.000000	44.267859
121.000000	44.245082
122.000000	44.258634
123.000000	44.243644
124.000000	44.303862
125.000000	44.209618
126.000000	44.309855
127.000000	44.271967
128.000000	44.239514
129.000000	44.433427
130.000000	44.231174
131.000000	44.311773
132.000000	44.271523
133.000000	44.270877
134.000000	44.246552
135.000000	44.205727
136.000000	44.144461
137.000000	44.185172
138.000000	44.218587
139.000000	44.261709
140.000000	44.399600
141.000000	44.335725
142.000000	44.327772
143.000000	44.367595
144.000000	44.310392
145.000000	44.312004
146.000000	44.379582
147.000000	44.293050
148.000000	44.383307
149.000000	44.400872
150.000000	44.366502
151.000000	44.387944
152.000000	44.356780
153.000000	44.424977
154.000000	44.294172
155.000000	44.254399
156.000000	44.270618
157.000000	44.294673
158.000000	44.237483
159.000000	44.293626
160.000000	44.289848
161.000000	44.301764
162.000000	44.306528
163.000000	44.366924
164.000000	44.338168
165.000000	44.255925
166.000000	44.268548
167.000000	44.271360
168.000000	44.342425
169.000000	44.318686
170.000000	44.358612
171.000000	44.309653
172.000000	44.359404
173.000000	44.289305
174.000000	44.302087
175.000000	44.359681
176.000000	44.288317
177.000000	44.244727
178.000000	44.338768
179.000000	44.370148
180.000000	44.354625
181.000000	44.380342
182.000000	44.454290
183.000000	44.455001
184.000000	44.415497
185.000000	44.423350
186.000000	44.425207
187.000000	44.311510
188.000000	44.355729
189.000000	44.399121
190.000000	44.323174
191.000000	44.421138
192.000000	44.365934
193.000000	44.334188
194.000000	44.336354
195.000000	44.324697
196.000000	44.350506
197.000000	44.313442
198.000000	44.316360
199.000000	44.321867
200.000000	44.429071
201.000000	44.329877
202.000000	44.386211
203.000000	44.295312
204.000000	44.323120
205.000000	44.341363
206.000000	44.333857
207.000000	44.393639
208.000000	44.379554
209.000000	44.316957
210.000000	44.341697
211.000000	44.344598
212.000000	44.326742
213.000000	44.276608
214.000000	44.321842
215.000000	44.299388
216.000000	44.320323
217.000000	44.360491
218.000000	44.275933
219.000000	44.321551
220.000000	44.364521
221.000000	44.357714
222.000000	44.393454
223.000000	44.413231
224.000000	44.389332
225.000000	44.434187
226.000000	44.419157
227.000000	44.475665
228.000000	44.481122
229.000000	44.462798
230.000000	44.443514
231.000000	44.486019
232.000000	44.314123
233.000000	44.370965
234.000000	44.309128
235.000000	44.383037
236.000000	44.350144
237.000000	44.396639
238.000000	44.377619
239.000000	44.392979
240.000000	44.391044
241.000000	44.441473
242.000000	44.501599
243.000000	44.507585
244.000000	44.467485
245.000000	44.475047
246.000000	44.465354
247.000000	44.418536
248.000000	44.474305
249.000000	44.377434
250.000000	44.450822
251.000000	44.444001
252.000000	44.427878
253.000000	44.302797
254.000000	44.377303
255.000000	44.377352
256.000000	44.398187
257.000000	44.369793
258.000000	44.131005
259.000000	44.113589
260.000000	44.172668
261.000000	44.269532
262.000000	44.395837
263.000000	44.240885
264.000000	44.334124
265.000000	44.200007
266.000000	44.302016
267.000000	44.346040
268.000000	44.332871
269.000000	44.360587
270.000000	44.369602
271.000000	44.252471
272.000000	44.313904
273.000000	44.325056
274.000000	44.326736
275.000000	44.278511
276.000000	44.242181
277.000000	44.284029
278.000000	44.292959
279.000000	44.322954
280.000000	44.299389
281.000000	44.300518
282.000000	44.354427
283.000000	44.322496
284.000000	44.369219
285.000000	44.237246
286.000000	44.305712
287.000000	44.261802
288.000000	44.370997
289.000000	44.248999
290.000000	44.307669
291.000000	44.227461
292.000000	44.232250
293.000000	44.292043
294.000000	44.339827
295.000000	44.301629
296.000000	44.328202
297.000000	44.299417
298.000000	44.299009
299.000000	44.293218
300.000000	44.494594
301.000000	44.298338
302.000000	44.317021
303.000000	44.314497
304.000000	44.366595
305.000000	44.442052
306.000000	44.429025
307.000000	44.563043
308.000000	44.525424
309.000000	44.532830
310.000000	44.516633
311.000000	44.488473
312.000000	44.562212
313.000000	44.499625
314.000000	44.524575
315.000000	44.573843
316.000000	44.522534
317.000000	44.615975
318.000000	44.628324
319.000000	44.631349
320.000000	44.702425
321.000000	44.664725
322.000000	44.701932
323.000000	44.672888
324.000000	44.706906
325.000000	44.659030
326.000000	44.734533
327.000000	44.792401
328.000000	44.769162
329.000000	44.692959
330.000000	44.703828
331.000000	44.651147
332.000000	44.712693
333.000000	44.685364
334.000000	44.625920
335.000000	44.670132
336.000000	44.740491
337.000000	44.718186
338.000000	44.694848
339.000000	44.744528
340.000000	44.778415
341.000000	44.825173
342.000000	44.813207
343.000000	44.767053
344.000000	44.756693
345.000000	44.780712
346.000000	44.888921
347.000000	44.839358
348.000000	44.833975
349.000000	44.844865
350.000000	44.750358
351.000000	44.743271
352.000000	44.787718
353.000000	44.771971
354.000000	44.783780
355.000000	44.752109
356.000000	44.840813
357.000000	44.901032
358.000000	44.701971
359.000000	44.686924
360.000000	44.618472
361.000000	44.666327
362.000000	44.604042
363.000000	44.667953
364.000000	44.710020
365.000000	44.567485
366.000000	44.674106
367.000000	44.658480
368.000000	44.634130
369.000000	44.695665
370.000000	44.574473
371.000000	44.557060
372.000000	44.609023
373.000000	44.635614
374.000000	44.571820
375.000000	44.565866
376.000000	44.670087
377.000000	44.730213
378.000000	44.612563
379.000000	44.774741
380.000000	44.646756
381.000000	44.549771
382.000000	44.610500
383.000000	44.552281
384.000000	44.600115
385.000000	44.562841
386.000000	44.586822
387.000000	44.568444
388.000000	44.673201
389.000000	44.538654
390.000000	44.534461
391.000000	44.418274
392.000000	44.396410
393.000000	44.464769
394.000000	44.539091
395.000000	44.527271
396.000000	44.495063
397.000000	44.583122
398.000000	44.598276
399.000000	44.559262
400.000000	44.597690
401.000000	44.603797
402.000000	44.551759
403.000000	44.641913
404.000000	44.646507
405.000000	44.626010
406.000000	44.580359
407.000000	44.641852
408.000000	44.622693
409.000000	44.482175
410.000000	44.517958
411.000000	44.563949
412.000000	44.549948
413.000000	44.592350
414.000000	44.542368
415.000000	44.604660
416.000000	44.565546
417.000000	44.573624
418.000000	44.561967
419.000000	44.586846
420.000000	44.606119
421.000000	44.496828
422.000000	44.693989
423.000000	44.614378
424.000000	44.628513
425.000000	44.590638
426.000000	44.588242
427.000000	44.661200
428.000000	44.602167
429.000000	44.567765
430.000000	44.485367
431.000000	44.545464
432.000000	44.625512
433.000000	44.573439
434.000000	44.643695
435.000000	44.548368
436.000000	44.578541
437.000000	44.605626
438.000000	44.595016
439.000000	44.559865
440.000000	44.573365
441.000000	44.529238
442.000000	44.598734
443.000000	44.585639
444.000000	44.594029
445.000000	44.556024
446.000000	44.557075
447.000000	44.530204
448.000000	44.580239
449.000000	44.499793
450.000000	44.467571
451.000000	44.512174
452.000000	44.510324
453.000000	44.483843
454.000000	44.444478
455.000000	44.459280
456.000000	44.604575
457.000000	44.547019
458.000000	44.559272
459.000000	44.538636
460.000000	44.513889
461.000000	44.470095
462.000000	44.566001
463.000000	44.407086
464.000000	44.421498
465.000000	44.448841
466.000000	44.424506
467.000000	44.461489
468.000000	44.434987
469.000000	44.384448
470.000000	44.370263
471.000000	44.417202
472.000000	44.433844
473.000000	44.457253
474.000000	44.455357
475.000000	44.418054
476.000000	44.402080
477.000000	44.415207
478.000000	44.328923
479.000000	44.397940
480.000000	44.373235
481.000000	44.333347
482.000000	44.320409
483.000000	44.391279
484.000000	44.353522
485.000000	44.263592
486.000000	44.394130
487.000000	44.381902
488.000000	44.212300
489.000000	44.291518
490.000000	44.284747
491.000000	44.410182
492.000000	44.322412
493.000000	44.259875
494.000000	44.302308
495.000000	44.342614
496.000000	44.289678
497.000000	44.266859
498.000000	44.294468
499.000000	44.401554
500.000000	44.313180
501.000000	44.369677
502.000000	44.246766
503.000000	44.224678
504.000000	44.241138
505.000000	44.315807
506.000000	44.339312
507.000000	44.241461
508.000000	44.313169
509.000000	44.294149
510.000000	44.255028
511.000000	44.219309
512.000000	44.255103
513.000000	44.272259
514.000000	44.295154
515.000000	44.186150
516.000000	44.312793
517.000000	44.334381
518.000000	44.255110
519.000000	44.266184
520.000000	44.335567
521.000000	44.233266
522.000000	44.269777
523.000000	44.249983
524.000000	44.337473
525.000000	44.319844
526.000000	44.306878
527.000000	44.306214
528.000000	44.271386
529.000000	44.276357
530.000000	44.259406
531.000000	44.229031
532.000000	44.261675
533.000000	44.286320
534.000000	44.276023
535.000000	44.297039
536.000000	44.259381
537.000000	44.254322
538.000000	44.235407
539.000000	44.213770
540.000000	44.157426
541.000000	44.192761
542.000000	44.257986
543.000000	44.190929
544.000000	44.126628
545.000000	44.201609
546.000000	44.219462
547.000000	44.171074
548.000000	44.195218
549.000000	44.121103
550.000000	44.225370
551.000000	44.254968
552.000000	44.167122
553.000000	44.157156
554.000000	44.183547
555.000000	44.207652
556.000000	44.249464
557.000000	44.210635
558.000000	44.315214
559.000000	44.263628
560.000000	44.292629
561.000000	44.327865
562.000000	44.316908
563.000000	44.335542
564.000000	44.323289
565.000000	44.241213
566.000000	44.360744
567.000000	44.262729
568.000000	44.280894
569.000000	44.333646
570.000000	44.303984
571.000000	44.392039
572.000000	44.452786
573.000000	44.296435
574.000000	44.298452
575.000000	44.391251
576.000000	44.381898
577.000000	44.295615
578.000000	44.417838
579.000000	44.347578
580.000000	44.490923
581.000000	44.456976
582.000000	44.467858
583.000000	44.483218
584.000000	44.486680
585.000000	44.420209
586.000000	44.468796
587.000000	44.404725
588.000000	44.412437
589.000000	44.339337
590.000000	44.461261
591.000000	44.445259
592.000000	44.510693
593.000000	44.509734
594.000000	44.557121
595.000000	44.523170
596.000000	44.557611
597.000000	44.454238
598.000000	44.572218
599.000000	44.534692
600.000000	44.468887
601.000000	44.441064
602.000000	44.505209
603.000000	44.527159
604.000000	44.445616
605.000000	44.374501
606.000000	44.492587
607.000000	44.467346
608.000000	44.438760
609.000000	44.495037
610.000000	44.498055
611.000000	44.401688
612.000000	44.399029
613.000000	44.370187
614.000000	44.395403
615.000000	44.436803
616.000000	44.366118
617.000000	44.249026
618.000000	44.321885
619.000000	44.299903
620.000000	44.397438
621.000000	44.401354
622.000000	44.372076
623.000000	44.369363
624.000000	44.403840
625.000000	44.414388
626.000000	44.381048
627.000000	44.363476
628.000000	44.382571
629.000000	44.411001
630.000000	44.420851
631.000000	44.376148
632.000000	44.468045
633.000000	44.462662
634.000000	44.445708
635.000000	44.397559
636.000000	44.412808
637.000000	44.353641
638.000000	44.432404
639.000000	44.443283
640.000000	44.521045
641.000000	44.406417
642.000000	44.532286
643.000000	44.411058
644.000000	44.491781
645.000000	44.514814
646.000000	44.525519
647.000000	44.556874
648.000000	44.486906
649.000000	44.440762
650.000000	44.514139
651.000000	44.447920
652.000000	44.495800
653.000000	44.428204
654.000000	44.301994
655.000000	44.360181
656.000000	44.368589
657.000000	44.373113
658.000000	44.451208
659.000000	44.368355
660.000000	44.387184
661.000000	44.327573
662.000000	44.345482
663.000000	44.378300
664.000000	44.350353
665.000000	44.370663
666.000000	44.337010
667.000000	44.368330
668.000000	44.432667
669.000000	44.419430
670.000000	44.469774
671.000000	44.461959
672.000000	44.516749
673.000000	44.443898
674.000000	44.458533
675.000000	44.504006
676.000000	44.518606
677.000000	44.487034
678.000000	44.443766
679.000000	44.414520
680.000000	44.432859
681.000000	44.438067
682.000000	44.453211
683.000000	44.448989
684.000000	44.507184
685.000000	44.404376
686.000000	44.401471
687.000000	44.440311
688.000000	44.477976
689.000000	44.505376
690.000000	44.436161
691.000000	44.417793
692.000000	44.492321
693.000000	44.462844
694.000000	44.426180
695.000000	44.401230
696.000000	44.441355
697.000000	44.421696
698.000000	44.491060
699.000000	44.435518
700.000000	44.315939
701.000000	44.260426
702.000000	44.370889
703.000000	44.294948
704.000000	44.337002
705.000000	44.239218
706.000000	44.294220
707.000000	44.315020
708.000000	44.295662
709.000000	44.319430
710.000000	44.338628
711.000000	44.380511
712.000000	44.352489
713.000000	44.372738
714.000000	44.198521
715.000000	44.352543
716.000000	44.334012
717.000000	44.273634
718.000000	44.276797
719.000000	44.266156
720.000000	44.307560
721.000000	44.350476
722.000000	44.322668
723.000000	44.285337
724.000000	44.306108
725.000000	44.245794
726.000000	44.264456
727.000000	44.275910
728.000000	44.337939
729.000000	44.270307
730.000000	44.242261
731.000000	44.282681
732.000000	44.358018
733.000000	44.238423
734.000000	44.301730
735.000000	44.255920
736.000000	44.209442
737.000000	44.264104
738.000000	44.360546
739.000000	44.283806
740.000000	44.246195
741.000000	44.284886
742.000000	44.177295
743.000000	44.228371
744.000000	44.244902
745.000000	44.226887
746.000000	44.262112
747.000000	44.231541
748.000000	44.281609
749.000000	44.212911
750.000000	44.215905
751.000000	44.265798
752.000000	44.244863
753.000000	44.193749
754.000000	44.142340
755.000000	44.294455
756.000000	44.188679
757.000000	44.248769
758.000000	44.212890
759.000000	44.240127
760.000000	44.250917
761.000000	44.223830
762.000000	44.148727
763.000000	44.147229
764.000000	44.213043
765.000000	44.182536
766.000000	44.120770
767.000000	44.109656
768.000000	44.159471
769.000000	44.189428
770.000000	44.141558
771.000000	44.169445
772.000000	44.134638
773.000000	44.154522
774.000000	44.131500
775.000000	44.142109
776.000000	44.113768
777.000000	44.066783
778.000000	44.084781
779.000000	44.138690
780.000000	44.131422
781.000000	44.011496
782.000000	44.105420
783.000000	44.122577
784.000000	44.090980
785.000000	44.079228
786.000000	44.012267
787.000000	44.108545
788.000000	44.128858
789.000000	44.029977
790.000000	44.103233
791.000000	44.159688
792.000000	44.095078
793.000000	44.039521
794.000000	44.070237
795.000000	44.073582
796.000000	44.115327
797.000000	44.030517
798.000000	43.959384
799.000000	44.014962
800.000000	44.071871
801.000000	44.074995
802.000000	44.086556
803.000000	44.078223
804.000000	44.039148
805.000000	44.010538
806.000000	44.083723
807.000000	44.131997
808.000000	44.042447
809.000000	44.002510
810.000000	43.914657
811.000000	43.936756
812.000000	43.961944
813.000000	43.955201
814.000000	43.993686
815.000000	44.008205
816.000000	44.106965
817.000000	43.953494
818.000000	43.945824
819.000000	43.967423
820.000000	43.986670
821.000000	43.982133
822.000000	44.003230
823.000000	44.060253
824.000000	43.943573
825.000000	43.950848
826.000000	43.886107
827.000000	43.907066
828.000000	43.790034
829.000000	43.892029
830.000000	43.911756
831.000000	43.957552
832.000000	43.898328
833.000000	43.978909
834.000000	43.804368
835.000000	43.859665
836.000000	43.907375
837.000000	43.835809
838.000000	43.845740
839.000000	43.987736
840.000000	43.790846
841.000000	43.753788
842.000000	43.740516
843.000000	43.764905
844.000000	43.756178
845.000000	43.640728
846.000000	43.777927
847.000000	43.643711
848.000000	43.715202
849.000000	43.716811
850.000000	43.548685
851.000000	43.536073
852.000000	43.646358
853.000000	43.644753
854.000000	43.548472
855.000000	43.413604
856.000000	43.438955
857.000000	43.383967
858.000000	43.495396
859.000000	43.435643
860.000000	43.335226
861.000000	43.319636
862.000000	43.282649
863.000000	43.410098
864.000000	43.369099
865.000000	43.228451
866.000000	43.196521
867.000000	43.164508
868.000000	43.257296
869.000000	43.199194
870.000000	43.198839
871.000000	43.169412
872.000000	43.278614
873.000000	43.186249
874.000000	43.212218
875.000000	43.301160
876.000000	43.220693
877.000000	43.197295
878.000000	43.297475
879.000000	43.260488
880.000000	43.215016
881.000000	43.228689
882.000000	43.160677
883.000000	43.300986
884.000000	43.249872
885.000000	43.203806
886.000000	43.223818
887.000000	43.311599
888.000000	43.216443
889.000000	43.273075
890.000000	43.207957
891.000000	43.242117
892.000000	43.234548
893.000000	43.217505
894.000000	43.203842
895.000000	43.304913
896.000000	43.269436
897.000000	43.268392
898.000000	43.269922
899.000000	43.305716
900.000000	43.324012
901.000000	43.318228
902.000000	43.248619
903.000000	43.326107
904.000000	43.276935
905.000000	43.299311
906.000000	43.285261
907.000000	43.350801
908.000000	43.340530
909.000000	43.296775
910.000000	43.437688
911.000000	43.271705
912.000000	43.355467
913.000000	43.426231
914.000000	43.378773
915.000000	43.416186
916.000000	43.341179
917.000000	43.364681
918.000000	43.334064
919.000000	43.397641
920.000000	43.451227
921.000000	43.371885
922.000000	43.414357
923.000000	43.389791
924.000000	43.373909
925.000000	43.315636
926.000000	43.382764
927.000000	43.401870
928.000000	43.392493
929.000000	43.424849
930.000000	43.398518
931.000000	43.543255
932.000000	43.371001
933.000000	43.464286
934.000000	43.333428
935.000000	43.394950
936.000000	43.451979
937.000000	43.424058
938.000000	43.456783
939.000000	43.475559
940.000000	43.389744
941.000000	43.389968
942.000000	43.373479
943.000000	43.451742
944.000000	43.517726
945.000000	43.439109
946.000000	43.396324
947.000000	43.369044
948.000000	43.394431
949.000000	43.414237
950.000000	43.382633
951.000000	43.433019
952.000000	43.447002
953.000000	43.435767
954.000000	43.431169
955.000000	43.385750
956.000000	43.368636
957.000000	43.430694
958.000000	43.395560
959.000000	43.370209
960.000000	43.458339
961.000000	43.360498
962.000000	43.379462
963.000000	43.347663
964.000000	43.411247
965.000000	43.382636
966.000000	43.394335
967.000000	43.365370
968.000000	43.386134
969.000000	43.311976
970.000000	43.452445
971.000000	43.343498
972.000000	43.404547
973.000000	43.374669
974.000000	43.378652
975.000000	43.352666
976.000000	43.297461
977.000000	43.372677
978.000000	43.400925
979.000000	43.380524
980.000000	43.408548
981.000000	43.303383
982.000000	43.315086
983.000000	43.323547
984.000000	43.305780
985.000000	43.289774
986.000000	43.303841
987.000000	43.339660
988.000000	43.307981
989.000000	43.281334
990.000000	43.351884
991.000000	43.337671
992.000000	43.387941
993.000000	43.288513
994.000000	43.350429
995.000000	43.276849
996.000000	43.286269
997.000000	43.208610
998.000000	43.293697
999.000000	43.254534
1000.000000	43.184946
1001.000000	43.148144
1002.000000	43.180461
1003.000000	43.183216
1004.000000	43.144167
1005.000000	43.169667
1006.000000	43.183735
1007.000000	43.213610
1008.000000	43.222099
1009.000000	43.207140
1010.000000	43.213674
1011.000000	43.309852
1012.000000	43.311947
1013.000000	43.190137
1014.000000	43.353780
1015.000000	43.321910
1016.000000	43.296857
1017.000000	43.226758
1018.000000	43.318406
1019.000000	43.282967
1020.000000	43.370078
1021.000000	43.300710
1022.000000	43.309788
1023.000000	43.333080
1024.000000	43.277158
1025.000000	43.193041
1026.000000	43.198520
1027.000000	43.347734
1028.000000	43.274868
1029.000000	43.207904
1030.000000	43.329796
1031.000000	43.272330
1032.000000	43.251985
1033.000000	43.244908
1034.000000	43.174968
1035.000000	43.256707
1036.000000	43.222312
1037.000000	43.179226
1038.000000	43.273714
1039.000000	43.232162
1040.000000	43.269081
1041.000000	43.245547
1042.000000	43.203480
1043.000000	43.224400
1044.000000	43.212182
1045.000000	43.209668
1046.000000	43.251935
1047.000000	43.247745
1048.000000	43.187743
1049.000000	43.196339
1050.000000	43.316048
1051.000000	43.188507
1052.000000	43.285442
1053.000000	43.213137
1054.000000	43.192405
1055.000000	43.161845
1056.000000	43.229847
1057.000000	43.172465
1058.000000	43.201875
1059.000000	43.156360
1060.000000	43.173282
1061.000000	43.131243
1062.000000	43.196450
1063.000000	43.188326
1064.000000	43.205425
1065.000000	43.129627
1066.000000	43.112652
1067.000000	43.118301
1068.000000	43.080331
1069.000000	43.052398
1070.000000	43.124060
1071.000000	43.021082
1072.000000	43.064079
1073.000000	43.017446
1074.000000	43.057813
1075.000000	42.989247
1076.000000	43.026947
1077.000000	42.960739
1078.000000	42.970422
1079.000000	42.981081
1080.000000	43.052057
1081.000000	42.922606
1082.000000	42.961321
1083.000000	43.020400
1084.000000	42.889170
1085.000000	42.964219
1086.000000	43.014470
1087.000000	43.106140
1088.000000	43.064736
1089.000000	43.095339
1090.000000	43.048830
1091.000000	43.044611
1092.000000	42.990756
1093.000000	43.052767
1094.000000	43.103466
1095.000000	43.095612
1096.000000	43.152333
1097.000000	43.061448
1098.000000	43.106254
1099.000000	43.091171
1100.000000	43.091391
1101.000000	43.070687
1102.000000	43.050903
1103.000000	43.029628
1104.000000	43.044054
1105.000000	43.069182
1106.000000	43.127586
1107.000000	43.136082
1108.000000	43.004412
1109.000000	43.062247
1110.000000	43.058892
1111.000000	43.046504
1112.000000	42.994907
1113.000000	43.065290
1114.000000	43.039960
1115.000000	43.053208
1116.000000	42.987571
1117.000000	43.057745
1118.000000	43.019896
1119.000000	43.014051
1120.000000	43.089530
1121.000000	43.051244
1122.000000	43.025293
1123.000000	43.024394
1124.000000	43.044239
1125.000000	42.998365
1126.000000	43.002317
1127.000000	42.963313
1128.000000	43.105742
1129.000000	43.012862
1130.000000	43.105437
1131.000000	43.015323
1132.000000	42.938697
1133.000000	43.039385
1134.000000	43.004706
1135.000000	43.030661
1136.000000	42.968405
1137.000000	43.070893
1138.000000	43.002185
1139.000000	43.000588
1140.000000	43.021050
1141.000000	42.897925
1142.000000	42.958772
1143.000000	42.979536
1144.000000	42.922481
1145.000000	42.987283
1146.000000	42.907476
1147.000000	42.936368
1148.000000	42.979099
1149.000000	43.028868
1150.000000	42.892337
1151.000000	42.942457
1152.000000	42.929703
1153.000000	42.973145
1154.000000	42.909309
1155.000000	42.996213
1156.000000	42.941956
1157.000000	42.960910
1158.000000	42.918739
1159.000000	42.910981
1160.000000	42.931038
1161.000000	42.865633
1162.000000	42.951305
1163.000000	42.902275
1164.000000	42.909128
1165.000000	42.875862
1166.000000	42.932064
1167.000000	42.973010
1168.000000	42.927761
1169.000000	42.909319
1170.000000	42.857789
1171.000000	42.894045
1172.000000	42.915341
1173.000000	42.808159
1174.000000	42.820501
1175.000000	42.885427
1176.000000	42.830364
1177.000000	42.905272
1178.000000	42.825298
1179.000000	42.773587
1180.000000	42.922140
1181.000000	42.838755
1182.000000	42.823579
1183.000000	42.872560
1184.000000	42.856142
1185.000000	42.843981
1186.000000	42.863946
1187.000000	42.807978
1188.000000	42.819464
1189.000000	42.644721
1190.000000	42.768712
1191.000000	42.770963
1192.000000	42.713329
1193.000000	42.708007
1194.000000	42.716908
1195.000000	42.671343
1196.000000	42.618667
1197.000000	42.661977
1198.000000	42.620602
1199.000000	42.585430
1200.000000	42.721524
1201.000000	42.645019
1202.000000	42.654017
1203.000000	42.670854
1204.000000	42.593575
1205.000000	42.657049
1206.000000	42.595471
1207.000000	42.582142
1208.000000	42.600367
1209.000000	42.615017
1210.000000	42.682297
1211.000000	42.622125
1212.000000	42.687506
1213.000000	42.665776
1214.000000	42.671858
1215.000000	42.671475
1216.000000	42.581488
1217.000000	42.627273
1218.000000	42.567776
1219.000000	42.685645
1220.000000	42.666721
1221.000000	42.645136
1222.000000	42.624252
1223.000000	42.667946
1224.000000	42.634062
1225.000000	42.629283
1226.000000	42.742650
1227.000000	42.633143
1228.000000	42.595776
1229.000000	42.590613
1230.000000	42.605203
1231.000000	42.494307
1232.000000	42.469712
1233.000000	42.501451
1234.000000	42.542847
1235.000000	42.483556
1236.000000	42.530864
1237.000000	42.415032
1238.000000	42.495333
1239.000000	42.565702
1240.000000	42.546657
1241.000000	42.484205
1242.000000	42.418295
1243.000000	42.468483
1244.000000	42.483747
1245.000000	42.540962
1246.000000	42.516555
1247.000000	42.417791
1248.000000	42.475702
1249.000000	42.472563
1250.000000	42.450354
1251.000000	42.463864
1252.000000	42.473525
1253.000000	42.481471
1254.000000	42.438651
1255.000000	42.497513
1256.000000	42.497218
1257.000000	42.491193
1258.000000	42.457636
1259.000000	42.413981
1260.000000	42.518998
1261.000000	42.353397
1262.000000	42.358258
1263.000000	42.492986
1264.000000	42.465387
1265.000000	42.371349
1266.000000	42.412061
1267.000000	42.394510
1268.000000	42.460661
1269.000000	42.454625
1270.000000	42.402829
1271.000000	42.448834
1272.000000	42.472297
1273.000000	42.391094
1274.000000	42.335882
1275.000000	42.442940
1276.000000	42.395834
1277.000000	42.384732
1278.000000	42.431475
1279.000000	42.441697
1280.000000	42.417866
1281.000000	42.441112
1282.000000	42.380705
1283.000000	42.357069
1284.000000	42.293669
1285.000000	42.315573
1286.000000	42.322887
1287.000000	42.388769
1288.000000	42.299950
1289.000000	42.291645
1290.000000	42.315150
1291.000000	42.189814
1292.000000	42.173843
1293.000000	42.182464
1294.000000	42.280088
1295.000000	42.245225
1296.000000	42.259576
1297.000000	42.111260
1298.000000	42.174120
1299.000000	42.233966
1300.000000	42.259420
1301.000000	42.209428
1302.000000	42.286209
1303.000000	42.258792
1304.000000	42.165702
1305.000000	42.207674
1306.000000	42.203686
1307.000000	42.205543
1308.000000	42.253917
1309.000000	42.135635
1310.000000	42.194384
1311.000000	42.220587
1312.000000	42.158341
1313.000000	42.180508
1314.000000	42.154620
1315.000000	42.047524
1316.000000	42.195616
1317.000000	42.174067
1318.000000	42.113671
1319.000000	42.117502
1320.000000	42.086090
1321.000000	42.184985
1322.000000	42.189061
1323.000000	42.089222
1324.000000	42.128037
1325.000000	42.188944
1326.000000	42.047907
1327.000000	42.037717
1328.000000	42.083154
1329.000000	42.028016
1330.000000	42.062504
1331.000000	42.138323
1332.000000	42.101947
1333.000000	42.017830
1334.000000	41.989624
1335.000000	42.010231
1336.000000	42.048791
1337.000000	41.960047
1338.000000	41.979110
1339.000000	42.011037
1340.000000	42.024864
1341.000000	41.964287
1342.000000	42.000648
1343.000000	42.033594
1344.000000	41.990511
1345.000000	41.892884
1346.000000	41.987643
1347.000000	41.961705
1348.000000	42.028041
1349.000000	41.911585
1350.000000	42.049324
1351.000000	41.863031
1352.000000	41.982526
1353.000000	41.948263
1354.000000	41.955751
1355.000000	41.902190
1356.000000	41.918228
1357.000000	41.941797
1358.000000	41.973710
1359.000000	41.890654
1360.000000	41.842721
1361.000000	41.914486
1362.000000	41.863847
1363.000000	41.923341
1364.000000	41.873047
1365.000000	41.889191
1366.000000	41.924570
1367.000000	41.912561
1368.000000	41.925145
1369.000000	41.903010
1370.000000	41.810446
1371.000000	41.878309
1372.000000	41.836206
1373.000000	41.780774
1374.000000	41.876406
1375.000000	41.807794
1376.000000	41.862729
1377.000000	41.817466
1378.000000	41.851065
1379.000000	41.833720
1380.000000	41.800756
1381.000000	41.697320
1382.000000	41.797699
1383.000000	41.871730
1384.000000	41.793151
1385.000000	41.660334
1386.000000	41.729538
1387.000000	41.709921
1388.000000	41.737900
1389.000000	41.729467
1390.000000	41.639768
1391.000000	41.703580
1392.000000	41.658903
1393.000000	41.696575
1394.000000	41.659485
1395.000000	41.709896
1396.000000	41.672633
1397.000000	41.561673
1398.000000	41.635160
1399.000000	41.707876
1400.000000	41.687624
1401.000000	41.658690
1402.000000	41.579483
1403.000000	41.689935
1404.000000	41.529856
1405.000000	41.632323
1406.000000	41.580051
1407.000000	41.602207
1408.000000	41.651201
1409.000000	41.559134
1410.000000	41.587248
1411.000000	41.541342
1412.000000	41.481443
1413.000000	41.465704
1414.000000	41.500244
1415.000000	41.583878
1416.000000	41.498096
1417.000000	41.485065
1418.000000	41.446232
1419.000000	41.477122
1420.000000	41.423128
1421.000000	41.429580
1422.000000	41.507352
1423.000000	41.499477
1424.000000	41.482406
1425.000000	41.455858
1426.000000	41.522467
1427.000000	41.373583
1428.000000	41.381487
1429.000000	41.435751
1430.000000	41.424691
1431.000000	41.380741
1432.000000	41.430286
1433.000000	41.368161
1434.000000	41.402318
1435.000000	41.391624
1436.000000	41.372859
1437.000000	41.384778
1438.000000	41.289849
1439.000000	41.375078
1440.000000	41.386763
1441.000000	41.367341
1442.000000	41.304417
1443.000000	41.392845
1444.000000	41.308035
1445.000000	41.269923
1446.000000	41.302852
1447.000000	41.168376
1448.000000	41.368215
1449.000000	41.293290
1450.000000	41.278594
1451.000000	41.223041
1452.000000	41.151361
1453.000000	41.145624
1454.000000	41.254595
1455.000000	41.207220
1456.000000	41.329154
1457.000000	41.349957
1458.000000	41.275217
1459.000000	41.259563
1460.000000	41.229208
1461.000000	41.238603
1462.000000	41.211807
1463.000000	41.201901
1464.000000	41.272341
1465.000000	41.121458
1466.000000	41.242481
1467.000000	41.282084
1468.000000	41.266216
1469.000000	41.202323
1470.000000	41.260376
1471.000000	41.264654
1472.000000	41.195740
1473.000000	41.244700
1474.000000	41.272941
1475.000000	41.214285
1476.000000	41.273026
1477.000000	41.285652
1478.000000	41.184755
1479.000000	41.195748
1480.000000	41.214172
1481.000000	41.195556
1482.000000	41.262353
1483.000000	41.167769
1484.000000	41.163068
1485.000000	41.332457
1486.000000	41.130104
1487.000000	41.162802
1488.000000	41.200264
1489.000000	41.192573
1490.000000	41.193394
1491.000000	41.205796
1492.000000	41.224373
1493.000000	41.179749
1494.000000	41.195144
1495.000000	41.216004
1496.000000	41.144093
1497.000000	41.173159
1498.000000	41.152966
1499.000000	41.136506
1500.000000	41.127697
1501.000000	41.127952
1502.000000	41.147413
1503.000000	41.079458
1504.000000	41.148738
1505.000000	41.043562
1506.000000	41.029022
1507.000000	41.050517
1508.000000	41.009877
1509.000000	40.991261
1510.000000	41.015032
1511.000000	40.889824
1512.000000	40.920079
1513.000000	40.892277
1514.000000	40.963332
1515.000000	41.038229
1516.000000	40.926274
1517.000000	40.942348
1518.000000	40.906824
1519.000000	40.898012
1520.000000	40.891866
1521.000000	41.000816
1522.000000	40.987355
1523.000000	40.981458
1524.000000	40.929704
1525.000000	40.989198
1526.000000	40.889898
1527.000000	40.917948
1528.000000	40.977900
1529.000000	40.927198
1530.000000	40.911894
1531.000000	41.039691
1532.000000	40.963549
1533.000000	40.882794
1534.000000	40.932026
1535.000000	40.893843
1536.000000	40.949726
1537.000000	40.969034
1538.000000	40.905429
1539.000000	40.809584
1540.000000	40.860830
1541.000000	40.871971
1542.000000	40.889195
1543.000000	40.867473
1544.000000	40.810230
1545.000000	40.882584
1546.000000	40.879055
1547.000000	40.892853
1548.000000	40.932612
1549.000000	40.945331
1550.000000	40.893694
1551.000000	40.921538
1552.000000	40.920650
1553.000000	40.878473
1554.000000	40.885155
1555.000000	40.923161
1556.000000	40.920398
1557.000000	40.883124
1558.000000	40.954463
1559.000000	40.977037
1560.000000	40.972390
1561.000000	40.973579
1562.000000	40.870747
1563.000000	40.942937
1564.000000	40.939010
1565.000000	40.946492
1566.000000	40.909150
1567.000000	40.924247
1568.000000	40.843613
1569.000000	40.916649
1570.000000	40.862005
1571.000000	40.874485
1572.000000	40.992280
1573.000000	40.861614
1574.000000	40.952868
1575.000000	40.833117
1576.000000	40.831754
1577.000000	40.804684
1578.000000	40.815780
1579.000000	40.869074
1580.000000	40.865254
1581.000000	40.768858
1582.000000	40.803015
1583.000000	40.694544
1584.000000	40.714452
1585.000000	40.719441
1586.000000	40.664293
1587.000000	40.648365
1588.000000	40.732482
1589.000000	40.662788
1590.000000	40.585537
1591.000000	40.711534
1592.000000	40.608747
1593.000000	40.570756
1594.000000	40.521321
1595.000000	40.593139
1596.000000	40.601866
1597.000000	40.639677
1598.000000	40.564013
1599.000000	40.598515
1600.000000	40.531866
1601.000000	40.565615
1602.000000	40.528081
1603.000000	40.598230
1604.000000	40.536311
1605.000000	40.463737
1606.000000	40.546193
1607.000000	40.442096
1608.000000	40.534202
1609.000000	40.536514
1610.000000	40.567575
1611.000000	40.508961
1612.000000	40.551643
1613.000000	40.558691
1614.000000	40.529494
1615.000000	40.521008
1616.000000	40.530925
1617.000000	40.487988
1618.000000	40.564113
1619.000000	40.518388
1620.000000	40.518942
1621.000000	40.520369
1622.000000	40.488059
1623.000000	40.395846
1624.000000	40.487182
1625.000000	40.528529
1626.000000	40.493207
1627.000000	40.534050
1628.000000	40.487590
1629.000000	40.401598
1630.000000	40.504015
1631.000000	40.520632
1632.000000	40.547950
1633.000000	40.464589
1634.000000	40.513328
1635.000000	40.531113
1636.000000	40.495852
1637.000000	40.409196
1638.000000	40.529615
1639.000000	40.468712
1640.000000	40.392196
1641.000000	40.458131
1642.000000	40.519996
1643.000000	40.457474
1644.000000	40.485179
1645.000000	40.428483
1646.000000	40.489664
1647.000000	40.431079
1648.000000	40.430173
1649.000000	40.401151
1650.000000	40.404090
1651.000000	40.392405
1652.000000	40.458067
1653.000000	40.432112
1654.000000	40.368315
1655.000000	40.393002
1656.000000	40.403366
1657.000000	40.278495


