0.0	0.0002779427731619292
1.0	-0.0007435789341005729
2.0	-0.0019933303549956277
3.0	0.00034004832412184473
4.0	-0.004047506926283394
5.0	-0.005412737561441117
6.0	-0.0030063384717928473
7.0	-0.0047149505890583514
8.0	-0.006022769062871798
9.0	-0.006788228164595606
10.0	-0.004344063660831105
11.0	-0.004904432551213371
12.0	-0.0032531234466960765
13.0	-0.0037554252841599514
14.0	-0.005189310386020017
15.0	-0.004658739062267002
16.0	-0.004732086918584984
17.0	-0.003579914342256036
18.0	-0.0068656145189551114
19.0	-0.006605840861162078
20.0	-0.008355492850415154
21.0	-0.006432076296789392
22.0	-0.005307627463771028
23.0	-0.0068323241972631475
24.0	-0.008903637098077547
25.0	-0.011167815567513865
26.0	-0.008256713371296374
27.0	-0.009629802705345265
28.0	-0.008489854771735684
29.0	-0.009700858441153207
30.0	-0.007613828142556474
31.0	-0.005671856327659781
32.0	-0.0074012066781106965
33.0	-0.008226915804667124
34.0	-0.007770783823189204
35.0	-0.008343704802078277
36.0	-0.008397296762572403
37.0	-0.00849247433803291
38.0	-0.008376558529387245
39.0	-0.008299827066602362
40.0	-0.010234267628394566
41.0	-0.00963416864917372
42.0	-0.00941598060634656
43.0	-0.011730149132618734
44.0	-0.010563568941655936
45.0	-0.010614432187257277
46.0	-0.013447274840350028
47.0	-0.009867855792591584
48.0	-0.012719362855550826
49.0	-0.010989139316334422
50.0	-0.009386292188313123
51.0	-0.007619394720937601
52.0	-0.01241429253053758
53.0	-0.010771060422103077
54.0	-0.009426240574343582
55.0	-0.011402594196889099
56.0	-0.009981042886344212
57.0	-0.00840340908393234
58.0	-0.008448814899748367
59.0	-0.009408885947625324
60.0	-0.010182531194027483
61.0	-0.009307268605018201
62.0	-0.01114718648292452
63.0	-0.011348238196224792
64.0	-0.012718489666785085
65.0	-0.013959727497214856
66.0	-0.012303288408699178
67.0	-0.013659132264625623
68.0	-0.011398009955869273
69.0	-0.01127827394637371
70.0	-0.01082901832642591
71.0	-0.011015880722283704
72.0	-0.010377688883159443
73.0	-0.011019155180155046
74.0	-0.012335814690221214
75.0	-0.011969621151609607
76.0	-0.012709757779128176
77.0	-0.012596134090992804
78.0	-0.010179693330538886
79.0	-0.011942006556894582
80.0	-0.011697077108118395
81.0	-0.010934128424096
82.0	-0.011011842224242435
83.0	-0.012563171215088025
84.0	-0.014113845314359243
85.0	-0.012329374923074092
86.0	-0.013308983569583533
87.0	-0.010929216737288989
88.0	-0.012077132518385294
89.0	-0.009892741672413826
90.0	-0.009868728981357327
91.0	-0.01326990837231907
92.0	-0.014048028711145244
93.0	-0.014143533732392683
94.0	-0.010381072489626343
95.0	-0.013124631591427151
96.0	-0.010737988397602484
97.0	-0.011289079657349287
98.0	-0.010511286764310044
99.0	-0.011219333704689576
100.0	-0.012552038058325263
101.0	-0.011174801077639546
102.0	-0.011492860085542341
103.0	-0.013628898103613627
104.0	-0.011275872677268109
105.0	-0.013823946644149774
106.0	-0.007869345005116612
107.0	-0.008950352697042058
108.0	-0.009966744420306178
109.0	-0.009870475358888811
110.0	-0.010629712990656869
111.0	-0.011190955069804623
112.0	-0.009805859390227482
113.0	-0.011249895311488756
114.0	-0.008310632777577685
115.0	-0.010570227005994177
116.0	-0.011364828782772868
117.0	-0.011855670017686795
118.0	-0.010404539437704283
119.0	-0.010597295857730645
120.0	-0.009566823965619607
121.0	-0.010334684336449015
122.0	-0.008767965393608277
123.0	-0.00807094246139544
124.0	-0.008532422724063115
125.0	-0.007464294566431913
126.0	-0.008181946583234095
127.0	-0.008539844828571537
128.0	-0.009374613288572059
129.0	-0.008522817647640464
130.0	-0.008689814999078843
131.0	-0.007322510540602706
132.0	-0.009731420047952388
133.0	-0.008003052034863026
134.0	-0.010238087829244463
135.0	-0.010495241920740524
136.0	-0.008740350798893253
137.0	-0.008535478884743083
138.0	-0.010223025323036499
139.0	-0.00849411156696858
140.0	-0.007067321123829498
141.0	-0.010539665399194997
142.0	-0.008511247896495213
143.0	-0.008355929444797898
144.0	-0.007021697010822354
145.0	-0.007779843156633298
146.0	-0.007710752095547957
147.0	-0.007185419904389392
148.0	-0.009624891018538254
149.0	-0.0072407582424149994
150.0	-0.007303627833544589
151.0	-0.008430150489881622
152.0	-0.007585012913288523
153.0	-0.0049479828409021015
154.0	-0.008467588458210669
155.0	-0.00868370267771916
156.0	-0.005366458556859603
157.0	-0.006303062656658618
158.0	-0.006372699460722515
159.0	-0.008314452978427582
160.0	-0.004741473697816263
161.0	-0.0080844768872638
162.0	-0.007534149667687182
163.0	-0.00797510999436107
164.0	-0.004925170784398529
165.0	-0.004617917487471056
166.0	-0.0034054948863092346
167.0	-0.006320963026355432
168.0	-0.004944708383030761
169.0	-0.002596158049109511
170.0	-0.004238080374395528
171.0	-0.00317540964654964
172.0	-0.003569217779876272
173.0	-0.005065317581291812
174.0	-0.005041632336022498
175.0	-0.0036872074118403523
176.0	-0.004949074326859215
177.0	-0.00414355769050939
178.0	-0.0040335359060322895
179.0	-0.0019216197276133158
180.0	-0.0020175613432434985
181.0	-0.006923790720469062
182.0	-0.0027743977059062107
183.0	-0.00083253503960533
184.0	-0.0040950957140136485
185.0	-0.003976669487666824
186.0	-0.0006668474713154371
187.0	-0.0027631554005478898
188.0	-0.0030996605211260587
189.0	-0.0033610714078547623
190.0	-0.001114356713732007
191.0	-0.00047409105128933026
192.0	-0.001847726128316777
193.0	0.0012881130264705528
194.0	-0.0006449086035776063
195.0	-0.0021187420914681307
196.0	-0.001013940005677557
197.0	-0.00023298180336278704
198.0	-0.0016510403588449597
199.0	-0.001326650732390599
200.0	-0.0015434198434734585
201.0	-0.0009579467760778334
202.0	-0.0023900855004064156
203.0	-0.0032208154623656667
204.0	0.0014329532129794742
205.0	-0.001166857188269272
206.0	0.00014085213694861598
207.0	-0.00012241427590738412
208.0	-0.0003033826475966131
209.0	0.0003940768789989675
210.0	0.00046436857463698095
211.0	-0.0010411180060098378
212.0	-0.0011227611556019848
213.0	-0.0012216497833163228
214.0	0.0017049515134923829
215.0	-0.0003482427204340834
216.0	0.0005330230413393231
217.0	-0.0030269675563821923
218.0	0.002514834093670663
219.0	0.0021078189802628544
220.0	0.0008307804104399604
221.0	0.0007961803055995106
222.0	0.001700585569663929
223.0	-0.0005781096630023057
224.0	0.000724578826812758
225.0	0.0005556168006517776
226.0	0.0013298077900322407
227.0	0.0019272872029563693
228.0	0.001323258874289559
229.0	0.0012325563912535722
230.0	0.0011580079003826642
231.0	-0.0014057834642813342
232.0	0.0008740032543417603
233.0	-0.0014198636331282516
234.0	0.0009771486772889937
235.0	0.0024995532902710726
236.0	-0.0002123527187734421
237.0	0.002126265092938227
238.0	-7.111443592304565e-05
239.0	0.004055684819327859
240.0	0.0007288356220456534
241.0	0.00313741768360815
242.0	0.0012904051469805923
243.0	0.002133359751659465
244.0	0.002722325574117803
245.0	0.0018766422545461467
246.0	0.0021963384913848676
247.0	0.0022695771991070373
248.0	0.003446308209471295
249.0	0.003059922180653086
250.0	0.005445146442733454
251.0	0.0008956146762926593
252.0	0.0029252328135453707
253.0	0.0029315634320964262
254.0	0.0044478557237188215
255.0	0.0019555566892455094
256.0	0.004282495601216114
257.0	0.003047806686529023
258.0	0.004636682794299471
259.0	0.0026172154764477137
260.0	0.003485820001118756
261.0	0.002332883384619625
262.0	0.0029228315444395176
263.0	0.003030997802789576
264.0	0.0031926468730381994
265.0	0.0017998016431654516
266.0	0.002441377088756868
267.0	0.0027321489477318255
268.0	0.004217552186767856
269.0	0.0023591881961861644
270.0	0.005502122009694731
271.0	0.005014882678439329
272.0	0.0032770187375228757
273.0	0.0016844315774985968
274.0	0.0028932522750018917
275.0	0.004422205803726653
276.0	0.004507996599955627
277.0	0.0034010115422510806
278.0	0.000401280686315765
279.0	0.004643450007233525
280.0	0.0024267511769313936
281.0	0.0033278819831244703
282.0	0.003705426975689958
283.0	0.002594512568539955
284.0	0.004921451480510304
285.0	0.0028302735352764893
286.0	0.005876938287367435
287.0	0.003668534750339722
288.0	0.005089431169309983
289.0	0.004498718969320163
290.0	0.00691384994662534
291.0	0.004202598829155196
292.0	0.004410745201176959
293.0	0.005395592980280344
294.0	0.0026885986580430943
295.0	0.004696605373344907
296.0	0.004999492726443925
297.0	0.0055404331667895206
298.0	0.0045361569376492095
299.0	0.003660676051448301
300.0	0.0005969235545991349
301.0	0.0012522517232502837
302.0	0.0008577886983492811
303.0	-0.0003140306252077114
304.0	0.0006531350813904838
305.0	0.001320687892761253
306.0	0.0027494430106229355
307.0	0.002538567923708643
308.0	0.0020492547691345724
309.0	0.002887515984197805
310.0	0.003440462770071649
311.0	0.0008111822479805811
312.0	0.0018524598510669416
313.0	0.0015991259604210308
314.0	0.0017123130541736586
315.0	0.0003560326038642165
316.0	0.002712332488081075
317.0	0.0025506834178324507
318.0	0.0008655382486448884
319.0	0.0008827837267673354
320.0	0.0009874572300544258
321.0	0.00287889324513671
322.0	0.0033816316769830733
323.0	-1.6273256107073725e-05
324.0	0.0017202809016606396
325.0	-0.00027932137177144817
326.0	0.0035396788435731723
327.0	0.001194512116118823
328.0	0.00029578257903159835
329.0	0.0022783576715326107
330.0	0.001883239755057494
331.0	0.002324964121901564
332.0	-0.0007703809038770025
333.0	-0.00014845220551363116
334.0	0.001572057108684563
335.0	0.0029834575998279877
336.0	0.0023899075363498223
337.0	0.003928684438688351
338.0	0.003815606493531536
339.0	0.0035299646185549625
340.0	-0.0008803541035854365
341.0	-0.0010438586999608492
342.0	0.002994857638550787
343.0	0.0014315223021769477
344.0	0.0012378926933851002
345.0	-0.003069608051594996
346.0	0.00010148609960689697
347.0	0.0005136311970130886
348.0	-0.0007008652274671455
349.0	-0.0007309902398835821
350.0	0.0005235637192229237
351.0	0.0003855998942436153
352.0	0.0006099002584304559
353.0	0.003503866125121567
354.0	0.0011140576220213735
355.0	-0.0006746695644964189
356.0	0.002697912894388744
357.0	0.0031560095505892647
358.0	0.002974058841538481
359.0	0.004920724046050559
360.0	0.0009866206469991215
361.0	0.0002436461559919556
362.0	0.0012127765373130053
363.0	-0.00029118196299370144
364.0	0.002335478992800139
365.0	-0.002307435386801011
366.0	-0.0005586565863136771
367.0	-0.001021555780725649
368.0	0.0020635292770559005
369.0	0.00018530024205504377
370.0	-0.0005165857921961363
371.0	-0.0007967702373871412
372.0	-0.0004766374061656773
373.0	-0.0015428008890742795
374.0	-9.701859028177695e-05
375.0	-0.0005623796176262379
376.0	-0.002659888181411367
377.0	-0.0026586875468586927
378.0	-0.0025914520119003945
379.0	-0.00038064720576682634
380.0	-0.0037807956745983503
381.0	-0.004556405595723367
382.0	-0.004398030983346083
383.0	-0.0036485075765962357
384.0	-0.0023090360100264935
385.0	-0.005760484318842355
386.0	-0.004956604911428201
387.0	-0.004856733946352308
388.0	-0.00505865884841832
389.0	-0.007337790675467299
390.0	-0.005263421613972929
391.0	-0.005995262948217591
392.0	-0.006609114650498167
393.0	-0.006001593566768644
394.0	-0.004661576257220347
395.0	-0.006161714556677413
396.0	-0.005869523765957899
397.0	-0.004277482348912177
398.0	-0.004190490918130276
399.0	-0.005819642857717858
400.0	-0.004669871550494511
401.0	-0.0037761628488098596
402.0	-0.006757556740665615
403.0	-0.005420486443201474
404.0	-0.0057742370419020875
405.0	-0.002052488225336133
406.0	-0.00665255579159134
407.0	-0.0036324141482580495
408.0	-0.00487452516745331
409.0	-0.004103062892965377
410.0	-0.004629923164464052
411.0	-0.004820496612576186
412.0	-0.004578186730096971
413.0	-0.0010074995699954343
414.0	-0.005349976450371833
415.0	-0.0031044623908022565
416.0	-0.002664811847276855
417.0	-0.002481987949460331
418.0	-0.003709145611043186
419.0	5.287903734041248e-05
420.0	-0.001020706550076612
421.0	-0.0010309665180733766
422.0	-0.0019509800313245724
423.0	0.00040586559587084577
424.0	-0.0024018728802080408
425.0	-0.005379228274022527
426.0	-0.0026504042326430067
427.0	-0.0007678092538134416
428.0	-0.004086908900800043
429.0	-0.0021389339131394794
430.0	-0.0026115473325696607
431.0	-0.002072244121159739
432.0	-0.0018109423830268488
433.0	-0.0063966023346482045
434.0	-0.0019922382005035165
435.0	-0.0022001662753336547
436.0	-0.0016322661318474044
437.0	-0.0009091566852596554
438.0	-0.00245306357159682
439.0	-0.0041116856320264706
440.0	-0.003907686906642044
441.0	-0.001520279672647447
442.0	-0.001627572742231766
443.0	-0.00242501238249905
444.0	-0.0021184139771456933
445.0	-0.0025326328978702984
446.0	0.0002192214972044238
447.0	-0.0017626987037224757
448.0	-0.0022410969987254124
449.0	-0.0020278206427052667
450.0	-0.0006856203612427398
451.0	-0.0011806092427937525
452.0	-0.0024184634667563684
453.0	-0.002903410677501733
454.0	0.0001603904041160998
455.0	-0.00199824137326764
456.0	-6.98039842393066e-05
457.0	-0.0033074787788253844
458.0	0.0006073539035541132
459.0	-0.0019945303210133
460.0	-0.003202259532559484
461.0	-0.002953182437146213
462.0	-0.0030661512337074688
463.0	-0.002912360862350266
464.0	-0.0018908391550875102
465.0	-0.0023900848318714157
466.0	-0.0017399957958144636
467.0	-0.003062221884261757
468.0	-0.0012639987699171284
469.0	-0.0010048800036984644
470.0	-0.003854531540530664
471.0	-0.000203947608368464
472.0	-0.004444588848946115
473.0	-0.002718840402153976
474.0	-0.0018838536449620846
475.0	-0.0020366616789579887
476.0	-0.0014926650779324246
477.0	-0.004188635392002979
478.0	-0.004589101589668105
479.0	-0.0027152384984954507
480.0	-0.003843507532363716
481.0	-0.0024682352264005984
482.0	-0.00158871584215842
483.0	-0.0010240901565437654
484.0	-0.0025792393482389968
485.0	-0.003668978927821355
486.0	-0.0034797152628577065
487.0	-0.0015310853836230267
488.0	-0.002826133471738295
489.0	-0.0027050876790942436
490.0	-0.004165059295329479
491.0	-0.00355197163321883
492.0	-0.003451336627972754
493.0	-0.0023868103740000766
494.0	-0.0006294088344513892
495.0	-0.0026154766820153724
496.0	-0.002642108939368843
497.0	-0.003996097269168245
498.0	-0.002105097848468958
499.0	-0.002835192805182132
500.0	-0.002361051305412094
501.0	-0.003454611085844093
502.0	-0.003352448000258415
503.0	-0.003004809722917736
504.0	-0.0019114682396771106
505.0	-0.0021217975836128468
506.0	-0.0023789516751086567
507.0	-0.0011878130501108033
508.0	-0.0034366015675517192
509.0	-0.00249726875285992
510.0	-0.004548389163467719
511.0	-0.003220705645234855
512.0	-0.00576255814216077
513.0	-0.004233604613436263
514.0	-0.0032473379025883256
515.0	-0.0034287428686605526
516.0	-0.004957150654406756
517.0	-0.003018016702998657
518.0	-0.0043856486072619836
519.0	-0.0021339130777366547
520.0	-0.0039112888103005694
521.0	-0.004595104762432232
522.0	-0.0037552063184333262
523.0	-0.004670417293473069
524.0	-0.002515496568343666
525.0	-0.004016835502353403
526.0	-0.0027288820729593722
527.0	-0.002783347222219237
528.0	-0.004460197098132891
529.0	-0.005222490890581171
530.0	-0.004813401953854949
531.0	-0.0056546101810023355
532.0	-0.005100135314788635
533.0	-0.0047703974071445195
534.0	-0.002177463367425639
535.0	-0.0015416727974069777
536.0	-0.006725576202122137
537.0	-0.004393834751940333
538.0	-0.004568581653674319
539.0	-0.0041196534795134515
540.0	-0.0031234542464559324
541.0	-0.0057984680301499565
542.0	-0.0022004937211205842
543.0	-0.0062330977382725385
544.0	-0.0038980818302193953
545.0	-0.0014902638088268266
546.0	-0.005525269095084377
547.0	-0.004233604613436263
548.0	-0.0037263910891653764
549.0	-0.0050154360045165216
550.0	-0.003276153131856022
551.0	-0.0034981613755330774
552.0	-0.00442941719414234
553.0	-0.005370932980748616
554.0	-0.0040654066274449585
555.0	-0.00294499629246786
556.0	-0.006023969028889473
557.0	-0.007228096336777385
558.0	-0.0048796551514516924
559.0	-0.0062423753689080045
560.0	-0.002635887469413344
561.0	-0.00466266774317746
562.0	-0.005250432931083127
563.0	-0.0053117744418728595
564.0	-0.0055615064288604965
565.0	-0.007610007273171326
566.0	-0.005907070882882762
567.0	-0.004847783761504025
568.0	-0.00530697190366166
569.0	-0.006843347536894846
570.0	-0.00494863706394122
571.0	-0.004605364730428997
572.0	-0.0047770554714830155
573.0	-0.007362458258097915
574.0	-0.0037985383109306855
575.0	-0.005362965133261639
576.0	-0.0055601966457120115
577.0	-0.005876836721870766
578.0	-0.004737325382644182
579.0	-0.006491452464321272
580.0	-0.00393300938084703
581.0	-0.006188128516839508
582.0	-0.005138337323287612
583.0	-0.0046932293499766424
584.0	-0.004569563991035621
585.0	-0.003356159052512498
586.0	-0.00649527266517117
587.0	-0.003520209391866724
588.0	-0.0060478725713504124
589.0	-0.0074434465161156895
590.0	-0.006886897826583577
591.0	-0.003954184208415185
592.0	-0.007645371418181704
593.0	-0.006085528836870831
594.0	-0.008383652519573487
595.0	-0.0042496494570057825
596.0	-0.00686135705518722
597.0	-0.006019275639274088
598.0	-0.006116090443670013
599.0	-0.00650651497052949
600.0	-0.010824057386314982
601.0	-0.01111461094809857
602.0	-0.009385369746243717
603.0	-0.010230616471432377
604.0	-0.009077243260550504
605.0	-0.012239168929712748
606.0	-0.012942085886093897
607.0	-0.007813739116595714
608.0	-0.012737213971943726
609.0	-0.008893437025372423
610.0	-0.009798715478202581
611.0	-0.011616912785562443
612.0	-0.011013430199874193
613.0	-0.007515436004516521
614.0	-0.009064800320639256
615.0	-0.011544765563797134
616.0	-0.010570941792860444
617.0	-0.010562755648182091
618.0	-0.010658478966620904
619.0	-0.009548765194023572
620.0	-0.013288196083094716
621.0	-0.011136549815836656
622.0	-0.009690549219852525
623.0	-0.010943684247214735
624.0	-0.011125744104861333
625.0	-0.010625625239311681
626.0	-0.012934991227372657
627.0	-0.012135041169404214
628.0	-0.013390468317276208
629.0	-0.01082689524980358
630.0	-0.011387591585972778
631.0	-0.010130199763377926
632.0	-0.015548990946064134
633.0	-0.011486371065091558
634.0	-0.011431687618640067
635.0	-0.014654190758422366
636.0	-0.012001552436849172
637.0	-0.01152511881656909
638.0	-0.011679891525287847
639.0	-0.013001571870756587
640.0	-0.0108861629372749
641.0	-0.013719551333345953
642.0	-0.011621278729390899
643.0	-0.01281405458332442
644.0	-0.011203239607816396
645.0	-0.012205442013638037
646.0	-0.011019869967021314
647.0	-0.012469145020876529
648.0	-0.015174392965582548
649.0	-0.00965398444028922
650.0	-0.012599686741347415
651.0	-0.011937045616783657
652.0	-0.012730883353392416
653.0	-0.011821129808138245
654.0	-0.01368385974254839
655.0	-0.0149797810194294
656.0	-0.014067517056473815
657.0	-0.01234045882653294
658.0	-0.012370802136140746
659.0	-0.011147901269790534
660.0	-0.011787293743467724
661.0	-0.013786459422517067
662.0	-0.011511911836487915
663.0	-0.011045956481396226
664.0	-0.013893097600527014
665.0	-0.010773412437905014
666.0	-0.013087253518390003
667.0	-0.011162199735828824
668.0	-0.014205153435665686
669.0	-0.011825495751966697
670.0	-0.015607167147578085
671.0	-0.011762298715049925
672.0	-0.01585820891771421
673.0	-0.015125930989086806
674.0	-0.014180485853035071
675.0	-0.012101205104733692
676.0	-0.013089545638900043
677.0	-0.014445716940613671
678.0	-0.014969957645815378
679.0	-0.011858895222254475
680.0	-0.01314728524603125
681.0	-0.014390924345566622
682.0	-0.013660065348683264
683.0	-0.012534634178303345
684.0	-0.01563914768612156
685.0	-0.011143207880175149
686.0	-0.014515899487656126
687.0	-0.013515443459365712
688.0	-0.015683462015980476
689.0	-0.01650567838747419
690.0	-0.015904378773700163
691.0	-0.014987748866916126
692.0	-0.01726578920800799
693.0	-0.014253397114970309
694.0	-0.01587741907055951
695.0	-0.015890735199236245
696.0	-0.016880712962338267
697.0	-0.013769868835968991
698.0	-0.014611841103286309
699.0	-0.014935903283953231
700.0	-0.01692858061108704
701.0	-0.018444654605517807
702.0	-0.020006680158742907
703.0	-0.017339088479557306
704.0	-0.018898057872102688
705.0	-0.019310639563891622
706.0	-0.020154139911549053
707.0	-0.018650290559837905
708.0	-0.020485405899533026
709.0	-0.020020978624781194
710.0	-0.021214518518884902
711.0	-0.019442054473128
712.0	-0.0217045957136289
713.0	-0.019486041357199727
714.0	-0.02033085148800564
715.0	-0.0199081189768155
716.0	-0.019845031088494537
717.0	-0.019309220632147326
718.0	-0.019736864830144477
719.0	-0.018468885593765676
720.0	-0.02002305244809961
721.0	-0.020128817437344067
722.0	-0.02088903740647368
723.0	-0.016700787491837232
724.0	-0.0206816550746221
725.0	-0.018954705993276783
726.0	-0.017323916824753528
727.0	-0.019688402853648736
728.0	-0.017831239497619975
729.0	-0.019746360757971315
730.0	-0.01820943938175983
731.0	-0.01873040562908994
732.0	-0.018919341848266404
733.0	-0.01700880482893489
734.0	-0.01709110287010115
735.0	-0.019942282487273203
736.0	-0.019798642935317207
737.0	-0.01973162569755028
738.0	-0.015124026878191098
739.0	-0.01618484207990969
740.0	-0.01782861993132275
741.0	-0.017719362187015832
742.0	-0.01598564589273646
743.0	-0.016460551432676683
744.0	-0.018167962915389513
745.0	-0.018208238747206902
746.0	-0.015396461773086498
747.0	-0.01907258647664505
748.0	-0.016764421123137002
749.0	-0.01938813506684669
750.0	-0.018176149060067866
751.0	-0.015389803708748259
752.0	-0.017283750141531697
753.0	-0.019562881968580675
754.0	-0.01808959422366871
755.0	-0.018247968836045736
756.0	-0.017261047233623684
757.0	-0.015626437864250532
758.0	-0.016860144441575815
759.0	-0.017025832009865707
760.0	-0.01725035067124392
761.0	-0.016598515257655738
762.0	-0.019087976428640453
763.0	-0.01724216452656557
764.0	-0.019154120477641638
765.0	-0.015969164454784197
766.0	-0.019721474878149074
767.0	-0.01848853234099372
768.0	-0.019547710313776643
769.0	-0.01882209044948748
770.0	-0.01704034877309537
771.0	-0.02024233197688388
772.0	-0.01965096488531969
773.0	-0.021448860553877135
774.0	-0.02169018809899505
775.0	-0.016493186862794277
776.0	-0.020492937152637006
777.0	-0.01972573167338197
778.0	-0.020023598191078167
779.0	-0.02190008084854779
780.0	-0.019011026668663944
781.0	-0.020096618601609217
782.0	-0.020493264598424193
783.0	-0.019587331254019916
784.0	-0.022344752227476016
785.0	-0.019464320786653267
786.0	-0.02087408404886102
787.0	-0.020656769194799855
788.0	-0.024006648745777008
789.0	-0.021522754153173673
790.0	-0.02000460633542449
791.0	-0.022695992408475217
792.0	-0.02227500627481631
793.0	-0.02321499398108273
794.0	-0.02338177303532948
795.0	-0.02174159708757495
796.0	-0.02361294976104619
797.0	-0.024868704354705368
798.0	-0.0257535720201373
799.0	-0.026058860642342172
800.0	-0.024569637202456245
801.0	-0.024862919479132613
802.0	-0.024292945512327954
803.0	-0.0265304917244108
804.0	-0.026831414402786965
805.0	-0.027993846947112933
806.0	-0.026711132650313097
807.0	-0.027017840204262015
808.0	-0.02807723647423656
809.0	-0.028952280766054474
810.0	-0.029809206390984447
811.0	-0.02861883180615627
812.0	-0.032631898224675736
813.0	-0.032396573852322204
814.0	-0.02902595606815964
815.0	-0.028940383569122034
816.0	-0.03359306075851006
817.0	-0.032254134934918875
818.0	-0.0323105647589016
819.0	-0.03432872229360462
820.0	-0.03488723565785959
821.0	-0.03401240966323305
822.0	-0.034960692662773386
823.0	-0.0350338222219
824.0	-0.035078573146141656
825.0	-0.039005412174049146
826.0	-0.0364493703596805
827.0	-0.03571119840688453
828.0	-0.034230270260273025
829.0	-0.04023802726541757
830.0	-0.03508861481694705
831.0	-0.03875939123931585
832.0	-0.03799535106933634
833.0	-0.037944051229352
834.0	-0.0372905785868279
835.0	-0.038282193578865586
836.0	-0.03450772599057125
837.0	-0.03907854173317576
838.0	-0.038479752537103146
839.0	-0.03870296141533287
840.0	-0.03669598562216128
841.0	-0.03751241711808224
842.0	-0.039220046897986444
843.0	-0.03868292665849074
844.0	-0.039710233241326
845.0	-0.037504716152555295
846.0	-0.03970318716737342
847.0	-0.03859609296107307
848.0	-0.03825653167981519
849.0	-0.03789186622154343
850.0	-0.03513722254774877
851.0	-0.035569341838170204
852.0	-0.03746918229512196
853.0	-0.036466761592108946
854.0	-0.0370429570288691
855.0	-0.033357275833656816
856.0	-0.034234175651601764
857.0	-0.035225790643639454
858.0	-0.03591102552751542
859.0	-0.035909606595771124
860.0	-0.03422937311339057
861.0	-0.03496896399793058
862.0	-0.034023082267496105
863.0	-0.03622002520197412
864.0	-0.03704016775014943
865.0	-0.0348778249205116
866.0	-0.03527938260413384
867.0	-0.03438108966142936
868.0	-0.03540861454145598
869.0	-0.03424006967577008
870.0	-0.034395933870445955
871.0	-0.035447253144337706
872.0	-0.035333956901989524
873.0	-0.03436242525156262
874.0	-0.03516925167106093
875.0	-0.037063962144014556
876.0	-0.03566085694614504
877.0	-0.03641638352565901
878.0	-0.03730627202649377
879.0	-0.03550248233376775
880.0	-0.03880269927369649
881.0	-0.0393048919625643
882.0	-0.03912032168721655
883.0	-0.03761516255235692
884.0	-0.03783629760726798
885.0	-0.038417077285048215
886.0	-0.0363567883924005
887.0	-0.03975251035357669
888.0	-0.03877093703234438
889.0	-0.037926781793112846
890.0	-0.03750983415749545
891.0	-0.03688310292092063
892.0	-0.03790298739924772
893.0	-0.03828948257666148
894.0	-0.038484312820006264
895.0	-0.04028559209503087
896.0	-0.038441854016274646
897.0	-0.036967693082596925
898.0	-0.03867412222794847
899.0	-0.03741214616433379
900.0	-0.03800842494270473
901.0	-0.03648874904461569
902.0	-0.03709103099575077
903.0	-0.03570986466561933
904.0	-0.03845025845814437
905.0	-0.03975567566285221
906.0	-0.03778598010464519
907.0	-0.038759913024177445
908.0	-0.037325482179338815
909.0	-0.04042519314894584
910.0	-0.03879931566722934
911.0	-0.03770302717190456
912.0	-0.03953290337900549
913.0	-0.039368416445268256
914.0	-0.03653862995285573
915.0	-0.038102620180803695
916.0	-0.03623585174835227
917.0	-0.036514944707586414
918.0	-0.03655423820204251
919.0	-0.03881568795658605
920.0	-0.039863514475415085
921.0	-0.03845702567107842
922.0	-0.03878829165906239
923.0	-0.04097388313958679
924.0	-0.038105785490079466
925.0	-0.03986875360800929
926.0	-0.03660750271674945
927.0	-0.039060289959575306
928.0	-0.039436852614779486
929.0	-0.03547399455028699
930.0	-0.03842788299602354
931.0	-0.037581217339090575
932.0	-0.0413852641968228
933.0	-0.03915950603307683
934.0	-0.040015558469241055
935.0	-0.040687477224440036
936.0	-0.03859990118286474
937.0	-0.04170681595978856
938.0	-0.03878556294416961
939.0	-0.03904293533285705
940.0	-0.041468872021137804
941.0	-0.03993293298228762
942.0	-0.03904315363004841
943.0	-0.040816600013166615
944.0	-0.04060376025152947
945.0	-0.04024542541180903
946.0	-0.042804850832644833
947.0	-0.04140109074320095
948.0	-0.040669358557552104
949.0	-0.04045913836221192
950.0	-0.03843017511653357
951.0	-0.04134356943326112
952.0	-0.040384044128362453
953.0	-0.042374914514137635
954.0	-0.04259037384207201
955.0	-0.040137586599246405
956.0	-0.04074914618101695
957.0	-0.040506399704155
958.0	-0.04067132323227496
959.0	-0.04167090607179938
960.0	-0.04063181144062725
961.0	-0.04380497941514806
962.0	-0.04069773719243705
963.0	-0.04180330331839731
964.0	-0.040795097739811534
965.0	-0.0404535717838308
966.0	-0.0431207268686334
967.0	-0.04390932547264796
968.0	-0.044600345232096675
969.0	-0.04486841418316362
970.0	-0.04374123663525248
971.0	-0.04186126122272013
972.0	-0.04507295865152686
973.0	-0.04497952745359783
974.0	-0.04619948130786364
975.0	-0.044296038947253355
976.0	-0.04288758546819409
977.0	-0.04307772232192322
978.0	-0.04169721088336591
979.0	-0.04546261913821642
980.0	-0.04584966005860874
981.0	-0.046305137148512296
982.0	-0.04583208713469937
983.0	-0.04514674310222759
984.0	-0.04507896182429098
985.0	-0.045606586135959595
986.0	-0.0462745755417131
987.0	-0.0446679082128419
988.0	-0.045759175872764124
989.0	-0.04643960821842863
990.0	-0.04682806807056551
991.0	-0.04623309907534279
992.0	-0.04505527657902167
993.0	-0.04723268191486747
994.0	-0.04408330833421202
995.0	-0.04593916190709206
996.0	-0.04852882148893985
997.0	-0.04658237458161914
998.0	-0.04759887545347907
999.0	-0.04775091944730504
1000.0	-0.046378921599213266
1001.0	-0.04930803331372313
1002.0	-0.04752050676175827
1003.0	-0.04855174269403924
1004.0	-0.04862247098406025
1005.0	-0.04874417166827841
1006.0	-0.0501778384729471
1007.0	-0.04831150663487843
1008.0	-0.05010514550820323
1009.0	-0.04880933337991804
1010.0	-0.04977890035562209
1011.0	-0.04741343198936558
1012.0	-0.04812333445587215
1013.0	-0.0485734632645857
1014.0	-0.05014476644844651
1015.0	-0.049885211087844855
1016.0	-0.05367190331885907
1017.0	-0.05213530938843451
1018.0	-0.04963493335787865
1019.0	-0.052475853007053944
1020.0	-0.05076494876927841
1021.0	-0.05091273596787174
1022.0	-0.052644487587428
1023.0	-0.0506591837800342
1024.0	-0.04963002167107164
1025.0	-0.05207484106641053
1026.0	-0.05066660588454262
1027.0	-0.052342473423094726
1028.0	-0.05435550097379936
1029.0	-0.0535693036388904
1030.0	-0.05215986782246956
1031.0	-0.05236135613015283
1032.0	-0.052528680927378404
1033.0	-0.05007010880898005
1034.0	-0.05357956360688716
1035.0	-0.051130924010698645
1036.0	-0.05498987261207372
1037.0	-0.05447883888695319
1038.0	-0.05410369516349331
1039.0	-0.05157581368681824
1040.0	-0.055834791891475444
1041.0	-0.052448893303913294
1042.0	-0.052805918360485246
1043.0	-0.05246406495871707
1044.0	-0.05262516828598714
1045.0	-0.05541282342045524
1046.0	-0.053168619144033896
1047.0	-0.05378421722384595
1048.0	-0.05480704871425719
1049.0	-0.05515796144946922
1050.0	-0.05623591298071469
1051.0	-0.05511626668590752
1052.0	-0.05715941924902834
1053.0	-0.056813527349219156
1054.0	-0.052857873092043706
1055.0	-0.05162209269139975
1056.0	-0.054444893673686864
1057.0	-0.05422124820107439
1058.0	-0.0514307552031177
1059.0	-0.0537572575207053
1060.0	-0.054110025782044366
1061.0	-0.05192399770713747
1062.0	-0.05436903539966746
1063.0	-0.0528381171962201
1064.0	-0.05316992892718263
1065.0	-0.05467508806204227
1066.0	-0.05028414920516987
1067.0	-0.05248262021998801
1068.0	-0.05226093942209839
1069.0	-0.0527785220629616
1070.0	-0.0522706536471166
1071.0	-0.05208029849619608
1072.0	-0.05226192175945969
1073.0	-0.05405796190189009
1074.0	-0.05285459863417237
1075.0	-0.05043870361669725
1076.0	-0.051943098711386956
1077.0	-0.05130708984417667
1078.0	-0.05096654622555723
1079.0	-0.05044208722316415
1080.0	-0.05132433532229912
1081.0	-0.05229019124574909
1082.0	-0.05095213861092339
1083.0	-0.048743735073895414
1084.0	-0.052192284955395796
1085.0	-0.0522188080641537
1086.0	-0.05032737204907167
1087.0	-0.050107328480117466
1088.0	-0.051684307390955225
1089.0	-0.05153630189517053
1090.0	-0.051448437275622885
1091.0	-0.04980062092616855
1092.0	-0.050592057393671716
1093.0	-0.05057492106414509
1094.0	-0.049654798402298334
1095.0	-0.04977682653230342
1096.0	-0.04923326652566086
1097.0	-0.050336649679707135
1098.0	-0.05060537352234845
1099.0	-0.04996499871130995
1100.0	-0.052259957084736824
1101.0	-0.05236583122257685
1102.0	-0.05256633719289881
1103.0	-0.05175743695008184
1104.0	-0.05291277483568657
1105.0	-0.05378192510333617
1106.0	-0.051636282008842224
1107.0	-0.052032054816891715
1108.0	-0.054553496526419665
1109.0	-0.05380157185056421
1110.0	-0.0544649770152979
1111.0	-0.05502938440372118
1112.0	-0.05664849467250363
1113.0	-0.054812942738425505
1114.0	-0.05652079081552133
1115.0	-0.054716891974199516
1116.0	-0.057621554403270395
1117.0	-0.05602001705839757
1118.0	-0.05330734700918313
1119.0	-0.05358905953471425
1120.0	-0.05810628331682438
1121.0	-0.054170603252664165
1122.0	-0.05519408963464978
1123.0	-0.05442306395454459
1124.0	-0.05654174734589787
1125.0	-0.054649219844858474
1126.0	-0.05685642274733377
1127.0	-0.05496476843506011
1128.0	-0.057242372181768975
1129.0	-0.056017070046313414
1130.0	-0.05678820487501417
1131.0	-0.05724946684049022
1132.0	-0.055783710348682486
1133.0	-0.05606924307506324
1134.0	-0.05726452934669843
1135.0	-0.05541598872973076
1136.0	-0.056871376104946164
1137.0	-0.05647505755391813
1138.0	-0.057469619558039975
1139.0	-0.05903797572981663
1140.0	-0.05703902834795867
1141.0	-0.05703335262098172
1142.0	-0.05616322001597082
1143.0	-0.05697681364840319
1144.0	-0.05719511083982591
1145.0	-0.05594404963578237
1146.0	-0.05940002162179116
1147.0	-0.056444605095714764
1148.0	-0.05864766035155272
1149.0	-0.056587153161713644
1150.0	-0.06089164633078269
1151.0	-0.058265203672180216
1152.0	-0.05948701305257306
1153.0	-0.056580385948779593
1154.0	-0.05827568193736836
1155.0	-0.05976425048567992
1156.0	-0.0582895438090239
1157.0	-0.057189107667061784
1158.0	-0.05830329653208338
1159.0	-0.05664270979693087
1160.0	-0.05751873642611008
1161.0	-0.05547558386298927
1162.0	-0.05634353349608594
1163.0	-0.05541053129994519
1164.0	-0.05626658373610943
1165.0	-0.056263636724025276
1166.0	-0.05815758315680872
1167.0	-0.05708137800309472
1168.0	-0.05705168958506128
1169.0	-0.05867276452856633
1170.0	-0.05789715460744156
1171.0	-0.055377786721231795
1172.0	-0.0554211187137294
1173.0	-0.058184979454332375
1174.0	-0.06091806029094479
1175.0	-0.055692571271263494
1176.0	-0.057044813223531415
1177.0	-0.06041346633297112
1178.0	-0.05927013479289464
1179.0	-0.058361800179384776
1180.0	-0.05785447750651833
1181.0	-0.057814310823296494
1182.0	-0.05776475736084363
1183.0	-0.05583686571479386
1184.0	-0.05569137063671058
1185.0	-0.059280940503869964
1186.0	-0.058805270923760075
1187.0	-0.05873967261773744
1188.0	-0.05780372340951255
1189.0	-0.058775691654322185
1190.0	-0.05633480160842903
1191.0	-0.060770163943755895
1192.0	-0.05731681152404407
1193.0	-0.057849456671115504
1194.0	-0.05716978836562092
1195.0	-0.05848371916079431
1196.0	-0.05870419932413125
1197.0	-0.060136992940034203
1198.0	-0.0596623056972856
1199.0	-0.060963793552547746
1200.0	-0.05923979148328684
1201.0	-0.05980201589979614
1202.0	-0.05954016841868444
1203.0	-0.05917899571547566
1204.0	-0.0591442864620394
1205.0	-0.05962748729525354
1206.0	-0.05850565802853239
1207.0	-0.05972583017998957
1208.0	-0.05830024037140341
1209.0	-0.05881836875524543
1210.0	-0.05982362732174705
1211.0	-0.06152558137467405
1212.0	-0.061475809615029825
1213.0	-0.05799484260060324
1214.0	-0.06034459356907716
1215.0	-0.06020204550307827
1216.0	-0.05996803091387297
1217.0	-0.05908447303158952
1218.0	-0.05947926350227771
1219.0	-0.05949279792814581
1220.0	-0.05970465535242167
1221.0	-0.05711030238095824
1222.0	-0.060266770620335156
1223.0	-0.060270154226802056
1224.0	-0.0570826877862432
1225.0	-0.05804417776586472
1226.0	-0.059208465836317725
1227.0	-0.059402422890896756
1228.0	-0.06054837399727046
1229.0	-0.05836507463725611
1230.0	-0.060625214608651154
1231.0	-0.05867920429571345
1232.0	-0.0605602711942029
1233.0	-0.05802212974953107
1234.0	-0.05729203479281765
1235.0	-0.05832501710263009
1236.0	-0.06007870758992444
1237.0	-0.059347084552871146
1238.0	-0.058636527194790206
1239.0	-0.05853327262324716
1240.0	-0.05972211912773548
1241.0	-0.06116397207708253
1242.0	-0.06213015544631942
1243.0	-0.05565655223467875
1244.0	-0.060373736244132295
1245.0	-0.062036178505411835
1246.0	-0.05875222470624425
1247.0	-0.05909713426869215
1248.0	-0.058688700223540294
1249.0	-0.05987689183645399
1250.0	-0.05904747165764347
1251.0	-0.061470570482435635
1252.0	-0.058529124976610336
1253.0	-0.06222740684509809
1254.0	-0.060178032812021776
1255.0	-0.06066690937221285
1256.0	-0.059780622775036624
1257.0	-0.06132442051277823
1258.0	-0.059639384492186226
1259.0	-0.06072574046530142
1260.0	-0.060711441999263135
1261.0	-0.061676643031138734
1262.0	-0.06056234501752132
1263.0	-0.061059516870986555
1264.0	-0.06328374695439266
1265.0	-0.06189996105796401
1266.0	-0.06216290002503283
1267.0	-0.06023009669217605
1268.0	-0.06017715962325604
1269.0	-0.06139034626458778
1270.0	-0.05845588626888791
1271.0	-0.060124768297314585
1272.0	-0.06078293432945407
1273.0	-0.06044992196393861
1274.0	-0.06147591876362539
1275.0	-0.0595045859764827
1276.0	-0.06033455189827176
1277.0	-0.06258770635954139
1278.0	-0.06192059014255362
1279.0	-0.06244308447022384
1280.0	-0.06221550964816565
1281.0	-0.06241252286342465
1282.0	-0.06138641691514207
1283.0	-0.05923979148328684
1284.0	-0.06168668470194412
1285.0	-0.063956320601166
1286.0	-0.06247462841438432
1287.0	-0.06281560862738675
1288.0	-0.06195529939598987
1289.0	-0.062171086169711176
1290.0	-0.06301502311175135
1291.0	-0.060163297751600744
1292.0	-0.06372874577910782
1293.0	-0.06522277175720495
1294.0	-0.06256740472073898
1295.0	-0.06610731197684995
1296.0	-0.06497456785055743
1297.0	-0.06438691181124732
1298.0	-0.060595198744830533
1299.0	-0.06427492535204761
1300.0	-0.06106224558587933
1301.0	-0.06257973851205441
1302.0	-0.06212262419321518
1303.0	-0.06542720707697237
1304.0	-0.065391842931962
1305.0	-0.06618709960031481
1306.0	-0.06353326064418893
1307.0	-0.06207787326897353
1308.0	-0.06336320713207058
1309.0	-0.06437566950588926
1310.0	-0.06420245068449512
1311.0	-0.06444497886416596
1312.0	-0.06357440966477207
1313.0	-0.06423552270899571
1314.0	-0.0627464084177056
1315.0	-0.065068108197082
1316.0	-0.06579372806137117
1317.0	-0.06419841218645385
1318.0	-0.06348567185645868
1319.0	-0.06517627445543206
1320.0	-0.06653517447203848
1321.0	-0.06250060578016367
1322.0	-0.06356622352009371
1323.0	-0.0630256105255353
1324.0	-0.06527985647276205
1325.0	-0.06594533546081414
1326.0	-0.06688335849235771
1327.0	-0.06471916013659285
1328.0	-0.06546049739866434
1329.0	-0.06668132444169589
1330.0	-0.06727574769394004
1331.0	-0.0651314143825946
1332.0	-0.06615522821036714
1333.0	-0.06578139427005573
1334.0	-0.06608013397651767
1335.0	-0.06535986239341852
1336.0	-0.06545984250708997
1337.0	-0.06493145415525144
1338.0	-0.06621940758464546
1339.0	-0.06795487025645607
1340.0	-0.06609377755098159
1341.0	-0.06534163457793478
1342.0	-0.06350084351126271
1343.0	-0.06390873181343601
1344.0	-0.06622923095825949
1345.0	-0.06621067569698856
1346.0	-0.06571819723313896
1347.0	-0.06425975369724359
1348.0	-0.06801119093184298
1349.0	-0.06673284257887159
1350.0	-0.06676002057920388
1351.0	-0.06929597905196148
1352.0	-0.06666899065038046
1353.0	-0.06845280615009124
1354.0	-0.06958544112778794
1355.0	-0.06758900416363164
1356.0	-0.06674768678788845
1357.0	-0.06489096002624242
1358.0	-0.06832411995574765
1359.0	-0.06672029049036479
1360.0	-0.06763593805978753
1361.0	-0.06882423882129704
1362.0	-0.06776091320187703
1363.0	-0.06801130008043879
1364.0	-0.06732846646566842
1365.0	-0.06753115540790462
1366.0	-0.06815603111835215
1367.0	-0.06745049459567377
1368.0	-0.06746774007379622
1369.0	-0.07076129894938647
1370.0	-0.06818626527936415
1371.0	-0.06913116467243732
1372.0	-0.07012911028302633
1373.0	-0.06863584834509913
1374.0	-0.06900749931349631
1375.0	-0.06844789446328423
1376.0	-0.06885359979354329
1377.0	-0.0682622327019791
1378.0	-0.07112148931523395
1379.0	-0.0702859568150635
1380.0	-0.0707669746763634
1381.0	-0.06794264561373645
1382.0	-0.07017953693424493
1383.0	-0.06786504096218557
1384.0	-0.06859884697115308
1385.0	-0.07097566679136347
1386.0	-0.07072648054735464
1387.0	-0.07031608182747993
1388.0	-0.06925613981452683
1389.0	-0.07135321178392921
1390.0	-0.06887401058094127
1391.0	-0.06970768755498467
1392.0	-0.07036650847869853
1393.0	-0.06982545888975739
1394.0	-0.07056450403131884
1395.0	-0.0686974081530805
1396.0	-0.06997379183132901
1397.0	-0.06943350628255779
1398.0	-0.07068424004081414
1399.0	-0.07236152651111079
1400.0	-0.07114659349224756
1401.0	-0.07336209168799676
1402.0	-0.07247023851243915
1403.0	-0.07064549228933661
1404.0	-0.0690429726071025
1405.0	-0.07216986157704154
1406.0	-0.07055697277821485
1407.0	-0.0716778197075747
1408.0	-0.07245201069695541
1409.0	-0.0706020511482437
1410.0	-0.07358017058222811
1411.0	-0.07227628145786012
1412.0	-0.07188203673015074
1413.0	-0.07355484810802287
1414.0	-0.06974414318595241
1415.0	-0.07136761939856306
1416.0	-0.07283490397071091
1417.0	-0.07190299326052728
1418.0	-0.07375873768481174
1419.0	-0.07427042630150664
1420.0	-0.07303268122613983
1421.0	-0.07140789523038045
1422.0	-0.0711028249053672
1423.0	-0.07275686272477729
1424.0	-0.07204805174422757
1425.0	-0.07558872304050848
1426.0	-0.06942259142298665
1427.0	-0.07337769993718354
1428.0	-0.07315470935614518
1429.0	-0.07376506830336305
1430.0	-0.07109605769243316
1431.0	-0.0737665963837029
1432.0	-0.07106003865584841
1433.0	-0.07267685680412081
1434.0	-0.07371453250354865
1435.0	-0.07256410630475092
1436.0	-0.07395935280372927
1437.0	-0.07430175194847576
1438.0	-0.07711767656923324
1439.0	-0.07705055018287076
1440.0	-0.07500794336272824
1441.0	-0.07568248168422444
1442.0	-0.07293117303212827
1443.0	-0.0728219152878211
1444.0	-0.07581400574205663
1445.0	-0.07639762328332521
1446.0	-0.07592097136585375
1447.0	-0.07462308541425014
1448.0	-0.07330991865924669
1449.0	-0.07445772529174743
1450.0	-0.07449232539658789
1451.0	-0.07453249207980972
1452.0	-0.07635178087312644
1453.0	-0.07494038038198302
1454.0	-0.07699106419820806
1455.0	-0.07660467816938986
1456.0	-0.07792024619349866
1457.0	-0.07657269763084637
1458.0	-0.07697916700127537
1459.0	-0.07910898354939117
1460.0	-0.07619537093547227
1461.0	-0.07444244448834784
1462.0	-0.07495489714521267
1463.0	-0.0749893881014573
1464.0	-0.07660325923764556
1465.0	-0.07573607364471882
1466.0	-0.07546058258914319
1467.0	-0.07603928844360502
1468.0	-0.07732189359180903
1469.0	-0.07737515810651624
1470.0	-0.07558261071914854
1471.0	-0.07798639024249984
1472.0	-0.07846860873835268
1473.0	-0.07442672709056526
1474.0	-0.07461609990412446
1475.0	-0.07569208676064709
1476.0	-0.07670684125497554
1477.0	-0.07786665423300453
1478.0	-0.07937170421926835
1479.0	-0.07736588047588076
1480.0	-0.07986571076345807
1481.0	-0.07870349651632347
1482.0	-0.0778831356709568
1483.0	-0.07603175719050079
1484.0	-0.07721078032137482
1485.0	-0.07796630690088906
1486.0	-0.07557355138570444
1487.0	-0.07644521207105547
1488.0	-0.0769371447919265
1489.0	-0.07794818823400086
1490.0	-0.07933797730319364
1491.0	-0.07698069508161548
1492.0	-0.07892976155523317
1493.0	-0.07801695184929902
1494.0	-0.07648625194304304
1495.0	-0.0773690457851563
1496.0	-0.08079260063823887
1497.0	-0.08018115020506389
1498.0	-0.08159593430267446
1499.0	-0.07812850171411598
1500.0	-0.07918375033745344
1501.0	-0.07886350835763642
1502.0	-0.07679765288660734
1503.0	-0.07734274097359001
1504.0	-0.07996907448359666
1505.0	-0.07692011761099568
1506.0	-0.07991329955118806
1507.0	-0.07895191872016262
1508.0	-0.08204693630015375
1509.0	-0.0784165448581984
1510.0	-0.07874104363324808
1511.0	-0.07740386418718838
1512.0	-0.07885030137755525
1513.0	-0.07790987707690608
1514.0	-0.08129730374480809
1515.0	-0.08044212449740959
1516.0	-0.08249837489201603
1517.0	-0.08226916284102218
1518.0	-0.08069043755265294
1519.0	-0.0851507949163976
1520.0	-0.07957439316150429
1521.0	-0.0822712366643406
1522.0	-0.07857950371159526
1523.0	-0.08046493655391342
1524.0	-0.08200578727957061
1525.0	-0.08032948314663553
1526.0	-0.08054952671558972
1527.0	-0.08277910508018559
1528.0	-0.07885914241380797
1529.0	-0.07922544510101513
1530.0	-0.08115104462655487
1531.0	-0.08185101457085187
1532.0	-0.080934712109855
1533.0	-0.08109865330061342
1534.0	-0.0829950010025027
1535.0	-0.08464270820336123
1536.0	-0.08400015042040851
1537.0	-0.08329297666879472
1538.0	-0.08590523000995472
1539.0	-0.08455724485291943
1540.0	-0.08529694488605527
1541.0	-0.08276316938521164
1542.0	-0.08008018775403088
1543.0	-0.08323250834677047
1544.0	-0.08349151796439358
1545.0	-0.0812263571575957
1546.0	-0.08271121465365318
1547.0	-0.08263077213861396
1548.0	-0.08058958425021574
1549.0	-0.08122373759129874
1550.0	-0.0843213747375871
1551.0	-0.0838890371499743
1552.0	-0.08311484616059384
1553.0	-0.08326099613025124
1554.0	-0.08290877361189074
1555.0	-0.08785593371250806
1556.0	-0.08712813087630468
1557.0	-0.08610344385976638
1558.0	-0.08629314411911278
1559.0	-0.08752499517031127
1560.0	-0.08569086216797746
1561.0	-0.08639443401593297
1562.0	-0.08514511918942066
1563.0	-0.08679533680798085
1564.0	-0.08526725646802183
1565.0	-0.0850498324653646
1566.0	-0.08415787014121143
1567.0	-0.08529072341609976
1568.0	-0.08194422747158951
1569.0	-0.08572655375877503
1570.0	-0.08472609773048485
1571.0	-0.08342537391539265
1572.0	-0.08567863752525784
1573.0	-0.08269855341655057
1574.0	-0.08611337638197622
1575.0	-0.0848101421491826
1576.0	-0.0870620959758993
1577.0	-0.0859833804044839
1578.0	-0.08589889939140341
1579.0	-0.08701199677046789
1580.0	-0.08549122938642148
1581.0	-0.08755250061643048
1582.0	-0.08541580770678484
1583.0	-0.0859887286856739
1584.0	-0.08803428251790033
1585.0	-0.0839747187976077
1586.0	-0.0832106786276282
1587.0	-0.08482727847870924
1588.0	-0.08527915366495427
1589.0	-0.08681672993274012
1590.0	-0.08452908451522585
1591.0	-0.08745142901680167
1592.0	-0.08595652984993905
1593.0	-0.08643481899634618
1594.0	-0.0904032436392198
1595.0	-0.08863121618784589
1596.0	-0.09002820906435546
1597.0	-0.08877627467154618
1598.0	-0.08859617948862245
1599.0	-0.08739598153018024
1600.0	-0.08726631299847536
1601.0	-0.0878816927810958
1602.0	-0.08376602668260764
1603.0	-0.08383162498863027
1604.0	-0.08630558705902378
1605.0	-0.08749552504946921
1606.0	-0.08439024750148107
1607.0	-0.08611097511287062
1608.0	-0.0854178815301035
1609.0	-0.08481516298458518
1610.0	-0.08597628574576266
1611.0	-0.08537062018816043
1612.0	-0.08787754513445896
1613.0	-0.08727886508698217
1614.0	-0.08797534227621619
1615.0	-0.08747827957134677
1616.0	-0.08730626138450556
1617.0	-0.08936502219681315
1618.0	-0.08712474726983752
1619.0	-0.08947569887286462
1620.0	-0.08825803713910861
1621.0	-0.08699180428026129
1622.0	-0.08721206614640661
1623.0	-0.08476801079123791
1624.0	-0.08528635747227131
1625.0	-0.08866079545728352
1626.0	-0.0869632073481847
1627.0	-0.0834575727511275
1628.0	-0.08701570782272197
1629.0	-0.08937004303221598
1630.0	-0.08547878644651023
1631.0	-0.08536996529658607
1632.0	-0.0870039197743851
1633.0	-0.08895571496289556
1634.0	-0.08876557810916642
1635.0	-0.08885955505007401
1636.0	-0.08697837900298874
1637.0	-0.0915664402237157
1638.0	-0.08819243883308624
1639.0	-0.08947362504954595
1640.0	-0.08919213082120646
1641.0	-0.08962883435264771
1642.0	-0.08791520139997938
1643.0	-0.08795176617954269
1644.0	-0.08870161703207972
1645.0	-0.08816056744313831
1646.0	-0.08701341570221194
1647.0	-0.0884891047162295
1648.0	-0.09080774833492594
1649.0	-0.08843245659505541
1650.0	-0.0900592072655374
1651.0	-0.08713195107715457
1652.0	-0.08636943898751492
1653.0	-0.09112340607372314
1654.0	-0.09028732783057414
1655.0	-0.08924397640416935
1656.0	-0.09180765862023779
