0.0	0.0013596653245741804
1.0	0.006100975745989862
2.0	0.006553253607076119
3.0	0.005207120948585188
4.0	0.0043434034495048665
5.0	0.0044716689559002425
6.0	0.001250545010109739
7.0	0.0023794561753635113
8.0	0.0004384394542950853
9.0	-3.320198494137449e-05
10.0	2.001145726886547e-05
11.0	-0.0001545519277115813
12.0	-0.0035180636887740535
13.0	-0.0036281303435242484
14.0	-0.00035910702020342303
15.0	-0.004528609522927836
16.0	-0.004609849196671656
17.0	-0.004059006355075501
18.0	-0.005660869276884389
19.0	-0.0055731508119546145
20.0	-0.006295208449828773
21.0	-0.009511746285004827
22.0	-0.008574723811497579
23.0	-0.00807673043507876
24.0	-0.007556607255059468
25.0	-0.008335663696286539
26.0	-0.011874030023956053
27.0	-0.008499671747312781
28.0	-0.008166268785173052
29.0	-0.009613514263404547
30.0	-0.009109406072833014
31.0	-0.006209601051689771
32.0	-0.007563886795717541
33.0	-0.006550137963674614
34.0	-0.010629374162238586
35.0	-0.012061405400494777
36.0	-0.006928601282487744
37.0	-0.009734063456702299
38.0	-0.008345782257801193
39.0	-0.00870779381472735
40.0	-0.00827902886996687
41.0	-0.009768859661047749
42.0	-0.006897226462251382
43.0	-0.008259810882629287
44.0	-0.009839325614618097
45.0	-0.00835342577549217
46.0	-0.0076599767324041
47.0	-0.007214614434943351
48.0	-0.008212129891318911
49.0	-0.007773100794230821
50.0	-0.006998412077398593
51.0	-0.007042162116753676
52.0	-0.005268283649194327
53.0	-0.008786194467614588
54.0	-0.005102237326783962
55.0	-0.008733708979469818
56.0	-0.006862939825751792
57.0	-0.006199264103955511
58.0	-0.0033210793185665397
59.0	-0.007125731243508215
60.0	-0.007536297336623514
61.0	-0.006421508480246333
62.0	-0.005739488315991574
63.0	-0.004813021176438531
64.0	-0.0045070620825798735
65.0	-0.005502175290538406
66.0	-0.006180264502837874
67.0	-0.0025747080148944856
68.0	-0.004207872961533086
69.0	-0.004507644445832383
70.0	-0.003721890827200088
71.0	-0.0035995217487378188
72.0	-0.005092264356082266
73.0	-0.003060835740040442
74.0	-0.0037583613258971
75.0	-0.004532030907036927
76.0	-0.00249332275033703
77.0	-0.004686065987361812
78.0	-0.0045746890152933
79.0	-0.004056094538812271
80.0	-0.003837926705289699
81.0	-0.0010798543407592649
82.0	-0.004091181924783979
83.0	-0.0027205900096821936
84.0	-0.004104066711748903
85.0	-0.005633352613196672
86.0	-0.002112311592293575
87.0	-0.0036661295457591837
88.0	-0.0016149005791276053
89.0	-0.003502267085545901
90.0	-0.00123621887409453
91.0	-0.004037531710134186
92.0	-0.003918365629561401
93.0	-0.00457184999443672
94.0	-0.0042730248504228375
95.0	-0.001949395472366044
96.0	-0.003319841796654871
97.0	-0.004577528036149881
98.0	-0.0028824869939176622
99.0	-0.0030043465045337305
100.0	-0.0035090370583581118
101.0	-0.003555189346130224
102.0	-0.00382351321478685
103.0	-0.0018112297906756215
104.0	-0.0013343470821655528
105.0	-0.0022086199152000796
106.0	-0.0024587449322111847
107.0	-0.002027213762000773
108.0	-0.000664046978370019
109.0	-0.004950750085689402
110.0	0.00028738898564007766
111.0	-0.001214234661307354
112.0	0.0013775001991864584
113.0	-0.002442365965730521
114.0	-0.0013702352176097154
115.0	0.001785518453071431
116.0	0.0019485073684056102
117.0	0.0009288621084292371
118.0	0.0018694515568588733
119.0	0.0018059739623206832
120.0	0.0016167059052107937
121.0	-0.001724603256844557
122.0	-0.0012421153020276366
123.0	0.0019605914058980784
124.0	0.0012918928010474562
125.0	0.0030247874547016528
126.0	0.0022927568461257983
127.0	0.00037132208942751985
128.0	0.004251826828026448
129.0	0.003980154370667041
130.0	-0.0019626442363635333
131.0	0.003642165297912863
132.0	0.003347489492073878
133.0	0.0031567655268323743
134.0	0.00103725446882821
135.0	0.0031990596580558444
136.0	0.0009422564632403619
137.0	0.0025216983998221833
138.0	0.00020309190481939288
139.0	0.004734460373656666
140.0	0.0037584923576287283
141.0	3.8865467573544845e-05
142.0	0.0046923846286528025
143.0	0.0004768026335629249
144.0	0.003898769106109924
145.0	0.002835664988405061
146.0	0.004186674939136698
147.0	0.006356706009308158
148.0	0.004075297967068186
149.0	0.0029556318184499625
150.0	0.00686540031049414
151.0	0.004884637297432569
152.0	0.005277950879188438
153.0	0.0029342299689152965
154.0	0.00330221074918087
155.0	0.003946086120387397
156.0	0.005370109863919366
157.0	0.004413141449009407
158.0	0.0037675917834513193
159.0	0.0036512647237354535
160.0	0.0032272314804027216
161.0	0.0016790187732436245
162.0	0.002393214507207201
163.0	0.00329362089120414
164.0	0.0009575434986223146
165.0	0.00361486702044509
166.0	0.0009682444233894778
167.0	0.0030873187089544294
168.0	0.0008036540091103872
169.0	0.0033267428011983713
170.0	0.002380475311055574
171.0	0.004651546405561285
172.0	0.0013873275790748565
173.0	0.0014676209125332623
174.0	0.004009709305738884
175.0	0.00589984203760745
176.0	0.007231051637749332
177.0	0.006532070143761061
178.0	0.0069952673158340875
179.0	0.006932372084548407
180.0	0.003465709232361249
181.0	0.0073799910396132274
182.0	0.007252016714844446
183.0	0.0073586619854852115
184.0	0.006454397444939289
185.0	0.007811522209823979
186.0	0.008697151126285167
187.0	0.008011855168733935
188.0	0.010524970990120562
189.0	0.006264838206203145
190.0	0.0042883701221297695
191.0	0.009796725742687041
192.0	0.007996713724165279
193.0	0.008470903002632065
194.0	0.007087717482191611
195.0	0.010230076798061972
196.0	0.007851122911003827
197.0	0.009681417818662899
198.0	0.007079346010434827
199.0	0.010881814073179081
200.0	0.007882279345020242
201.0	0.00631142726641481
202.0	0.008120538710759163
203.0	0.008276612062468174
204.0	0.007882133754207283
205.0	0.00858089686197561
206.0	0.010450282902968669
207.0	0.009347286902457366
208.0	0.004946003825180325
209.0	0.006083796030037081
210.0	0.007445870882568785
211.0	0.008210222651666415
212.0	0.008253827100208541
213.0	0.00631594058162295
214.0	0.00823570104396967
215.0	0.008128255023856789
216.0	0.006972555148981105
217.0	0.008534671778796849
218.0	0.004361311119523793
219.0	0.010220540599799828
220.0	0.005747481251634125
221.0	0.009427871417542364
222.0	0.006375778405832104
223.0	0.008814497321693095
224.0	0.00677506121092739
225.0	0.006564900872129036
226.0	0.008423367602134985
227.0	0.008186127372088466
228.0	0.009678651593212967
229.0	0.0042648572058043305
230.0	0.005472096228539032
231.0	0.005907631146111723
232.0	0.006431539687273009
233.0	0.008011636782514328
234.0	0.005776017051013566
235.0	0.007218967600256865
236.0	0.007467127141290493
237.0	0.009677850843740511
238.0	0.009399917981415432
239.0	0.008422785238882137
240.0	0.00849572623627616
241.0	0.006776662709872301
242.0	0.006622409243327809
243.0	0.008662500512752674
244.0	0.007456280625710033
245.0	0.008074750400019953
246.0	0.006849094139420124
247.0	0.006713257910740421
248.0	0.007212343218257951
249.0	0.004886602773410384
250.0	0.0032321087726434267
251.0	0.003701493554276155
252.0	0.004349227082031325
253.0	0.0043957433468363415
254.0	0.004081339985814251
255.0	0.003798093058808576
256.0	0.004473270454844815
257.0	0.00014900491773004858
258.0	0.004148748532308072
259.0	0.002455600170647019
260.0	0.0001621808863212279
261.0	0.003870888465389302
262.0	-0.0001843252490030307
263.0	0.001276532970258855
264.0	-0.002175643596018807
265.0	0.00037168606646042346
266.0	0.000998527312527128
267.0	0.002985696321367667
268.0	-0.00044041948935423026
269.0	6.150483901987963e-05
270.0	0.0002891360753979473
271.0	9.287965925624058e-05
272.0	-0.002361635859832563
273.0	-0.0005239886161087688
274.0	-0.0031733046432076647
275.0	-0.003045330318438883
276.0	-0.003682435716833199
277.0	-0.003946901428941182
278.0	-0.004084557542785404
279.0	-0.0009850019259843748
280.0	-0.0027491986044682836
281.0	-0.009784146696429703
282.0	-0.0013122172785647408
283.0	-0.004443584488041344
284.0	-0.006607063971620539
285.0	-0.004409880214794603
286.0	-0.005900730141567884
287.0	-0.00783723354742817
288.0	-0.003990797059109224
289.0	-0.006938574253189099
290.0	-0.005278547801522278
291.0	-0.006147652160689505
292.0	-0.0060921820608751944
293.0	-0.004692326392327822
294.0	-0.005755430510032686
295.0	-0.0077567946231564665
296.0	-0.004784994944904952
297.0	-0.007540009902359199
298.0	-0.005796123142311245
299.0	-0.0075895835742407405
300.0	-0.004507353264206128
301.0	-0.007809352906707886
302.0	-0.006170946690795338
303.0	-0.006530483203897817
304.0	-0.007765457276539845
305.0	-0.0071316276714413224
306.0	-0.0053961851785568
307.0	-0.008427531499391553
308.0	-0.006029359624995825
309.0	-0.007469252767162596
310.0	-0.007306627828861321
311.0	-0.008674963086359375
312.0	-0.008608136903118065
313.0	-0.0076255445050915525
314.0	-0.010355736228901704
315.0	-0.00686818109502574
316.0	-0.008627427685861956
317.0	-0.007813283858663178
318.0	-0.008761298438564184
319.0	-0.008902521527330794
320.0	-0.011293632247287718
321.0	-0.008111745025644157
322.0	-0.007863658280017175
323.0	-0.007919128379831487
324.0	-0.008326637065870597
325.0	-0.009624287983578696
326.0	-0.008701315023541394
327.0	-0.006447496440395789
328.0	-0.007611203809995014
329.0	-0.0071445124584062466
330.0	-0.006682043240398687
331.0	-0.009794920416603852
332.0	-0.003791410440484682
333.0	-0.00699739294170653
334.0	-0.008374827625026835
335.0	-0.005803985046222166
336.0	-0.005208445824985174
337.0	-0.006939375002661554
338.0	-0.006454048026988055
339.0	-0.0044486073710953465
340.0	-0.0035061252420948825
341.0	-0.005347193869928107
342.0	-0.00437173542174637
343.0	-0.004027849921058747
344.0	-0.0038259154632038785
345.0	-0.003560139433777578
346.0	-0.0011666264654032876
347.0	-0.0043492416411126545
348.0	-0.0051376158943819234
349.0	-0.0020620099663462245
350.0	-0.003426123090262732
351.0	-0.003049042884174568
352.0	5.881140897659614e-05
353.0	-5.5397304406983795e-06
354.0	0.001522290262875456
355.0	-0.0009151911310735257
356.0	0.00023009900066091023
357.0	0.001449494856294729
358.0	0.001540416319113989
359.0	0.0016164147235842
360.0	0.002105818242026628
361.0	0.0002789447184766456
362.0	0.0035596153068503866
363.0	0.0009171420479700112
364.0	0.0041745181062375816
365.0	0.0038614978579404567
366.0	0.002675806275553717
367.0	0.002576950113416887
368.0	0.005056361661556435
369.0	0.0022190878946663065
370.0	0.0014893867391008318
371.0	0.0011366929942172115
372.0	0.005989817160141296
373.0	0.0016849152011767312
374.0	0.0034434338379474793
375.0	0.0012130553757206649
376.0	0.0021929543437035543
377.0	0.003406453771404267
378.0	0.004379582766575623
379.0	0.004041011330568596
380.0	0.0020859450960298864
381.0	0.0027698579408558127
382.0	0.005199914203333764
383.0	0.00016815010966064409
384.0	0.005606622139900418
385.0	0.0005629923949547764
386.0	0.001795054651333574
387.0	0.003460322372274004
388.0	0.004213172467132015
389.0	0.003011538690703825
390.0	0.003255621688969205
391.0	0.0017173091571051548
392.0	0.0012894177572237793
393.0	0.003744952412004646
394.0	0.002263420297273901
395.0	0.003899788241801987
396.0	0.003916676776128851
397.0	0.004218122554779368
398.0	0.006030436997013206
399.0	0.0029320461067178748
400.0	0.008430719938199707
401.0	0.006630853510491241
402.0	0.005726880151571576
403.0	0.00805560520808902
404.0	0.008707342483206468
405.0	0.007138819857611417
406.0	0.008281052582269665
407.0	0.010049253008115515
408.0	0.0078388932826984
409.0	0.013952833890600331
410.0	0.008135170587481958
411.0	0.010255700781178522
412.0	0.010751801477026174
413.0	0.01001460239458302
414.0	0.010959923544440404
415.0	0.011367286639666217
416.0	0.011731045286349906
417.0	0.011401354889945862
418.0	0.0098574371117753
419.0	0.012739844030745818
420.0	0.013133885566567156
421.0	0.01260145996283579
422.0	0.011641943708695163
423.0	0.012336266296661999
424.0	0.012158135936759164
425.0	0.013156160960980925
426.0	0.013834322968687043
427.0	0.012929548860294921
428.0	0.011668878009130032
429.0	0.01277165562342139
430.0	0.013169191338758806
431.0	0.013380079631623309
432.0	0.013206316996114978
433.0	0.011101656201052875
434.0	0.013565271145964609
435.0	0.017018758029560925
436.0	0.0145615490804285
437.0	0.015220565896203683
438.0	0.015593642354929906
439.0	0.014542549479310862
440.0	0.017999894519455824
441.0	0.014532867690235424
442.0	0.01607081624506657
443.0	0.018636781531630533
444.0	0.016019131506394255
445.0	0.016042426036500086
446.0	0.015808243213529756
447.0	0.015440917591923679
448.0	0.015132265068021396
449.0	0.016506569548858867
450.0	0.01716711506817231
451.0	0.01811563921591918
452.0	0.017222585167986963
453.0	0.016080134057108765
454.0	0.015380715790681282
455.0	0.016518071223098486
456.0	0.01801496316861817
457.0	0.015396002826063234
458.0	0.014486860993276608
459.0	0.014722354133565258
460.0	0.015691333790561375
461.0	0.013825077952051155
462.0	0.015566780849901688
463.0	0.013878073008041789
464.0	0.014869036877825422
465.0	0.013416404539507024
466.0	0.013727386516419684
467.0	0.01408248250972067
468.0	0.01579695992550974
469.0	0.014045065670738247
470.0	0.015774393349469715
471.0	0.017357256670161306
472.0	0.01629371578001689
473.0	0.01464460863933684
474.0	0.01617818946977314
475.0	0.019399240620156997
476.0	0.015366739072617647
477.0	0.01459197756037911
478.0	0.015329249438228573
479.0	0.016707921643461222
480.0	0.017356310329875554
481.0	0.017283005355448966
482.0	0.017358930964512527
483.0	0.01580147324071788
484.0	0.015631568761758533
485.0	0.013413055950804243
486.0	0.014727595402838866
487.0	0.017285334808459344
488.0	0.019181509559074314
489.0	0.014531921349950011
490.0	0.01540837804518196
491.0	0.014866416243188449
492.0	0.014841956986577257
493.0	0.015153885303775668
494.0	0.014658366971180867
495.0	0.013128644297293207
496.0	0.015464721689875371
497.0	0.017067530951970014
498.0	0.015144640287140122
499.0	0.016443310340540286
500.0	0.014149163102148685
501.0	0.014971023242445088
502.0	0.016679240253268147
503.0	0.015163275911224516
504.0	0.013470418731189718
505.0	0.01778187227674655
506.0	0.016272969089141383
507.0	0.01661554427251001
508.0	0.015903532400744196
509.0	0.015614971409057923
510.0	0.015687985201858594
511.0	0.017212102629439067
512.0	0.015140418153558235
513.0	0.01465414483759898
514.0	0.016484658131478
515.0	0.016196097139792066
516.0	0.01605028794041067
517.0	0.01608231791930619
518.0	0.015443538226560314
519.0	0.015896107269272826
520.0	0.015057795367089111
521.0	0.013579757431874107
522.0	0.015239929474354225
523.0	0.014624953879560042
524.0	0.015102273360510001
525.0	0.01268772251963395
526.0	0.015295545164981833
527.0	0.0127872338404296
528.0	0.012520147493684982
529.0	0.013683345295438343
530.0	0.009516827404384148
531.0	0.012812348255699952
532.0	0.012313481334402366
533.0	0.012881212710325385
534.0	0.013394056349686604
535.0	0.011549711928557247
536.0	0.011546872907700668
537.0	0.011209102221166094
538.0	0.013295272982956763
539.0	0.011004692719487551
540.0	0.011836016262639448
541.0	0.008827163722438072
542.0	0.010020134845483223
543.0	0.011884425208015633
544.0	0.009366577685201256
545.0	0.009447598972725808
546.0	0.010550230996203872
547.0	0.009890995794209084
548.0	0.007075779035512439
549.0	0.011985465232349545
550.0	0.008992773272409226
551.0	0.010093803796942715
552.0	0.008529066532489997
553.0	0.007850686138564274
554.0	0.009128755091902228
555.0	0.006691346493359554
556.0	0.008644301661107492
557.0	0.009274273109657031
558.0	0.005327815732696236
559.0	0.007157382686289501
560.0	0.00750731020572319
561.0	0.0046844499293355706
562.0	0.005010646146223875
563.0	0.004898614015496204
564.0	0.0044022221380222975
565.0	0.00581641850166587
566.0	0.005746971683787924
567.0	0.004450194310958928
568.0	0.0027826699324140884
569.0	0.004651255223934692
570.0	0.004529250122505666
571.0	0.007082840189950905
572.0	0.004170441563468992
573.0	0.001421832601794053
574.0	0.0005755860002931065
575.0	0.004116063394753393
576.0	0.0043092624038185735
577.0	0.003039200945204501
578.0	0.0027643982853622585
579.0	0.0024105398139736174
580.0	0.0007267820597614112
581.0	0.00438948294187067
582.0	-0.0010643489191573667
583.0	0.001290218506696235
584.0	0.000185693802646667
585.0	0.00012061470916356523
586.0	0.002674277572015454
587.0	0.0014877124447496106
588.0	-0.0005159811213848889
589.0	-0.002612488830909815
590.0	-0.003159182334331072
591.0	-0.0012402954168631184
592.0	-0.004860847758562204
593.0	-0.0024925220008649132
594.0	-0.0029657649390459452
595.0	-0.0020046471859607477
596.0	-0.002045339818239306
597.0	-0.0017706827492103602
598.0	-0.004296756152968222
599.0	-0.003402537378530305
600.0	-0.004846579858872315
601.0	-0.006323161885955704
602.0	-0.007361442770016812
603.0	-0.005438115332747366
604.0	-0.0037320093887147415
605.0	-0.006124867198429873
606.0	-0.005932032166397596
607.0	-0.006839936477272215
608.0	-0.0034673252903871512
609.0	-0.007899619210867988
610.0	-0.009118942271095158
611.0	-0.007028330989503338
612.0	-0.010059167742491892
613.0	-0.007094647604898449
614.0	-0.007141600642143017
615.0	-0.006633561499615854
616.0	-0.008255807135267346
617.0	-0.008004299005530936
618.0	-0.00824998350274089
619.0	-0.006363344950388402
620.0	-0.008290603339613139
621.0	-0.0090834181126839
622.0	-0.008873184978478558
623.0	-0.00960252215701079
624.0	-0.010355226661055502
625.0	-0.012991148333343614
626.0	-0.012671358112234615
627.0	-0.013982621770973109
628.0	-0.01254935301080525
629.0	-0.01096932871097058
630.0	-0.013886677425099848
631.0	-0.01427686080437254
632.0	-0.015782924971121125
633.0	-0.014011448751979145
634.0	-0.017009673162819667
635.0	-0.015086855293396423
636.0	-0.01521723186658223
637.0	-0.018789884830751336
638.0	-0.016255075978203786
639.0	-0.01602511528881534
640.0	-0.018321591980217315
641.0	-0.01891989742690458
642.0	-0.019348807962478017
643.0	-0.01484641206546008
644.0	-0.018998516466011767
645.0	-0.02109968308155779
646.0	-0.015018063634177636
647.0	-0.02056747586404603
648.0	-0.018707480430501817
649.0	-0.021020700065417702
650.0	-0.018667151775256165
651.0	-0.02063503000135281
652.0	-0.020223590363358745
653.0	-0.022510458061092274
654.0	-0.022844588977297804
655.0	-0.01888713949394325
656.0	-0.021435779473740802
657.0	-0.019048599705739168
658.0	-0.019581534877316738
659.0	-0.023380945532984466
660.0	-0.01766119205171717
661.0	-0.019795553372664074
662.0	-0.020975785299557258
663.0	-0.023134678672522002
664.0	-0.01909497037973123
665.0	-0.02246357781925435
666.0	-0.02020553710252652
667.0	-0.020202406900043688
668.0	-0.022677741905414644
669.0	-0.021346313919053155
670.0	-0.02090692084493182
671.0	-0.01973047427918097
672.0	-0.019652000830886744
673.0	-0.021726160350591592
674.0	-0.020517392624318627
675.0	-0.023024029654519298
676.0	-0.021134260899683635
677.0	-0.02180907431868697
678.0	-0.020280807552931265
679.0	-0.018482761010387316
680.0	-0.021985457588831935
681.0	-0.02000090921462837
682.0	-0.020904809778141048
683.0	-0.019084560636589983
684.0	-0.018639489520755486
685.0	-0.021557275007324305
686.0	-0.019614438401091023
687.0	-0.019619970851991225
688.0	-0.020161350290732225
689.0	-0.020808938227674437
690.0	-0.018844918158126434
691.0	-0.019219159343357675
692.0	-0.019652437603326297
693.0	-0.020136235875461875
694.0	-0.02159760366256996
695.0	-0.019531597228402288
696.0	-0.02001750656732864
697.0	-0.018059310130307097
698.0	-0.019185091093078033
699.0	-0.019173807805058018
700.0	-0.02034057258173377
701.0	-0.019581971649756287
702.0	-0.021062339037981673
703.0	-0.021364221589072082
704.0	-0.019075097233734486
705.0	-0.018399410269852385
706.0	-0.02007996502617477
707.0	-0.01928234575626995
708.0	-0.019826782602087138
709.0	-0.018066225693932264
710.0	-0.0204239233222687
711.0	-0.017225365952518223
712.0	-0.019820449401714478
713.0	-0.020214418142129507
714.0	-0.019326678158877543
715.0	-0.02086084135256636
716.0	-0.018064696990394
717.0	-0.022456735051035494
718.0	-0.020400919973789462
719.0	-0.02080063955132396
720.0	-0.021325203251144745
721.0	-0.020706078318175666
722.0	-0.02116308788068967
723.0	-0.02339783406731133
724.0	-0.021475671356547245
725.0	-0.02427916805478398
726.0	-0.023370535789843556
727.0	-0.02259737577654959
728.0	-0.022686695740424277
729.0	-0.023974155301210737
730.0	-0.023348697167869338
731.0	-0.023900559145157894
732.0	-0.024539921201156282
733.0	-0.023022937723420588
734.0	-0.02360420904496769
735.0	-0.02201952583911192
736.0	-0.02188631024506919
737.0	-0.022825079808333967
738.0	-0.02077261331979038
739.0	-0.02080020277888475
740.0	-0.02081912958459574
741.0	-0.02068241981103693
742.0	-0.019682866083276903
743.0	-0.021612453925512358
744.0	-0.021943891411674275
745.0	-0.02256607375171988
746.0	-0.025825997649218113
747.0	-0.024104313488177282
748.0	-0.022983628203866992
749.0	-0.02293762150690784
750.0	-0.02471084481580769
751.0	-0.023545754333483163
752.0	-0.025330697702842582
753.0	-0.023745504929140945
754.0	-0.023938776733612777
755.0	-0.024110428302329994
756.0	-0.02333821462932178
757.0	-0.020821968605452316
758.0	-0.022980134024350916
759.0	-0.019876065092342424
760.0	-0.019428955705123464
761.0	-0.024966283897499733
762.0	-0.021073695121408335
763.0	-0.02309646108406712
764.0	-0.020287067957896934
765.0	-0.019246530416232095
766.0	-0.020624984235244802
767.0	-0.018384705597722942
768.0	-0.017112096299878546
769.0	-0.023287840207967783
770.0	-0.019835736437096428
771.0	-0.020382502735924336
772.0	-0.02026734040271383
773.0	-0.022638650772081
774.0	-0.02229847783712906
775.0	-0.018276604418950564
776.0	-0.019554018213629017
777.0	-0.017908405252465384
778.0	-0.02176466912067273
779.0	-0.019316268415736637
780.0	-0.02085858469496229
781.0	-0.020663929777765495
782.0	-0.020380610055353167
783.0	-0.020153779568447897
784.0	-0.020826117943627216
785.0	-0.02067652338310382
786.0	-0.021458273254374514
787.0	-0.020059145539892954
788.0	-0.02195779533433126
789.0	-0.020931816873982566
790.0	-0.018573318496173673
791.0	-0.01910334185148801
792.0	-0.019891716104757283
793.0	-0.020278769281546802
794.0	-0.022638796362893957
795.0	-0.019316923574395795
796.0	-0.020844535181492343
797.0	-0.021628832891993025
798.0	-0.021180995550708258
799.0	-0.024104823056023142
800.0	-0.02173489579938128
801.0	-0.023124414520194054
802.0	-0.02052445377875675
803.0	-0.022121657794544544
804.0	-0.021373976173553834
805.0	-0.02433012483939049
806.0	-0.021629924823091735
807.0	-0.02731306221484906
808.0	-0.026258256773494332
809.0	-0.02296673966954013
810.0	-0.02182334221837686
811.0	-0.023985438589230752
812.0	-0.025095714130400126
813.0	-0.0220627663106208
814.0	-0.025634909706943702
815.0	-0.024441501811459
816.0	-0.025418998531025205
817.0	-0.02612351247591334
818.0	-0.027113384414598263
819.0	-0.027065485037067943
820.0	-0.02563054198254886
821.0	-0.028429088593138245
822.0	-0.025846089181434124
823.0	-0.028029223424790112
824.0	-0.02596911341855555
825.0	-0.026352745211235977
826.0	-0.02647795331055483
827.0	-0.02723218651813781
828.0	-0.02755379662441166
829.0	-0.02784352234260295
830.0	-0.02700885021074827
831.0	-0.026972816484490812
832.0	-0.027295518521863037
833.0	-0.028376093537147273
834.0	-0.026901113009008798
835.0	-0.029276499921144554
836.0	-0.028713500246648944
837.0	-0.02808200009456114
838.0	-0.027165287539490185
839.0	-0.029074201486256446
840.0	-0.029788178834000412
841.0	-0.02942820554845872
842.0	-0.026619758762574285
843.0	-0.0282283188617884
844.0	-0.030745220044317022
845.0	-0.030203767810169712
846.0	-0.029361670546844004
847.0	-0.03167452620472665
848.0	-0.029246726599852762
849.0	-0.030217890119046308
850.0	-0.02912355677191838
851.0	-0.028887772450003475
852.0	-0.029581585470124107
853.0	-0.030188116797754856
854.0	-0.03374693863467328
855.0	-0.029834039940146273
856.0	-0.03087566941290982
857.0	-0.028050406888105173
858.0	-0.030468233522277354
859.0	-0.027442274061529846
860.0	-0.027052673045509668
861.0	-0.028446559490717623
862.0	-0.02950500470240139
863.0	-0.028069479284629457
864.0	-0.028767150461299074
865.0	-0.03253096416314889
866.0	-0.03170932240907244
867.0	-0.02735979686587402
868.0	-0.029983270523636762
869.0	-0.031015218207325206
870.0	-0.03151888962545719
871.0	-0.0300416524397143
872.0	-0.032125784930120506
873.0	-0.031452281828435825
874.0	-0.027435140111685075
875.0	-0.03200443498735063
876.0	-0.02687621697995805
877.0	-0.029971623258583845
878.0	-0.029396612342002755
879.0	-0.028898982942616835
880.0	-0.02945928918706849
881.0	-0.031416830465430874
882.0	-0.03076130782917143
883.0	-0.0304634290254433
884.0	-0.029111254348206307
885.0	-0.028578319176628737
886.0	-0.03177185366332521
887.0	-0.029561348347094802
888.0	-0.03138669316710652
889.0	-0.031083500298697796
890.0	-0.03297807355036785
891.0	-0.029525678597870246
892.0	-0.032896105922557886
893.0	-0.030622778170448443
894.0	-0.0319445243677345
895.0	-0.031606753681199924
896.0	-0.031034581785475412
897.0	-0.031623205443087235
898.0	-0.03156795372949253
899.0	-0.033029758289040166
900.0	-0.03228950179952082
901.0	-0.03089328590130249
902.0	-0.0315251500304232
903.0	-0.03281355593149541
904.0	-0.034956652701232
905.0	-0.03183074514724895
906.0	-0.032462900457995915
907.0	-0.03187114659790126
908.0	-0.03257915472230547
909.0	-0.030022871224816606
910.0	-0.031390260142028906
911.0	-0.03485816051612807
912.0	-0.03305283443292605
913.0	-0.03373274353039004
914.0	-0.03408361739010914
915.0	-0.03480305439334667
916.0	-0.030957709836126435
917.0	-0.0322761074447097
918.0	-0.03521733305219765
919.0	-0.03277431920734847
920.0	-0.031713398951840686
921.0	-0.032844785160918474
922.0	-0.033243849579794156
923.0	-0.029191766067884317
924.0	-0.031080588482434567
925.0	-0.034589399875032234
926.0	-0.03626587808858637
927.0	-0.034663141621898375
928.0	-0.03231738244024111
929.0	-0.035948126138861496
930.0	-0.03431743623604657
931.0	-0.035156840069328996
932.0	-0.032859635423860875
933.0	-0.037607497431869155
934.0	-0.0345559139880051
935.0	-0.03661209304228437
936.0	-0.03441374455895274
937.0	-0.037819404860425725
938.0	-0.0335883902391406
939.0	-0.034310593467828054
940.0	-0.03625313889243474
941.0	-0.03353306573013924
942.0	-0.03785653051778189
943.0	-0.03613615667405938
944.0	-0.034832463737605214
945.0	-0.035425236733391936
946.0	-0.03891876109060765
947.0	-0.0346013383217114
948.0	-0.036909535073572954
949.0	-0.0419851220020078
950.0	-0.03739799225172963
951.0	-0.04192339149722714
952.0	-0.038008964099161865
953.0	-0.03970385955058079
954.0	-0.03952536521364505
955.0	-0.039006261169317824
956.0	-0.03915585572984122
957.0	-0.038458402939391206
958.0	-0.04023701310837796
959.0	-0.035237715766040255
960.0	-0.041384123125277256
961.0	-0.03834607962703728
962.0	-0.039614757972926046
963.0	-0.04059232748789855
964.0	-0.04035938218684023
965.0	-0.0390539421606282
966.0	-0.04164574981652832
967.0	-0.03934046488093
968.0	-0.041087700229680404
969.0	-0.04238418642088314
970.0	-0.041387253327760096
971.0	-0.044768235986401936
972.0	-0.04093351955854256
973.0	-0.04364201825119145
974.0	-0.04323945965280003
975.0	-0.042120157481215045
976.0	-0.03996388474288728
977.0	-0.04102080125103279
978.0	-0.04242699011995281
979.0	-0.04219215213832332
980.0	-0.04338541444299439
981.0	-0.04237341270070933
982.0	-0.04059392898684347
983.0	-0.038832935306249046
984.0	-0.0426959691472686
985.0	-0.04141382365116206
986.0	-0.04356864048135821
987.0	-0.04138630698747468
988.0	-0.04657057745793408
989.0	-0.045112048691682914
990.0	-0.0426152390413703
991.0	-0.0416234016267079
992.0	-0.045042237896771725
993.0	-0.045628313715153225
994.0	-0.04498305523122173
995.0	-0.044772749301610085
996.0	-0.042865218467568786
997.0	-0.04747848176880904
998.0	-0.042753186336840776
999.0	-0.0433366415205853
1000.0	-0.045921751999080204
1001.0	-0.04589605522055734
1002.0	-0.04621104094483194
1003.0	-0.04518353378094499
1004.0	-0.04565663112831306
1005.0	-0.04774869831803683
1006.0	-0.04759582796421731
1007.0	-0.04346323273262946
1008.0	-0.045917020297652454
1009.0	-0.04480878302786754
1010.0	-0.046755696176869074
1011.0	-0.04849812702878541
1012.0	-0.04932238941749884
1013.0	-0.04801716777750641
1014.0	-0.04674783427295815
1015.0	-0.04703195474484293
1016.0	-0.04816152106875586
1017.0	-0.04982263945152173
1018.0	-0.049913342528121046
1019.0	-0.04723549070164271
1020.0	-0.04773770621164307
1021.0	-0.0508714756695367
1022.0	-0.04862056890265399
1023.0	-0.047676630865521916
1024.0	-0.04819762759041997
1025.0	-0.050496288144019706
1026.0	-0.05043797902334848
1027.0	-0.04918742673369824
1028.0	-0.04900536542183978
1029.0	-0.05118879084682203
1030.0	-0.050076913806708076
1031.0	-0.049741836550217126
1032.0	-0.050581167588092904
1033.0	-0.048677203728974
1034.0	-0.04949950064170962
1035.0	-0.05197942175769536
1036.0	-0.04914899075902342
1037.0	-0.05040150852465146
1038.0	-0.05044351147424868
1039.0	-0.04925672796076289
1040.0	-0.05241881483181669
1041.0	-0.05087635296177775
1042.0	-0.0505695931184463
1043.0	-0.05142668623552804
1044.0	-0.05157635359145775
1045.0	-0.05426912847628547
1046.0	-0.05104618464533045
1047.0	-0.05109590390802495
1048.0	-0.051790954450057936
1049.0	-0.055632659236949135
1050.0	-0.05209218184248884
1051.0	-0.053979184371874565
1052.0	-0.052735984418288716
1053.0	-0.054982741846996544
1054.0	-0.051376821382020245
1055.0	-0.05532779207418918
1056.0	-0.05173897852975936
1057.0	-0.054842028326075785
1058.0	-0.052693326310032686
1059.0	-0.0563108940400619
1060.0	-0.054003425242265826
1061.0	-0.05493571601434531
1062.0	-0.05437308031688295
1063.0	-0.05289635269898626
1064.0	-0.05499402513501654
1065.0	-0.056514211610641726
1066.0	-0.05428761850955691
1067.0	-0.05696146658867365
1068.0	-0.0559852801864261
1069.0	-0.05672946762790108
1070.0	-0.05825642407633812
1071.0	-0.05762892767161226
1072.0	-0.05558257599722173
1073.0	-0.058516813245677514
1074.0	-0.057697573740018084
1075.0	-0.057329738550565466
1076.0	-0.05866436953481678
1077.0	-0.059866076106651275
1078.0	-0.05963669778051535
1079.0	-0.058285032671124545
1080.0	-0.06031143840411204
1081.0	-0.06024956230851841
1082.0	-0.05843520959490045
1083.0	-0.058493227533945424
1084.0	-0.058815856775911
1085.0	-0.06001086617034028
1086.0	-0.05933212179938165
1087.0	-0.059642157436008904
1088.0	-0.0591269843436373
1089.0	-0.06050594773049587
1090.0	-0.06030095586556448
1091.0	-0.05946773964184141
1092.0	-0.05956455753259378
1093.0	-0.06077485396240501
1094.0	-0.06328156378801233
1095.0	-0.06009712872713844
1096.0	-0.05927410386033668
1097.0	-0.062433861278379764
1098.0	-0.06413450756691884
1099.0	-0.06210599076714024
1100.0	-0.05861821724704434
1101.0	-0.06081816722932054
1102.0	-0.06597586737637831
1103.0	-0.06228040856130773
1104.0	-0.06255047951972223
1105.0	-0.06259721417074685
1106.0	-0.06170685355285825
1107.0	-0.061288716737458296
1108.0	-0.06480051274172584
1109.0	-0.06318743932730359
1110.0	-0.06175722797421192
1111.0	-0.0645265836267627
1112.0	-0.06441935599286909
1113.0	-0.06474031094048344
1114.0	-0.06766472080905117
1115.0	-0.06383597360453121
1116.0	-0.06471126557325779
1117.0	-0.06318074214989802
1118.0	-0.06331898062699474
1119.0	-0.06179275213262351
1120.0	-0.06331264742662243
1121.0	-0.06612582591393461
1122.0	-0.0683722193656092
1123.0	-0.06456050628622904
1124.0	-0.06531837926414105
1125.0	-0.06727570215628384
1126.0	-0.06799492077330141
1127.0	-0.0681631509579092
1128.0	-0.07006158236612824
1129.0	-0.06609386873044573
1130.0	-0.06815507066777901
1131.0	-0.06730773213517935
1132.0	-0.06699995315615584
1133.0	-0.06922385282719704
1134.0	-0.07084704480313428
1135.0	-0.06884058501154952
1136.0	-0.07179316670246379
1137.0	-0.07289427002240392
1138.0	-0.07194137815026222
1139.0	-0.07219368702947107
1140.0	-0.06836297434897329
1141.0	-0.07289332368211851
1142.0	-0.07163541905640355
1143.0	-0.06981233089399556
1144.0	-0.07326181403022994
1145.0	-0.0704682175072879
1146.0	-0.07234663017869725
1147.0	-0.07165369070345504
1148.0	-0.07428852044464444
1149.0	-0.07210196481717937
1150.0	-0.07558333234149597
1151.0	-0.07222637216702575
1152.0	-0.0746950827903978
1153.0	-0.0761575425086046
1154.0	-0.07263897653152518
1155.0	-0.07362397117796907
1156.0	-0.07385203918678668
1157.0	-0.07367412721310311
1158.0	-0.07690216672251912
1159.0	-0.07353203057945774
1160.0	-0.07464325246091252
1161.0	-0.07856313951447136
1162.0	-0.0760132620127618
1163.0	-0.07792042886977019
1164.0	-0.07643125323734813
1165.0	-0.07371212641533839
1166.0	-0.07919835223229485
1167.0	-0.07792909152315322
1168.0	-0.07711967939738221
1169.0	-0.07593275029308345
1170.0	-0.07534041406973593
1171.0	-0.077409987478826
1172.0	-0.07654481407161406
1173.0	-0.07503190713664695
1174.0	-0.07429114107928142
1175.0	-0.07843705787027375
1176.0	-0.07726374150700539
1177.0	-0.07953284712553328
1178.0	-0.07462913015203594
1179.0	-0.08030513359394814
1180.0	-0.07873449990156231
1181.0	-0.07931955658425176
1182.0	-0.07849078088033018
1183.0	-0.08088589534764938
1184.0	-0.0765745145974992
1185.0	-0.07893577920075803
1186.0	-0.07680236422009687
1187.0	-0.08050233635037526
1188.0	-0.07813095318560179
1189.0	-0.08055664172368456
1190.0	-0.07823759845624255
1191.0	-0.079204030274008
1192.0	-0.07710082538707785
1193.0	-0.07685499529905461
1194.0	-0.0790625887990218
1195.0	-0.07914273654166723
1196.0	-0.07989769770331602
1197.0	-0.08005944909673819
1198.0	-0.08096196654752624
1199.0	-0.07989988156551345
1200.0	-0.07890316685861
1201.0	-0.0792029383429093
1202.0	-0.07985198218798312
1203.0	-0.0788423826941151
1204.0	-0.08088210998650705
1205.0	-0.08120364729737425
1206.0	-0.07753468601029899
1207.0	-0.08003280597792958
1208.0	-0.0801261296891662
1209.0	-0.08096415040972367
1210.0	-0.07983902460561189
1211.0	-0.07773611090030766
1212.0	-0.08078980541096283
1213.0	-0.08178149723481193
1214.0	-0.07857020066890982
1215.0	-0.08120757824932955
1216.0	-0.07814529388069799
1217.0	-0.08197462344847047
1218.0	-0.07804469062880362
1219.0	-0.07941178836438967
1220.0	-0.07755776215418488
1221.0	-0.07759423265288189
1222.0	-0.07905931300572566
1223.0	-0.07911034258573882
1224.0	-0.07982846927165768
1225.0	-0.08067930198377307
1226.0	-0.07838369883724987
1227.0	-0.07959537837978606
1228.0	-0.07629323314647134
1229.0	-0.0766885122042047
1230.0	-0.07819137337306378
1231.0	-0.0789832418058488
1232.0	-0.07738676574412681
1233.0	-0.07800800174388667
1234.0	-0.07760449680520984
1235.0	-0.07910786754191514
1236.0	-0.07666055876807742
1237.0	-0.08059667919730396
1238.0	-0.07667264280556989
1239.0	-0.07723811752388918
1240.0	-0.07554373164031611
1241.0	-0.07881872418697636
1242.0	-0.07757763530018161
1243.0	-0.07881006153359332
1244.0	-0.07611291892437075
1245.0	-0.07886589561044052
1246.0	-0.07770895821365317
1247.0	-0.07732518083015946
1248.0	-0.07838952246977633
1249.0	-0.07637512797887466
1250.0	-0.07538117949742115
1251.0	-0.07820833470279696
1252.0	-0.07790055572377379
1253.0	-0.07746640391892606
1254.0	-0.07685710636584539
1255.0	-0.07793637106381131
1256.0	-0.07867218703352949
1257.0	-0.07921778860585203
1258.0	-0.07806871311297527
1259.0	-0.07635481806043837
1260.0	-0.07522190314782265
1261.0	-0.07981463814440734
1262.0	-0.07930507029834226
1263.0	-0.07667024055715285
1264.0	-0.07970508105750335
1265.0	-0.0799797381265323
1266.0	-0.07761759997839437
1267.0	-0.07938689233533894
1268.0	-0.07766098604071656
1269.0	-0.07775787672687556
1270.0	-0.07934074004756682
1271.0	-0.07808319939888476
1272.0	-0.07854523184445243
1273.0	-0.0767000138784443
1274.0	-0.07665393438607884
1275.0	-0.07602658357216593
1276.0	-0.07696054863859667


