0.000000	76.024664
1.000000	76.474470
2.000000	76.517378
3.000000	76.389671
4.000000	76.307730
5.000000	76.319899
6.000000	76.014312
7.000000	76.121411
8.000000	75.937268
9.000000	75.892523
10.000000	75.897572
11.000000	75.881011
12.000000	75.561916
13.000000	75.551474
14.000000	75.861605
15.000000	75.466046
16.000000	75.458339
17.000000	75.510597
18.000000	75.358629
19.000000	75.366951
20.000000	75.298449
21.000000	74.993298
22.000000	75.082193
23.000000	75.129437
24.000000	75.178781
25.000000	75.104872
26.000000	74.769189
27.000000	75.089313
28.000000	75.120943
29.000000	74.983643
30.000000	75.031468
31.000000	75.306571
32.000000	75.178090
33.000000	75.274264
34.000000	74.887269
35.000000	74.751413
36.000000	75.238360
37.000000	74.972207
38.000000	75.103912
39.000000	75.069568
40.000000	75.110245
41.000000	74.968906
42.000000	75.241336
43.000000	75.112068
44.000000	74.962221
45.000000	75.103187
46.000000	75.168974
47.000000	75.211226
48.000000	75.116592
49.000000	75.158242
50.000000	75.231737
51.000000	75.227586
52.000000	75.395873
53.000000	75.062131
54.000000	75.411626
55.000000	75.067110
56.000000	75.244589
57.000000	75.307552
58.000000	75.580604
59.000000	75.219658
60.000000	75.180708
61.000000	75.286467
62.000000	75.351170
63.000000	75.439064
64.000000	75.468090
65.000000	75.373684
66.000000	75.309354
67.000000	75.651412
68.000000	75.496474
69.000000	75.468035
70.000000	75.542579
71.000000	75.554188
72.000000	75.412572
73.000000	75.605293
74.000000	75.539119
75.000000	75.465721
76.000000	75.659133
77.000000	75.451108
78.000000	75.461674
79.000000	75.510873
80.000000	75.531571
81.000000	75.793228
82.000000	75.507545
83.000000	75.637572
84.000000	75.506322
85.000000	75.361239
86.000000	75.695279
87.000000	75.547869
88.000000	75.742468
89.000000	75.563415
90.000000	75.778394
91.000000	75.512634
92.000000	75.523940
93.000000	75.461944
94.000000	75.490293
95.000000	75.710735
96.000000	75.580721
97.000000	75.461405
98.000000	75.622213
99.000000	75.610652
100.000000	75.562772
101.000000	75.558394
102.000000	75.532938
103.000000	75.723843
104.000000	75.769084
105.000000	75.686142
106.000000	75.662413
107.000000	75.703352
108.000000	75.832675
109.000000	75.425998
110.000000	75.922938
111.000000	75.780479
112.000000	76.026356
113.000000	75.663967
114.000000	75.765680
115.000000	76.065065
116.000000	76.080527
117.000000	75.983794
118.000000	76.073027
119.000000	76.067005
120.000000	76.049050
121.000000	75.732061
122.000000	75.777834
123.000000	76.081674
124.000000	76.018235
125.000000	76.182634
126.000000	76.113186
127.000000	75.930900
128.000000	76.299042
129.000000	76.273269
130.000000	75.709478
131.000000	76.241204
132.000000	76.213248
133.000000	76.195154
134.000000	75.994077
135.000000	76.199167
136.000000	75.985065
137.000000	76.134906
138.000000	75.914941
139.000000	76.344830
140.000000	76.252240
141.000000	75.899360
142.000000	76.340838
143.000000	75.940907
144.000000	76.265548
145.000000	76.164692
146.000000	76.292861
147.000000	76.498731
148.000000	76.282295
149.000000	76.176073
150.000000	76.546991
151.000000	76.359077
152.000000	76.396390
153.000000	76.174043
154.000000	76.208953
155.000000	76.270037
156.000000	76.405133
157.000000	76.314346
158.000000	76.253103
159.000000	76.242067
160.000000	76.201839
161.000000	76.054961
162.000000	76.122717
163.000000	76.208138
164.000000	75.986515
165.000000	76.238614
166.000000	75.987530
167.000000	76.188566
168.000000	75.971916
169.000000	76.211280
170.000000	76.121508
171.000000	76.336964
172.000000	76.027289
173.000000	76.034906
174.000000	76.276073
175.000000	76.455389
176.000000	76.581680
177.000000	76.515368
178.000000	76.559311
179.000000	76.553345
180.000000	76.224464
181.000000	76.595810
182.000000	76.583669
183.000000	76.593787
184.000000	76.507999
185.000000	76.636749
186.000000	76.720768
187.000000	76.655755
188.000000	76.894173
189.000000	76.490016
190.000000	76.302509
191.000000	76.825085
192.000000	76.654318
193.000000	76.699304
194.000000	76.568082
195.000000	76.866197
196.000000	76.640506
197.000000	76.814145
198.000000	76.567288
199.000000	76.928027
200.000000	76.643462
201.000000	76.494436
202.000000	76.666065
203.000000	76.680872
204.000000	76.643448
205.000000	76.709739
206.000000	76.887087
207.000000	76.782447
208.000000	76.364899
209.000000	76.472841
210.000000	76.602060
211.000000	76.674574
212.000000	76.678711
213.000000	76.494864
214.000000	76.676991
215.000000	76.666798
216.000000	76.557157
217.000000	76.705354
218.000000	76.309429
219.000000	76.865292
220.000000	76.440935
221.000000	76.790092
222.000000	76.500541
223.000000	76.731901
224.000000	76.538421
225.000000	76.518483
226.000000	76.694795
227.000000	76.672288
228.000000	76.813883
229.000000	76.300279
230.000000	76.414809
231.000000	76.456128
232.000000	76.505831
233.000000	76.655734
234.000000	76.443642
235.000000	76.580534
236.000000	76.604077
237.000000	76.813807
238.000000	76.787440
239.000000	76.694740
240.000000	76.701659
241.000000	76.538573
242.000000	76.523939
243.000000	76.717481
244.000000	76.603048
245.000000	76.661722
246.000000	76.545444
247.000000	76.532557
248.000000	76.579905
249.000000	76.359263
250.000000	76.202302
251.000000	76.246832
252.000000	76.308283
253.000000	76.312696
254.000000	76.282868
255.000000	76.255997
256.000000	76.320051
257.000000	75.909809
258.000000	76.289263
259.000000	76.128635
260.000000	75.911059
261.000000	76.262903
262.000000	75.878186
263.000000	76.016777
264.000000	75.689271
265.000000	75.930935
266.000000	75.990403
267.000000	76.178925
268.000000	75.853891
269.000000	75.901508
270.000000	75.923104
271.000000	75.904485
272.000000	75.671626
273.000000	75.845963
274.000000	75.594623
275.000000	75.606764
276.000000	75.546322
277.000000	75.521232
278.000000	75.508173
279.000000	75.802227
280.000000	75.634858
281.000000	74.967455
282.000000	75.771184
283.000000	75.474112
284.000000	75.268864
285.000000	75.477310
286.000000	75.335873
287.000000	75.152158
288.000000	75.517068
289.000000	75.237414
290.000000	75.394900
291.000000	75.312448
292.000000	75.317710
293.000000	75.450514
294.000000	75.349658
295.000000	75.159789
296.000000	75.441723
297.000000	75.180356
298.000000	75.345797
299.000000	75.175653
300.000000	75.468063
301.000000	75.154803
302.000000	75.310238
303.000000	75.276129
304.000000	75.158968
305.000000	75.219099
306.000000	75.383739
307.000000	75.096157
308.000000	75.323670
309.000000	75.187068
310.000000	75.202497
311.000000	75.072683
312.000000	75.079023
313.000000	75.172241
314.000000	74.913229
315.000000	75.244092
316.000000	75.077193
317.000000	75.154430
318.000000	75.064492
319.000000	75.051095
320.000000	74.824251
321.000000	75.126115
322.000000	75.149651
323.000000	75.144389
324.000000	75.105729
325.000000	74.982621
326.000000	75.070183
327.000000	75.284002
328.000000	75.173602
329.000000	75.217876
330.000000	75.261751
331.000000	74.966433
332.000000	75.535984
333.000000	75.231833
334.000000	75.101157
335.000000	75.345052
336.000000	75.401550
337.000000	75.237338
338.000000	75.283380
339.000000	75.473636
340.000000	75.563049
341.000000	75.388387
342.000000	75.480929
343.000000	75.513553
344.000000	75.532710
345.000000	75.557924
346.000000	75.784996
347.000000	75.483063
348.000000	75.408270
349.000000	75.700051
350.000000	75.570638
351.000000	75.606412
352.000000	75.901253
353.000000	75.895148
354.000000	76.040092
355.000000	75.808849
356.000000	75.917503
357.000000	76.033186
358.000000	76.041812
359.000000	76.049022
360.000000	76.095451
361.000000	75.922137
362.000000	76.233373
363.000000	75.982682
364.000000	76.291708
365.000000	76.262012
366.000000	76.149526
367.000000	76.140148
368.000000	76.375368
369.000000	76.106197
370.000000	76.036971
371.000000	76.003511
372.000000	76.463925
373.000000	76.055521
374.000000	76.222350
375.000000	76.010755
376.000000	76.103718
377.000000	76.218842
378.000000	76.311163
379.000000	76.279042
380.000000	76.093566
381.000000	76.158449
382.000000	76.388987
383.000000	75.911626
384.000000	76.427571
385.000000	75.949084
386.000000	76.065969
387.000000	76.223953
388.000000	76.295375
389.000000	76.181377
390.000000	76.204533
391.000000	76.058594
392.000000	76.018000
393.000000	76.250955
394.000000	76.110403
395.000000	76.265645
396.000000	76.267247
397.000000	76.295845
398.000000	76.467778
399.000000	76.173835
400.000000	76.695492
401.000000	76.524740
402.000000	76.438980
403.000000	76.659905
404.000000	76.721735
405.000000	76.572930
406.000000	76.681293
407.000000	76.849042
408.000000	76.639346
409.000000	77.219373
410.000000	76.667454
411.000000	76.868627
412.000000	76.915692
413.000000	76.845755
414.000000	76.935437
415.000000	76.974083
416.000000	77.008593
417.000000	76.977315
418.000000	76.830844
419.000000	77.104297
420.000000	77.141680
421.000000	77.091169
422.000000	77.000140
423.000000	77.066010
424.000000	77.049111
425.000000	77.143793
426.000000	77.208130
427.000000	77.122294
428.000000	77.002695
429.000000	77.107315
430.000000	77.145029
431.000000	77.165036
432.000000	77.148551
433.000000	76.948883
434.000000	77.182605
435.000000	77.510236
436.000000	77.277122
437.000000	77.339642
438.000000	77.375036
439.000000	77.275319
440.000000	77.603316
441.000000	77.274401
442.000000	77.420305
443.000000	77.663737
444.000000	77.415402
445.000000	77.417612
446.000000	77.395395
447.000000	77.360547
448.000000	77.331265
449.000000	77.461645
450.000000	77.524311
451.000000	77.614297
452.000000	77.529573
453.000000	77.421189
454.000000	77.354836
455.000000	77.462736
456.000000	77.604746
457.000000	77.356286
458.000000	77.270036
459.000000	77.292377
460.000000	77.384304
461.000000	77.207253
462.000000	77.372487
463.000000	77.212280
464.000000	77.306293
465.000000	77.168482
466.000000	77.197985
467.000000	77.231673
468.000000	77.394324
469.000000	77.228123
470.000000	77.392184
471.000000	77.542349
472.000000	77.441451
473.000000	77.285001
474.000000	77.430492
475.000000	77.736071
476.000000	77.353510
477.000000	77.280008
478.000000	77.349953
479.000000	77.480747
480.000000	77.542259
481.000000	77.535305
482.000000	77.542508
483.000000	77.394753
484.000000	77.378634
485.000000	77.168164
486.000000	77.292874
487.000000	77.535526
488.000000	77.715415
489.000000	77.274311
490.000000	77.357460
491.000000	77.306044
492.000000	77.303724
493.000000	77.333316
494.000000	77.286307
495.000000	77.141182
496.000000	77.362805
497.000000	77.514863
498.000000	77.332439
499.000000	77.455643
500.000000	77.237999
501.000000	77.315968
502.000000	77.478026
503.000000	77.334207
504.000000	77.173606
505.000000	77.582632
506.000000	77.439483
507.000000	77.471983
508.000000	77.404435
509.000000	77.377059
510.000000	77.383986
511.000000	77.528578
512.000000	77.332039
513.000000	77.285906
514.000000	77.459566
515.000000	77.432190
516.000000	77.418358
517.000000	77.421396
518.000000	77.360795
519.000000	77.403731
520.000000	77.324200
521.000000	77.183979
522.000000	77.341479
523.000000	77.283137
524.000000	77.328420
525.000000	77.099352
526.000000	77.346755
527.000000	77.108793
528.000000	77.083455
529.000000	77.193807
530.000000	76.798531
531.000000	77.111176
532.000000	77.063848
533.000000	77.117709
534.000000	77.166362
535.000000	76.991390
536.000000	76.991120
537.000000	76.959076
538.000000	77.156990
539.000000	76.939684
540.000000	77.018551
541.000000	76.733103
542.000000	76.846279
543.000000	77.023144
544.000000	76.784277
545.000000	76.791963
546.000000	76.896569
547.000000	76.834028
548.000000	76.566950
549.000000	77.032729
550.000000	76.748814
551.000000	76.853268
552.000000	76.704822
553.000000	76.640465
554.000000	76.761715
555.000000	76.530479
556.000000	76.715755
557.000000	76.775520
558.000000	76.401121
559.000000	76.574691
560.000000	76.607889
561.000000	76.340085
562.000000	76.371031
563.000000	76.360403
564.000000	76.313310
565.000000	76.447475
566.000000	76.440886
567.000000	76.317861
568.000000	76.159664
569.000000	76.336936
570.000000	76.325361
571.000000	76.567619
572.000000	76.291321
573.000000	76.030562
574.000000	75.950279
575.000000	76.286163
576.000000	76.304491
577.000000	76.184001
578.000000	76.157931
579.000000	76.124360
580.000000	75.964623
581.000000	76.312102
582.000000	75.794699
583.000000	76.018076
584.000000	75.913290
585.000000	75.907116
586.000000	76.149381
587.000000	76.036812
588.000000	75.846722
589.000000	75.647828
590.000000	75.595963
591.000000	75.778007
592.000000	75.434527
593.000000	75.659209
594.000000	75.614312
595.000000	75.705493
596.000000	75.701633
597.000000	75.727689
598.000000	75.488042
599.000000	75.572876
600.000000	75.435880
601.000000	75.295798
602.000000	75.197296
603.000000	75.379762
604.000000	75.541619
605.000000	75.314610
606.000000	75.332904
607.000000	75.246771
608.000000	75.566730
609.000000	75.146240
610.000000	75.030563
611.000000	75.228898
612.000000	74.941364
613.000000	75.222607
614.000000	75.218153
615.000000	75.266350
616.000000	75.112448
617.000000	75.136309
618.000000	75.113001
619.000000	75.291985
620.000000	75.109147
621.000000	75.033933
622.000000	75.053878
623.000000	74.984686
624.000000	74.913277
625.000000	74.663208
626.000000	74.693547
627.000000	74.569148
628.000000	74.705121
629.000000	74.855018
630.000000	74.578250
631.000000	74.541233
632.000000	74.398354
633.000000	74.566413
634.000000	74.281973
635.000000	74.464390
636.000000	74.452021
637.000000	74.113085
638.000000	74.353561
639.000000	74.375377
640.000000	74.157511
641.000000	74.100750
642.000000	74.060060
643.000000	74.487200
644.000000	74.093292
645.000000	73.893955
646.000000	74.470916
647.000000	73.944445
648.000000	74.120902
649.000000	73.901448
650.000000	74.124728
651.000000	73.938036
652.000000	73.977070
653.000000	73.760115
654.000000	73.728416
655.000000	74.103858
656.000000	73.862070
657.000000	74.088540
658.000000	74.037981
659.000000	73.677533
660.000000	74.220163
661.000000	74.017677
662.000000	73.905709
663.000000	73.700896
664.000000	74.084141
665.000000	73.764563
666.000000	73.978782
667.000000	73.979079
668.000000	73.744245
669.000000	73.870557
670.000000	73.912242
671.000000	74.023851
672.000000	74.031296
673.000000	73.834521
674.000000	73.949197
675.000000	73.711393
676.000000	73.890675
677.000000	73.826655
678.000000	73.971641
679.000000	74.142221
680.000000	73.809922
681.000000	73.998195
682.000000	73.912443
683.000000	74.085129
684.000000	74.127353
685.000000	73.850543
686.000000	74.034860
687.000000	74.034335
688.000000	73.982974
689.000000	73.921538
690.000000	74.107864
691.000000	74.072360
692.000000	74.031255
693.000000	73.985357
694.000000	73.846717
695.000000	74.042719
696.000000	73.996621
697.000000	74.182394
698.000000	74.075592
699.000000	74.076662
700.000000	73.965971
701.000000	74.037940
702.000000	73.897498
703.000000	73.868858
704.000000	74.086027
705.000000	74.150129
706.000000	73.990695
707.000000	74.066365
708.000000	74.014715
709.000000	74.181738
710.000000	73.958064
711.000000	74.261510
712.000000	74.015315
713.000000	73.977940
714.000000	74.062159
715.000000	73.916614
716.000000	74.181883
717.000000	73.765212
718.000000	73.960246
719.000000	73.922325
720.000000	73.872560
721.000000	73.931296
722.000000	73.887940
723.000000	73.675930
724.000000	73.858285
725.000000	73.592319
726.000000	73.678520
727.000000	73.751869
728.000000	73.743396
729.000000	73.621255
730.000000	73.680592
731.000000	73.628237
732.000000	73.567581
733.000000	73.711497
734.000000	73.656352
735.000000	73.806690
736.000000	73.819328
737.000000	73.730267
738.000000	73.924984
739.000000	73.922367
740.000000	73.920571
741.000000	73.933541
742.000000	74.028368
743.000000	73.845309
744.000000	73.813865
745.000000	73.754839
746.000000	73.445571
747.000000	73.608907
748.000000	73.715226
749.000000	73.719591
750.000000	73.551366
751.000000	73.661897
752.000000	73.492560
753.000000	73.642947
754.000000	73.624611
755.000000	73.608327
756.000000	73.681586
757.000000	73.920302
758.000000	73.715557
759.000000	74.010039
760.000000	74.052456
761.000000	73.527132
762.000000	73.896420
763.000000	73.704521
764.000000	73.971047
765.000000	74.069763
766.000000	73.938989
767.000000	74.151524
768.000000	74.272256
769.000000	73.686365
770.000000	74.013865
771.000000	73.961994
772.000000	73.972919
773.000000	73.747954
774.000000	73.780226
775.000000	74.161779
776.000000	74.040592
777.000000	74.196710
778.000000	73.830868
779.000000	74.063147
780.000000	73.916828
781.000000	73.935295
782.000000	73.962173
783.000000	73.983692
784.000000	73.919908
785.000000	73.934100
786.000000	73.859936
787.000000	73.992670
788.000000	73.812546
789.000000	73.909880
790.000000	74.133630
791.000000	74.083347
792.000000	74.008554
793.000000	73.971835
794.000000	73.747940
795.000000	74.063085
796.000000	73.918161
797.000000	73.843755
798.000000	73.886241
799.000000	73.608859
800.000000	73.833693
801.000000	73.701870
802.000000	73.948527
803.000000	73.797001
804.000000	73.867933
805.000000	73.587484
806.000000	73.843651
807.000000	73.304494
808.000000	73.404563
809.000000	73.716828
810.000000	73.825302
811.000000	73.620185
812.000000	73.514853
813.000000	73.802588
814.000000	73.463700
815.000000	73.576918
816.000000	73.484183
817.000000	73.417346
818.000000	73.323438
819.000000	73.327982
820.000000	73.464114
821.000000	73.198617
822.000000	73.443665
823.000000	73.236552
824.000000	73.431994
825.000000	73.395599
826.000000	73.383721
827.000000	73.312167
828.000000	73.281656
829.000000	73.254170
830.000000	73.333355
831.000000	73.336773
832.000000	73.306159
833.000000	73.203645
834.000000	73.343576
835.000000	73.118224
836.000000	73.171635
837.000000	73.231545
838.000000	73.318514
839.000000	73.137416
840.000000	73.069681
841.000000	73.103831
842.000000	73.370268
843.000000	73.217664
844.000000	72.978887
845.000000	73.030254
846.000000	73.110144
847.000000	72.890724
848.000000	73.121048
849.000000	73.028914
850.000000	73.132733
851.000000	73.155102
852.000000	73.089280
853.000000	73.031739
854.000000	72.694115
855.000000	73.065330
856.000000	72.966511
857.000000	73.234543
858.000000	73.005164
859.000000	73.292236
860.000000	73.329197
861.000000	73.196960
862.000000	73.096546
863.000000	73.232733
864.000000	73.166545
865.000000	72.809474
866.000000	72.887423
867.000000	73.300061
868.000000	73.051173
869.000000	72.953272
870.000000	72.905489
871.000000	73.045634
872.000000	72.847913
873.000000	72.911808
874.000000	73.292913
875.000000	72.859426
876.000000	73.345938
877.000000	73.052278
878.000000	73.106829
879.000000	73.154039
880.000000	73.100883
881.000000	72.915171
882.000000	72.977361
883.000000	73.005620
884.000000	73.133900
885.000000	73.184460
886.000000	72.881491
887.000000	73.091200
888.000000	72.918031
889.000000	72.946794
890.000000	72.767057
891.000000	73.094584
892.000000	72.774833
893.000000	72.990503
894.000000	72.865109
895.000000	72.897153
896.000000	72.951435
897.000000	72.895593
898.000000	72.900834
899.000000	72.762154
900.000000	72.832381
901.000000	72.964840
902.000000	72.904895
903.000000	72.782665
904.000000	72.579350
905.000000	72.875904
906.000000	72.815931
907.000000	72.872071
908.000000	72.804902
909.000000	73.047416
910.000000	72.917692
911.000000	72.588694
912.000000	72.759964
913.000000	72.695462
914.000000	72.662174
915.000000	72.593922
916.000000	72.958728
917.000000	72.833652
918.000000	72.554619
919.000000	72.786387
920.000000	72.887036
921.000000	72.779702
922.000000	72.741843
923.000000	73.126262
924.000000	72.947071
925.000000	72.614191
926.000000	72.455144
927.000000	72.607195
928.000000	72.829736
929.000000	72.485289
930.000000	72.639992
931.000000	72.560358
932.000000	72.778293
933.000000	72.327865
934.000000	72.617368
935.000000	72.422299
936.000000	72.630855
937.000000	72.307762
938.000000	72.709156
939.000000	72.640641
940.000000	72.456353
941.000000	72.714405
942.000000	72.304240
943.000000	72.467451
944.000000	72.591132
945.000000	72.534896
946.000000	72.203466
947.000000	72.613058
948.000000	72.394081
949.000000	71.912562
950.000000	72.347741
951.000000	71.918418
952.000000	72.289778
953.000000	72.128984
954.000000	72.145918
955.000000	72.195165
956.000000	72.180973
957.000000	72.247140
958.000000	72.078404
959.000000	72.552686
960.000000	71.969578
961.000000	72.257796
962.000000	72.137437
963.000000	72.044696
964.000000	72.066795
965.000000	72.190642
966.000000	71.944758
967.000000	72.163459
968.000000	71.997700
969.000000	71.874703
970.000000	71.969281
971.000000	71.648529
972.000000	72.012327
973.000000	71.755373
974.000000	71.793563
975.000000	71.899751
976.000000	72.104316
977.000000	72.004047
978.000000	71.870642
979.000000	71.892921
980.000000	71.779717
981.000000	71.875725
982.000000	72.044544
983.000000	72.211609
984.000000	71.845124
985.000000	71.966761
986.000000	71.762334
987.000000	71.969371
988.000000	71.477542
989.000000	71.615912
990.000000	71.852783
991.000000	71.946878
992.000000	71.622535
993.000000	71.566934
994.000000	71.628149
995.000000	71.648101
996.000000	71.829068
997.000000	71.391409
998.000000	71.839696
999.000000	71.784344
1000.000000	71.539095
1001.000000	71.541533
1002.000000	71.511651
1003.000000	71.609130
1004.000000	71.564247
1005.000000	71.365774
1006.000000	71.380277
1007.000000	71.772334
1008.000000	71.539544
1009.000000	71.644682
1010.000000	71.459980
1011.000000	71.294676
1012.000000	71.216478
1013.000000	71.340304
1014.000000	71.460725
1015.000000	71.433771
1016.000000	71.326609
1017.000000	71.169020
1018.000000	71.160415
1019.000000	71.414462
1020.000000	71.366817
1021.000000	71.069517
1022.000000	71.283060
1023.000000	71.372611
1024.000000	71.323184
1025.000000	71.105111
1026.000000	71.110643
1027.000000	71.229282
1028.000000	71.246554
1029.000000	71.039414
1030.000000	71.144897
1031.000000	71.176686
1032.000000	71.097059
1033.000000	71.277687
1034.000000	71.199676
1035.000000	70.964407
1036.000000	71.232929
1037.000000	71.114103
1038.000000	71.110118
1039.000000	71.222708
1040.000000	70.922722
1041.000000	71.069054
1042.000000	71.098157
1043.000000	71.016845
1044.000000	71.002646
1045.000000	70.747183
1046.000000	71.052943
1047.000000	71.048226
1048.000000	70.982287
1049.000000	70.617826
1050.000000	70.953709
1051.000000	70.774690
1052.000000	70.892632
1053.000000	70.679483
1054.000000	71.021575
1055.000000	70.646748
1056.000000	70.987218
1057.000000	70.692832
1058.000000	70.896679
1059.000000	70.553482
1060.000000	70.772390
1061.000000	70.683944
1062.000000	70.737321
1063.000000	70.877418
1064.000000	70.678413
1065.000000	70.534193
1066.000000	70.745429
1067.000000	70.491762
1068.000000	70.584373
1069.000000	70.513772
1070.000000	70.368910
1071.000000	70.428440
1072.000000	70.622577
1073.000000	70.344207
1074.000000	70.421928
1075.000000	70.456824
1076.000000	70.330209
1077.000000	70.216203
1078.000000	70.237964
1079.000000	70.366196
1080.000000	70.173952
1081.000000	70.179822
1082.000000	70.351949
1083.000000	70.346445
1084.000000	70.315837
1085.000000	70.202467
1086.000000	70.266859
1087.000000	70.237446
1088.000000	70.286320
1089.000000	70.155499
1090.000000	70.174946
1091.000000	70.253993
1092.000000	70.244808
1093.000000	70.129988
1094.000000	69.892177
1095.000000	70.194283
1096.000000	70.272363
1097.000000	69.972598
1098.000000	69.811259
1099.000000	70.003703
1100.000000	70.334587
1101.000000	70.125879
1102.000000	69.636570
1103.000000	69.987156
1104.000000	69.961535
1105.000000	69.957101
1106.000000	70.041569
1107.000000	70.081238
1108.000000	69.748075
1109.000000	69.901107
1110.000000	70.036790
1111.000000	69.774063
1112.000000	69.784235
1113.000000	69.753786
1114.000000	69.476349
1115.000000	69.839581
1116.000000	69.756542
1117.000000	69.901742
1118.000000	69.888627
1119.000000	70.033420
1120.000000	69.889228
1121.000000	69.622343
1122.000000	69.409229
1123.000000	69.770844
1124.000000	69.698945
1125.000000	69.513255
1126.000000	69.445023
1127.000000	69.429063
1128.000000	69.248960
1129.000000	69.625375
1130.000000	69.429830
1131.000000	69.510216
1132.000000	69.539415
1133.000000	69.328435
1134.000000	69.174443
1135.000000	69.364795
1136.000000	69.084685
1137.000000	68.980224
1138.000000	69.070624
1139.000000	69.046688
1140.000000	69.410106
1141.000000	68.980313
1142.000000	69.099650
1143.000000	69.272606
1144.000000	68.945355
1145.000000	69.210382
1146.000000	69.032178
1147.000000	69.097917
1148.000000	68.847952
1149.000000	69.055389
1150.000000	68.725113
1151.000000	69.043587
1152.000000	68.809381
1153.000000	68.670638
1154.000000	69.004443
1155.000000	68.910997
1156.000000	68.889361
1157.000000	68.906239
1158.000000	68.599996
1159.000000	68.919720
1160.000000	68.814298
1161.000000	68.442420
1162.000000	68.684326
1163.000000	68.503394
1164.000000	68.644672
1165.000000	68.902634
1166.000000	68.382158
1167.000000	68.502572
1168.000000	68.579361
1169.000000	68.691964
1170.000000	68.748159
1171.000000	68.551819
1172.000000	68.633898
1173.000000	68.777427
1174.000000	68.847703
1175.000000	68.454382
1176.000000	68.565694
1177.000000	68.350425
1178.000000	68.815638
1179.000000	68.277158
1180.000000	68.426163
1181.000000	68.370659
1182.000000	68.449285
1183.000000	68.222061
1184.000000	68.631080
1185.000000	68.407068
1186.000000	68.609464
1187.000000	68.258450
1188.000000	68.483422
1189.000000	68.253298
1190.000000	68.473304
1191.000000	68.381619
1192.000000	68.581149
1193.000000	68.604471
1194.000000	68.395038
1195.000000	68.387434
1196.000000	68.315811
1197.000000	68.300466
1198.000000	68.214845
1199.000000	68.315604
1200.000000	68.410162
1201.000000	68.381723
1202.000000	68.320148
1203.000000	68.415929
1204.000000	68.222421
1205.000000	68.191916
1206.000000	68.539989
1207.000000	68.302994
1208.000000	68.294140
1209.000000	68.214637
1210.000000	68.321378
1211.000000	68.520880
1212.000000	68.231177
1213.000000	68.137096
1214.000000	68.441750
1215.000000	68.191544
1216.000000	68.482061
1217.000000	68.118774
1218.000000	68.491605
1219.000000	68.361909
1220.000000	68.537800
1221.000000	68.534340
1222.000000	68.395349
1223.000000	68.390507
1224.000000	68.322379
1225.000000	68.241661
1226.000000	68.459444
1227.000000	68.344492
1228.000000	68.657765
1229.000000	68.620265
1230.000000	68.477690
1231.000000	68.402565
1232.000000	68.554022
1233.000000	68.495086
1234.000000	68.533366
1235.000000	68.390742
1236.000000	68.622917
1237.000000	68.249499
1238.000000	68.621771
1239.000000	68.568125
1240.000000	68.728870
1241.000000	68.418173
1242.000000	68.535915
1243.000000	68.418995
1244.000000	68.674872
1245.000000	68.413698
1246.000000	68.523456
1247.000000	68.559865
1248.000000	68.458891
1249.000000	68.649996
1250.000000	68.744292
1251.000000	68.476081
1252.000000	68.505279
1253.000000	68.546467
1254.000000	68.604271
1255.000000	68.501882
1256.000000	68.432075
1257.000000	68.380314
1258.000000	68.489326
1259.000000	68.651923
1260.000000	68.759402
1261.000000	68.323691
1262.000000	68.372034
1263.000000	68.621999
1264.000000	68.334085
1265.000000	68.308028
1266.000000	68.532123
1267.000000	68.364271
1268.000000	68.528007
1269.000000	68.518815
1270.000000	68.368650
1271.000000	68.487952
1272.000000	68.444119
1273.000000	68.619174
1274.000000	68.623546
1275.000000	68.683062
1276.000000	68.594457



