0.0	41.55528564453125
1.0	41.608203125
2.0	41.52315063476563
3.0	41.737490844726565
4.0	41.64855041503906
5.0	41.62345581054687
6.0	41.642919921875
7.0	41.72807312011719
8.0	41.699746704101564
9.0	41.680239868164065
10.0	41.732183837890624
11.0	41.8553955078125
12.0	41.6995849609375
13.0	41.775946044921874
14.0	41.76949768066406
15.0	41.67723388671875
16.0	41.651495361328124
17.0	41.558258056640625
18.0	41.52791748046875
19.0	41.517034912109374
20.0	41.52776184082031
21.0	41.57344970703125
22.0	41.63017272949219
23.0	41.577972412109375
24.0	41.57310485839844
25.0	41.56302490234375
26.0	41.56186218261719
27.0	41.54616088867188
28.0	41.67531127929688
29.0	41.552792358398435
30.0	41.735330200195314
31.0	41.582498168945314
32.0	41.63341369628906
33.0	41.65477600097656
34.0	41.750885009765625
35.0	41.887814331054685
36.0	41.737490844726565
37.0	41.744241333007814
38.0	41.888247680664065
39.0	41.81631164550781
40.0	41.7702880859375
41.0	41.78953247070312
42.0	41.76295776367188
43.0	41.82090759277344
44.0	41.902960205078124
45.0	41.87084045410156
46.0	41.810296630859376
47.0	41.882867431640626
48.0	41.83607177734375
49.0	41.99220581054688
50.0	41.95985717773438
51.0	41.999639892578124
52.0	41.97396240234375
53.0	41.83292846679687
54.0	41.97361450195312
55.0	41.985635375976564
56.0	42.16826477050781
57.0	42.06431884765625
58.0	42.13766784667969
59.0	42.07125549316406
60.0	42.16033935546875
61.0	42.10060119628906
62.0	42.19350891113281
63.0	42.18564453125
64.0	42.257650756835936
65.0	42.13796691894531
66.0	42.164239501953126
67.0	42.28987426757813
68.0	42.340826416015624
69.0	42.285101318359374
70.0	42.220089721679685
71.0	42.296121215820314
72.0	42.32347412109375
73.0	42.280618286132814
74.0	42.21835632324219
75.0	42.290704345703126
76.0	42.275430297851564
77.0	42.256106567382815
78.0	42.28312683105469
79.0	42.29343872070312
80.0	42.38221130371094
81.0	42.356591796875
82.0	42.4152587890625
83.0	42.345907592773436
84.0	42.31388854980469
85.0	42.45914306640625
86.0	42.34449768066406
87.0	42.379251098632814
88.0	42.39166259765625
89.0	42.46536865234375
90.0	42.354043579101564
91.0	42.45765075683594
92.0	42.338418579101564
93.0	42.41718444824219
94.0	42.529571533203125
95.0	42.5226806640625
96.0	42.35697937011719
97.0	42.52873840332031
98.0	42.47189025878906
99.0	42.46230773925781
100.0	42.45718688964844
101.0	42.403384399414065
102.0	42.440679931640624
103.0	42.49075622558594
104.0	42.578131103515624
105.0	42.386895751953126
106.0	42.523806762695315
107.0	42.48183898925781
108.0	42.51227722167969
109.0	42.48865966796875
110.0	42.567987060546876
111.0	42.53575134277344
112.0	42.479241943359376
113.0	42.29373474121094
114.0	42.39033813476563
115.0	42.42790222167969
116.0	42.605584716796876
117.0	42.38836669921875
118.0	42.44664306640625
119.0	42.43363952636719
120.0	42.607174682617185
121.0	42.394842529296874
122.0	42.45804443359375
123.0	42.475033569335935
124.0	42.428289794921874
125.0	42.34421081542969
126.0	42.457620239257814
127.0	43.0033203125
128.0	48.82389831542969
129.0	48.85553894042969
130.0	49.09419555664063
131.0	49.22456359863281
132.0	49.279501342773436
133.0	49.25084228515625
134.0	49.22933654785156
135.0	49.25543212890625
136.0	49.26255493164062
137.0	49.22004089355469
138.0	49.33101196289063
139.0	49.27183532714844
140.0	49.22998046875
141.0	49.33013916015625
142.0	49.37559204101562
143.0	49.316705322265626
144.0	49.3089111328125
145.0	49.28569641113281
146.0	49.176483154296875
147.0	49.34842224121094
148.0	49.31485595703125
149.0	49.234869384765624
150.0	49.439639282226565
151.0	49.317990112304685
152.0	49.19535522460937
153.0	49.3988525390625
154.0	49.22769470214844
155.0	49.306460571289065
156.0	49.31857604980469
157.0	49.30086669921875
158.0	49.417938232421875
159.0	49.313473510742185
160.0	49.31126403808594
161.0	49.29073486328125
162.0	49.273681640625
163.0	49.317361450195314
164.0	49.342864990234375
165.0	49.259280395507815
166.0	49.30479125976562
167.0	49.22227783203125
168.0	49.24722595214844
169.0	49.221273803710936
170.0	49.253466796875
171.0	49.27724609375
172.0	49.3704833984375
173.0	49.361654663085936
174.0	49.318603515625
175.0	49.333892822265625
176.0	49.31792297363281
177.0	49.15691223144531
178.0	49.29375305175781
179.0	49.26028137207031
180.0	49.25670471191406
181.0	49.196902465820315
182.0	49.02537536621094
183.0	49.217874145507814
184.0	49.32744445800781
185.0	49.239480590820314
186.0	49.15586547851562
187.0	49.36128234863281
188.0	49.150369262695314
189.0	49.178436279296875
190.0	49.157589721679685
191.0	49.18739318847656
192.0	49.228765869140624
193.0	49.322698974609374
194.0	49.266134643554686
195.0	49.2559326171875
196.0	49.27165222167969
197.0	49.17604064941406
198.0	49.25979309082031
199.0	49.3030029296875
200.0	49.32359924316406
201.0	49.356893920898436
202.0	49.2004638671875
203.0	49.35264587402344
204.0	49.15364990234375
205.0	49.202325439453126
206.0	49.20765075683594
207.0	49.30652770996094
208.0	49.306787109375
209.0	49.201516723632814
210.0	49.33896484375
211.0	49.178350830078124
212.0	49.252096557617186
213.0	49.27114562988281
214.0	49.349072265625
215.0	49.32605895996094
216.0	49.30038757324219
217.0	49.19617919921875
218.0	49.2662841796875
219.0	49.24446105957031
220.0	49.341409301757814
221.0	49.18058471679687
222.0	49.24258117675781
223.0	49.1985107421875
224.0	49.36446838378906
225.0	49.222808837890625
226.0	49.132989501953126
227.0	49.305328369140625
228.0	49.147216796875
229.0	49.1695556640625
230.0	49.27711486816406
231.0	49.1126953125
232.0	49.30792236328125
233.0	49.2748291015625
234.0	49.14918518066406
235.0	49.357382202148436
236.0	49.185366821289065
237.0	49.103143310546876
238.0	49.16593017578125
239.0	49.327789306640625
240.0	49.55218505859375
241.0	49.28271484375
242.0	49.394256591796875
243.0	49.35176086425781
244.0	49.330380249023435
245.0	49.351809692382815
246.0	49.195272827148436
247.0	48.96604614257812
248.0	48.958892822265625
249.0	48.86051635742187
250.0	48.95901184082031
251.0	49.034909057617185
252.0	49.30734558105469
253.0	49.402670288085936
254.0	49.444393920898435
255.0	49.438995361328125
256.0	49.37648315429688
257.0	49.17878723144531
258.0	49.18293151855469
259.0	49.19285888671875
260.0	49.16671142578125
261.0	49.2830322265625
262.0	49.16514892578125
263.0	49.08729553222656
264.0	49.224423217773435
265.0	49.17720947265625
266.0	49.240316772460936
267.0	49.18797302246094
268.0	49.23261413574219
269.0	49.147760009765626
270.0	49.146871948242186
271.0	49.255865478515624
272.0	49.08848266601562
273.0	49.2154541015625
274.0	49.15255432128906
275.0	49.1184814453125
276.0	49.2458984375
277.0	49.17744445800781
278.0	49.09548645019531
279.0	49.071469116210935
280.0	49.059060668945314
281.0	49.14175720214844
282.0	49.13833923339844
283.0	49.11783142089844
284.0	49.08604431152344
285.0	49.043878173828126
286.0	49.018191528320315
287.0	49.1406494140625
288.0	48.96408386230469
289.0	49.125433349609374
290.0	49.028533935546875
291.0	49.146786499023435
292.0	49.08026123046875
293.0	49.19459228515625
294.0	49.11204528808594
295.0	49.12242431640625
296.0	49.13520202636719
297.0	49.128509521484375
298.0	49.211544799804685
299.0	49.17594909667969
300.0	49.302835083007814
301.0	49.106753540039065
302.0	49.20906066894531
303.0	49.181924438476564
304.0	49.21874084472656
305.0	49.09922790527344
306.0	49.161346435546875
307.0	49.163934326171876
308.0	49.25291442871094
309.0	49.18745422363281
310.0	49.072714233398436
311.0	49.174493408203126
312.0	49.1193115234375
313.0	49.183685302734375
314.0	49.264913940429686
315.0	49.205169677734375
316.0	49.26438598632812
317.0	49.25801086425781
318.0	49.2226806640625
319.0	49.350405883789065
320.0	49.271060180664065
321.0	49.28518981933594
322.0	49.26350708007813
323.0	49.275689697265626
324.0	49.29458312988281
325.0	49.24516296386719
326.0	49.268011474609374
327.0	49.2872802734375
328.0	49.27530517578125
329.0	49.33149108886719
330.0	49.2228271484375
331.0	49.267730712890625
332.0	49.347833251953126
333.0	49.30604553222656
334.0	49.26040344238281
335.0	49.3993408203125
336.0	49.36009521484375
337.0	49.26109619140625
338.0	49.30929260253906
339.0	49.30387573242187
340.0	49.30675354003906
341.0	49.341897583007814
342.0	49.283181762695314
343.0	49.33589477539063
344.0	49.262692260742185
345.0	49.223062133789064
346.0	49.28798828125
347.0	49.337347412109374
348.0	49.26630859375
349.0	49.19690856933594
350.0	49.30797119140625
351.0	49.14712219238281
352.0	49.13348388671875
353.0	49.2292236328125
354.0	49.20185546875
355.0	49.15782775878906
356.0	49.238653564453124
357.0	49.12953186035156
358.0	49.105734252929686
359.0	49.224176025390626
360.0	49.150045776367186
361.0	49.235931396484375
362.0	49.149664306640624
363.0	49.145504760742185
364.0	49.194830322265624
365.0	49.14209899902344
366.0	49.072869873046876
367.0	49.097955322265626
368.0	49.14494018554687
369.0	49.145755004882815
370.0	49.0740966796875
371.0	49.02310791015625
372.0	49.0953125
373.0	49.07835388183594
374.0	49.136898803710935
375.0	49.0315673828125
376.0	49.079345703125
377.0	49.02086486816406
378.0	49.14241027832031
379.0	49.05766906738281
380.0	49.17476196289063
381.0	49.132012939453126
382.0	49.106790161132814
383.0	49.06167907714844
384.0	49.06358032226562
385.0	48.950390625
386.0	48.91221618652344
387.0	49.1213134765625
388.0	49.06810607910156
389.0	48.97535400390625
390.0	48.927670288085935
391.0	49.032022094726564
392.0	48.98111572265625
393.0	48.96206359863281
394.0	49.07637939453125
395.0	49.15022583007813
396.0	49.02438659667969
397.0	49.09400634765625
398.0	49.055816650390625
399.0	49.056460571289065
400.0	49.16483764648437
401.0	49.017120361328125
402.0	49.09192810058594
403.0	49.07511596679687
404.0	49.09367370605469
405.0	48.94251403808594
406.0	48.97853393554688
407.0	49.07459716796875
408.0	49.09616394042969
409.0	49.004275512695315
410.0	49.118438720703125
411.0	49.21087646484375
412.0	49.007955932617186
413.0	49.04652404785156
414.0	49.002194213867185
415.0	48.99806213378906
416.0	49.04580383300781
417.0	48.97225341796875
418.0	48.98961486816406
419.0	49.12965698242188
420.0	49.14079284667969
421.0	48.98845520019531
422.0	49.08739013671875
423.0	49.07669372558594
424.0	49.064065551757814
425.0	48.89153137207031
426.0	49.13844299316406
427.0	49.10567932128906
428.0	49.100390625
429.0	48.901675415039065
430.0	49.011383056640625
431.0	49.03958740234375
432.0	48.975424194335936
433.0	48.97350158691406
434.0	49.015341186523436
435.0	48.96605529785156
436.0	49.075189208984376
437.0	48.94300842285156
438.0	48.98560485839844
439.0	48.9935546875
440.0	48.97413330078125
441.0	48.848992919921876
442.0	48.985415649414065
443.0	49.058013916015625
444.0	48.975137329101564
445.0	49.02052001953125
446.0	48.94649658203125
447.0	48.982415771484376
448.0	49.046295166015625
449.0	48.98733825683594
450.0	48.97267150878906
451.0	48.92294921875
452.0	48.994873046875
453.0	48.960821533203124
454.0	48.9217529296875
455.0	48.92470703125
456.0	48.971273803710936
457.0	48.87696838378906
458.0	48.93693237304687
459.0	48.9739013671875
460.0	49.018280029296875
461.0	48.97978515625
462.0	48.90339050292969
463.0	48.86247863769531
464.0	48.89214172363281
465.0	48.97233581542969
466.0	48.80546569824219
467.0	49.01559753417969
468.0	48.853363037109375
469.0	48.938601684570315
470.0	48.910888671875
471.0	48.839544677734374
472.0	48.95914916992187
473.0	48.983419799804686
474.0	48.838906860351564
475.0	48.8155517578125
476.0	48.73588562011719
477.0	48.902947998046876
478.0	48.8556884765625
479.0	49.09872131347656
480.0	48.94768371582031
481.0	49.127880859375
482.0	48.812887573242186
483.0	48.65919799804688
484.0	48.757904052734375
485.0	48.663629150390626
486.0	48.73529052734375
487.0	48.711569213867186
488.0	48.82479248046875
489.0	48.789974975585935
490.0	48.703277587890625
491.0	48.77613830566406
492.0	48.778463745117186
493.0	48.98759155273437
494.0	49.038946533203124
495.0	49.08866577148437
496.0	48.929483032226564
497.0	48.7901123046875
498.0	48.78609924316406
499.0	48.81301574707031
500.0	48.93793640136719
501.0	48.90235290527344
502.0	48.92898864746094
503.0	49.131982421875
504.0	49.12480773925781
505.0	49.07823486328125
506.0	49.05183410644531
507.0	49.00981750488281
508.0	49.1001953125
509.0	48.89759521484375
510.0	48.77403869628906
511.0	49.006649780273435
512.0	49.20064086914063
513.0	48.996395874023435
514.0	49.220907592773436
515.0	49.08077697753906
516.0	49.13399658203125
517.0	49.088278198242186
518.0	49.06452331542969
519.0	49.060934448242186
520.0	49.143063354492185
521.0	49.046328735351565
522.0	49.05042419433594
523.0	49.05661315917969
524.0	48.94663696289062
525.0	48.99653625488281
526.0	48.98817749023438
527.0	48.989984130859376
528.0	49.127810668945315
529.0	48.99100036621094
530.0	49.05173950195312
531.0	49.071112060546874
532.0	49.13038330078125
533.0	49.016293334960935
534.0	49.027279663085935
535.0	49.090484619140625
536.0	49.125979614257815
537.0	49.054510498046874
538.0	48.99924011230469
539.0	49.04570617675781
540.0	48.84946899414062
541.0	48.86756286621094
542.0	48.93248291015625
543.0	48.889016723632814
544.0	48.874655151367186
545.0	48.8992431640625
546.0	48.918829345703124
547.0	49.00892639160156
548.0	49.01963500976562
549.0	48.99051208496094
550.0	49.0436767578125
551.0	48.924493408203126
552.0	49.030731201171875
553.0	49.05738220214844
554.0	49.000955200195314
555.0	49.05111083984375
556.0	48.79949951171875
557.0	48.82052001953125
558.0	48.92032165527344
559.0	48.94374389648438
560.0	48.86854858398438
561.0	48.78300170898437
562.0	48.84372253417969
563.0	48.945611572265626
564.0	48.864254760742185
565.0	48.83858947753906
566.0	48.9244384765625
567.0	48.9418212890625
568.0	48.903143310546874
569.0	48.768646240234375
570.0	48.88404235839844
571.0	48.734869384765624
572.0	48.83662414550781
573.0	48.82011108398437
574.0	48.789920043945315
575.0	48.82929992675781
576.0	48.72544555664062
577.0	48.897088623046876
578.0	48.794622802734374
579.0	48.85691528320312
580.0	48.80198974609375
581.0	48.733029174804685
582.0	48.858096313476565
583.0	48.83665466308594
584.0	48.837954711914065
585.0	48.87138366699219
586.0	48.81234130859375
587.0	49.00191650390625
588.0	48.844418334960935
589.0	48.85352783203125
590.0	48.909664916992185
591.0	48.76432495117187
592.0	48.93258361816406
593.0	48.828314208984374
594.0	48.91581420898437
595.0	48.88874816894531
596.0	48.823709106445314
597.0	48.896383666992186
598.0	48.83185729980469
599.0	48.915078735351564
600.0	48.837319946289064
601.0	48.66487426757813
602.0	48.83598327636719
603.0	48.88717346191406
604.0	48.808251953125
605.0	48.789990234375
606.0	48.76888732910156
607.0	48.8427490234375
608.0	48.986758422851565
609.0	48.883547973632815
610.0	48.88973388671875
611.0	48.79600524902344
612.0	48.895486450195314
613.0	48.82137451171875
614.0	48.924676513671876
615.0	48.841192626953124
616.0	48.902096557617185
617.0	48.808413696289065
618.0	48.909140014648436
619.0	48.772650146484374
620.0	48.83719482421875
621.0	48.70303955078125
622.0	48.82557373046875
623.0	48.81154174804688
624.0	48.824520874023435
625.0	48.90869140625
626.0	48.85621948242188
627.0	48.789697265625
628.0	48.719000244140624
629.0	48.844119262695315
630.0	48.91114196777344
631.0	48.78575439453125
632.0	48.83870239257813
633.0	48.84072265625
634.0	48.809564208984376
635.0	48.85563659667969
636.0	48.860189819335936
637.0	48.945169067382814
638.0	48.815023803710936
639.0	48.835595703125
640.0	48.79020690917969
641.0	48.73008422851562
642.0	48.88145446777344
643.0	48.77013244628906
644.0	48.676083374023435
645.0	48.770101928710936
646.0	48.77955017089844
647.0	48.80549621582031
648.0	48.72087707519531
649.0	48.53330078125
650.0	48.763623046875
651.0	48.88167114257813
652.0	48.866390991210935
653.0	48.813360595703124
654.0	48.81796569824219
655.0	48.83535461425781
656.0	48.78596496582031
657.0	48.83970336914062
658.0	48.742068481445315
659.0	48.54397888183594
660.0	48.49744873046875
661.0	48.67431640625
662.0	48.690530395507814
663.0	48.648974609375
664.0	48.68871154785156
665.0	48.50528259277344
666.0	48.61459045410156
667.0	48.61383056640625
668.0	48.69970703125
669.0	48.63394470214844
670.0	48.75609130859375
671.0	48.860626220703125
672.0	48.761175537109374
673.0	48.62423095703125
674.0	48.708963012695314
675.0	48.64176940917969
676.0	48.60430908203125
677.0	48.526467895507814
678.0	48.47159118652344
679.0	48.52151184082031
680.0	48.48899841308594
681.0	48.379693603515626
682.0	48.52433471679687
683.0	48.5420654296875
684.0	48.55860290527344
685.0	48.461962890625
686.0	48.518603515625
687.0	48.532040405273435
688.0	48.567422485351564
689.0	48.609307861328126
690.0	48.73399353027344
691.0	48.843878173828124
692.0	48.927435302734374
693.0	48.785769653320315
694.0	48.702877807617185
695.0	48.74070739746094
696.0	48.69094543457031
697.0	48.654974365234374
698.0	48.784375
699.0	48.779901123046876
700.0	48.776519775390625
701.0	48.90550842285156
702.0	48.69532775878906
703.0	48.68223571777344
704.0	48.828582763671875
705.0	48.7329833984375
706.0	48.69288024902344
707.0	48.71312561035156
708.0	48.68613891601562
709.0	48.58103637695312
710.0	48.607696533203125
711.0	48.55873107910156
712.0	48.69602966308594
713.0	48.515481567382814
714.0	48.72227783203125
715.0	48.654501342773436
716.0	48.608175659179686
717.0	48.64193420410156
718.0	48.6140380859375
719.0	48.590362548828125
720.0	48.558956909179685
721.0	48.56585693359375
722.0	48.64103698730469
723.0	48.575375366210935
724.0	48.65518798828125
725.0	48.56188049316406
726.0	48.75723571777344
727.0	48.64185485839844
728.0	48.73239440917969
729.0	48.58870239257813
730.0	48.71670227050781
731.0	48.510073852539065
732.0	48.710531616210936
733.0	48.52586669921875
734.0	48.6760986328125
735.0	48.6557861328125
736.0	48.68338623046875
737.0	48.483221435546874
738.0	48.62748413085937
739.0	48.63683166503906
740.0	48.579714965820315
741.0	48.5886962890625
742.0	48.46497802734375
743.0	48.48957214355469
744.0	48.52002868652344
745.0	48.526126098632815
746.0	48.49934692382813
747.0	48.58628540039062
748.0	48.49721069335938
749.0	48.42035827636719
750.0	48.43052673339844
751.0	48.41489868164062
752.0	48.56338195800781
753.0	48.591790771484376
754.0	48.40819091796875
755.0	48.29664306640625
756.0	48.472406005859376
757.0	48.432080078125
758.0	48.41194152832031
759.0	48.46061401367187
760.0	48.43902587890625
761.0	48.396054077148435
762.0	48.49242248535156
763.0	48.445672607421876
764.0	48.52235717773438
765.0	48.28867797851562
766.0	48.538265991210935
767.0	48.42979736328125
768.0	48.357861328125
769.0	48.4349609375
770.0	48.43632202148437
771.0	48.417388916015625
772.0	48.51090698242187
773.0	48.44772644042969
774.0	48.437164306640625
775.0	48.46702575683594
776.0	48.47318725585937
777.0	48.472747802734375
778.0	48.244808959960935
779.0	48.44142456054688
780.0	48.506039428710935
781.0	48.41798706054688
782.0	48.333578491210936
783.0	48.40275573730469
784.0	48.41595458984375
785.0	48.43843383789063
786.0	48.405242919921875
787.0	48.32582397460938
788.0	48.476376342773435
789.0	48.36453552246094
790.0	48.426998901367185
791.0	48.49135131835938
792.0	48.366815185546876
793.0	48.383660888671876
794.0	48.447079467773435
795.0	48.38127136230469
796.0	48.42558288574219
797.0	48.35172729492187
798.0	48.37709350585938
799.0	48.32884826660156
800.0	48.284307861328124
801.0	48.32948608398438
802.0	48.45718078613281
803.0	48.263668823242185
804.0	48.37470703125
805.0	48.4704833984375
806.0	48.340023803710935
807.0	48.258364868164065
808.0	48.27592468261719
809.0	48.32240295410156
810.0	48.29151611328125
811.0	48.2607177734375
812.0	48.237527465820314
813.0	48.30313415527344
814.0	48.307769775390625
815.0	48.349560546875
816.0	48.27392578125
817.0	48.307595825195314
818.0	48.223165893554686
819.0	48.23967590332031
820.0	48.24315185546875
821.0	48.20284423828125
822.0	48.27857666015625
823.0	48.33045959472656
824.0	48.34412841796875
825.0	48.381658935546874
826.0	48.14601135253906
827.0	48.305548095703124
828.0	48.25912170410156
829.0	48.1068603515625
830.0	48.214837646484376
831.0	48.07147216796875
832.0	48.163885498046874
833.0	48.263919067382815
834.0	48.26664733886719
835.0	48.1387451171875
836.0	48.0783447265625
837.0	48.09028015136719
838.0	48.081982421875
839.0	48.23418273925781
840.0	48.19118041992188
841.0	48.11527709960937
842.0	48.068173217773435
843.0	48.15489196777344
844.0	48.13058166503906
845.0	48.06171875
846.0	48.008419799804685
847.0	47.988092041015626
848.0	48.09886779785156
849.0	48.07245788574219
850.0	48.124761962890624
851.0	48.03827819824219
852.0	48.099282836914064
853.0	48.04620361328125
854.0	48.06059265136719
855.0	48.140875244140624
856.0	48.02455139160156
857.0	47.976931762695315
858.0	48.11601257324219
859.0	48.0921875
860.0	48.08945007324219
861.0	48.05174255371094
862.0	47.93232727050781
863.0	48.16163330078125
864.0	48.202047729492186
865.0	48.087701416015626
866.0	47.967977905273436
867.0	48.07909240722656
868.0	47.97846984863281
869.0	48.016867065429686
870.0	48.083108520507814
871.0	48.08904113769531
872.0	48.070248413085935
873.0	48.10847473144531
874.0	47.94091796875
875.0	48.08658142089844
876.0	47.98823852539063
877.0	48.01619262695313
878.0	48.04689331054688
879.0	48.02838134765625
880.0	48.09599609375
881.0	48.02044677734375
882.0	47.94879150390625
883.0	48.03608093261719
884.0	47.9091552734375
885.0	47.88330993652344
886.0	48.02926025390625
887.0	47.95782470703125
888.0	47.91177673339844
889.0	47.965521240234374
890.0	47.946832275390626
891.0	47.839071655273436
892.0	47.817864990234376
893.0	48.06120910644531
894.0	47.993612670898436
895.0	48.107052612304685
896.0	47.94801330566406
897.0	47.97761535644531
898.0	47.95209655761719
899.0	48.041839599609375
900.0	48.03642883300781
901.0	47.92339172363281
902.0	47.82443542480469
903.0	47.95539245605469
904.0	47.89773254394531
905.0	47.942535400390625
906.0	47.749044799804686
907.0	47.86087646484375
908.0	47.84201354980469
909.0	47.906515502929686
910.0	47.887158203125
911.0	47.99238586425781
912.0	47.91709594726562
913.0	47.93089904785156
914.0	47.87970886230469
915.0	48.01673889160156
916.0	47.9873046875
917.0	47.810272216796875
918.0	47.8078369140625
919.0	47.913858032226564
920.0	47.82679138183594
921.0	47.84974365234375
922.0	47.794918823242185
923.0	47.73827209472656
924.0	47.83865966796875
925.0	47.83009643554688
926.0	47.897265625
927.0	47.859841918945314
928.0	47.791543579101564
929.0	47.76610107421875
930.0	47.774896240234376
931.0	47.928976440429686
932.0	47.78483581542969
933.0	47.80159301757813
934.0	47.79117431640625
935.0	47.879312133789064
936.0	47.805816650390625
937.0	47.79255065917969
938.0	47.775830078125
939.0	47.78852233886719
940.0	47.89915161132812
941.0	47.62393493652344
942.0	47.75528564453125
943.0	47.770806884765626
944.0	47.78691711425781
945.0	47.592156982421876
946.0	47.719216918945314
947.0	47.702572631835935
948.0	47.87364807128906
949.0	47.83204040527344
950.0	47.7464599609375
951.0	47.832421875
952.0	47.818878173828125
953.0	47.848681640625
954.0	47.75736694335937
955.0	47.836737060546874
956.0	47.8109619140625
957.0	47.79945373535156
958.0	47.667074584960936
959.0	47.790036010742185
960.0	47.87828063964844
961.0	47.70271301269531
962.0	47.82193298339844
963.0	47.865664672851565
964.0	47.776605224609376
965.0	47.70398864746094
966.0	47.90508117675781
967.0	47.81282958984375
968.0	47.76415100097656
969.0	47.70533447265625
970.0	47.76324462890625
971.0	47.793844604492186
972.0	47.7733642578125
973.0	47.91988525390625
974.0	47.7870361328125
975.0	47.742367553710935
976.0	47.76934814453125
977.0	47.75102844238281
978.0	47.73682556152344
979.0	47.815365600585935
980.0	47.76044616699219
981.0	47.794384765625
982.0	47.7090087890625
983.0	47.72572326660156
984.0	47.58262939453125
985.0	47.6002197265625
986.0	47.68626098632812
987.0	47.69794921875
988.0	47.70218200683594
989.0	47.56452941894531
990.0	47.67388000488281
991.0	47.82150573730469
992.0	47.63661499023438
993.0	47.67427368164063
994.0	47.72327575683594
995.0	47.73433227539063
996.0	47.72679748535156
997.0	47.7224365234375
998.0	47.649462890625
999.0	47.76352233886719
1000.0	47.72191162109375
1001.0	47.815924072265624
1002.0	47.637994384765626
1003.0	47.74080200195313
1004.0	47.74835205078125
1005.0	47.649044799804685
1006.0	47.60078735351563
1007.0	47.711544799804685
1008.0	47.66814270019531
1009.0	47.720339965820315
1010.0	47.70013427734375
1011.0	47.6724365234375
1012.0	47.80601501464844
1013.0	47.785458374023435
1014.0	47.70686645507813
1015.0	47.766275024414064
1016.0	47.849569702148436
1017.0	47.63447265625
1018.0	47.654354858398435
1019.0	47.72725830078125
1020.0	47.812408447265625
1021.0	47.75431823730469
1022.0	47.72728271484375
1023.0	47.635528564453125
1024.0	47.710272216796874
1025.0	47.68874816894531
1026.0	47.780712890625
1027.0	47.77827453613281
1028.0	47.727865600585936
1029.0	47.81566467285156
1030.0	47.68643493652344
1031.0	47.74964904785156
1032.0	47.74954833984375
1033.0	47.67835693359375
1034.0	47.686093139648435
1035.0	47.698919677734374
1036.0	47.75868225097656
1037.0	47.779022216796875
1038.0	47.725
1039.0	47.80453796386719
1040.0	47.689718627929686
1041.0	47.65556030273437
1042.0	47.61007080078125
1043.0	47.84768371582031
1044.0	47.77081298828125
1045.0	47.67735290527344
1046.0	47.60572814941406
1047.0	47.721710205078125
1048.0	47.60238342285156
1049.0	47.62620239257812
1050.0	47.58460693359375
1051.0	47.647622680664064
1052.0	47.83311157226562
1053.0	47.67554931640625
1054.0	47.66305236816406
1055.0	47.59351806640625
1056.0	47.646524047851564
1057.0	47.564572143554685
1058.0	47.582278442382815
1059.0	47.56537780761719
1060.0	47.73068542480469
1061.0	47.63998718261719
1062.0	47.606390380859374
1063.0	47.65467529296875
1064.0	47.490875244140625
1065.0	47.65484619140625
1066.0	47.743536376953124
1067.0	47.65238037109375
1068.0	47.593206787109374
1069.0	47.6729736328125
1070.0	47.70960998535156
1071.0	47.581048583984376
1072.0	47.651190185546874
1073.0	47.52725524902344
1074.0	47.55345153808594
1075.0	47.58917236328125
1076.0	47.6308837890625
1077.0	47.64681701660156
1078.0	47.67149353027344
1079.0	47.60109252929688
1080.0	47.68926086425781
1081.0	47.649169921875
1082.0	47.67416076660156
1083.0	47.66694030761719
1084.0	47.53050842285156
1085.0	47.5906982421875
1086.0	47.565670776367185
1087.0	47.681121826171875
1088.0	47.62704162597656
1089.0	47.56581420898438
1090.0	47.630776977539064
1091.0	47.57261657714844
1092.0	47.649374389648436
1093.0	47.550961303710935
1094.0	47.64400634765625
1095.0	47.58296508789063
1096.0	47.70980529785156
1097.0	47.63972778320313
1098.0	47.6255859375
1099.0	47.63319091796875
1100.0	47.700198364257815
1101.0	47.588253784179685
1102.0	47.62918701171875
1103.0	47.67509765625
1104.0	47.646054077148435
1105.0	47.616329956054685
1106.0	47.667807006835936
1107.0	47.67159729003906
1108.0	47.653350830078125
1109.0	47.624053955078125
1110.0	47.62578125
1111.0	47.5560791015625
1112.0	47.654238891601565
1113.0	47.66828918457031
1114.0	47.63539123535156
1115.0	47.54969177246094
1116.0	47.64448547363281
1117.0	47.6179931640625
1118.0	47.64982604980469
1119.0	47.66676330566406
1120.0	47.730612182617186
1121.0	47.59441223144531
1122.0	47.61991882324219
1123.0	47.702578735351565
1124.0	47.62315368652344
1125.0	47.620611572265624
1126.0	47.62643127441406
1127.0	47.58701782226562
1128.0	47.61873779296875
1129.0	47.552816772460936
1130.0	47.62064819335937
1131.0	47.73115844726563
1132.0	47.65809936523438
1133.0	47.51325378417969
1134.0	47.5029541015625
1135.0	47.63542175292969
1136.0	47.65369567871094
1137.0	47.66294860839844
1138.0	47.58367919921875
1139.0	47.731649780273436
1140.0	47.754388427734376
1141.0	47.77017517089844
1142.0	47.54764099121094
1143.0	47.596014404296874
1144.0	47.483822631835935
1145.0	47.541201782226565
1146.0	47.53589782714844
1147.0	47.490457153320314
1148.0	47.56885986328125
1149.0	47.532229614257815
1150.0	47.51824951171875
1151.0	47.529730224609374
1152.0	47.50594787597656
1153.0	47.59054870605469
1154.0	47.649557495117186
1155.0	47.52390747070312
1156.0	47.508880615234375
1157.0	47.38224487304687
1158.0	47.50887756347656
1159.0	47.6011474609375
1160.0	47.507815551757815
1161.0	47.592596435546874
1162.0	47.519064331054686
1163.0	47.584930419921875
1164.0	47.630514526367186
1165.0	47.467794799804686
1166.0	47.53443603515625
1167.0	47.551089477539065
1168.0	47.50231018066406
1169.0	47.52750854492187
1170.0	47.53863525390625
1171.0	47.52696228027344
1172.0	47.435543823242185
1173.0	47.51268005371094
1174.0	47.546810913085935
1175.0	47.39557800292969
1176.0	47.461859130859374
1177.0	47.49617004394531
1178.0	47.623538208007815
1179.0	47.52770080566406
1180.0	47.488287353515624
1181.0	47.49557800292969
1182.0	47.43491821289062
1183.0	47.526937866210936
1184.0	47.551632690429685
1185.0	47.4122314453125
1186.0	47.532354736328124
1187.0	47.48590087890625
1188.0	47.418280029296874
1189.0	47.536782836914064
1190.0	47.52371826171875
1191.0	47.486016845703126
1192.0	47.437704467773436
1193.0	47.441470336914065
1194.0	47.469912719726565
1195.0	47.478878784179685
1196.0	47.523443603515624
1197.0	47.45151977539062
1198.0	47.3865966796875
1199.0	47.49850158691406
1200.0	47.49549865722656
1201.0	47.5498779296875
1202.0	47.45421447753906
1203.0	47.491415405273436
1204.0	47.42281494140625
1205.0	47.38447265625
1206.0	47.39783630371094
1207.0	47.495016479492186
1208.0	47.37744140625
1209.0	47.43238525390625
1210.0	47.538735961914064
1211.0	47.46805419921875
1212.0	47.41929626464844
1213.0	47.49515991210937
1214.0	47.517965698242186
1215.0	47.482763671875
1216.0	47.541998291015624
1217.0	47.459808349609375
1218.0	47.42409057617188
1219.0	47.5057373046875
1220.0	47.52120666503906
1221.0	47.554116821289064
1222.0	47.36197204589844
1223.0	47.43778076171875
1224.0	47.367330932617186
1225.0	47.435647583007814
1226.0	47.462451171875
1227.0	47.406796264648435
1228.0	47.39347534179687
1229.0	47.32049560546875
1230.0	47.539675903320315
1231.0	47.4209228515625
1232.0	47.467227172851565
1233.0	47.416510009765624
1234.0	47.43808288574219
1235.0	47.361932373046876
1236.0	47.53730163574219
1237.0	47.36549682617188
1238.0	47.37654418945313
1239.0	47.31711120605469
1240.0	47.41468200683594
1241.0	47.36316833496094
1242.0	47.334466552734376
1243.0	47.27189636230469
1244.0	47.383636474609375
1245.0	47.319461059570315
1246.0	47.375482177734376
1247.0	47.24305114746094
1248.0	47.286251831054685
1249.0	47.19754333496094
1250.0	47.351593017578125
1251.0	47.38404235839844
1252.0	47.31859130859375
1253.0	47.25547485351562
1254.0	47.19892578125
1255.0	47.32729797363281
1256.0	47.304052734375
1257.0	47.27675170898438
1258.0	47.41385498046875
1259.0	47.29751892089844
1260.0	47.460873413085935
1261.0	47.32236938476562
1262.0	47.284890747070314
1263.0	47.3169677734375
1264.0	47.37709045410156
1265.0	47.21568908691406
1266.0	47.369833374023436
1267.0	47.388275146484375
1268.0	47.26193542480469
1269.0	47.326409912109376
1270.0	47.349917602539065
1271.0	47.381228637695315
1272.0	47.32859802246094
1273.0	47.187747192382815
1274.0	47.20317687988281
1275.0	47.28653564453125
1276.0	47.217306518554686
1277.0	47.11283569335937
1278.0	47.363406372070315
1279.0	47.40901184082031
1280.0	47.38786926269531
1281.0	47.27845764160156
1282.0	47.336508178710936
1283.0	47.165097045898435
1284.0	47.25901794433594
1285.0	47.38533020019531
1286.0	47.26847839355469
1287.0	47.41764526367187
1288.0	47.271725463867185
1289.0	47.29051513671875
1290.0	47.24238586425781
1291.0	47.37934875488281
1292.0	47.1915771484375
1293.0	47.24595947265625
1294.0	47.324868774414064
1295.0	47.27315673828125
1296.0	47.1650634765625
1297.0	47.146078491210936
1298.0	47.275979614257814
1299.0	47.18417053222656
1300.0	47.06181945800781
1301.0	47.195193481445315
1302.0	47.072061157226564
1303.0	47.21719665527344
1304.0	47.1986328125
1305.0	47.2241943359375
1306.0	47.18771057128906
1307.0	47.130331420898436
1308.0	47.059442138671876
1309.0	47.102142333984375
1310.0	47.16145629882813
1311.0	47.06333618164062
1312.0	47.066708374023435
1313.0	46.933895874023435
1314.0	46.892694091796876
1315.0	47.06949462890625
1316.0	47.06444396972656
1317.0	47.10706787109375
1318.0	47.121585083007815
1319.0	47.14748840332031
1320.0	46.9480224609375
1321.0	46.94960021972656
1322.0	46.892095947265624
1323.0	47.036566162109374
1324.0	47.045388793945314
1325.0	47.17225341796875
1326.0	46.98853454589844
1327.0	47.0127685546875
1328.0	47.11058044433594
1329.0	47.047802734375
1330.0	47.07467346191406
1331.0	47.004232788085936
1332.0	46.980987548828125
1333.0	46.994631958007815
1334.0	47.125457763671875
1335.0	46.975274658203126
1336.0	47.17701110839844
1337.0	46.921078491210935
1338.0	46.97181701660156
1339.0	47.062503051757815
1340.0	47.01755981445312
1341.0	46.92674255371094
1342.0	46.98448181152344
1343.0	46.892147827148435
1344.0	47.11494140625
1345.0	46.99430847167969
1346.0	47.03401489257813
1347.0	46.95211486816406
1348.0	46.91801147460937
1349.0	46.935064697265624
1350.0	46.99299926757813
1351.0	46.89541320800781
1352.0	46.914425659179685
1353.0	46.802224731445314
1354.0	46.870513916015625
1355.0	46.8409423828125
1356.0	46.73218688964844
1357.0	46.903680419921876
1358.0	46.73360595703125
1359.0	46.95343933105469
1360.0	46.85295715332031
1361.0	46.85426025390625
1362.0	46.801519775390624
1363.0	46.755987548828124
1364.0	46.92623291015625
1365.0	46.69263916015625
1366.0	46.72621154785156
1367.0	46.78029174804688
1368.0	46.82206726074219
1369.0	46.86982421875
1370.0	46.94664001464844
1371.0	46.81429443359375
1372.0	46.8552734375
1373.0	46.85020751953125
1374.0	46.93606872558594
1375.0	46.87394714355469
1376.0	46.989443969726565
1377.0	46.76638488769531
1378.0	46.90911865234375
1379.0	46.84154357910156
1380.0	46.840884399414065
1381.0	46.83805541992187
1382.0	46.91065979003906
1383.0	46.82248229980469
1384.0	46.80821228027344
1385.0	46.77392578125
1386.0	46.795782470703124
1387.0	46.68855590820313
1388.0	46.74468078613281
1389.0	46.7143310546875
1390.0	46.82762756347656
1391.0	46.738250732421875
1392.0	46.83369750976563
1393.0	46.72627258300781
1394.0	46.672698974609375
1395.0	46.72726745605469
1396.0	46.70394287109375
1397.0	46.5799072265625
1398.0	46.9351318359375
1399.0	46.687322998046874
1400.0	46.85584716796875
1401.0	46.619805908203126
1402.0	46.92701110839844
1403.0	46.748025512695314
1404.0	46.87303466796875
1405.0	46.88272705078125
1406.0	46.64427185058594
1407.0	46.79546203613281
1408.0	46.825540161132814
1409.0	46.858395385742185
1410.0	46.835394287109374
1411.0	46.71080017089844
1412.0	46.660491943359375
1413.0	46.786416625976564
1414.0	46.72879638671875
1415.0	46.74891052246094
1416.0	46.64736328125
1417.0	46.70640869140625
1418.0	46.7289306640625
1419.0	46.76715087890625
1420.0	46.76846923828125
1421.0	46.76716918945313
1422.0	46.90322265625
1423.0	46.8259765625
1424.0	46.807421875
1425.0	46.667913818359374
1426.0	46.868829345703126
1427.0	46.639993286132814
1428.0	46.784918212890624
1429.0	46.678036499023435
1430.0	46.673486328125
1431.0	46.612615966796874
1432.0	46.82170715332031
1433.0	46.622747802734374
1434.0	46.79247131347656
1435.0	46.87369079589844
1436.0	46.7757568359375
1437.0	46.565609741210935
1438.0	46.800103759765626
1439.0	46.658880615234374
1440.0	46.828042602539064
1441.0	46.764215087890626
1442.0	46.855465698242185
1443.0	46.71726989746094
1444.0	46.8723876953125
1445.0	46.845053100585936
1446.0	46.714968872070315
1447.0	46.796469116210936
1448.0	46.85238342285156
1449.0	46.878726196289065
1450.0	46.82029724121094
1451.0	46.77747497558594
1452.0	47.0615478515625
1453.0	46.90491638183594
1454.0	46.79624633789062
1455.0	46.84237365722656
1456.0	46.889346313476565
1457.0	46.74271240234375
1458.0	46.8932861328125
1459.0	46.92320251464844
1460.0	46.8793701171875
1461.0	46.89700927734375
1462.0	46.809426879882814
1463.0	46.81009521484375
1464.0	46.97709655761719
1465.0	46.818215942382814
1466.0	46.92948608398437
1467.0	46.9914794921875
1468.0	46.910299682617186
1469.0	46.914337158203125
1470.0	46.955630493164065
1471.0	46.97895202636719
1472.0	47.03026123046875
1473.0	46.71604919433594
1474.0	46.971902465820314
1475.0	46.83169860839844
1476.0	46.929891967773436
1477.0	46.858770751953124
1478.0	46.831512451171875
1479.0	46.94044494628906
1480.0	46.91033020019531
1481.0	46.904318237304686
1482.0	47.00950317382812
1483.0	46.91993103027344
1484.0	46.88993530273437
1485.0	46.92403869628906
1486.0	46.93252258300781
1487.0	46.97079772949219
1488.0	47.008950805664064
1489.0	46.87673645019531
1490.0	46.90765380859375
1491.0	46.86534118652344
1492.0	46.98201293945313
1493.0	46.84974975585938
1494.0	46.97864990234375
1495.0	46.83467102050781
1496.0	46.959957885742185
1497.0	46.834902954101565
1498.0	46.953610229492185
1499.0	46.87443542480469
1500.0	46.818704223632814
1501.0	46.762939453125
1502.0	46.96855773925781
1503.0	46.81751708984375
1504.0	46.8501953125
1505.0	46.838803100585935
1506.0	46.916806030273435
1507.0	46.91835021972656
1508.0	46.867132568359374
1509.0	46.853982543945314
1510.0	46.81810607910156
1511.0	46.86212158203125
1512.0	46.727255249023436
1513.0	46.81550903320313
1514.0	46.805661010742185
1515.0	46.82158508300781
1516.0	46.86165161132813
1517.0	46.87324829101563
1518.0	46.77831115722656
1519.0	46.872216796875
1520.0	46.893463134765625
1521.0	46.79609375
1522.0	46.7487548828125
1523.0	46.955291748046875
1524.0	46.80012817382813
1525.0	46.7111328125
1526.0	46.91508178710937
1527.0	46.82281494140625
1528.0	46.890252685546876
1529.0	46.79688720703125
1530.0	46.938351440429685
1531.0	46.85444946289063
1532.0	46.753814697265625
1533.0	46.778402709960936
1534.0	46.71806335449219
1535.0	46.85685729980469
1536.0	46.769308471679686
1537.0	46.77127685546875
1538.0	46.933352661132815
1539.0	46.90341796875
1540.0	46.83042907714844
1541.0	46.83603515625
1542.0	46.84608154296875
1543.0	46.84861450195312
1544.0	46.92454528808594
1545.0	46.7163818359375
1546.0	46.88793029785156
1547.0	46.733645629882815
1548.0	46.77793884277344
1549.0	46.897763061523435
1550.0	46.838330078125
1551.0	46.83955688476563
1552.0	46.90278015136719
1553.0	46.839447021484375
1554.0	46.954244995117186
1555.0	46.88786315917969
1556.0	46.93974304199219
1557.0	46.94932861328125
1558.0	46.8040771484375
1559.0	46.8272216796875
1560.0	46.89560241699219
1561.0	46.87407531738281
1562.0	46.91842041015625
1563.0	46.84449462890625
1564.0	46.88642272949219
1565.0	46.993099975585935
1566.0	46.91761169433594
1567.0	46.943930053710936
1568.0	46.96860961914062
1569.0	46.83903198242187
1570.0	46.812066650390626
1571.0	46.956634521484375
1572.0	46.877081298828124
1573.0	46.862789916992185
1574.0	46.8468017578125
1575.0	46.9285400390625
1576.0	46.87413024902344
1577.0	46.835995483398435
1578.0	46.811279296875
1579.0	46.781182861328126
1580.0	46.8760986328125
1581.0	47.010598754882814
1582.0	46.74986267089844
1583.0	46.83572998046875
1584.0	46.89201049804687
1585.0	46.879608154296875
1586.0	46.88316345214844
1587.0	46.813720703125
1588.0	46.8712158203125
1589.0	46.82826232910156
1590.0	46.87239379882813
1591.0	46.8110107421875
1592.0	46.836062622070315
1593.0	46.859368896484376
1594.0	46.91042785644531
1595.0	46.80677490234375
1596.0	46.94870300292969
1597.0	46.90560302734375
1598.0	46.851846313476564
1599.0	46.81729736328125
1600.0	46.8404296875
1601.0	46.79908752441406
1602.0	46.86729431152344
1603.0	46.699609375
1604.0	46.82413024902344
1605.0	46.75637512207031
1606.0	46.73970947265625
1607.0	46.74134216308594
1608.0	46.90201416015625
1609.0	46.71103515625
1610.0	46.8117919921875
1611.0	46.75229187011719
1612.0	46.78519287109375
1613.0	46.834042358398435
1614.0	46.854315185546874
1615.0	46.82464599609375
1616.0	46.816845703125
1617.0	46.85317687988281
1618.0	46.889654541015624
1619.0	46.9668701171875
1620.0	46.81031494140625
1621.0	46.852362060546874
1622.0	46.81505126953125
1623.0	46.75325012207031
1624.0	46.942752075195315
1625.0	46.75367126464844
1626.0	46.79743957519531
1627.0	46.8873046875
1628.0	47.02711181640625
1629.0	46.92549438476563
1630.0	46.84453125
1631.0	46.787698364257814
1632.0	46.893853759765626
1633.0	46.847592163085935
1634.0	46.87507019042969
1635.0	46.90382080078125
1636.0	47.129721069335936
1637.0	46.95234985351563
1638.0	46.899774169921876
1639.0	47.0484130859375
1640.0	47.02189331054687
1641.0	46.887646484375
1642.0	46.98302001953125
1643.0	47.0470947265625
1644.0	47.05384826660156
1645.0	47.08622741699219
1646.0	47.00730895996094
1647.0	47.00277404785156
1648.0	46.9751708984375
1649.0	46.80303955078125
1650.0	46.950201416015624
1651.0	47.040765380859376
1652.0	47.00801086425781
1653.0	46.91832275390625
1654.0	46.98394775390625
1655.0	47.00477905273438
1656.0	47.06523132324219
1657.0	46.896749877929686
1658.0	46.91623229980469
1659.0	47.051220703125
1660.0	47.08897705078125
1661.0	46.925759887695314
1662.0	46.96058959960938
1663.0	47.08238830566406
1664.0	46.99545593261719
1665.0	46.851287841796875
1666.0	46.942047119140625
1667.0	47.06441040039063
1668.0	46.91682434082031
1669.0	47.11537170410156
1670.0	47.12251281738281
1671.0	47.01070556640625
1672.0	47.028265380859374
1673.0	46.946774291992185
1674.0	47.059295654296875
1675.0	46.997625732421874
1676.0	46.9524658203125
1677.0	46.96233215332031
1678.0	46.995260620117186
1679.0	47.020697021484374
1680.0	47.045980834960936
1681.0	47.093484497070314
1682.0	46.914346313476564
1683.0	47.063229370117185
1684.0	47.07286071777344
1685.0	46.97518615722656
1686.0	46.995321655273436
1687.0	47.078756713867186
1688.0	47.004888916015624
1689.0	46.96434631347656
1690.0	46.96756286621094
1691.0	46.9004150390625
1692.0	47.01258850097656
1693.0	46.950164794921875
1694.0	46.9828369140625
1695.0	47.004248046875
1696.0	46.975164794921874
1697.0	46.902035522460935
1698.0	46.95539245605469
1699.0	47.1150146484375
1700.0	46.97972717285156
1701.0	46.93367919921875
1702.0	46.991757202148435
1703.0	47.081356811523435
1704.0	46.896453857421875
1705.0	46.95613403320313
1706.0	47.000265502929686
1707.0	46.92436218261719
1708.0	47.021063232421874
1709.0	46.97333984375
1710.0	46.781488037109376
1711.0	46.96590881347656
1712.0	46.819146728515626
1713.0	46.86296691894531
1714.0	46.90799255371094
1715.0	46.8785400390625
1716.0	46.648190307617185
1717.0	46.4792236328125
1718.0	46.58562316894531
1719.0	46.589718627929685
1720.0	46.50074157714844
1721.0	46.45888977050781
1722.0	46.585821533203124
1723.0	46.40248413085938
1724.0	46.567578125
1725.0	46.43061828613281
1726.0	46.487734985351565
1727.0	46.441159057617185
1728.0	46.613671875
1729.0	46.688958740234376
1730.0	46.898965454101564
1731.0	46.967837524414065
1732.0	46.90977783203125
1733.0	46.88461608886719
1734.0	46.95633544921875
1735.0	47.044314575195315
1736.0	47.05815734863281
1737.0	47.002383422851565
1738.0	46.990231323242185
1739.0	47.06977844238281
1740.0	46.96807861328125
1741.0	46.951385498046875
1742.0	46.98274230957031
1743.0	46.99295349121094
1744.0	47.00636596679688
1745.0	46.97979736328125
1746.0	47.0298095703125
1747.0	47.07282409667969
1748.0	46.9638671875
1749.0	46.93827514648437
1750.0	47.16083984375
1751.0	46.93671569824219
1752.0	47.10459594726562
1753.0	47.119076538085935
1754.0	47.11509704589844
1755.0	47.012631225585935
1756.0	47.14610290527344
1757.0	47.0333251953125
1758.0	47.09593200683594
1759.0	47.114688110351565
1760.0	47.09085693359375
1761.0	46.989498901367185
1762.0	47.0488525390625
1763.0	47.189761352539065
1764.0	47.18724365234375
1765.0	47.162994384765625
1766.0	47.17509765625
1767.0	47.08523864746094
1768.0	47.21173095703125
1769.0	47.073150634765625
1770.0	47.08128662109375
1771.0	47.205264282226565
1772.0	47.13345642089844
1773.0	47.157159423828126
1774.0	46.98371276855469
1775.0	47.04551696777344
1776.0	47.15831298828125
1777.0	47.137481689453125
1778.0	47.11836242675781
1779.0	47.133172607421876
1780.0	47.084963989257815
1781.0	47.197689819335935
1782.0	47.22462768554688
1783.0	47.23779296875
1784.0	47.10194702148438
1785.0	47.32327575683594
1786.0	47.072784423828125
1787.0	47.264993286132814
1788.0	47.1754150390625
1789.0	47.19591064453125
1790.0	47.12637023925781
1791.0	47.140716552734375
1792.0	47.289364624023435
1793.0	47.14773864746094
1794.0	47.144769287109376
1795.0	47.1828857421875
1796.0	47.10543518066406
1797.0	47.08512878417969
1798.0	47.13268127441406
1799.0	47.08690490722656
1800.0	47.04247131347656
1801.0	47.03279113769531
1802.0	47.06175537109375
1803.0	47.15595703125
1804.0	47.20252685546875
1805.0	47.111325073242185
1806.0	47.152154541015626
1807.0	47.15926818847656
1808.0	47.11767578125
1809.0	47.12076416015625
1810.0	47.105612182617186
1811.0	47.05827026367187
1812.0	47.075250244140626
1813.0	46.98992919921875
1814.0	47.05447082519531
1815.0	46.99305114746094
1816.0	47.18641967773438
1817.0	47.10921630859375
1818.0	47.148553466796876
1819.0	47.11416320800781
1820.0	47.063619995117186
1821.0	47.17619934082031
1822.0	47.188653564453126
1823.0	46.98511657714844
1824.0	47.171041870117186
1825.0	47.10767822265625
1826.0	47.13680725097656
1827.0	47.1522216796875
1828.0	47.178402709960935
1829.0	46.96051940917969
1830.0	46.99848937988281
1831.0	47.1466064453125
1832.0	47.17326049804687
1833.0	47.06236572265625
1834.0	47.07804565429687
1835.0	47.174478149414064
1836.0	47.09684448242187
1837.0	47.119927978515626
1838.0	47.06662292480469
1839.0	47.06047058105469
1840.0	47.179849243164064
1841.0	47.071380615234375
1842.0	47.095526123046874
1843.0	47.00516357421875
1844.0	46.92178955078125
1845.0	46.87221984863281
1846.0	46.99409484863281
1847.0	46.944943237304685
1848.0	46.989263916015624
1849.0	47.03199462890625
1850.0	46.95466918945313
1851.0	47.017327880859376
1852.0	47.028448486328124
1853.0	46.969259643554686
1854.0	46.97981567382813
1855.0	46.98399963378906
1856.0	47.0419189453125
1857.0	46.93447265625
1858.0	47.03951721191406
1859.0	47.02657470703125
1860.0	47.03255920410156
1861.0	46.95152893066406
1862.0	46.855587768554685
1863.0	46.925726318359374
1864.0	47.02334289550781
1865.0	47.069515991210935
1866.0	47.03931579589844
1867.0	47.03159790039062
1868.0	47.00284118652344
1869.0	46.927301025390626
1870.0	47.14427490234375
1871.0	47.04842834472656
1872.0	47.09862060546875
1873.0	47.08254699707031
1874.0	47.14000549316406
1875.0	46.985986328125
1876.0	47.0369873046875
1877.0	46.998284912109376
1878.0	47.121160888671874
1879.0	47.31125183105469
1880.0	47.18717041015625
1881.0	47.133721923828126
1882.0	47.12908020019531
1883.0	47.0867431640625
1884.0	47.126251220703125
1885.0	47.142333984375
1886.0	47.135955810546875
1887.0	47.07423095703125
1888.0	47.16183776855469
1889.0	47.036355590820314
1890.0	47.23175048828125
1891.0	47.22087097167969
1892.0	47.148486328125
1893.0	47.23518676757813
1894.0	47.24501953125
1895.0	47.0634033203125
1896.0	47.16248779296875
1897.0	47.14700927734375
1898.0	47.15016174316406
1899.0	47.22056884765625
1900.0	47.00462036132812
1901.0	47.120236206054685
1902.0	47.107785034179685
1903.0	47.118560791015625
1904.0	47.12993469238281
1905.0	47.12256774902344
1906.0	47.11724853515625
1907.0	47.13569946289063
1908.0	47.1522705078125
1909.0	47.03146057128906
1910.0	47.206640625
1911.0	47.06342468261719
1912.0	47.079833984375
1913.0	46.91537780761719
1914.0	46.86159973144531
1915.0	46.959371948242186
1916.0	47.00770263671875
1917.0	46.84657592773438
1918.0	47.048580932617185
1919.0	47.07362060546875
1920.0	47.047018432617186
1921.0	47.1435546875
1922.0	47.1025634765625
1923.0	47.070516967773436
1924.0	47.17155456542969
1925.0	47.0505615234375
1926.0	47.08033447265625
1927.0	47.166561889648435
1928.0	47.111993408203126
1929.0	47.064083862304685
1930.0	47.039895629882814
1931.0	47.07823791503906
1932.0	47.212521362304685
1933.0	47.08467407226563
1934.0	46.993255615234375
1935.0	46.995730590820315
1936.0	47.16981506347656
1937.0	47.0877197265625
1938.0	47.206494140625
1939.0	47.28702392578125
1940.0	47.25688781738281
1941.0	47.26248474121094
1942.0	47.127951049804686
1943.0	47.23914489746094
1944.0	47.23842163085938
1945.0	47.26085205078125
1946.0	47.36593322753906
1947.0	47.139111328125
1948.0	47.312188720703126
1949.0	47.263406372070314
1950.0	47.32461242675781
1951.0	47.348388671875
1952.0	47.26024169921875
1953.0	47.25700988769531
1954.0	47.1382080078125
1955.0	47.21803283691406
1956.0	47.06953735351563
1957.0	47.2462646484375
1958.0	47.191107177734374
1959.0	47.27552795410156
1960.0	47.296636962890624
1961.0	47.21512145996094
1962.0	47.17158813476563
1963.0	47.27200622558594
1964.0	47.169332885742186
1965.0	47.32687683105469
1966.0	47.209893798828126
1967.0	47.263116455078126
1968.0	47.24100341796875
1969.0	47.20327453613281
1970.0	47.24903259277344
1971.0	47.24603271484375
1972.0	47.27112731933594
1973.0	47.31606750488281
1974.0	47.250485229492185
1975.0	47.31691284179688
1976.0	47.42886962890625
1977.0	47.32542114257812
1978.0	47.30591735839844
1979.0	47.255575561523436
1980.0	47.11655883789062
1981.0	47.11192321777344
1982.0	47.258627319335936
1983.0	47.28506774902344
1984.0	47.28583984375
1985.0	47.25551147460938
1986.0	47.30256652832031
1987.0	47.38887939453125
1988.0	47.1802978515625
1989.0	47.19044494628906
1990.0	47.236328125
1991.0	47.322244262695314
1992.0	47.300543212890624
1993.0	47.34127502441406
1994.0	47.42021484375
1995.0	47.269482421875
1996.0	47.25990600585938
1997.0	47.34373168945312
1998.0	47.35619201660156
1999.0	47.24678039550781
2000.0	47.42204284667969
2001.0	47.17210083007812
2002.0	47.282763671875
2003.0	47.22783508300781
2004.0	47.083001708984376
2005.0	46.78699951171875
2006.0	46.819390869140626
2007.0	46.8230224609375
2008.0	46.94991455078125
2009.0	47.044131469726565
2010.0	47.024356079101565
2011.0	46.98506469726563
2012.0	47.10912170410156
2013.0	46.95656127929688
2014.0	47.07554321289062
2015.0	46.95554809570312
2016.0	47.0239013671875
2017.0	47.02602844238281
2018.0	47.12820129394531
2019.0	47.23854370117188
2020.0	47.11693420410156
2021.0	47.06903991699219
2022.0	47.13515014648438
2023.0	47.05296020507812
2024.0	47.20464172363281
2025.0	47.07047119140625
2026.0	47.10713500976563
2027.0	47.146856689453124
2028.0	47.12969055175781
2029.0	47.0190673828125
2030.0	47.039675903320315
2031.0	47.00035095214844
2032.0	46.880743408203124
2033.0	46.87635803222656
2034.0	46.844094848632814
2035.0	46.703973388671876
2036.0	46.846484375
2037.0	47.00777893066406
2038.0	47.23964233398438
2039.0	47.262063598632814
2040.0	47.267919921875
2041.0	47.26633911132812
2042.0	47.10676574707031
2043.0	47.056890869140624
2044.0	47.125067138671874
2045.0	47.17788391113281
2046.0	47.15519409179687
2047.0	47.202389526367185
2048.0	47.25067138671875
2049.0	47.2006103515625
2050.0	47.027215576171876
2051.0	47.33720092773437
2052.0	47.2737548828125
2053.0	47.30659484863281
2054.0	47.25692138671875
2055.0	47.290322875976564
2056.0	47.203826904296875
2057.0	47.34441223144531
2058.0	47.278482055664064
2059.0	47.30840148925781
2060.0	47.26231079101562
2061.0	47.08852844238281
2062.0	47.25938720703125
2063.0	47.18006286621094
2064.0	47.281622314453124
2065.0	47.09627685546875
2066.0	47.21723937988281
2067.0	47.315771484375
2068.0	47.314151000976565
2069.0	47.27582702636719
2070.0	47.164303588867185
2071.0	47.3283447265625
2072.0	47.315771484375
2073.0	47.37082214355469
2074.0	47.43330688476563
2075.0	47.438287353515626
2076.0	47.38007507324219
2077.0	47.391943359375
2078.0	47.46430358886719
2079.0	47.46590576171875
2080.0	47.51280517578125
2081.0	47.51396789550781
2082.0	47.5292236328125
2083.0	47.56746826171875
2084.0	47.48798828125
2085.0	47.619268798828124
2086.0	47.51894836425781
2087.0	47.51145629882812
2088.0	47.51363525390625
2089.0	47.44633483886719
2090.0	47.616845703125
2091.0	47.54231567382813
2092.0	47.53840637207031
2093.0	47.534552001953124
2094.0	47.49216003417969
2095.0	47.44507751464844
2096.0	47.56826477050781
2097.0	47.528317260742185
2098.0	47.550924682617186
2099.0	47.48984375
2100.0	47.55994873046875
2101.0	47.527880859375
2102.0	47.588626098632815
2103.0	47.53233032226562
2104.0	47.45181579589844
2105.0	47.468179321289064
2106.0	47.572943115234374
2107.0	47.50973815917969
2108.0	47.49333190917969
2109.0	47.53742370605469
2110.0	47.388641357421875
2111.0	47.40689697265625
2112.0	47.08253173828125
2113.0	46.94842529296875
2114.0	47.2678955078125
2115.0	47.2766845703125
2116.0	47.368734741210936
2117.0	47.43296508789062
2118.0	47.52812194824219
2119.0	47.388790893554685
2120.0	47.410107421875
2121.0	47.393426513671876
2122.0	47.49129943847656
2123.0	47.34456787109375
2124.0	47.40108947753906
2125.0	47.43397521972656
2126.0	47.435299682617185
2127.0	47.46089172363281
2128.0	47.42978515625
2129.0	47.26002807617188
2130.0	47.41470642089844
2131.0	47.29404907226562
2132.0	47.353091430664065
2133.0	47.3980224609375
2134.0	47.44444274902344
2135.0	47.423989868164064
2136.0	47.481561279296876
2137.0	47.29857177734375
2138.0	47.459286499023435
2139.0	47.54423828125
2140.0	47.44728088378906
2141.0	47.300634765625
2142.0	47.25035400390625
2143.0	47.4760009765625
2144.0	47.58879089355469
2145.0	47.517514038085935
2146.0	47.432778930664064
2147.0	47.58547668457031
2148.0	47.520758056640624
2149.0	47.6344482421875
2150.0	47.5755859375
2151.0	47.463165283203125
2152.0	47.59121398925781
2153.0	47.5331787109375
2154.0	47.67292175292969
2155.0	47.65608520507813
2156.0	47.53111267089844
2157.0	47.570928955078124
2158.0	47.522280883789065
2159.0	47.59061279296875
2160.0	47.69856567382813
2161.0	47.60378723144531
2162.0	47.67399597167969
2163.0	47.63636474609375
2164.0	47.6448486328125
2165.0	47.495339965820314
2166.0	47.60829467773438
2167.0	47.540890502929685
2168.0	47.50938720703125
2169.0	47.71221923828125
2170.0	47.49788208007813
2171.0	47.675341796875
2172.0	47.613958740234374
2173.0	47.75123596191406
2174.0	47.636993408203125
2175.0	47.61878662109375
2176.0	47.69816284179687
2177.0	47.735171508789065
2178.0	47.65064697265625
2179.0	47.65064697265625
2180.0	47.59096984863281
2181.0	47.70716857910156
2182.0	47.533209228515624
2183.0	47.66170959472656
2184.0	47.62237548828125
2185.0	47.605780029296874
2186.0	47.64674682617188
2187.0	47.656552124023435
2188.0	47.646322631835936
2189.0	47.723934936523435
2190.0	47.57880554199219
2191.0	47.639105224609374
2192.0	47.63643798828125
2193.0	47.72050170898437
2194.0	47.67607421875
2195.0	47.66647644042969
2196.0	47.56232604980469
2197.0	47.711734008789065
2198.0	47.61801452636719
2199.0	47.71692810058594
2200.0	47.709634399414064
2201.0	47.62497253417969
2202.0	47.70614929199219
2203.0	47.612918090820315
2204.0	47.72801818847656
2205.0	47.692633056640624
2206.0	47.599020385742186
2207.0	47.67965087890625
2208.0	47.790191650390625
2209.0	47.58684387207031
2210.0	47.6954345703125
2211.0	47.807611083984376
2212.0	47.75263977050781
2213.0	47.632476806640625
2214.0	47.6629638671875
2215.0	47.718240356445314
2216.0	47.63892517089844
2217.0	47.709326171875
2218.0	47.72330932617187
2219.0	47.69778747558594
2220.0	47.62715148925781
2221.0	47.685366821289065
2222.0	47.671270751953124
2223.0	47.60616760253906
2224.0	47.68510437011719
2225.0	47.62104797363281
2226.0	47.696343994140626
2227.0	47.67787170410156
2228.0	47.71119384765625
2229.0	47.6438232421875
2230.0	47.601593017578125
2231.0	47.632940673828124
2232.0	47.700933837890624
2233.0	47.6733154296875
2234.0	47.68134460449219
2235.0	47.610528564453126
2236.0	47.721588134765625
2237.0	47.665975952148436
2238.0	47.62589111328125
2239.0	47.57535400390625
2240.0	47.66136474609375
2241.0	47.722171020507815
2242.0	47.54255065917969
2243.0	47.67928466796875
2244.0	47.50841064453125
2245.0	47.755514526367186
2246.0	47.7278564453125
2247.0	47.78268737792969
2248.0	47.59104614257812
2249.0	47.665200805664064
2250.0	47.555624389648436
2251.0	47.66688842773438
2252.0	47.697381591796876
2253.0	47.57478332519531
2254.0	47.600460815429685
2255.0	47.58987731933594
2256.0	47.727490234375
2257.0	47.62882690429687
2258.0	47.614010620117185
2259.0	47.62904052734375
2260.0	47.56535339355469
2261.0	47.621560668945314
2262.0	47.61118774414062
2263.0	47.673345947265624
2264.0	47.767877197265626
2265.0	47.69214782714844
2266.0	47.678289794921874
2267.0	47.771017456054686
2268.0	47.79015197753906
2269.0	47.58875427246094
2270.0	47.720339965820315
2271.0	47.72950439453125
2272.0	47.767947387695315
2273.0	47.629269409179685
2274.0	47.59042663574219
2275.0	47.76932067871094
2276.0	47.824728393554686
2277.0	47.630654907226564
2278.0	47.76165771484375
2279.0	47.670745849609375
2280.0	47.706051635742185
2281.0	47.71644592285156
2282.0	47.689697265625
2283.0	47.76491088867188
2284.0	47.73211669921875
2285.0	47.70638732910156
2286.0	47.687738037109376
2287.0	47.800698852539064
2288.0	47.79256591796875
2289.0	47.77998352050781
2290.0	47.72711181640625
2291.0	47.78040466308594
2292.0	47.67124633789062
2293.0	47.678887939453126
2294.0	47.67818603515625
2295.0	47.7489501953125
2296.0	47.697695922851565
2297.0	47.66679382324219
2298.0	47.65919799804688
2299.0	47.68321228027344
2300.0	47.70817565917969
2301.0	47.64078979492187
2302.0	47.68997497558594
2303.0	47.746710205078124
2304.0	47.70912170410156
2305.0	47.69291381835937
2306.0	47.71749572753906
2307.0	47.55934448242188
2308.0	47.684112548828125
2309.0	47.609307861328126
2310.0	47.524679565429686
2311.0	47.65011291503906
2312.0	47.654763793945314
2313.0	47.641058349609374
2314.0	47.659506225585936
2315.0	47.702783203125
2316.0	47.622998046875
2317.0	47.6796142578125
2318.0	47.645468139648436
2319.0	47.55079650878906
2320.0	47.57236938476562
2321.0	47.444854736328125
2322.0	47.571023559570314
2323.0	47.60468444824219
2324.0	47.60832214355469
2325.0	47.5782470703125
2326.0	47.51719970703125
2327.0	47.6610595703125
2328.0	47.474786376953126
2329.0	47.48738403320313
2330.0	47.577597045898436
2331.0	47.56640625
2332.0	47.612054443359376
2333.0	47.50782165527344
2334.0	47.72184448242187
2335.0	47.52627258300781
2336.0	47.52264404296875
2337.0	47.54819946289062
2338.0	47.40373840332031
2339.0	47.50816040039062
2340.0	47.476907348632814
2341.0	47.517416381835936
2342.0	47.47065124511719
2343.0	47.47197265625
2344.0	47.44655151367188
2345.0	47.56088562011719
2346.0	47.60569458007812
2347.0	47.55729370117187
2348.0	47.5770263671875
2349.0	47.512255859375
2350.0	47.487545776367185
2351.0	47.500762939453125
2352.0	47.55159912109375
2353.0	47.51230163574219
2354.0	47.47476806640625
2355.0	47.562680053710935
2356.0	47.56336364746094
2357.0	47.48061828613281
2358.0	47.627618408203126
2359.0	47.365234375
2360.0	47.5031982421875
2361.0	47.6309326171875
2362.0	47.6408203125
2363.0	47.56160888671875
2364.0	47.56346435546875
2365.0	47.55203857421875
2366.0	47.596640014648436
2367.0	47.6574951171875
2368.0	47.64107971191406
2369.0	47.56025085449219
2370.0	47.49094848632812
2371.0	47.668023681640626
2372.0	47.53300170898437
2373.0	47.58567810058594
2374.0	47.34457092285156
2375.0	47.41383056640625
2376.0	47.48251953125
2377.0	47.63031921386719
2378.0	47.796444702148435
2379.0	47.7434814453125
2380.0	47.608602905273436
2381.0	47.65892028808594
2382.0	47.66775817871094
2383.0	47.62118835449219
2384.0	47.64510803222656
2385.0	47.658694458007815
2386.0	47.691748046875
2387.0	47.562741088867185
2388.0	47.71854858398437
2389.0	47.5892333984375
2390.0	47.694638061523435
2391.0	47.591748046875
2392.0	47.61775512695313
2393.0	47.72842102050781
2394.0	47.749322509765626
2395.0	47.659140014648436
2396.0	47.758734130859374
2397.0	47.69697875976563
2398.0	47.66572265625
2399.0	47.689334106445315
2400.0	47.69107666015625
2401.0	47.58494873046875
2402.0	47.72769470214844
2403.0	47.72438049316406
2404.0	47.85027160644531
2405.0	47.560980224609374
2406.0	47.6765380859375
2407.0	47.68020935058594
2408.0	47.759683227539064
2409.0	47.700750732421874
2410.0	47.737432861328124
2411.0	47.81478271484375
2412.0	47.749960327148436
2413.0	47.682080078125
2414.0	47.6688720703125
2415.0	47.639303588867186
2416.0	47.6845947265625
2417.0	47.64935302734375
2418.0	47.695169067382814
2419.0	47.70188903808594
2420.0	47.689328002929685
2421.0	47.684634399414065
2422.0	47.690835571289064
2423.0	47.64781494140625
2424.0	47.68404541015625
2425.0	47.7464111328125
2426.0	47.696893310546876
2427.0	47.72221374511719
2428.0	47.640682983398435
2429.0	47.66813659667969
2430.0	47.74705505371094
2431.0	47.587274169921876
2432.0	47.711248779296874
2433.0	47.632354736328125
2434.0	47.63746643066406
2435.0	47.79102478027344
2436.0	47.7846435546875
2437.0	47.790164184570315
2438.0	47.717428588867186
2439.0	47.78352355957031
2440.0	47.73436584472656
2441.0	47.67203369140625
2442.0	47.78028564453125
2443.0	47.661441040039065
2444.0	47.5817626953125
2445.0	47.75214538574219
2446.0	47.60383911132813
2447.0	47.56920471191406
2448.0	47.59486083984375
2449.0	47.569454956054685
2450.0	47.61397705078125
2451.0	47.53614501953125
2452.0	47.58406066894531
2453.0	47.601226806640625
2454.0	47.5430908203125
2455.0	47.71853332519531
2456.0	47.564385986328126
2457.0	47.57490844726563
2458.0	47.58219604492187
2459.0	47.599203491210936
2460.0	47.71086120605469
2461.0	47.68125
2462.0	47.530764770507815
2463.0	47.61455078125
2464.0	47.72744445800781
2465.0	47.595883178710935
2466.0	47.66300964355469
2467.0	47.60609130859375
2468.0	47.687741088867185
2469.0	47.517416381835936
2470.0	47.598269653320315
2471.0	47.499658203125
2472.0	47.43470764160156
2473.0	47.53712768554688
2474.0	47.51468505859375
2475.0	47.4203125
2476.0	47.57419128417969
2477.0	47.54617614746094
2478.0	47.423806762695314
2479.0	47.4437255859375
2480.0	47.35775146484375
2481.0	47.45430908203125
2482.0	47.41240234375
2483.0	47.51652526855469
2484.0	47.408206176757815
2485.0	47.52861022949219
2486.0	47.50657348632812
2487.0	47.49579772949219
2488.0	47.53334045410156
2489.0	47.35893859863281
2490.0	47.481362915039064
2491.0	47.463522338867186
2492.0	47.636721801757815
2493.0	47.55326538085937
2494.0	47.50159912109375
2495.0	47.436370849609375
2496.0	47.54512939453125
2497.0	47.52643737792969
2498.0	47.55662841796875
2499.0	47.57955322265625
2500.0	47.52714538574219
2501.0	47.490081787109375
2502.0	47.575479125976564
2503.0	47.636697387695314
2504.0	47.585690307617185
2505.0	47.58936767578125
2506.0	47.53175354003906
2507.0	47.571493530273436
2508.0	47.654153442382814
2509.0	47.65360717773437
2510.0	47.593038940429686
2511.0	47.64754638671875
2512.0	47.66415710449219
2513.0	47.581793212890624
2514.0	47.554718017578125
2515.0	47.65398254394531
2516.0	47.516778564453126
2517.0	47.66294860839844
2518.0	47.496829223632815
2519.0	47.58082885742188
2520.0	47.723062133789064
2521.0	47.66016845703125
2522.0	47.66350402832031
2523.0	47.551611328125
2524.0	47.658688354492185
2525.0	47.545751953125
2526.0	47.59984436035156
2527.0	47.516238403320315
2528.0	47.69024658203125
2529.0	47.548483276367186
2530.0	47.602001953125
2531.0	47.54161376953125
2532.0	47.60212707519531
2533.0	47.71610107421875
2534.0	47.627401733398436
2535.0	47.65166015625
2536.0	47.53995056152344
2537.0	47.5970458984375
2538.0	47.64866943359375
2539.0	47.750204467773436
2540.0	47.672402954101564
2541.0	47.6267333984375
2542.0	47.7080078125
2543.0	47.572906494140625
2544.0	47.669229125976564
2545.0	47.75557861328125
2546.0	47.60849304199219
2547.0	47.648248291015626
2548.0	47.629693603515626
2549.0	47.622772216796875
2550.0	47.6526611328125
2551.0	47.74373779296875
2552.0	47.604913330078126
2553.0	47.79549865722656
2554.0	47.51571044921875
2555.0	47.6523193359375
2556.0	47.85243225097656
2557.0	47.56629943847656
2558.0	47.61711120605469
2559.0	47.74296264648437
2560.0	47.7498046875
2561.0	47.65904846191406
2562.0	47.78487854003906
2563.0	47.722573852539064
2564.0	47.6806396484375
2565.0	47.75481262207031
2566.0	47.693572998046875
2567.0	47.766256713867186
2568.0	47.71036987304687
2569.0	47.74742736816406
2570.0	47.835269165039065
2571.0	47.759979248046875
2572.0	47.650759887695315
2573.0	47.7436767578125
2574.0	47.611663818359375
2575.0	47.65350341796875
2576.0	47.838766479492186
2577.0	47.72933654785156
2578.0	47.771603393554685
2579.0	47.778622436523435
2580.0	47.73887634277344
2581.0	47.74217529296875
2582.0	47.71461791992188
2583.0	47.7841064453125
2584.0	47.79134826660156
2585.0	47.744424438476564
2586.0	47.83892822265625
2587.0	47.87153625488281
2588.0	47.787924194335936
2589.0	47.8096923828125
2590.0	47.7236083984375
2591.0	47.81976318359375
2592.0	47.87354431152344
2593.0	47.803167724609374
2594.0	47.843240356445314
2595.0	47.75486450195312
2596.0	47.852490234375
2597.0	47.853945922851565
2598.0	47.89678039550781
2599.0	47.777899169921874
2600.0	47.816122436523436
2601.0	47.850888061523435
2602.0	47.863284301757815
2603.0	47.8048583984375
2604.0	47.72634582519531
2605.0	47.93531799316406
2606.0	47.79872131347656
2607.0	47.763214111328125
2608.0	47.87099914550781
2609.0	47.7848876953125
2610.0	47.649716186523435
2611.0	47.80186462402344
2612.0	47.75078125
2613.0	47.787417602539065
2614.0	47.8827880859375
2615.0	47.98812561035156
2616.0	47.9022216796875
2617.0	47.83059387207031
2618.0	47.89537658691406
2619.0	47.880560302734374
2620.0	47.792422485351565
2621.0	47.83702392578125
2622.0	47.809384155273435
2623.0	47.83028869628906
2624.0	47.862786865234376
2625.0	47.88868408203125
2626.0	47.94667053222656
2627.0	47.89547424316406
2628.0	47.889382934570314
2629.0	47.93232421875
2630.0	47.90499572753906
2631.0	47.88260498046875
2632.0	47.90726013183594
2633.0	47.99174194335937
2634.0	47.878353881835935
2635.0	47.875753784179686
2636.0	47.85099792480469
2637.0	47.76905822753906
2638.0	48.00267028808594
2639.0	47.90609436035156
2640.0	48.07380065917969
2641.0	47.865701293945314
2642.0	47.816708374023435
2643.0	47.84949645996094
2644.0	48.06358032226562
2645.0	47.92647094726563
2646.0	48.017758178710935
2647.0	48.00875549316406
2648.0	48.016970825195315
2649.0	47.964724731445315
2650.0	47.91557006835937
2651.0	47.90382385253906
2652.0	47.87873229980469
2653.0	47.872222900390625
2654.0	47.898065185546876
2655.0	47.89352722167969
2656.0	47.950216674804686
2657.0	47.815060424804685
2658.0	47.86992492675781
2659.0	47.932003784179685
2660.0	47.987429809570315
2661.0	47.823480224609376
2662.0	47.78321838378906
2663.0	47.907958984375
2664.0	47.83555908203125
2665.0	47.91607666015625
2666.0	47.89933776855469
2667.0	47.936911010742186
2668.0	47.964254760742186
2669.0	48.04910583496094
2670.0	47.940740966796874
2671.0	47.94932250976562
2672.0	47.92862243652344
2673.0	48.04750366210938
2674.0	47.89494018554687
2675.0	47.962582397460935
2676.0	47.94513854980469
2677.0	47.985784912109374
2678.0	47.885885620117186
2679.0	47.920956420898435
2680.0	47.88187255859375
2681.0	48.00929260253906
2682.0	47.957943725585935
2683.0	47.883425903320315
2684.0	48.03297729492188
2685.0	47.966485595703126
2686.0	47.93197326660156
2687.0	48.02406005859375
2688.0	47.959249877929686
2689.0	47.91994018554688
2690.0	47.8878662109375
2691.0	47.97468566894531
2692.0	47.89401550292969
2693.0	47.937139892578124
2694.0	48.0357421875
2695.0	48.0023193359375
2696.0	47.97275390625
2697.0	48.04916076660156
2698.0	47.970156860351565
2699.0	47.99917907714844
2700.0	47.97919616699219
2701.0	47.937539672851564
2702.0	47.9649169921875
2703.0	47.966009521484374
2704.0	47.9437255859375
2705.0	47.974813842773436
2706.0	47.91361694335937
2707.0	47.93094482421875
2708.0	48.00105285644531
2709.0	48.046017456054685
2710.0	47.9733642578125
2711.0	48.075991821289065
2712.0	48.042572021484375
2713.0	47.904168701171876
2714.0	47.94204406738281
2715.0	48.03470458984375
2716.0	48.184698486328124
2717.0	47.94623718261719
2718.0	47.955938720703124
2719.0	48.069635009765626
2720.0	47.98851318359375
2721.0	47.97976989746094
2722.0	48.01395874023437
2723.0	48.007598876953125
2724.0	47.960296630859375
2725.0	47.90226440429687
2726.0	47.94056701660156
2727.0	47.962060546875
2728.0	47.96879272460937
2729.0	47.98053894042969
2730.0	47.90243835449219
2731.0	47.991696166992185
2732.0	48.06216125488281
2733.0	47.98854064941406
2734.0	47.97367553710937
2735.0	47.91993408203125
2736.0	48.01760559082031
2737.0	47.91080017089844
2738.0	47.98392944335937
2739.0	48.023773193359375
2740.0	48.0453369140625
2741.0	47.921853637695314
2742.0	47.97318115234375
2743.0	48.06727905273438
2744.0	48.057864379882815
2745.0	47.93711853027344
2746.0	48.01101989746094
2747.0	48.026739501953124
2748.0	47.91222229003906
2749.0	47.94456787109375
2750.0	48.05815734863281
2751.0	48.06600341796875
2752.0	48.014208984375
2753.0	48.030401611328124
2754.0	48.027340698242185
2755.0	47.72279663085938
2756.0	47.73056335449219
2757.0	47.40071105957031
2758.0	47.41172485351562
2759.0	47.4277587890625
2760.0	47.51608581542969
2761.0	47.37534790039062
2762.0	47.455953979492186
2763.0	47.48111267089844
2764.0	47.543243408203125
2765.0	47.52102355957031
2766.0	47.526425170898435
2767.0	47.58257141113281
2768.0	47.58497009277344
2769.0	47.460348510742186
2770.0	47.47971801757812
2771.0	47.3583740234375
2772.0	47.58548278808594
2773.0	47.83985595703125
2774.0	47.9534423828125
2775.0	48.02686462402344
2776.0	48.046875
2777.0	47.902462768554685
2778.0	48.05705261230469
2779.0	48.1227294921875
2780.0	47.99432373046875
2781.0	48.027627563476564
2782.0	47.99601440429687
2783.0	47.995111083984376
2784.0	48.03170166015625
2785.0	47.935003662109374
2786.0	48.01028137207031
2787.0	48.023834228515625
2788.0	47.984902954101564
2789.0	48.08784484863281
2790.0	48.063623046875
2791.0	47.972711181640626
2792.0	48.07950439453125
2793.0	47.90229797363281
2794.0	47.8953857421875
2795.0	48.076882934570314
2796.0	47.928585815429685
2797.0	47.97696533203125
2798.0	47.875729370117185
2799.0	48.086447143554686
2800.0	47.975869750976564
2801.0	47.96232299804687
2802.0	48.006857299804686
2803.0	47.95171203613281
2804.0	47.89821166992188
2805.0	48.036328125
2806.0	47.87973327636719
2807.0	47.906149291992186
2808.0	47.902407836914065
2809.0	47.786904907226564
2810.0	47.81932067871094
2811.0	47.990621948242186
2812.0	47.81252746582031
2813.0	47.824404907226565
2814.0	47.84736633300781
2815.0	47.708612060546876
2816.0	47.74497985839844
2817.0	47.68748779296875
2818.0	47.81346740722656
2819.0	47.81459350585938
2820.0	47.80326538085937
2821.0	47.91647033691406
2822.0	47.73237915039063
2823.0	47.75886535644531
2824.0	47.80073852539063
2825.0	47.88667297363281
2826.0	47.76548461914062
2827.0	47.791351318359375
2828.0	47.77069091796875
2829.0	47.84453125
2830.0	47.723699951171874
2831.0	47.90610046386719
2832.0	47.723269653320315
2833.0	47.7087158203125
2834.0	47.87019653320313
2835.0	47.76956787109375
2836.0	47.75123596191406
2837.0	47.730218505859376
2838.0	47.83184814453125
2839.0	47.839846801757815
2840.0	47.833953857421875
2841.0	47.796240234375
2842.0	47.81197814941406
2843.0	47.842288208007815
2844.0	47.846484375
2845.0	47.706845092773435
2846.0	47.758053588867185
2847.0	47.86042175292969
2848.0	47.80054626464844
2849.0	47.736444091796876
2850.0	47.92603454589844
2851.0	47.835592651367186
2852.0	47.75304260253906
2853.0	47.776589965820314
2854.0	47.838104248046875
2855.0	47.87595825195312
2856.0	47.897439575195314
2857.0	47.93201904296875
2858.0	47.785858154296875
2859.0	47.72884826660156
2860.0	47.980438232421875
2861.0	47.858697509765626
2862.0	47.80422668457031
2863.0	47.864993286132815
2864.0	47.7734619140625
2865.0	47.74577941894531
2866.0	47.9022705078125
2867.0	47.858709716796874
2868.0	47.86044006347656
2869.0	47.83828125
2870.0	47.7925537109375
2871.0	47.91523742675781
2872.0	47.881631469726564
2873.0	47.801214599609374
2874.0	47.90745849609375
2875.0	47.90433349609375
2876.0	47.7609130859375
2877.0	47.76334838867187
2878.0	47.922906494140626
2879.0	47.87008972167969
2880.0	47.824578857421876
2881.0	47.902828979492185
2882.0	47.933938598632814
2883.0	47.903622436523435
2884.0	47.93150939941406
2885.0	48.013510131835936
2886.0	47.77609558105469
2887.0	47.815460205078125
2888.0	47.92162170410156
2889.0	47.885302734375
2890.0	47.835870361328126
2891.0	47.86296691894531
2892.0	47.745263671875
2893.0	47.86302490234375
2894.0	47.72438354492188
2895.0	47.92868347167969
2896.0	47.8316650390625
2897.0	47.94734191894531
2898.0	47.95250549316406
2899.0	48.014749145507814
2900.0	47.83424682617188
2901.0	47.901220703125
2902.0	47.96473693847656
2903.0	47.904458618164064
2904.0	47.86439819335938
2905.0	47.920370483398436
2906.0	47.95836486816406
2907.0	48.140499877929685
2908.0	48.085000610351564
2909.0	47.97175903320313
2910.0	48.00350341796875
2911.0	47.880368041992185
2912.0	47.93892211914063
2913.0	47.982748413085936
2914.0	48.05845642089844
2915.0	48.03297424316406
2916.0	47.91972351074219
2917.0	47.99659729003906
2918.0	47.87262878417969
2919.0	47.84964599609375
2920.0	47.939886474609374
2921.0	47.857000732421874
2922.0	47.91698303222656
2923.0	47.89359130859375
2924.0	48.0526123046875
2925.0	48.0232666015625
2926.0	47.86302490234375
2927.0	47.9498046875
2928.0	47.995339965820314
2929.0	47.87998046875
2930.0	47.9989990234375
2931.0	47.96364135742188
2932.0	48.06195983886719
2933.0	47.993597412109374
2934.0	47.96751708984375
2935.0	47.973333740234374
2936.0	48.070352172851564
2937.0	48.06956176757812
2938.0	48.04875793457031
2939.0	48.06257629394531
2940.0	47.95248718261719
2941.0	47.88025817871094
2942.0	48.07080078125
2943.0	48.02775268554687
2944.0	48.00733947753906
2945.0	47.937924194335935
2946.0	48.08591003417969
2947.0	48.012936401367185
2948.0	48.07682800292969
2949.0	48.050680541992186
2950.0	48.09901428222656
2951.0	48.088189697265626
2952.0	48.06825256347656
2953.0	48.155584716796874
2954.0	48.26031494140625
2955.0	48.09219970703125
2956.0	48.19068298339844
2957.0	48.15888977050781
2958.0	48.08320922851563
2959.0	48.164590454101564
2960.0	48.231265258789065
2961.0	48.1990966796875
2962.0	48.16431579589844
2963.0	48.22490234375
2964.0	48.29507141113281
2965.0	48.07332153320313
2966.0	48.124551391601564
2967.0	48.29074401855469
2968.0	48.18149108886719
2969.0	48.153909301757814
2970.0	48.125616455078124
2971.0	48.303402709960935
2972.0	48.17557067871094
2973.0	48.27933044433594
2974.0	48.131185913085936
2975.0	48.1876220703125
2976.0	48.381036376953126
2977.0	48.140008544921876
2978.0	48.255743408203124
2979.0	48.166558837890626
2980.0	48.323794555664065
2981.0	48.16957092285156
2982.0	48.2940185546875
2983.0	48.288229370117186
2984.0	48.1884521484375
2985.0	48.22406005859375
2986.0	48.314056396484375
2987.0	48.209033203125
2988.0	48.19510498046875
2989.0	48.183447265625
2990.0	48.189822387695315
2991.0	48.278768920898436
2992.0	48.29277038574219
2993.0	48.29222412109375
2994.0	48.1444580078125
2995.0	48.260964965820314
2996.0	48.276449584960936
2997.0	48.18356018066406
2998.0	48.145993041992185
2999.0	48.304388427734374
3000.0	48.253961181640626
3001.0	48.26365966796875
3002.0	48.22333984375
3003.0	48.165286254882815
3004.0	48.287261962890625
3005.0	48.289492797851565
3006.0	48.35184936523437
3007.0	48.33294677734375
3008.0	48.31779479980469
3009.0	48.2603515625
3010.0	48.140557861328126
3011.0	48.369686889648435
3012.0	48.20744018554687
3013.0	48.33299255371094
3014.0	48.23307800292969
3015.0	48.305355834960935
3016.0	48.16689758300781
3017.0	48.272952270507815
3018.0	48.2411865234375
3019.0	48.257345581054686
3020.0	48.25357666015625
3021.0	48.31847229003906
3022.0	48.26322631835937
3023.0	48.23650207519531
3024.0	48.30211181640625
3025.0	48.22632751464844
3026.0	48.09476013183594
3027.0	48.225982666015625
3028.0	48.275396728515624
3029.0	48.17842102050781
3030.0	48.2282470703125
3031.0	48.27770080566406
3032.0	48.248251342773436
3033.0	48.159664916992185
3034.0	48.20809631347656
3035.0	48.186126708984375
3036.0	48.323263549804686
3037.0	48.297119140625
3038.0	48.22138671875
3039.0	48.31021423339844
3040.0	48.15810852050781
3041.0	48.16994934082031
3042.0	48.20406799316406
3043.0	48.203305053710935
3044.0	48.260302734375
3045.0	48.12467956542969
3046.0	48.20281982421875
3047.0	48.108236694335936
3048.0	48.0590087890625
3049.0	48.0978271484375
3050.0	48.17282409667969
3051.0	48.254913330078125
3052.0	48.19788513183594
3053.0	48.28943786621094
3054.0	48.20447998046875
3055.0	48.216085815429686
3056.0	48.21623229980469
3057.0	48.168759155273435
3058.0	48.13819580078125
3059.0	48.095217895507815
3060.0	48.13975830078125
3061.0	48.29835815429688
3062.0	48.17281799316406
3063.0	48.20022888183594
3064.0	48.28525085449219
3065.0	48.16529235839844
3066.0	48.18182373046875
3067.0	48.275543212890625
3068.0	48.231405639648436
3069.0	48.06571960449219
3070.0	48.20963745117187
3071.0	48.06614990234375
3072.0	48.21208190917969
3073.0	48.167910766601565
3074.0	48.10770263671875
3075.0	48.10079345703125
3076.0	48.26410827636719
3077.0	48.110015869140625
3078.0	48.110906982421874
3079.0	48.07729797363281
3080.0	48.117007446289065
3081.0	48.17445373535156
3082.0	48.16081848144531
3083.0	48.12814025878906
3084.0	48.177389526367186
3085.0	48.063720703125
3086.0	48.099996948242186
3087.0	47.95577392578125
3088.0	48.06626892089844
3089.0	48.078582763671875
3090.0	48.18966979980469
3091.0	48.14756774902344
3092.0	48.20572204589844
3093.0	48.07994079589844
3094.0	48.17192687988281
3095.0	48.185400390625
3096.0	48.15836181640625
3097.0	48.22201843261719
3098.0	48.10642700195312
3099.0	48.13161926269531
3100.0	48.22029418945313
3101.0	48.09501647949219
3102.0	48.2154296875
3103.0	48.13798522949219
3104.0	48.248846435546874
3105.0	48.06660461425781
3106.0	48.00804138183594
3107.0	48.19633483886719
3108.0	48.22168884277344
3109.0	48.1557861328125
3110.0	48.096978759765626
3111.0	47.919613647460935
3112.0	47.88584899902344
3113.0	47.70045471191406
3114.0	47.72270202636719
3115.0	47.667291259765626
3116.0	47.693417358398435
3117.0	47.58741455078125
3118.0	47.870947265625
3119.0	48.01290588378906
3120.0	48.1792236328125
3121.0	48.22407531738281
3122.0	48.14016418457031
3123.0	47.95950012207031
3124.0	47.888800048828124
3125.0	47.71958923339844
3126.0	47.8936279296875
3127.0	47.95945739746094
3128.0	48.169000244140626
3129.0	48.211282348632814
3130.0	48.197714233398436
3131.0	48.20433654785156
3132.0	48.196405029296876
3133.0	48.10516357421875
3134.0	48.199224853515624
3135.0	48.190277099609375
3136.0	48.21046142578125
3137.0	48.09115295410156
3138.0	48.100546264648436
3139.0	48.1239013671875
3140.0	48.01165771484375
3141.0	48.068643188476564
3142.0	48.105718994140624
3143.0	48.1586181640625
3144.0	48.16422119140625
3145.0	48.11260070800781
3146.0	48.077334594726565
3147.0	48.134762573242185
3148.0	48.09284362792969
3149.0	48.19954833984375
3150.0	48.058447265625
3151.0	48.045159912109376
3152.0	48.16987915039063
3153.0	48.15758056640625
3154.0	48.15407104492188
3155.0	48.11175537109375
3156.0	48.10206604003906
3157.0	48.103274536132815
3158.0	48.12165222167969
3159.0	48.036984252929685
3160.0	48.1720947265625
3161.0	48.081399536132814
3162.0	48.19839782714844
3163.0	48.01865234375
3164.0	48.120050048828126
3165.0	48.077886962890624
3166.0	48.13221435546875
3167.0	48.240972900390624
3168.0	48.1061279296875
3169.0	48.1375
3170.0	48.14982604980469
3171.0	48.11285400390625
3172.0	48.25879821777344
3173.0	48.02164306640625
3174.0	48.165829467773435
3175.0	48.127114868164064
3176.0	48.11623840332031
3177.0	47.993856811523436
3178.0	48.06838684082031
3179.0	48.11418151855469
3180.0	48.120782470703126
3181.0	48.12201843261719
3182.0	48.19774475097656
3183.0	48.12971801757813
3184.0	48.121438598632814
3185.0	48.048272705078126
3186.0	48.107421875
3187.0	48.157891845703126
3188.0	48.06290283203125
3189.0	48.07479553222656
3190.0	48.15574340820312
3191.0	48.25791931152344
3192.0	48.175140380859375
3193.0	48.12283020019531
3194.0	48.057159423828125
3195.0	48.151947021484375
3196.0	48.104339599609375
3197.0	48.077642822265624
3198.0	47.94264221191406
3199.0	48.11904602050781
3200.0	48.05721435546875
3201.0	48.129580688476565
3202.0	48.08291015625
3203.0	48.065310668945315
3204.0	48.01243591308594
3205.0	48.09359436035156
3206.0	48.09262390136719
3207.0	48.214837646484376
3208.0	48.037008666992186
3209.0	48.038720703125
3210.0	48.04375305175781
3211.0	48.17801208496094
3212.0	48.10835571289063
3213.0	48.04140625
3214.0	48.0876708984375
3215.0	48.1005859375
3216.0	48.17705078125
3217.0	47.999517822265624
3218.0	47.972955322265626
3219.0	48.10054016113281
3220.0	48.04927978515625
3221.0	48.05516662597656
3222.0	48.14937744140625
3223.0	48.08638000488281
3224.0	48.153509521484374
3225.0	48.03861083984375
3226.0	48.06208190917969
3227.0	48.027059936523436
3228.0	48.08287353515625
3229.0	48.03672485351562
3230.0	48.11632385253906
3231.0	48.04769287109375
3232.0	48.157781982421874
3233.0	48.078189086914065
3234.0	48.219113159179685
3235.0	48.199822998046876
3236.0	48.04166259765625
3237.0	48.058370971679686
3238.0	48.146932983398436
3239.0	48.1223388671875
3240.0	48.063775634765626
3241.0	48.07406005859375
3242.0	48.08479309082031
3243.0	48.05233459472656
3244.0	48.02435302734375
3245.0	48.096502685546874
3246.0	48.113931274414064
3247.0	48.15205688476563
3248.0	48.14244384765625
3249.0	48.07275390625
3250.0	48.21827087402344
3251.0	47.99348754882813
3252.0	48.10303955078125
3253.0	48.09687194824219
3254.0	48.1221923828125
3255.0	48.116763305664065
3256.0	47.97742614746094
3257.0	48.12042236328125
3258.0	48.08230285644531
3259.0	48.0551025390625
3260.0	48.078958129882814
3261.0	48.08961181640625
3262.0	48.034228515625
3263.0	48.16993408203125
3264.0	48.160675048828125
3265.0	48.14621276855469
3266.0	48.12102355957031
3267.0	48.17001037597656
3268.0	48.20260925292969
3269.0	48.12138061523437
3270.0	48.13038940429688
3271.0	48.195248413085935
3272.0	48.03104248046875
3273.0	48.062600708007814
3274.0	48.186135864257814
3275.0	48.16583251953125
3276.0	48.07422790527344
3277.0	48.09093017578125
3278.0	48.08717651367188
3279.0	48.013327026367186
3280.0	48.10193786621094
3281.0	48.12922668457031
3282.0	48.032647705078126
3283.0	48.18109130859375
3284.0	48.13750305175781
3285.0	48.16807861328125
3286.0	48.05881042480469
3287.0	48.145928955078126
3288.0	48.23981628417969
3289.0	48.21396179199219
3290.0	48.16898193359375
3291.0	48.089108276367185
3292.0	48.126947021484376
3293.0	48.12252502441406
3294.0	48.198480224609376
3295.0	48.22981567382813
3296.0	48.075131225585935
3297.0	48.112344360351564
3298.0	48.11346435546875
3299.0	48.208807373046874
3300.0	48.21104431152344
3301.0	48.1615478515625
3302.0	48.058938598632814
3303.0	48.1989013671875
3304.0	48.111090087890624
3305.0	48.14124755859375
3306.0	48.236166381835936
3307.0	48.17599792480469
3308.0	48.160272216796876
3309.0	48.18082885742187
3310.0	48.085940551757815
3311.0	48.23399353027344
3312.0	48.163778686523436
3313.0	48.16104736328125
3314.0	48.195745849609374
3315.0	48.16580505371094
3316.0	48.06597900390625
3317.0	48.15042724609375
3318.0	48.18888549804687
3319.0	48.09678649902344
3320.0	48.159487915039065
3321.0	48.26260070800781
3322.0	48.29338073730469
3323.0	48.1552734375
3324.0	48.265866088867185
3325.0	48.172662353515626
3326.0	48.17769775390625
3327.0	48.12784118652344
3328.0	48.33210144042969
3329.0	48.19393615722656
3330.0	48.24654846191406
3331.0	48.16878662109375
3332.0	48.14768981933594
3333.0	48.103912353515625
3334.0	48.04601135253906
3335.0	47.975076293945314
3336.0	48.204376220703125
3337.0	48.16209716796875
3338.0	48.061831665039065
3339.0	48.13045959472656
3340.0	48.22169494628906
3341.0	48.124761962890624
3342.0	48.22373657226562
3343.0	48.19150085449219
3344.0	48.22567138671875
3345.0	48.177407836914064
3346.0	48.26127319335937
3347.0	48.19744873046875
3348.0	48.293722534179686
3349.0	48.23775024414063
3350.0	48.17489318847656
3351.0	48.22779235839844
3352.0	48.25983581542969
3353.0	48.15911865234375
3354.0	48.167239379882815
3355.0	48.18791198730469
3356.0	48.188104248046876
3357.0	48.0899658203125
3358.0	48.28358154296875
3359.0	48.021783447265626
3360.0	48.146420288085935
3361.0	48.21567993164062
3362.0	48.15335388183594
3363.0	48.11553955078125
3364.0	48.34432373046875
3365.0	48.245916748046874
3366.0	48.21097412109375
3367.0	48.33077697753906
3368.0	48.23966979980469
3369.0	48.32533264160156
3370.0	48.2501708984375
3371.0	48.385153198242186
3372.0	48.21185302734375
3373.0	48.28959350585937
3374.0	48.28304748535156
3375.0	48.26685485839844
3376.0	48.27283935546875
3377.0	48.329229736328124
3378.0	48.32110595703125
3379.0	48.25911865234375
3380.0	48.37484436035156
3381.0	48.31253356933594
3382.0	48.34427185058594
3383.0	48.37684326171875
3384.0	48.239410400390625
3385.0	48.234649658203125
3386.0	48.411111450195314
3387.0	48.329226684570315
3388.0	48.329339599609376
3389.0	48.30513916015625
3390.0	48.34696044921875
3391.0	48.26439514160156
3392.0	48.34036560058594
3393.0	48.24696655273438
3394.0	48.2039794921875
3395.0	48.240701293945314
3396.0	48.27433471679687
3397.0	48.224072265625
3398.0	48.40899658203125
3399.0	48.29315185546875
3400.0	48.259185791015625
3401.0	48.3337646484375
3402.0	48.26475219726562
3403.0	48.42449035644531
3404.0	48.35603332519531
3405.0	48.33058471679688
3406.0	48.385955810546875
3407.0	48.31940612792969
3408.0	48.47303161621094
3409.0	48.32944030761719
3410.0	48.38743896484375
3411.0	48.435113525390626
3412.0	48.41374816894531
3413.0	48.4359130859375
3414.0	48.396490478515624
3415.0	48.28138732910156
3416.0	48.332278442382815
3417.0	48.444271850585935
3418.0	48.338623046875
3419.0	48.36344909667969
3420.0	48.33158569335937
3421.0	48.404110717773435
3422.0	48.48476867675781
3423.0	48.371697998046876
3424.0	48.481719970703125
3425.0	48.39045104980469
3426.0	48.49429626464844
3427.0	48.45363159179688
3428.0	48.457952880859374
3429.0	48.498922729492186
3430.0	48.350982666015625
3431.0	48.4626708984375
3432.0	48.384561157226564
3433.0	48.26699523925781
3434.0	48.27214660644531
3435.0	48.384881591796876
3436.0	48.35386352539062
3437.0	48.30070190429687
3438.0	48.36937255859375
3439.0	48.373077392578125
3440.0	48.52918395996094
3441.0	48.320742797851565
3442.0	48.593911743164064
3443.0	48.391546630859374
3444.0	48.432098388671875
3445.0	48.453182983398435
3446.0	48.40301513671875
3447.0	48.543487548828125
3448.0	48.557861328125
3449.0	48.340118408203125
3450.0	48.39405517578125
3451.0	48.408575439453124
3452.0	48.37816162109375
3453.0	48.25645751953125
3454.0	48.380654907226564
3455.0	48.406787109375
3456.0	48.43367309570313
3457.0	48.391748046875
3458.0	48.36636047363281
3459.0	48.37371826171875
3460.0	48.45104064941406
3461.0	48.48523864746094
3462.0	48.50320129394531
3463.0	48.370138549804686
3464.0	48.43353271484375
3465.0	48.53807373046875
3466.0	48.44622802734375
3467.0	48.408383178710935
3468.0	48.51326904296875
3469.0	48.50686950683594
3470.0	48.55076293945312
3471.0	48.50196228027344
3472.0	48.50643310546875
3473.0	48.455831909179686
3474.0	48.58641662597656
3475.0	48.558291625976565
3476.0	48.5177734375
3477.0	48.605081176757814
3478.0	48.52822570800781
3479.0	48.50199584960937
3480.0	48.58156127929688
3481.0	48.402035522460935
3482.0	48.48155517578125
3483.0	48.52419738769531
3484.0	48.600146484375
3485.0	48.42665405273438
3486.0	48.495550537109374
3487.0	48.492922973632815
3488.0	48.455657958984375
3489.0	48.41950378417969
3490.0	48.44490966796875
3491.0	48.53585205078125
3492.0	48.59686279296875
3493.0	48.53859252929688
3494.0	48.63291625976562
3495.0	48.55951843261719
3496.0	48.65119934082031
3497.0	48.467041015625
3498.0	48.64903564453125
3499.0	48.51993408203125
3500.0	48.441827392578126
3501.0	48.739682006835935
3502.0	48.581051635742185
3503.0	48.558905029296874
3504.0	48.48170776367188
3505.0	48.483969116210936
3506.0	48.5457275390625
3507.0	48.51527404785156
3508.0	48.5589111328125
3509.0	48.465145874023435
3510.0	48.53193359375
3511.0	48.463714599609375
3512.0	48.38838195800781
3513.0	48.43076171875
3514.0	48.54280090332031
3515.0	48.58041076660156
3516.0	48.570977783203126
3517.0	48.55563659667969
3518.0	48.443487548828124
3519.0	48.62404174804688
3520.0	48.63944702148437
3521.0	48.46824645996094
3522.0	48.605838012695315
3523.0	48.51130065917969
3524.0	48.557962036132814
3525.0	48.540750122070314
3526.0	48.552117919921876
3527.0	48.49053039550781
3528.0	48.51160583496094
3529.0	48.560183715820315
3530.0	48.51219787597656
3531.0	48.5328369140625
3532.0	48.65000610351562
3533.0	48.569741821289064
3534.0	48.560028076171875
3535.0	48.577944946289065
3536.0	48.53742370605469
3537.0	48.482583618164064
3538.0	48.55513305664063
3539.0	48.612326049804686
3540.0	48.62936706542969
3541.0	48.505487060546876
3542.0	48.56015625
3543.0	48.69856567382813
3544.0	48.61744995117188
3545.0	48.58143615722656
3546.0	48.63801879882813
3547.0	48.63544921875
3548.0	48.62962646484375
3549.0	48.53402404785156
3550.0	48.554534912109375
3551.0	48.662054443359374
3552.0	48.46260986328125
3553.0	48.481170654296875
3554.0	48.5241455078125
3555.0	48.47657165527344
3556.0	48.60445861816406
3557.0	48.62675170898437
3558.0	48.47868041992187
3559.0	48.457559204101564
3560.0	48.49938049316406
3561.0	48.58441162109375
3562.0	48.49850158691406
3563.0	48.54857177734375
3564.0	48.53561096191406
3565.0	48.482034301757814
3566.0	48.5169921875
3567.0	48.434539794921875
3568.0	48.40311889648437
3569.0	48.41865234375
3570.0	48.417990112304686
3571.0	48.41358337402344
3572.0	48.396295166015626
3573.0	48.414816284179686
3574.0	48.36791076660156
3575.0	48.379052734375
3576.0	48.37991943359375
3577.0	48.24079284667969
3578.0	48.403768920898436
3579.0	48.39974670410156
3580.0	48.378640747070314
3581.0	48.273806762695315
3582.0	48.40003356933594
3583.0	48.43729858398437
3584.0	48.31982421875
3585.0	48.331573486328125
3586.0	48.37230224609375
3587.0	48.42774658203125
3588.0	48.49673767089844
3589.0	48.442901611328125
3590.0	48.454550170898436
3591.0	48.46237487792969
3592.0	48.57809143066406
3593.0	48.50607604980469
3594.0	48.6266845703125
3595.0	48.630270385742186
3596.0	48.706930541992186
3597.0	48.447198486328126
3598.0	48.637149047851565
3599.0	48.634707641601565
3600.0	48.5859375