0.0	51.61577453613281
1.0	51.51036376953125
2.0	51.60170288085938
3.0	51.469992065429686
4.0	51.41038513183594
5.0	51.68644409179687
6.0	51.52003784179688
7.0	51.64501953125
8.0	51.67500610351563
9.0	51.859500122070315
10.0	51.713043212890625
11.0	51.72263793945312
12.0	51.83672180175781
13.0	51.65776672363281
14.0	51.85203552246094
15.0	51.606729125976564
16.0	51.82090454101562
17.0	51.69606323242188
18.0	51.779205322265625
19.0	51.697637939453124
20.0	51.66727905273437
21.0	51.76846923828125
22.0	51.730963134765624
23.0	51.71959533691406
24.0	51.80314331054687
25.0	51.76553039550781
26.0	51.7294189453125
27.0	51.735321044921875
28.0	51.83244018554687
29.0	51.79065856933594
30.0	51.684130859375
31.0	51.74483947753906
32.0	51.6974365234375
33.0	51.816253662109375
34.0	51.787210083007814
35.0	51.80522766113281
36.0	51.79854736328125
37.0	51.743594360351565
38.0	51.69418640136719
39.0	51.756143188476564
40.0	51.65449523925781
41.0	51.81059265136719
42.0	51.74934387207031
43.0	51.7316650390625
44.0	51.703009033203124
45.0	51.85223388671875
46.0	51.6985595703125
47.0	51.71479797363281
48.0	51.81413269042969
49.0	51.77815551757813
50.0	51.737152099609375
51.0	51.78443603515625
52.0	51.745791625976565
53.0	51.83456726074219
54.0	51.75224304199219
55.0	51.875509643554686
56.0	51.710934448242185
57.0	51.74198913574219
58.0	51.8427490234375
59.0	51.75791625976562
60.0	51.82938232421875
61.0	51.86247863769531
62.0	51.86708374023438
63.0	51.83283386230469
64.0	51.950296020507814
65.0	51.949832153320315
66.0	51.95828552246094
67.0	51.794482421875
68.0	51.995724487304685
69.0	51.933905029296874
70.0	51.96943359375
71.0	51.935430908203124
72.0	51.96477355957031
73.0	52.02942810058594
74.0	51.93769226074219
75.0	52.0182373046875
76.0	51.970333862304685
77.0	51.915646362304685
78.0	52.017425537109375
79.0	51.93280029296875
80.0	51.985983276367186
81.0	51.910769653320315
82.0	51.9431396484375
83.0	51.877435302734376
84.0	51.91773986816406
85.0	51.897528076171874
86.0	51.96060485839844
87.0	51.88045959472656
88.0	51.82940673828125
89.0	51.88569946289063
90.0	51.96181945800781
91.0	51.828372192382815
92.0	51.9126708984375
93.0	51.808984375
94.0	51.885986328125
95.0	51.863836669921874
96.0	51.73140869140625
97.0	51.764764404296876
98.0	51.75302429199219
99.0	51.918887329101565
100.0	51.71155700683594
101.0	51.88495788574219
102.0	51.764678955078125
103.0	51.82655334472656
104.0	51.928811645507814
105.0	51.787420654296874
106.0	51.83717346191406
107.0	51.846737670898435
108.0	51.78866882324219
109.0	51.68024597167969
110.0	51.786093139648436
111.0	51.7202392578125
112.0	51.703921508789065
113.0	51.66634826660156
114.0	51.645050048828125
115.0	51.67526550292969
116.0	51.8091064453125
117.0	51.692910766601564
118.0	51.669253540039065
119.0	51.62333374023437
120.0	51.59626159667969
121.0	51.521331787109375
122.0	51.610372924804686
123.0	51.57418212890625
124.0	51.6279541015625
125.0	55.25135192871094
126.0	58.3590576171875
127.0	58.587066650390625
128.0	58.60255737304688
129.0	58.70333251953125
130.0	58.759228515625
131.0	58.988912963867186
132.0	58.91402893066406
133.0	58.9049560546875
134.0	58.75721740722656
135.0	58.827554321289064
136.0	58.82720947265625
137.0	58.99320068359375
138.0	58.736550903320314
139.0	58.765008544921876
140.0	58.84894714355469
141.0	58.84980163574219
142.0	58.89072875976562
143.0	58.80199279785156
144.0	58.85273132324219
145.0	58.89898681640625
146.0	58.85477905273437
147.0	58.8017578125
148.0	58.727423095703124
149.0	58.999411010742186
150.0	58.9114013671875
151.0	58.853546142578125
152.0	58.941339111328126
153.0	58.896307373046874
154.0	58.916543579101564
155.0	58.83836669921875
156.0	58.939370727539064
157.0	58.800680541992186
158.0	58.90269775390625
159.0	58.844400024414064
160.0	58.93650512695312
161.0	58.76092529296875
162.0	58.6565673828125
163.0	58.794674682617185
164.0	58.74098205566406
165.0	58.988189697265625
166.0	59.20632629394531
167.0	59.487039184570314
168.0	59.420220947265626
169.0	59.08186645507813
170.0	59.13570861816406
171.0	59.09237976074219
172.0	59.10542297363281
173.0	59.13953552246094
174.0	58.991799926757814
175.0	59.15892639160156
176.0	59.15455627441406
177.0	59.12052001953125
178.0	58.97431945800781
179.0	59.044464111328125
180.0	59.187451171875
181.0	59.099630737304686
182.0	59.11375427246094
183.0	59.062078857421874
184.0	59.11278076171875
185.0	59.25643310546875
186.0	59.11704711914062
187.0	59.161520385742186
188.0	59.209600830078124
189.0	59.23819274902344
190.0	59.15122985839844
191.0	59.095550537109375
192.0	59.216793823242185
193.0	59.192138671875
194.0	59.1175048828125
195.0	59.14945983886719
196.0	59.200714111328125
197.0	59.22140808105469
198.0	59.29819946289062
199.0	59.28929138183594
200.0	59.31294555664063
201.0	59.32441101074219
202.0	59.20718688964844
203.0	59.256292724609374
204.0	59.14498291015625
205.0	59.21095275878906
206.0	59.23371276855469
207.0	59.227969360351565
208.0	59.225775146484374
209.0	59.234475708007814
210.0	59.03897705078125
211.0	59.093344116210936
212.0	59.15863037109375
213.0	59.20911560058594
214.0	59.087652587890624
215.0	58.97445068359375
216.0	58.901651000976564
217.0	58.74085693359375
218.0	58.63185119628906
219.0	58.44956665039062
220.0	58.29466247558594
221.0	58.080029296875
222.0	58.232720947265626
223.0	58.62880249023438
224.0	58.846475219726564
225.0	58.82814025878906
226.0	58.94580993652344
227.0	58.94034118652344
228.0	58.78909912109375
229.0	58.83724365234375
230.0	58.87608337402344
231.0	58.906436157226565
232.0	58.935546875
233.0	58.92176208496094
234.0	58.79037170410156
235.0	58.97814025878906
236.0	58.9557373046875
237.0	59.028985595703126
238.0	58.895257568359376
239.0	58.80018920898438
240.0	58.3274169921875
241.0	58.09923095703125
242.0	57.976629638671874
243.0	58.198175048828126
244.0	58.55646667480469
245.0	58.53279418945313
246.0	58.31680603027344
247.0	58.643130493164065
248.0	58.53322143554688
249.0	58.85634765625
250.0	59.08305358886719
251.0	58.93124084472656
252.0	58.980780029296874
253.0	59.021978759765624
254.0	59.083612060546876
255.0	59.00924072265625
256.0	58.90412292480469
257.0	58.98233642578125
258.0	58.98863830566406
259.0	58.96273498535156
260.0	59.03609619140625
261.0	59.127734375
262.0	58.96077270507813
263.0	58.98484497070312
264.0	58.90133361816406
265.0	58.98758544921875
266.0	58.95179138183594
267.0	58.89482421875
268.0	59.08938903808594
269.0	59.03660583496094
270.0	58.828643798828125
271.0	58.9714599609375
272.0	58.99937438964844
273.0	58.96082458496094
274.0	58.84012145996094
275.0	58.926919555664064
276.0	58.915887451171876
277.0	58.93348693847656
278.0	58.84004211425781
279.0	58.953182983398435
280.0	58.92795104980469
281.0	58.958413696289064
282.0	58.981964111328125
283.0	58.89967041015625
284.0	58.86208801269531
285.0	58.88045959472656
286.0	58.99022521972656
287.0	59.00294189453125
288.0	59.03876647949219
289.0	58.870663452148435
290.0	58.99515380859375
291.0	59.01875
292.0	58.90919494628906
293.0	59.03551025390625
294.0	59.038299560546875
295.0	58.81623229980469
296.0	59.0569580078125
297.0	58.975320434570314
298.0	59.01834716796875
299.0	58.97281494140625
300.0	59.12362365722656
301.0	59.071435546875
302.0	59.221981811523435
303.0	59.024600219726565
304.0	59.12742309570312
305.0	59.10507507324219
306.0	59.00273132324219
307.0	59.14248046875
308.0	59.121951293945315
309.0	59.037994384765625
310.0	59.13092041015625
311.0	59.00572509765625
312.0	59.15185546875
313.0	59.00699157714844
314.0	59.10517883300781
315.0	59.09000854492187
316.0	59.01273193359375
317.0	59.077947998046874
318.0	59.07562255859375
319.0	59.02787475585937
320.0	59.007659912109375
321.0	58.98054809570313
322.0	59.05904541015625
323.0	59.05640563964844
324.0	59.04100341796875
325.0	59.053228759765624
326.0	59.035153198242185
327.0	58.993231201171874
328.0	59.059759521484374
329.0	59.119580078125
330.0	59.039599609375
331.0	58.966827392578125
332.0	58.9860107421875
333.0	59.03511352539063
334.0	58.990090942382814
335.0	59.01004638671875
336.0	59.05674438476562
337.0	59.1321044921875
338.0	59.06440124511719
339.0	59.15461730957031
340.0	59.106814575195315
341.0	58.93533935546875
342.0	58.9716552734375
343.0	58.99258728027344
344.0	59.07662658691406
345.0	58.957342529296874
346.0	58.93440551757813
347.0	58.98804626464844
348.0	59.06031188964844
349.0	59.123931884765625
350.0	59.02276611328125
351.0	59.02864379882813
352.0	59.07666015625
353.0	58.887875366210935
354.0	59.03528747558594
355.0	59.08076171875
356.0	59.02068176269531
357.0	59.015829467773436
358.0	59.081399536132814
359.0	59.128292846679685
360.0	58.960113525390625
361.0	59.00376892089844
362.0	58.923196411132814
363.0	59.00606994628906
364.0	58.97941284179687
365.0	58.987124633789065
366.0	58.931967163085936
367.0	58.94010925292969
368.0	58.98992004394531
369.0	59.01738586425781
370.0	58.888525390625
371.0	59.08518676757812
372.0	59.07369689941406
373.0	58.8820556640625
374.0	59.004696655273435
375.0	59.01186828613281
376.0	59.044778442382814
377.0	58.963479614257814
378.0	58.85960693359375
379.0	59.039599609375
380.0	58.987353515625
381.0	59.000491333007815
382.0	58.97474670410156
383.0	59.03607177734375
384.0	59.000738525390624
385.0	58.87626647949219
386.0	59.007177734375
387.0	58.916595458984375
388.0	58.971414184570314
389.0	59.00126647949219
390.0	58.80305480957031
391.0	58.857427978515624
392.0	58.825259399414065
393.0	58.94064025878906
394.0	58.96015625
395.0	58.716668701171876
396.0	58.56822509765625
397.0	58.88623046875
398.0	58.80704040527344
399.0	58.78040771484375
400.0	58.8000244140625
401.0	58.86455078125
402.0	58.77614135742188
403.0	58.839605712890624
404.0	58.78987121582031
405.0	58.86076965332031
406.0	58.77327880859375
407.0	58.666848754882814
408.0	58.85833740234375
409.0	58.705694580078124
410.0	58.81013793945313
411.0	58.91920166015625
412.0	58.72543640136719
413.0	58.76455078125
414.0	58.48127136230469
415.0	58.634161376953124
416.0	58.761767578125
417.0	58.87808837890625
418.0	58.78009033203125
419.0	58.78126831054688
420.0	58.68002014160156
421.0	58.81893615722656
422.0	58.7067138671875
423.0	58.752297973632814
424.0	58.710086059570315
425.0	58.78966064453125
426.0	58.73985900878906
427.0	58.65485534667969
428.0	58.81322021484375
429.0	58.75943298339844
430.0	58.79519348144531
431.0	58.72571716308594
432.0	58.62709350585938
433.0	58.660406494140624
434.0	58.71998291015625
435.0	58.68052978515625
436.0	58.67627868652344
437.0	58.709783935546874
438.0	58.641476440429685
439.0	58.59267883300781
440.0	58.64292907714844
441.0	58.720281982421874
442.0	58.59473571777344
443.0	58.616519165039065
444.0	58.5942626953125
445.0	58.51487426757812
446.0	58.5577880859375
447.0	58.593621826171876
448.0	58.641903686523435
449.0	58.668234252929686
450.0	58.50715942382813
451.0	58.67668151855469
452.0	58.56839294433594
453.0	58.621466064453124
454.0	58.60834655761719
455.0	58.5046142578125
456.0	58.606301879882814
457.0	58.73197937011719
458.0	58.58175048828125
459.0	58.46467895507813
460.0	58.5723876953125
461.0	58.52732849121094
462.0	58.49440002441406
463.0	58.478701782226565
464.0	58.46364135742188
465.0	58.40898742675781
466.0	58.34591369628906
467.0	58.44801635742188
468.0	58.506951904296876
469.0	58.533895874023436
470.0	58.46490478515625
471.0	58.34467468261719
472.0	58.32652893066406
473.0	58.46010131835938
474.0	58.42898254394531
475.0	58.44605712890625
476.0	58.33602600097656
477.0	58.521810913085936
478.0	58.398321533203124
479.0	58.39813232421875
480.0	58.31372985839844
481.0	58.343292236328125
482.0	58.303994750976564
483.0	58.344540405273435
484.0	58.27857666015625
485.0	58.411904907226564
486.0	58.26579284667969
487.0	58.3623291015625
488.0	58.351321411132815
489.0	58.34017639160156
490.0	58.208737182617185
491.0	58.3885498046875
492.0	58.29503173828125
493.0	58.25669860839844
494.0	58.21751708984375
495.0	58.1896728515625
496.0	58.19444885253906
497.0	58.21579284667969
498.0	58.152593994140624
499.0	58.20511474609375
500.0	58.27273864746094
501.0	58.18492126464844
502.0	58.27930603027344
503.0	58.19300537109375
504.0	58.225244140625
505.0	58.22044677734375
506.0	58.191549682617186
507.0	58.11609802246094
508.0	58.245263671875
509.0	58.165582275390626
510.0	58.10390930175781
511.0	58.12666625976563
512.0	58.290853881835936
513.0	58.155224609375
514.0	58.05635375976563
515.0	58.05967712402344
516.0	58.0099853515625
517.0	58.06685791015625
518.0	58.080020141601565
519.0	58.08870849609375
520.0	58.17440490722656
521.0	58.13771362304688
522.0	58.141232299804685
523.0	58.061572265625
524.0	58.088134765625
525.0	58.01466674804688
526.0	58.095681762695314
527.0	58.118978881835936
528.0	58.13190612792969
529.0	57.94896240234375
530.0	58.10078735351563
531.0	58.04341430664063
532.0	58.2139892578125
533.0	58.13015441894531
534.0	58.131161499023435
535.0	58.14536743164062
536.0	58.17796325683594
537.0	58.165225219726565
538.0	58.01781311035156
539.0	58.05874938964844
540.0	58.16614685058594
541.0	58.02371520996094
542.0	58.142330932617185
543.0	58.0220703125
544.0	58.229095458984375
545.0	58.07266540527344
546.0	58.10720520019531
547.0	58.082373046875
548.0	58.015802001953126
549.0	58.113650512695315
550.0	58.03561706542969
551.0	58.077700805664065
552.0	58.113946533203126
553.0	58.05514221191406
554.0	57.97847290039063
555.0	57.98737487792969
556.0	57.94822387695312
557.0	57.97724914550781
558.0	58.042144775390625
559.0	58.09815979003906
560.0	58.0477294921875
561.0	58.0265869140625
562.0	57.842037963867185
563.0	58.02656860351563
564.0	57.899365234375
565.0	57.98209228515625
566.0	57.92287902832031
567.0	57.77122802734375
568.0	57.892007446289064
569.0	57.88532409667969
570.0	57.840573120117185
571.0	57.902529907226565
572.0	57.88766784667969
573.0	57.936529541015624
574.0	57.844659423828126
575.0	57.860870361328125
576.0	57.828042602539064
577.0	57.80292663574219
578.0	57.85792236328125
579.0	57.800418090820315
580.0	57.78416748046875
581.0	57.770928955078126
582.0	57.739019775390624
583.0	57.855709838867185
584.0	57.70425109863281
585.0	57.64884948730469
586.0	57.80233459472656
587.0	57.741033935546874
588.0	57.76372375488281
589.0	57.76222229003906
590.0	57.68685607910156
591.0	57.583868408203124
592.0	57.761468505859376
593.0	57.713217163085936
594.0	57.63145141601562
595.0	57.653753662109374
596.0	57.623284912109376
597.0	57.63334350585937
598.0	57.70226135253906
599.0	57.647683715820314
600.0	57.628640747070314
601.0	57.71341552734375
602.0	57.610635375976564
603.0	57.748052978515624
604.0	57.63446044921875
605.0	57.69300537109375
606.0	57.62960205078125
607.0	57.72674560546875
608.0	57.553192138671875
609.0	57.60543518066406
610.0	57.5902099609375
611.0	57.61974182128906
612.0	57.63931579589844
613.0	57.551248168945314
614.0	57.57536926269531
615.0	57.500335693359375
616.0	57.59876708984375
617.0	57.63196716308594
618.0	57.633139038085936
619.0	57.57554321289062
620.0	57.54381103515625
621.0	57.482000732421874
622.0	57.53129272460937
623.0	57.405538940429686
624.0	57.62398986816406
625.0	57.60519714355469
626.0	57.5453857421875
627.0	57.49603271484375
628.0	57.563427734375
629.0	57.584512329101564
630.0	57.52291564941406
631.0	57.632012939453126
632.0	57.469442749023436
633.0	57.6099365234375
634.0	57.50736999511719
635.0	57.525613403320314
636.0	57.61368103027344
637.0	57.522088623046876
638.0	57.534280395507814
639.0	57.618142700195314
640.0	57.45820007324219
641.0	57.439065551757814
642.0	57.428253173828125
643.0	57.46119689941406
644.0	57.459442138671875
645.0	57.53193664550781
646.0	57.46425170898438
647.0	57.530947875976565
648.0	57.539852905273435
649.0	57.52275390625
650.0	57.424896240234375
651.0	57.484292602539064
652.0	57.39286499023437
653.0	57.49165649414063
654.0	57.3947265625
655.0	57.429727172851564
656.0	57.33755187988281
657.0	57.482180786132815
658.0	57.37128601074219
659.0	57.36441345214844
660.0	57.42872619628906
661.0	57.49488220214844
662.0	57.347189331054686
663.0	57.4287353515625
664.0	57.45512084960937
665.0	57.44842529296875
666.0	57.38648681640625
667.0	57.465545654296875
668.0	57.38343505859375
669.0	57.38187866210937
670.0	57.336672973632815
671.0	57.414486694335935
672.0	57.38798522949219
673.0	57.38232421875
674.0	57.28675231933594
675.0	57.43641357421875
676.0	57.31413879394531
677.0	57.323098754882814
678.0	57.28176574707031
679.0	57.41151733398438
680.0	57.393218994140625
681.0	57.27063903808594
682.0	57.371978759765625
683.0	57.32198486328125
684.0	57.321231079101565
685.0	57.355264282226564
686.0	57.33909912109375
687.0	57.244570922851565
688.0	57.29012756347656
689.0	57.26100463867188
690.0	57.34755859375
691.0	57.31855163574219
692.0	57.27554016113281
693.0	57.14974365234375
694.0	57.29399719238281
695.0	57.15994873046875
696.0	57.31336975097656
697.0	57.31954650878906
698.0	57.321267700195314
699.0	57.28109130859375
700.0	57.320013427734374
701.0	57.34152526855469
702.0	57.25762023925781
703.0	57.2703857421875
704.0	57.207244873046875
705.0	57.156549072265626
706.0	57.3001220703125
707.0	57.156854248046876
708.0	57.234375
709.0	57.18638610839844
710.0	57.25491027832031
711.0	57.14058837890625
712.0	57.12400817871094
713.0	57.263525390625
714.0	57.195779418945314
715.0	57.1960205078125
716.0	57.185977172851565
717.0	57.04743347167969
718.0	56.82177734375
719.0	56.77037658691406
720.0	56.53905334472656
721.0	56.834164428710935
722.0	57.288632202148435
723.0	57.304769897460936
724.0	57.225827026367185
725.0	57.16134338378906
726.0	56.992453002929686
727.0	57.14909362792969
728.0	57.18244934082031
729.0	57.15031433105469
730.0	57.16013793945312
731.0	57.08875427246094
732.0	57.16779479980469
733.0	57.04460144042969
734.0	57.17561645507813
735.0	57.153472900390625
736.0	57.1547119140625
737.0	57.01729125976563
738.0	57.221923828125
739.0	57.11820983886719
740.0	57.05990905761719
741.0	57.14390563964844
742.0	57.123416137695315
743.0	57.12203369140625
744.0	57.088995361328124
745.0	57.074346923828124
746.0	57.02197265625
747.0	56.9926513671875
748.0	57.03824462890625
749.0	57.05660705566406
750.0	57.01590576171875
751.0	57.04071960449219
752.0	57.149209594726564
753.0	56.997903442382814
754.0	56.910769653320315
755.0	56.970968627929686
756.0	56.967733764648436
757.0	57.11070861816406
758.0	56.904092407226564
759.0	57.04222412109375
760.0	57.085574340820315
761.0	57.028604125976564
762.0	56.957977294921875
763.0	57.00478515625
764.0	57.03299255371094
765.0	56.958502197265624
766.0	57.00802001953125
767.0	56.94844055175781
768.0	57.00864868164062
769.0	56.860198974609375
770.0	56.93943481445312
771.0	56.87721252441406
772.0	56.997494506835935
773.0	56.940679931640624
774.0	56.86573181152344
775.0	56.96741638183594
776.0	56.981973266601564
777.0	57.0181884765625
778.0	56.98475646972656
779.0	56.94002685546875
780.0	57.0041748046875
781.0	57.004730224609375
782.0	57.05010986328125
783.0	56.9159423828125
784.0	56.888861083984374
785.0	57.00998229980469
786.0	56.904669189453124
787.0	57.015866088867185
788.0	56.86000061035156
789.0	57.0235107421875
790.0	56.92393798828125
791.0	57.015045166015625
792.0	57.04780578613281
793.0	57.09107360839844
794.0	57.06831665039063
795.0	56.984326171875
796.0	56.98379821777344
797.0	57.008706665039064
798.0	56.97742614746094
799.0	57.025701904296874
800.0	56.94822387695312
801.0	56.97633056640625
802.0	57.07915344238281
803.0	56.87120666503906
804.0	57.03966064453125
805.0	57.01340942382812
806.0	56.97243041992188
807.0	56.81923217773438
808.0	56.8314208984375
809.0	56.811102294921874
810.0	57.00654602050781
811.0	57.03910827636719
812.0	56.952615356445314
813.0	57.00440368652344
814.0	56.90729675292969
815.0	56.954714965820315
816.0	56.97173156738281
817.0	56.942437744140626
818.0	56.86546936035156
819.0	56.84468994140625
820.0	56.97581787109375
821.0	56.83778381347656
822.0	56.90094909667969
823.0	56.878848266601565
824.0	56.873193359375
825.0	56.87838439941406
826.0	56.96202392578125
827.0	56.821755981445314
828.0	56.835183715820314
829.0	56.73134765625
830.0	56.76212158203125
831.0	56.93660888671875
832.0	56.90239562988281
833.0	56.98897094726563
834.0	56.8156494140625
835.0	56.95213928222656
836.0	56.83822937011719
837.0	56.84096984863281
838.0	56.739208984375
839.0	56.78716125488281
840.0	56.74649658203125
841.0	56.761376953125
842.0	56.7136474609375
843.0	56.77607727050781
844.0	56.845419311523436
845.0	56.72549743652344
846.0	56.702780151367186
847.0	56.662847900390624
848.0	56.64688415527344
849.0	56.75063781738281
850.0	56.711752319335936
851.0	56.763467407226564
852.0	56.811361694335936
853.0	56.84091491699219
854.0	56.82326049804688
855.0	56.7708740234375
856.0	56.753659057617185
857.0	56.65885925292969
858.0	56.685848999023435
859.0	56.82957763671875
860.0	56.620706176757814
861.0	56.761965942382815
862.0	56.69903564453125
863.0	56.63519287109375
864.0	56.624716186523436
865.0	56.56178283691406
866.0	56.690127563476565
867.0	56.463818359375
868.0	56.57823486328125
869.0	56.52537536621094
870.0	56.51791076660156
871.0	56.689022827148435
872.0	56.66256408691406
873.0	56.73191528320312
874.0	56.59208374023437
875.0	56.723565673828126
876.0	56.670468139648435
877.0	56.694338989257815
878.0	56.526123046875
879.0	56.60377807617188
880.0	56.681097412109374
881.0	56.6531982421875
882.0	56.546014404296876
883.0	56.6850830078125
884.0	56.5232421875
885.0	56.58729553222656
886.0	56.568939208984375
887.0	56.48612976074219
888.0	56.585000610351564
889.0	56.57781982421875
890.0	56.551446533203126
891.0	56.55338745117187
892.0	56.507138061523435
893.0	56.601644897460936
894.0	56.63011169433594
895.0	56.57234497070313
896.0	56.5385986328125
897.0	56.6442626953125
898.0	56.55140380859375
899.0	56.660498046875
900.0	56.659844970703126
901.0	56.64644165039063
902.0	56.68475341796875
903.0	56.54441833496094
904.0	56.71749572753906
905.0	56.5648681640625
906.0	56.504879760742185
907.0	56.6072265625
908.0	56.538238525390625
909.0	56.57265625
910.0	56.60029907226563
911.0	56.63958740234375
912.0	56.607766723632814
913.0	56.592202758789064
914.0	56.57890319824219
915.0	56.613442993164064
916.0	56.61728515625
917.0	56.67121276855469
918.0	56.62320556640625
919.0	56.66470642089844
920.0	56.66675720214844
921.0	56.60151977539063
922.0	56.59394836425781
923.0	56.620480346679685
924.0	56.506961059570315
925.0	56.70869750976563
926.0	56.64222106933594
927.0	56.573089599609375
928.0	56.40824890136719
929.0	56.479428100585935
930.0	56.44660339355469
931.0	56.492007446289065
932.0	56.56261291503906
933.0	56.52623291015625
934.0	56.560244750976565
935.0	56.42552795410156
936.0	56.57231140136719
937.0	56.57939453125
938.0	56.51421203613281
939.0	56.515560913085935
940.0	56.495050048828126
941.0	56.48952941894531
942.0	56.44017639160156
943.0	56.49557189941406
944.0	56.55887451171875
945.0	56.39972839355469
946.0	56.39056396484375
947.0	56.34611511230469
948.0	56.37345886230469
949.0	56.302728271484376
950.0	56.40078430175781
951.0	56.333203125
952.0	56.3400634765625
953.0	56.483154296875
954.0	56.311798095703125
955.0	56.383541870117185
956.0	56.3201171875
957.0	56.332330322265626
958.0	56.386373901367186
959.0	56.435546875
960.0	56.29781494140625
961.0	56.569522094726565
962.0	56.47012023925781
963.0	56.265081787109374
964.0	56.329324340820314
965.0	56.27220458984375
966.0	56.29554443359375
967.0	56.32643432617188
968.0	56.34579162597656
969.0	56.292572021484375
970.0	56.24466247558594
971.0	56.29799194335938
972.0	56.4171142578125
973.0	56.38925476074219
974.0	56.36868591308594
975.0	56.31927490234375
976.0	56.45238342285156
977.0	56.28154296875
978.0	56.19178161621094
979.0	56.44357604980469
980.0	56.22193298339844
981.0	56.26167602539063
982.0	56.15971374511719
983.0	56.1905029296875
984.0	56.29161682128906
985.0	56.181158447265624
986.0	56.3348388671875
987.0	56.356137084960935
988.0	56.42836303710938
989.0	56.23544616699219
990.0	56.335165405273436
991.0	56.142880249023435
992.0	56.17669677734375
993.0	56.19181823730469
994.0	56.23916320800781
995.0	56.172943115234375
996.0	56.12023010253906
997.0	56.139138793945314
998.0	56.053713989257815
999.0	56.24363708496094
1000.0	56.314459228515624
1001.0	56.28583679199219
1002.0	56.28470153808594
1003.0	56.194357299804686
1004.0	56.401214599609375
1005.0	56.366213989257815
1006.0	56.2833251953125
1007.0	56.341696166992186
1008.0	56.2939453125
1009.0	56.403256225585935
1010.0	56.26953125
1011.0	56.347442626953125
1012.0	56.32119445800781
1013.0	56.36783447265625
1014.0	56.323333740234375
1015.0	56.314334106445315
1016.0	56.352175903320315
1017.0	56.355960083007815
1018.0	56.480096435546876
1019.0	56.38699951171875
1020.0	56.30455017089844
1021.0	56.29079895019531
1022.0	56.281253051757815
1023.0	56.39942932128906
1024.0	56.34351806640625
1025.0	56.32481384277344
1026.0	56.26300048828125
1027.0	56.28920288085938
1028.0	56.39323120117187
1029.0	56.37127685546875
1030.0	56.209295654296874
1031.0	56.196868896484375
1032.0	56.418661499023436
1033.0	56.3320068359375
1034.0	56.33995666503906
1035.0	56.33999328613281
1036.0	56.361474609375
1037.0	56.38475036621094
1038.0	56.42191162109375
1039.0	56.35999450683594
1040.0	56.332763671875
1041.0	56.33613586425781
1042.0	56.36282043457031
1043.0	56.19557495117188
1044.0	56.359109497070314
1045.0	56.35016784667969
1046.0	56.43526611328125
1047.0	56.37907104492187
1048.0	56.3832275390625
1049.0	56.401739501953124
1050.0	56.32286682128906
1051.0	56.315765380859375
1052.0	56.38608093261719
1053.0	56.309390258789065
1054.0	56.271331787109375
1055.0	56.34717712402344
1056.0	56.26960754394531
1057.0	56.273007202148435
1058.0	56.35829162597656
1059.0	56.373904418945315
1060.0	56.386251831054686
1061.0	56.457879638671876
1062.0	56.36331787109375
1063.0	56.406619262695315
1064.0	56.44927978515625
1065.0	56.34959411621094
1066.0	56.4554443359375
1067.0	56.30445251464844
1068.0	56.460546875
1069.0	56.32966613769531
1070.0	56.41952819824219
1071.0	56.447503662109376
1072.0	56.386322021484375
1073.0	56.53927001953125
1074.0	56.38567199707031
1075.0	56.396670532226565
1076.0	56.48149108886719
1077.0	56.48338928222656
1078.0	56.38962097167969
1079.0	56.4067626953125
1080.0	56.36280517578125
1081.0	56.44035034179687
1082.0	56.44967346191406
1083.0	56.45683898925781
1084.0	56.347775268554685
1085.0	56.33383483886719
1086.0	56.430545043945315
1087.0	56.45322875976562
1088.0	56.468789672851564
1089.0	56.39994506835937
1090.0	56.35452880859375
1091.0	56.41251220703125
1092.0	56.47273559570313
1093.0	56.31883850097656
1094.0	56.38548583984375
1095.0	56.4733642578125
1096.0	56.294140625
1097.0	56.51927490234375
1098.0	56.253805541992186
1099.0	56.42531127929688
1100.0	56.39393615722656
1101.0	56.4861328125
1102.0	56.435055541992185
1103.0	56.45035400390625
1104.0	56.44746704101563
1105.0	56.39005126953125
1106.0	56.40990295410156
1107.0	56.457940673828126
1108.0	56.54196472167969
1109.0	56.52176513671875
1110.0	56.42151794433594
1111.0	56.38392333984375
1112.0	56.558807373046875
1113.0	56.39107971191406
1114.0	56.534124755859374
1115.0	56.381167602539065
1116.0	56.427432250976565
1117.0	56.532562255859375
1118.0	56.49789123535156
1119.0	56.43372802734375
1120.0	56.532144165039064
1121.0	56.513064575195315
1122.0	56.43751831054688
1123.0	56.4792236328125
1124.0	56.367941284179686
1125.0	56.441506958007814
1126.0	56.47914428710938
1127.0	56.580859375
1128.0	56.473568725585935
1129.0	56.47724914550781
1130.0	56.498895263671876
1131.0	56.524716186523435
1132.0	56.447198486328126
1133.0	56.513449096679686
1134.0	56.548394775390626
1135.0	56.48131103515625
1136.0	56.469259643554686
1137.0	56.470480346679686
1138.0	56.422998046875
1139.0	56.375552368164065
1140.0	56.438943481445314
1141.0	56.55130615234375
1142.0	56.41916198730469
1143.0	56.416436767578126
1144.0	56.631588745117185
1145.0	56.52498168945313
1146.0	56.45079040527344
1147.0	56.4362060546875
1148.0	56.61724853515625
1149.0	56.47438049316406
1150.0	56.563375854492186
1151.0	56.414920043945315
1152.0	56.47989196777344
1153.0	56.411825561523436
1154.0	56.3837646484375
1155.0	56.56193542480469
1156.0	56.457373046875
1157.0	56.4510986328125
1158.0	56.5599609375
1159.0	56.501931762695314
1160.0	56.519100952148435
1161.0	56.43195495605469
1162.0	56.376425170898436
1163.0	56.36243896484375
1164.0	56.35977478027344
1165.0	56.52846069335938
1166.0	56.393148803710936
1167.0	56.448464965820314
1168.0	56.47210693359375
1169.0	56.488973999023436
1170.0	56.44599914550781
1171.0	56.457156372070315
1172.0	56.50733642578125
1173.0	56.4424072265625
1174.0	56.37130126953125
1175.0	56.414816284179686
1176.0	56.407073974609375
1177.0	56.428933715820314
1178.0	56.512429809570314
1179.0	56.42490844726562
1180.0	56.36314086914062
1181.0	56.39409484863281
1182.0	56.33305358886719
1183.0	56.407220458984376
1184.0	56.45712585449219
1185.0	56.517303466796875
1186.0	56.49342041015625
1187.0	56.447906494140625
1188.0	56.52205200195313
1189.0	56.67112426757812
1190.0	56.487176513671876
1191.0	56.587710571289065
1192.0	56.64935302734375
1193.0	56.571224975585935
1194.0	56.66286010742188
1195.0	56.54090576171875
1196.0	56.58238220214844
1197.0	56.56974792480469
1198.0	56.48942565917969
1199.0	56.54315185546875
1200.0	56.52043762207031
1201.0	56.57646179199219
1202.0	56.638970947265626
1203.0	56.56260986328125
1204.0	56.70173950195313
1205.0	56.56175537109375
1206.0	56.46194763183594
1207.0	56.42196960449219
1208.0	56.1365234375
1209.0	55.93251037597656
1210.0	56.34449768066406
1211.0	56.432376098632815
1212.0	56.34109802246094
1213.0	56.28089294433594
1214.0	56.73823547363281
1215.0	56.513345336914064
1216.0	56.66294860839844
1217.0	56.59919738769531
1218.0	56.48338928222656
1219.0	56.4667724609375
1220.0	56.64693908691406
1221.0	56.632574462890624
1222.0	56.56790466308594
1223.0	56.61184387207031
1224.0	56.60147705078125
1225.0	56.589837646484376
1226.0	56.49111328125
1227.0	56.59931945800781
1228.0	56.669308471679685
1229.0	56.69975891113281
1230.0	56.614593505859375
1231.0	56.766424560546874
1232.0	56.62897644042969
1233.0	56.621359252929686
1234.0	56.75514526367188
1235.0	56.57583312988281
1236.0	56.56907348632812
1237.0	56.6847900390625
1238.0	56.7376220703125
1239.0	56.688229370117185
1240.0	56.723565673828126
1241.0	56.698541259765626
1242.0	56.63185119628906
1243.0	56.59678344726562
1244.0	56.665896606445315
1245.0	56.72503662109375
1246.0	56.611273193359374
1247.0	56.64651794433594
1248.0	56.57344055175781
1249.0	56.73011474609375
1250.0	56.76727294921875
1251.0	56.76734619140625
1252.0	56.65818481445312
1253.0	56.641195678710936
1254.0	56.70969848632812
1255.0	56.76097106933594
1256.0	56.76253051757813
1257.0	56.63328247070312
1258.0	56.562313842773435
1259.0	56.69761657714844
1260.0	56.71622314453125
1261.0	56.6498779296875
1262.0	56.75263366699219
1263.0	56.68126220703125
1264.0	56.61407470703125
1265.0	56.67923583984375
1266.0	56.631430053710936
1267.0	56.63554992675781
1268.0	56.652197265625
1269.0	56.70173034667969
1270.0	56.733636474609376
1271.0	56.68031311035156
1272.0	56.638858032226565
1273.0	56.557778930664064
1274.0	56.68280029296875
1275.0	56.60975952148438
1276.0	56.76679992675781
1277.0	56.75398559570313
1278.0	56.68634033203125
1279.0	56.69888610839844
1280.0	56.643804931640624
1281.0	56.75946960449219
1282.0	56.72738037109375
1283.0	56.60797119140625
1284.0	56.82295532226563
1285.0	56.65806884765625
1286.0	56.63048095703125
1287.0	56.704446411132814
1288.0	56.625222778320314
1289.0	56.691976928710936
1290.0	56.6370849609375
1291.0	56.66460266113281
1292.0	56.73106384277344
1293.0	56.77555541992187
1294.0	56.72621154785156
1295.0	56.792684936523436
1296.0	56.73157958984375
1297.0	56.803707885742185
1298.0	56.794796752929685
1299.0	56.76045227050781
1300.0	56.699380493164064
1301.0	56.760867309570315
1302.0	56.585400390625
1303.0	56.80152893066406
1304.0	56.589471435546876
1305.0	56.72727661132812
1306.0	56.80452270507813
1307.0	56.69576721191406
1308.0	56.66759338378906
1309.0	56.75046081542969
1310.0	56.735040283203126
1311.0	56.78996276855469
1312.0	56.87101440429687
1313.0	56.835870361328126
1314.0	56.828695678710936
1315.0	56.813446044921875
1316.0	56.76256103515625
1317.0	56.7333984375
1318.0	56.76593017578125
1319.0	56.801812744140626
1320.0	56.847897338867185
1321.0	56.82471618652344
1322.0	56.7661865234375
1323.0	56.70291442871094
1324.0	56.739993286132815
1325.0	56.73345031738281
1326.0	56.782772827148435
1327.0	56.872555541992185
1328.0	56.7118896484375
1329.0	56.704925537109375
1330.0	56.84530944824219
1331.0	56.8299560546875
1332.0	56.81956176757812
1333.0	56.8444091796875
1334.0	56.8134765625
1335.0	56.657220458984376
1336.0	56.79865417480469
1337.0	56.8386962890625
1338.0	56.766073608398436
1339.0	56.8815185546875
1340.0	56.83977355957031
1341.0	56.86463928222656
1342.0	56.89741516113281
1343.0	56.88457336425781
1344.0	56.833074951171874
1345.0	56.8503173828125
1346.0	56.82890625
1347.0	56.78014221191406
1348.0	56.78080749511719
1349.0	56.81166381835938
1350.0	56.791534423828125
1351.0	56.80232238769531
1352.0	56.928717041015624
1353.0	56.7978759765625
1354.0	56.702874755859376
1355.0	56.90360717773437
1356.0	56.83378295898437
1357.0	56.887106323242186
1358.0	56.84376525878906
1359.0	56.790765380859376
1360.0	56.900576782226565
1361.0	56.94942932128906
1362.0	56.94981079101562
1363.0	56.786572265625
1364.0	56.892514038085935
1365.0	56.91051025390625
1366.0	56.89024353027344
1367.0	56.975198364257814
1368.0	56.95573425292969
1369.0	56.891046142578126
1370.0	56.86226196289063
1371.0	56.86666259765625
1372.0	56.81513366699219
1373.0	56.80780944824219
1374.0	56.75468139648437
1375.0	56.93551940917969
1376.0	56.952276611328124
1377.0	56.85117797851562
1378.0	56.84630432128906
1379.0	56.81687927246094
1380.0	56.88102416992187
1381.0	56.85731201171875
1382.0	56.827212524414065
1383.0	56.818292236328126
1384.0	56.92538146972656
1385.0	56.93797302246094
1386.0	56.833963012695314
1387.0	56.877655029296875
1388.0	56.84534606933594
1389.0	56.823916625976565
1390.0	56.934454345703124
1391.0	56.7040771484375
1392.0	56.79703369140625
1393.0	56.79317016601563
1394.0	56.835940551757815
1395.0	56.87131042480469
1396.0	56.81206359863281
1397.0	56.842916870117186
1398.0	56.78624267578125
1399.0	56.77291259765625
1400.0	56.791412353515625
1401.0	56.8941162109375
1402.0	56.781787109375
1403.0	56.767767333984374
1404.0	56.94058532714844
1405.0	56.89290771484375
1406.0	56.84231872558594
1407.0	56.79989013671875
1408.0	56.897210693359376
1409.0	56.933319091796875
1410.0	56.8767822265625
1411.0	56.89994506835937
1412.0	56.78929138183594
1413.0	56.99681701660156
1414.0	56.74735107421875
1415.0	56.865658569335935
1416.0	56.97828063964844
1417.0	56.99330139160156
1418.0	57.018255615234374
1419.0	56.82569885253906
1420.0	57.00056457519531
1421.0	56.926327514648435
1422.0	56.855770874023435
1423.0	56.863223266601565
1424.0	57.000772094726564
1425.0	56.938375854492186
1426.0	56.79658203125
1427.0	56.84932250976563
1428.0	56.83578186035156
1429.0	56.92469177246094
1430.0	56.86022033691406
1431.0	56.782162475585935
1432.0	56.933248901367186
1433.0	56.938360595703124
1434.0	56.858822631835935
1435.0	56.93513488769531
1436.0	56.858621215820314
1437.0	56.903741455078126
1438.0	56.88062744140625
1439.0	56.85673522949219
1440.0	56.94359130859375
1441.0	56.898956298828125
1442.0	56.88143615722656
1443.0	56.8856201171875
1444.0	56.93552856445312
1445.0	57.123040771484376
1446.0	56.928201293945314
1447.0	56.93609619140625
1448.0	56.95125122070313
1449.0	56.89773254394531
1450.0	56.85690612792969
1451.0	56.99564819335937
1452.0	56.88701477050781
1453.0	56.88174743652344
1454.0	56.86857604980469
1455.0	56.85028076171875
1456.0	56.89236755371094
1457.0	56.879571533203126
1458.0	56.90839538574219
1459.0	56.99783630371094
1460.0	56.95252685546875
1461.0	57.02261657714844
1462.0	56.91484680175781
1463.0	56.96673583984375
1464.0	56.93360290527344
1465.0	56.951300048828124
1466.0	56.923013305664064
1467.0	57.078347778320314
1468.0	56.89158630371094
1469.0	56.912176513671874
1470.0	56.92045288085937
1471.0	56.9797119140625
1472.0	56.91929321289062
1473.0	56.95460510253906
1474.0	56.929440307617185
1475.0	56.879782104492186
1476.0	56.91031494140625
1477.0	56.99668579101562
1478.0	56.98261413574219
1479.0	56.91383361816406
1480.0	56.887350463867186
1481.0	57.053768920898435
1482.0	56.93245849609375
1483.0	56.92768859863281
1484.0	56.996481323242186
1485.0	57.093075561523435
1486.0	56.80138244628906
1487.0	57.04826049804687
1488.0	56.930291748046876
1489.0	56.9619384765625
1490.0	56.94373779296875
1491.0	56.79527893066406
1492.0	56.986227416992186
1493.0	56.99295654296875
1494.0	56.93009948730469
1495.0	56.88233337402344
1496.0	57.0183349609375
1497.0	56.95462341308594
1498.0	56.79530639648438
1499.0	56.98392028808594
1500.0	56.94302062988281
1501.0	57.02840881347656
1502.0	56.921295166015625
1503.0	56.91527404785156
1504.0	56.992678833007815
1505.0	56.89570922851563
1506.0	56.980859375
1507.0	56.90052795410156
1508.0	56.874481201171875
1509.0	57.0048828125
1510.0	56.840972900390625
1511.0	56.88834228515625
1512.0	57.00119323730469
1513.0	57.020162963867186
1514.0	56.936135864257814
1515.0	56.888363647460935
1516.0	57.0517578125
1517.0	56.941259765625
1518.0	56.91773681640625
1519.0	56.9937255859375
1520.0	56.93719482421875
1521.0	56.951901245117185
1522.0	57.03068542480469
1523.0	57.079962158203124
1524.0	56.83167419433594
1525.0	57.002374267578126
1526.0	57.13240051269531
1527.0	57.09136962890625
1528.0	56.953485107421876
1529.0	57.02608642578125
1530.0	57.04499816894531
1531.0	57.003048706054685
1532.0	56.85042114257813
1533.0	56.930422973632815
1534.0	57.0685791015625
1535.0	56.95090026855469
1536.0	57.019744873046875
1537.0	56.99464416503906
1538.0	57.04090576171875
1539.0	57.09403076171875
1540.0	57.08892822265625
1541.0	57.06301574707031
1542.0	57.04472045898437
1543.0	56.978851318359375
1544.0	56.972467041015626
1545.0	57.123358154296874
1546.0	56.9325439453125
1547.0	56.993289184570315
1548.0	56.951193237304686
1549.0	57.05567321777344
1550.0	57.04066467285156
1551.0	56.92048034667969
1552.0	56.9683837890625
1553.0	57.152444458007814
1554.0	56.944271850585935
1555.0	56.928094482421876
1556.0	57.078619384765624
1557.0	57.05925598144531
1558.0	56.96730346679688
1559.0	57.0103515625
1560.0	56.92025451660156
1561.0	57.041159057617186
1562.0	57.050115966796874
1563.0	57.01622009277344
1564.0	57.22319030761719
1565.0	57.090518188476565
1566.0	56.99196166992188
1567.0	56.886962890625
1568.0	57.02654113769531
1569.0	56.97310180664063
1570.0	57.049685668945315
1571.0	57.12324523925781
1572.0	57.070376586914065
1573.0	57.133697509765625
1574.0	57.095697021484376
1575.0	57.02421264648437
1576.0	56.98008422851562
1577.0	57.185247802734374
1578.0	56.998406982421876
1579.0	56.9392578125
1580.0	57.227606201171874
1581.0	57.1156982421875
1582.0	57.0642578125
1583.0	57.04769592285156
1584.0	57.14252624511719
1585.0	57.09097595214844
1586.0	56.983837890625
1587.0	57.10677490234375
1588.0	56.965335083007815
1589.0	57.03653564453125
1590.0	57.12935791015625
1591.0	57.150115966796875
1592.0	57.041995239257815
1593.0	57.1119140625
1594.0	57.07387084960938
1595.0	57.16074829101562
1596.0	57.15322570800781
1597.0	57.09941101074219
1598.0	57.05497741699219
1599.0	57.03239440917969
1600.0	57.208517456054686
1601.0	57.08773193359375
1602.0	57.17027893066406
1603.0	57.113504028320314
1604.0	57.16236572265625
1605.0	57.146978759765624
1606.0	57.031591796875
1607.0	57.125753784179686
1608.0	57.17057800292969
1609.0	57.10213623046875
1610.0	57.163821411132815
1611.0	57.227011108398436
1612.0	57.210086059570315
1613.0	57.16111450195312
1614.0	57.191357421875
1615.0	57.23729248046875
1616.0	57.19797058105469
1617.0	57.1033203125
1618.0	57.17533874511719
1619.0	57.12865295410156
1620.0	57.08877258300781
1621.0	57.2510986328125
1622.0	57.26513671875
1623.0	57.154486083984374
1624.0	57.23072814941406
1625.0	57.240902709960935
1626.0	57.21377868652344
1627.0	57.0448486328125
1628.0	57.174258422851565
1629.0	57.13849792480469
1630.0	57.20526123046875
1631.0	57.23618774414062
1632.0	57.19369812011719
1633.0	57.20712585449219
1634.0	57.23074035644531
1635.0	57.01064758300781
1636.0	56.773468017578125
1637.0	56.739785766601564
1638.0	56.488958740234374
1639.0	56.80452880859375
1640.0	57.274627685546875
1641.0	57.4133544921875
1642.0	57.316671752929686
1643.0	57.08725280761719
1644.0	57.25588684082031
1645.0	57.25455932617187
1646.0	57.27738952636719
1647.0	57.22751159667969
1648.0	57.188201904296875
1649.0	57.26976318359375
1650.0	57.229190063476565
1651.0	57.19689025878906
1652.0	57.162271118164064
1653.0	57.37539978027344
1654.0	57.22909851074219
1655.0	57.309130859375
1656.0	57.201385498046875
1657.0	57.273736572265626
1658.0	57.33247680664063
1659.0	57.19029541015625
1660.0	57.23031921386719
1661.0	57.20260925292969
1662.0	57.125921630859374
1663.0	57.37010498046875
1664.0	57.295126342773436
1665.0	57.19434509277344
1666.0	57.28554992675781
1667.0	57.21650695800781
1668.0	57.50204162597656
1669.0	57.29548950195313
1670.0	57.206781005859376
1671.0	57.180084228515625
1672.0	57.364013671875
1673.0	57.275857543945314
1674.0	57.26498718261719
1675.0	57.26628112792969
1676.0	57.280126953125
1677.0	57.26071472167969
1678.0	57.29420471191406
1679.0	57.1254638671875
1680.0	57.3406005859375
1681.0	57.27020263671875
1682.0	57.27388000488281
1683.0	57.230657958984374
1684.0	57.24813537597656
1685.0	57.32593688964844
1686.0	57.305352783203126
1687.0	57.39531555175781
1688.0	57.312078857421874
1689.0	57.23763732910156
1690.0	57.22432861328125
1691.0	57.257257080078126
1692.0	57.28486633300781
1693.0	57.21564636230469
1694.0	57.349160766601564
1695.0	57.179693603515624
1696.0	57.27089233398438
1697.0	57.274530029296876
1698.0	57.21708984375
1699.0	57.428366088867186
1700.0	57.09412841796875
1701.0	57.305999755859375
1702.0	57.27147216796875
1703.0	57.27083740234375
1704.0	57.22613525390625
1705.0	57.2677734375
1706.0	57.20810241699219
1707.0	57.26590270996094
1708.0	57.24781188964844
1709.0	57.324102783203124
1710.0	57.29428405761719
1711.0	57.43251953125
1712.0	57.3439208984375
1713.0	57.46785888671875
1714.0	57.39567565917969
1715.0	57.3973876953125
1716.0	57.323666381835935
1717.0	57.43061218261719
1718.0	57.341799926757815
1719.0	57.375433349609374
1720.0	57.41326904296875
1721.0	57.35684814453125
1722.0	57.45347900390625
1723.0	57.30328369140625
1724.0	57.359039306640625
1725.0	57.413876342773435
1726.0	57.38204650878906
1727.0	57.42398376464844
1728.0	57.38662109375
1729.0	57.55001525878906
1730.0	57.41854553222656
1731.0	57.47951965332031
1732.0	57.534906005859376
1733.0	57.51360168457031
1734.0	57.52837219238281
1735.0	57.48204345703125
1736.0	57.5541015625
1737.0	57.578939819335936
1738.0	57.45848083496094
1739.0	57.54776306152344
1740.0	57.469198608398436
1741.0	57.57632141113281
1742.0	57.596856689453126
1743.0	57.502175903320314
1744.0	57.483642578125
1745.0	57.58760986328125
1746.0	57.53142395019531
1747.0	57.63411865234375
1748.0	57.56971130371094
1749.0	57.574868774414064
1750.0	57.43196411132813
1751.0	57.414126586914065
1752.0	57.454733276367186
1753.0	57.549111938476564
1754.0	57.396420288085935
1755.0	57.62977600097656
1756.0	57.71382141113281
1757.0	57.637750244140626
1758.0	57.614508056640624
1759.0	57.547247314453124
1760.0	57.509988403320314
1761.0	57.685723876953126
1762.0	57.61784057617187
1763.0	57.60554809570313
1764.0	57.62200012207031
1765.0	57.699563598632814
1766.0	57.51448974609375
1767.0	57.600244140625
1768.0	57.51545715332031
1769.0	57.603860473632814
1770.0	57.755715942382814
1771.0	57.721484375
1772.0	57.62949829101562
1773.0	57.6505859375
1774.0	57.64137268066406
1775.0	57.5651123046875
1776.0	57.744012451171876
1777.0	57.71116943359375
1778.0	57.63786315917969
1779.0	57.639834594726565
1780.0	57.650820922851565
1781.0	57.59199829101563
1782.0	57.64114074707031
1783.0	57.644735717773436
1784.0	57.667169189453126
1785.0	57.73208923339844
1786.0	57.59425048828125
1787.0	57.71202697753906
1788.0	57.69019470214844
1789.0	57.63798828125
1790.0	57.6927734375
1791.0	57.646035766601564
1792.0	57.72704162597656
1793.0	57.66136169433594
1794.0	57.719949340820314
1795.0	57.59996032714844
1796.0	57.57615356445312
1797.0	57.675173950195315
1798.0	57.61128234863281
1799.0	57.57706909179687
1800.0	57.72922973632812
1801.0	57.68004455566406
1802.0	57.687075805664065
1803.0	57.74329528808594
1804.0	57.63941955566406
1805.0	57.635101318359375
1806.0	57.57252197265625
1807.0	57.680548095703124
1808.0	57.80713806152344
1809.0	57.63982238769531
1810.0	57.77084655761719
1811.0	57.76993103027344
1812.0	57.64895324707031
1813.0	57.67122802734375
1814.0	57.62037963867188
1815.0	57.61473693847656
1816.0	57.80198364257812
1817.0	57.72806396484375
1818.0	57.676144409179685
1819.0	57.681436157226564
1820.0	57.64697265625
1821.0	57.62852478027344
1822.0	57.568032836914064
1823.0	57.686221313476565
1824.0	57.6640625
1825.0	57.65193481445313
1826.0	57.602761840820314
1827.0	57.705908203125
1828.0	57.71495361328125
1829.0	57.72195739746094
1830.0	57.562841796875
1831.0	57.688385009765625
1832.0	57.700677490234376
1833.0	57.6299072265625
1834.0	57.79771728515625
1835.0	57.67197875976562
1836.0	57.66830139160156
1837.0	57.816751098632814
1838.0	57.63554382324219
1839.0	57.61853942871094
1840.0	57.691278076171876
1841.0	57.600381469726564
1842.0	57.66463012695313
1843.0	57.79373779296875
1844.0	57.74159545898438
1845.0	57.70242004394531
1846.0	57.6953125
1847.0	57.726715087890625
1848.0	57.78677978515625
1849.0	57.760519409179686
1850.0	57.6652587890625
1851.0	57.60511474609375
1852.0	57.73775939941406
1853.0	57.72895812988281
1854.0	57.7709228515625
1855.0	57.7346923828125
1856.0	57.83125610351563
1857.0	57.7317626953125
1858.0	57.62273254394531
1859.0	57.761328125
1860.0	57.786074829101565
1861.0	57.67182312011719
1862.0	57.728695678710935
1863.0	57.76588745117188
1864.0	57.67537231445313
1865.0	57.75118408203125
1866.0	57.809112548828125
1867.0	57.736279296875
1868.0	57.808013916015625
1869.0	57.81679992675781
1870.0	57.730062866210936
1871.0	57.68199462890625
1872.0	57.70567932128906
1873.0	57.62542724609375
1874.0	57.727517700195314
1875.0	57.881063842773436
1876.0	57.79189758300781
1877.0	57.77692565917969
1878.0	57.84978332519531
1879.0	57.82713623046875
1880.0	57.70260009765625
1881.0	57.76683654785156
1882.0	57.806356811523436
1883.0	57.7099609375
1884.0	57.70381469726563
1885.0	57.7272216796875
1886.0	57.688253784179686
1887.0	57.744207763671874
1888.0	57.63005065917969
1889.0	57.63788757324219
1890.0	57.67704772949219
1891.0	57.81559753417969
1892.0	57.750372314453124
1893.0	57.75203247070313
1894.0	57.63593444824219
1895.0	57.851959228515625
1896.0	57.84426574707031
1897.0	57.76360168457031
1898.0	57.782586669921876
1899.0	57.786459350585936
1900.0	57.87144775390625
1901.0	57.6911376953125
1902.0	57.70411682128906
1903.0	57.847503662109375
1904.0	57.753665161132815
1905.0	57.748712158203126
1906.0	57.71144409179688
1907.0	57.60353088378906
1908.0	57.24720764160156
1909.0	57.01224975585937
1910.0	56.96058654785156
1911.0	57.294186401367185
1912.0	57.62301330566406
1913.0	57.75985107421875
1914.0	57.733822631835935
1915.0	57.776434326171874
1916.0	57.98794860839844
1917.0	58.08797607421875
1918.0	57.970462036132815
1919.0	57.62431945800781
1920.0	57.50583190917969
1921.0	57.54444580078125
1922.0	57.5379150390625
1923.0	57.41780090332031
1924.0	57.470516967773435
1925.0	57.37608947753906
1926.0	57.514154052734376
1927.0	57.79669189453125
1928.0	58.03458862304687
1929.0	58.0602783203125
1930.0	58.042971801757815
1931.0	58.0318115234375
1932.0	57.97630920410156
1933.0	57.93815307617187
1934.0	57.94432678222656
1935.0	57.931915283203125
1936.0	58.07636413574219
1937.0	57.9840087890625
1938.0	57.93120422363281
1939.0	57.87895202636719
1940.0	57.94322509765625
1941.0	57.84243469238281
1942.0	57.991326904296876
1943.0	57.941891479492185
1944.0	57.98133850097656
1945.0	58.000048828125
1946.0	57.97064208984375
1947.0	58.086184692382815
1948.0	58.048135375976564
1949.0	57.95783386230469
1950.0	58.069512939453126
1951.0	58.02499084472656
1952.0	58.090423583984375
1953.0	58.082366943359375
1954.0	57.9979736328125
1955.0	57.96219482421875
1956.0	58.00320739746094
1957.0	58.109429931640626
1958.0	58.06557922363281
1959.0	58.10693359375
1960.0	58.05545349121094
1961.0	58.054013061523435
1962.0	58.10379333496094
1963.0	57.95940246582031
1964.0	58.04859924316406
1965.0	58.13371276855469
1966.0	58.05184326171875
1967.0	57.99329528808594
1968.0	58.10663757324219
1969.0	57.96401672363281
1970.0	58.01524353027344
1971.0	57.92652893066406
1972.0	58.08951416015625
1973.0	58.0915283203125
1974.0	58.14364929199219
1975.0	58.07584228515625
1976.0	58.03598327636719
1977.0	58.15638427734375
1978.0	58.07022399902344
1979.0	58.004852294921875
1980.0	58.06375732421875
1981.0	58.074789428710936
1982.0	58.06997375488281
1983.0	58.142730712890625
1984.0	58.04774169921875
1985.0	58.13407897949219
1986.0	57.96909790039062
1987.0	58.073370361328124
1988.0	58.06986694335937
1989.0	58.15153198242187
1990.0	58.125222778320314
1991.0	58.08255615234375
1992.0	58.23155822753906
1993.0	58.11315002441406
1994.0	58.204345703125
1995.0	58.17306823730469
1996.0	58.03085632324219
1997.0	57.95551452636719
1998.0	58.109310913085935
1999.0	57.997964477539064
2000.0	58.0580810546875
2001.0	58.06499328613281
2002.0	58.00355224609375
2003.0	58.08291320800781
2004.0	58.2199462890625
2005.0	58.01805114746094
2006.0	58.11806945800781
2007.0	58.10953063964844
2008.0	58.095925903320314
2009.0	58.051080322265626
2010.0	58.05310974121094
2011.0	58.18154602050781
2012.0	58.1772705078125
2013.0	58.302914428710935
2014.0	58.22318115234375
2015.0	58.36930541992187
2016.0	58.14851379394531
2017.0	58.1404296875
2018.0	58.29555969238281
2019.0	58.23002319335937
2020.0	58.20626525878906
2021.0	58.28157958984375
2022.0	58.200564575195315
2023.0	58.3010986328125
2024.0	58.28612060546875
2025.0	58.242608642578126
2026.0	58.200643920898436
2027.0	58.232382202148436
2028.0	58.32575378417969
2029.0	58.30882873535156
2030.0	58.19688110351562
2031.0	58.27361145019531
2032.0	58.34834594726563
2033.0	58.279318237304686
2034.0	58.20856628417969
2035.0	58.225457763671876
2036.0	58.24280700683594
2037.0	58.27509765625
2038.0	58.21365051269531
2039.0	58.22838439941406
2040.0	58.25749816894531
2041.0	58.18452758789063
2042.0	58.25758056640625
2043.0	58.208230590820314
2044.0	58.26209716796875
2045.0	58.244329833984374
2046.0	58.288211059570315
2047.0	58.0997802734375
2048.0	58.130618286132815
2049.0	58.3741455078125
2050.0	58.251748657226564
2051.0	58.13372802734375
2052.0	58.22193908691406
2053.0	58.30794067382813
2054.0	58.20550537109375
2055.0	58.342794799804686
2056.0	58.413821411132815
2057.0	58.321774291992185
2058.0	58.24322509765625
2059.0	58.270574951171874
2060.0	58.238076782226564
2061.0	58.18500671386719
2062.0	58.292886352539064
2063.0	58.339926147460936
2064.0	58.214324951171875
2065.0	58.330596923828125
2066.0	58.397787475585936
2067.0	58.300192260742186
2068.0	58.3363037109375
2069.0	58.275970458984375
2070.0	58.30015258789062
2071.0	58.260311889648435
2072.0	58.39153137207031
2073.0	58.25593872070313
2074.0	58.24696044921875
2075.0	58.24583740234375
2076.0	58.27628784179687
2077.0	58.35859375
2078.0	58.37467041015625
2079.0	58.47550659179687
2080.0	58.402731323242186
2081.0	58.291259765625
2082.0	58.373974609375
2083.0	58.315371704101565
2084.0	58.343222045898436
2085.0	58.30427551269531
2086.0	58.227377319335936
2087.0	58.41181335449219
2088.0	58.341146850585936
2089.0	58.26249389648437
2090.0	58.35356140136719
2091.0	58.252645874023436
2092.0	58.38511352539062
2093.0	58.35758666992187
2094.0	58.26844177246094
2095.0	58.43891296386719
2096.0	58.296408081054686
2097.0	58.294036865234375
2098.0	58.28598327636719
2099.0	58.325750732421874
2100.0	58.40701904296875
2101.0	58.31325073242188
2102.0	58.41311340332031
2103.0	58.40570068359375
2104.0	58.26865234375
2105.0	58.399392700195314
2106.0	58.31690673828125
2107.0	58.4666015625
2108.0	58.46067810058594
2109.0	58.61936950683594
2110.0	58.56252746582031
2111.0	58.561459350585935
2112.0	58.42435913085937
2113.0	58.446826171875
2114.0	58.432516479492186
2115.0	58.438150024414064
2116.0	58.442816162109374
2117.0	58.543704223632815
2118.0	58.45154724121094
2119.0	58.416360473632814
2120.0	58.44047241210937
2121.0	58.47657470703125
2122.0	58.41004333496094
2123.0	58.41696472167969
2124.0	58.359228515625
2125.0	58.452517700195315
2126.0	58.38070068359375
2127.0	58.34183044433594
2128.0	58.29735107421875
2129.0	58.31918640136719
2130.0	58.2412109375
2131.0	58.33890991210937
2132.0	58.253350830078126
2133.0	58.381283569335935
2134.0	58.16499633789063
2135.0	58.245120239257815
2136.0	58.14230651855469
2137.0	58.138604736328126
2138.0	58.113922119140625
2139.0	58.014810180664064
2140.0	58.140542602539064
2141.0	58.08511962890625
2142.0	58.066290283203124
2143.0	58.16714782714844
2144.0	58.04579162597656
2145.0	58.114706420898436
2146.0	58.02030029296875
2147.0	57.92518615722656
2148.0	57.96763610839844
2149.0	58.045352172851565
2150.0	57.946835327148435
2151.0	57.962060546875
2152.0	57.99407043457031
2153.0	57.892330932617185
2154.0	57.8205322265625
2155.0	57.655636596679685
2156.0	57.80675048828125
2157.0	57.870361328125
2158.0	57.898797607421876
2159.0	57.835748291015626
2160.0	57.89939575195312
2161.0	57.96650085449219
2162.0	57.91217956542969
2163.0	58.01845092773438
2164.0	57.8295166015625
2165.0	58.09278564453125
2166.0	57.95954284667969
2167.0	57.99313049316406
2168.0	58.128213500976564
2169.0	58.07426147460937
2170.0	58.080694580078124
2171.0	58.14006652832031
2172.0	58.137979125976564
2173.0	58.02256774902344
2174.0	58.14829711914062
2175.0	58.00501403808594
2176.0	58.18773193359375
2177.0	58.19527893066406
2178.0	58.163702392578124
2179.0	58.16073913574219
2180.0	58.157632446289064
2181.0	58.20350036621094
2182.0	58.09328002929688
2183.0	58.10484924316406
2184.0	58.10941162109375
2185.0	58.09285888671875
2186.0	58.12738952636719
2187.0	58.18760375976562
2188.0	58.17177124023438
2189.0	58.159149169921875
2190.0	58.09089965820313
2191.0	58.205648803710936
2192.0	57.97159118652344
2193.0	57.92897338867188
2194.0	58.037664794921874
2195.0	58.03281860351562
2196.0	58.05595703125
2197.0	58.207357788085936
2198.0	58.137326049804685
2199.0	58.07680969238281
2200.0	58.03753662109375
2201.0	58.225100708007815
2202.0	58.085626220703126
2203.0	58.03666687011719
2204.0	58.06975402832031
2205.0	58.09455871582031
2206.0	58.0008056640625
2207.0	58.047723388671876
2208.0	57.989236450195314
2209.0	58.00406188964844
2210.0	57.95375061035156
2211.0	58.02975158691406
2212.0	58.01899108886719
2213.0	57.96056213378906
2214.0	57.989404296875
2215.0	58.007528686523436
2216.0	57.99031982421875
2217.0	57.99067687988281
2218.0	57.911801147460935
2219.0	57.990072631835936
2220.0	57.988485717773436
2221.0	58.020223999023436
2222.0	57.90516662597656
2223.0	57.881048583984374
2224.0	57.8464111328125
2225.0	57.86088562011719
2226.0	57.77998046875
2227.0	57.911520385742186
2228.0	57.96934204101562
2229.0	57.8146728515625
2230.0	57.82437744140625
2231.0	57.862762451171875
2232.0	57.88228149414063
2233.0	57.96846008300781
2234.0	57.80420837402344
2235.0	57.907476806640624
2236.0	57.82117919921875
2237.0	57.873974609375
2238.0	57.73408508300781
2239.0	57.903561401367185
2240.0	57.86166076660156
2241.0	57.81901245117187
2242.0	57.821600341796874
2243.0	57.8037353515625
2244.0	57.888739013671874
2245.0	57.78861694335937
2246.0	57.843084716796874
2247.0	57.77588806152344
2248.0	57.817257690429685
2249.0	57.89621276855469
2250.0	57.79689025878906
2251.0	57.84646911621094
2252.0	57.85679931640625
2253.0	57.82939453125
2254.0	57.76408996582031
2255.0	57.897952270507815
2256.0	57.758663940429685
2257.0	57.987518310546875
2258.0	57.91041870117188
2259.0	57.81974487304687
2260.0	57.82551879882813
2261.0	57.89114685058594
2262.0	57.82784423828125
2263.0	57.94020385742188
2264.0	57.99871826171875
2265.0	57.96512451171875
2266.0	57.98145751953125
2267.0	58.01628112792969
2268.0	58.12990112304688
2269.0	57.935845947265626
2270.0	57.938916015625
2271.0	58.05248107910156
2272.0	58.14100341796875
2273.0	58.021124267578124
2274.0	58.02141418457031
2275.0	58.19092712402344
2276.0	58.053594970703124
2277.0	58.17325134277344
2278.0	57.968310546875
2279.0	58.106048583984375
2280.0	58.11308898925781
2281.0	58.136865234375
2282.0	58.19773559570312
2283.0	58.0420654296875
2284.0	58.1202392578125
2285.0	58.00914001464844
2286.0	58.08766479492188
2287.0	58.10110168457031
2288.0	58.14327392578125
2289.0	58.232977294921874
2290.0	58.05599670410156
2291.0	58.15599060058594
2292.0	57.989785766601564
2293.0	58.05921630859375
2294.0	58.133575439453125
2295.0	57.975860595703125
2296.0	58.00225830078125
2297.0	58.10554504394531
2298.0	57.98677978515625
2299.0	58.10082092285156
2300.0	58.12940368652344
2301.0	58.10066223144531
2302.0	58.147299194335936
2303.0	58.14804382324219
2304.0	58.08788146972656
2305.0	58.15071411132813
2306.0	58.06158447265625
2307.0	57.993072509765625
2308.0	58.08317260742187
2309.0	58.013796997070315
2310.0	58.0931640625
2311.0	58.05308227539062
2312.0	58.16858825683594
2313.0	58.03623046875
2314.0	58.03905029296875
2315.0	58.081320190429686
2316.0	58.17256164550781
2317.0	57.98385009765625
2318.0	58.04621276855469
2319.0	58.08233642578125
2320.0	58.155130004882814
2321.0	58.113836669921874
2322.0	58.074713134765624
2323.0	58.12764282226563
2324.0	57.99207458496094
2325.0	58.13678894042969
2326.0	58.051553344726564
2327.0	57.99123840332031
2328.0	58.136077880859375
2329.0	58.12763671875
2330.0	58.10054321289063
2331.0	58.017266845703126
2332.0	57.977264404296875
2333.0	57.87799072265625
2334.0	58.05514221191406
2335.0	58.188925170898436
2336.0	58.087249755859375
2337.0	58.02605285644531
2338.0	58.068197631835936
2339.0	58.046820068359374
2340.0	58.056634521484376
2341.0	58.12682189941406
2342.0	57.98946838378906
2343.0	58.04963684082031
2344.0	58.03096313476563
2345.0	58.04719543457031
2346.0	58.07627563476562
2347.0	58.06229248046875
2348.0	58.064901733398436
2349.0	58.11245422363281
2350.0	58.060546875
2351.0	58.11878356933594
2352.0	58.03551025390625
2353.0	58.104617309570315
2354.0	58.04481811523438
2355.0	58.02394104003906
2356.0	58.08751220703125
2357.0	58.01478881835938
2358.0	58.101312255859376
2359.0	58.13752136230469
2360.0	58.1522705078125
2361.0	58.161669921875
2362.0	58.060079956054686
2363.0	58.148989868164065
2364.0	58.12143249511719
2365.0	58.15550842285156
2366.0	58.04725036621094
2367.0	58.04857482910156
2368.0	58.273989868164065
2369.0	58.284933471679686
2370.0	58.196224975585935
2371.0	58.27454528808594
2372.0	58.14224548339844
2373.0	58.14588317871094
2374.0	58.12454833984375
2375.0	58.25679321289063
2376.0	58.15635375976562
2377.0	58.19521484375
2378.0	58.10264892578125
2379.0	58.09959106445312
2380.0	57.99937744140625
2381.0	58.335000610351564
2382.0	58.15053100585938
2383.0	58.242889404296875
2384.0	58.14997253417969
2385.0	58.441949462890626
2386.0	58.2306884765625
2387.0	58.340240478515625
2388.0	58.256222534179685
2389.0	58.370147705078125
2390.0	58.27500610351562
2391.0	58.317138671875
2392.0	58.191864013671875
2393.0	58.33883056640625
2394.0	58.256613159179686
2395.0	58.302679443359374
2396.0	58.346676635742185
2397.0	58.28441467285156
2398.0	58.225283813476565
2399.0	58.26681823730469
2400.0	58.09000244140625
2401.0	57.99278259277344
2402.0	57.9135009765625
2403.0	58.15049743652344
2404.0	58.12750244140625
2405.0	58.20091552734375
2406.0	58.22645874023438
2407.0	58.11307983398437
2408.0	58.170230102539065
2409.0	58.20108337402344
2410.0	58.099612426757815
2411.0	58.06265563964844
2412.0	58.16867370605469
2413.0	58.103982543945314
2414.0	58.23234558105469
2415.0	58.06379699707031
2416.0	58.08683471679687
2417.0	58.15284118652344
2418.0	58.23783569335937
2419.0	58.148739624023435
2420.0	58.08396911621094
2421.0	58.108404541015624
2422.0	58.12942810058594
2423.0	58.1889404296875
2424.0	58.24824829101563
2425.0	58.147900390625
2426.0	58.209048461914065
2427.0	58.1162109375
2428.0	58.19541015625
2429.0	58.17078552246094
2430.0	58.10847473144531
2431.0	58.24821166992187
2432.0	58.19123840332031
2433.0	58.15294189453125
2434.0	58.18519897460938
2435.0	58.197662353515625
2436.0	58.32618103027344
2437.0	58.25840454101562
2438.0	58.115673828125
2439.0	58.13932495117187
2440.0	58.144064331054686
2441.0	58.191497802734375
2442.0	58.092587280273435
2443.0	58.08147277832031
2444.0	58.20713500976562
2445.0	58.24443054199219
2446.0	58.099798583984374
2447.0	58.125833129882814
2448.0	58.25001220703125
2449.0	58.259945678710935
2450.0	58.1073486328125
2451.0	58.118463134765626
2452.0	58.215554809570314
2453.0	58.23353881835938
2454.0	58.17760009765625
2455.0	58.09534912109375
2456.0	58.250607299804685
2457.0	58.14279479980469
2458.0	58.03448486328125
2459.0	58.09140319824219
2460.0	58.130462646484375
2461.0	58.11189575195313
2462.0	58.115194702148436
2463.0	58.11220703125
2464.0	58.08049621582031
2465.0	58.07820434570313
2466.0	58.05637817382812
2467.0	58.00176086425781
2468.0	58.103277587890624
2469.0	58.10189514160156
2470.0	58.09495849609375
2471.0	58.07252197265625
2472.0	58.17723083496094
2473.0	58.09510498046875
2474.0	58.1557861328125
2475.0	58.1328125
2476.0	58.050408935546876
2477.0	58.121829223632815
2478.0	58.052554321289065
2479.0	58.141754150390625
2480.0	58.150961303710936
2481.0	58.20513916015625
2482.0	58.098193359375
2483.0	58.297247314453124
2484.0	58.1734619140625
2485.0	58.22602233886719
2486.0	58.2261962890625
2487.0	58.21702880859375
2488.0	58.195028686523436
2489.0	58.22164306640625
2490.0	58.243832397460935
2491.0	58.151580810546875
2492.0	58.16678161621094
2493.0	58.172421264648435
2494.0	58.164755249023436
2495.0	58.125482177734376
2496.0	58.15663452148438
2497.0	58.15226440429687
2498.0	58.026876831054686
2499.0	58.036871337890624
2500.0	58.23591918945313
2501.0	58.08012084960937
2502.0	58.12877197265625
2503.0	58.269232177734374
2504.0	58.346893310546875
2505.0	58.111386108398435
2506.0	58.14197692871094
2507.0	58.019287109375
2508.0	58.131768798828126
2509.0	58.055300903320315
2510.0	58.10820007324219
2511.0	58.20948791503906
2512.0	58.11947326660156
2513.0	58.146533203125
2514.0	58.10292358398438
2515.0	58.130523681640625
2516.0	57.923760986328126
2517.0	58.11504211425781
2518.0	58.120965576171876
2519.0	58.12037963867188
2520.0	58.11919250488281
2521.0	58.190374755859374
2522.0	58.083526611328125
2523.0	58.14430541992188
2524.0	58.23618774414062
2525.0	58.18641662597656
2526.0	58.15443115234375
2527.0	58.2115234375
2528.0	58.144448852539064
2529.0	58.25516052246094
2530.0	58.240716552734376
2531.0	58.165097045898435
2532.0	58.192919921875
2533.0	58.17698364257812
2534.0	58.10374145507812
2535.0	58.19242858886719
2536.0	58.103433227539064
2537.0	58.248696899414064
2538.0	58.2699462890625
2539.0	58.195553588867185
2540.0	58.1927978515625
2541.0	58.28832092285156
2542.0	58.136810302734375
2543.0	58.1572265625
2544.0	58.234170532226564
2545.0	58.25008850097656
2546.0	58.08443603515625
2547.0	58.23580322265625
2548.0	58.15495300292969
2549.0	58.1264892578125
2550.0	58.23605651855469
2551.0	58.205404663085936
2552.0	58.21438903808594
2553.0	58.21181030273438
2554.0	58.16181335449219
2555.0	58.12168884277344
2556.0	58.10746765136719
2557.0	58.169366455078126
2558.0	58.21925354003906
2559.0	58.23722534179687
2560.0	58.231561279296876
2561.0	58.18346252441406
2562.0	58.28917236328125
2563.0	58.1595947265625
2564.0	58.2116943359375
2565.0	58.181610107421875
2566.0	58.26993103027344
2567.0	58.282781982421874
2568.0	58.290521240234376
2569.0	58.23843994140625
2570.0	58.18974609375
2571.0	58.27900085449219
2572.0	58.21400146484375
2573.0	58.32035522460937
2574.0	58.22183837890625
2575.0	58.25588684082031
2576.0	58.26756896972656
2577.0	58.337127685546875
2578.0	58.30656433105469
2579.0	58.251983642578125
2580.0	58.22357177734375
2581.0	58.272891235351565
2582.0	58.239984130859376
2583.0	58.266204833984375
2584.0	58.30956115722656
2585.0	58.20474853515625
2586.0	58.2538818359375
2587.0	58.348489379882814
2588.0	58.38804321289062
2589.0	58.41419677734375
2590.0	58.296932983398435
2591.0	58.449658203125
2592.0	58.36803283691406
2593.0	58.495382690429686
2594.0	58.323095703125
2595.0	58.42784423828125
2596.0	58.42511901855469
2597.0	58.2896728515625
2598.0	58.2187255859375
2599.0	58.274295043945315
2600.0	58.2435791015625
2601.0	58.416632080078124
2602.0	58.38746643066406
2603.0	58.291281127929686
2604.0	58.430792236328124
2605.0	58.34583435058594
2606.0	58.321310424804686
2607.0	58.41640625
2608.0	58.3876708984375
2609.0	58.3177001953125
2610.0	58.3409423828125
2611.0	58.41127319335938
2612.0	58.397491455078125
2613.0	58.455770874023436
2614.0	58.34073181152344
2615.0	58.269134521484375
2616.0	58.416552734375
2617.0	58.278411865234375
2618.0	58.345114135742186
2619.0	58.326437377929686
2620.0	58.41573791503906
2621.0	58.371298217773436
2622.0	58.37376098632812
2623.0	58.397604370117186
2624.0	58.463705444335936
2625.0	58.21098327636719
2626.0	58.20945739746094
2627.0	58.31697387695313
2628.0	58.169549560546876
2629.0	58.26158142089844
2630.0	58.33661804199219
2631.0	58.305303955078124
2632.0	58.04201965332031
2633.0	58.29191589355469
2634.0	58.32630615234375
2635.0	58.277182006835936
2636.0	58.2762939453125
2637.0	58.26817626953125
2638.0	58.282534790039065
2639.0	58.258889770507814
2640.0	58.234735107421876
2641.0	58.196920776367186
2642.0	58.107217407226564
2643.0	58.243743896484375
2644.0	58.29414672851563
2645.0	58.197897338867186
2646.0	58.19881591796875
2647.0	58.11540832519531
2648.0	58.21520080566406
2649.0	58.12037963867188
2650.0	58.152566528320314
2651.0	58.2052001953125
2652.0	58.23134155273438
2653.0	58.20993347167969
2654.0	58.11331481933594
2655.0	58.06899719238281
2656.0	58.11600036621094
2657.0	58.09993896484375
2658.0	58.13017883300781
2659.0	58.10615234375
2660.0	58.128231811523435
2661.0	58.05146179199219
2662.0	58.09490966796875
2663.0	58.00093078613281
2664.0	58.092218017578126
2665.0	58.08328552246094
2666.0	58.13930053710938
2667.0	58.116888427734374
2668.0	58.14842834472656
2669.0	58.117254638671874
2670.0	58.182562255859374
2671.0	58.170318603515625
2672.0	58.113983154296875
2673.0	57.919863891601565
2674.0	58.0424560546875
2675.0	58.107138061523436
2676.0	58.0886962890625
2677.0	58.00486450195312
2678.0	58.11405639648437
2679.0	58.167544555664065
2680.0	58.06336975097656
2681.0	58.08152770996094
2682.0	58.08223266601563
2683.0	58.003515625
2684.0	58.0779296875
2685.0	58.0615234375
2686.0	57.98602294921875
2687.0	58.11734619140625
2688.0	58.05634460449219
2689.0	58.104916381835935
2690.0	58.03681945800781
2691.0	58.041928100585935
2692.0	58.1107177734375
2693.0	57.977960205078126
2694.0	57.98211669921875
2695.0	58.142266845703126
2696.0	58.10069885253906
2697.0	57.99135131835938
2698.0	57.99056701660156
2699.0	58.084207153320314
2700.0	57.95560913085937
2701.0	58.085784912109375
2702.0	58.22480163574219
2703.0	58.0665283203125
2704.0	58.05038757324219
2705.0	58.15691223144531
2706.0	58.17696533203125
2707.0	58.103555297851564
2708.0	58.14740905761719
2709.0	58.25509338378906
2710.0	58.17612915039062
2711.0	58.2315673828125
2712.0	58.11417236328125
2713.0	58.10149230957031
2714.0	58.1438232421875
2715.0	58.132177734375
2716.0	58.13124389648438
2717.0	58.111968994140625
2718.0	58.11001281738281
2719.0	58.0260498046875
2720.0	58.26955871582031
2721.0	57.97374572753906
2722.0	58.0339111328125
2723.0	58.03699645996094
2724.0	58.072784423828125
2725.0	58.12828674316406
2726.0	58.12068176269531
2727.0	58.066595458984374
2728.0	58.163629150390626
2729.0	58.056845092773436
2730.0	58.020040893554686
2731.0	58.116818237304685
2732.0	58.13051147460938
2733.0	58.14930725097656
2734.0	58.129278564453124
2735.0	58.07440185546875
2736.0	58.16789855957031
2737.0	58.18642578125
2738.0	58.20335998535156
2739.0	58.190789794921876
2740.0	58.13556823730469
2741.0	58.09748840332031
2742.0	58.09450073242188
2743.0	58.052548217773435
2744.0	58.09905090332031
2745.0	58.138726806640626
2746.0	58.000674438476565
2747.0	58.14778442382813
2748.0	58.02035827636719
2749.0	58.203277587890625
2750.0	58.092718505859374
2751.0	58.233184814453125
2752.0	58.20274047851562
2753.0	58.09504089355469
2754.0	58.14073181152344
2755.0	58.075555419921876
2756.0	58.046453857421874
2757.0	58.107888793945314
2758.0	58.095611572265625
2759.0	58.08751525878906
2760.0	58.156591796875
2761.0	58.12014465332031
2762.0	57.936737060546875
2763.0	58.011679077148436
2764.0	58.03907165527344
2765.0	58.140072631835935
2766.0	58.19873962402344
2767.0	57.92120361328125
2768.0	57.5880615234375
2769.0	57.65388793945313
2770.0	57.640289306640625
2771.0	57.79991149902344
2772.0	58.04267578125
2773.0	58.039361572265626
2774.0	57.87734375
2775.0	58.09605407714844
2776.0	58.039590454101564
2777.0	57.93830871582031
2778.0	57.93674011230469
2779.0	58.05555725097656
2780.0	58.05995178222656
2781.0	58.07888488769531
2782.0	57.90926513671875
2783.0	57.88240356445313
2784.0	58.064248657226564
2785.0	57.932196044921874
2786.0	57.93623352050781
2787.0	57.990542602539065
2788.0	58.06930847167969
2789.0	58.076821899414064
2790.0	58.09872741699219
2791.0	58.075732421875
2792.0	58.016012573242186
2793.0	58.23670654296875
2794.0	58.059417724609375
2795.0	57.85249633789063
2796.0	58.183450317382814
2797.0	57.94439697265625
2798.0	58.013363647460935
2799.0	57.996734619140625
2800.0	58.00791625976562
2801.0	57.91492919921875
2802.0	58.00185852050781
2803.0	57.91356506347656
2804.0	57.92920837402344
2805.0	57.98134155273438
2806.0	58.02077941894531
2807.0	57.926309204101564
2808.0	57.890631103515624
2809.0	57.945751953125
2810.0	57.9017822265625
2811.0	58.02176208496094
2812.0	57.8585205078125
2813.0	57.905029296875
2814.0	57.8587158203125
2815.0	58.13573303222656
2816.0	57.95942687988281
2817.0	58.01748352050781
2818.0	58.074343872070315
2819.0	58.044515991210936
2820.0	58.0694091796875
2821.0	58.106179809570314
2822.0	58.10328674316406
2823.0	57.966461181640625
2824.0	57.692630004882815
2825.0	57.694088745117185
2826.0	57.69777221679688
2827.0	57.659149169921875
2828.0	57.707427978515625
2829.0	57.971231079101564
2830.0	58.00496826171875
2831.0	58.09664611816406
2832.0	58.314187622070314
2833.0	58.251199340820314
2834.0	58.18027954101562
2835.0	58.306539916992186
2836.0	58.151004028320315
2837.0	58.327230834960936
2838.0	58.20411682128906
2839.0	58.37343139648438
2840.0	58.357598876953126
2841.0	58.2821044921875
2842.0	58.36732482910156
2843.0	58.3222900390625
2844.0	58.38364868164062
2845.0	58.391693115234375
2846.0	58.39982604980469
2847.0	58.56041564941406
2848.0	58.565713500976564
2849.0	58.67325439453125
2850.0	58.61880187988281
2851.0	58.675299072265624
2852.0	58.62845458984375
2853.0	58.66463012695313
2854.0	58.67279052734375
2855.0	58.740213012695314
2856.0	58.69591369628906
2857.0	58.816525268554685
2858.0	58.62240905761719
2859.0	58.750161743164064
2860.0	58.71280212402344
2861.0	58.84212646484375
2862.0	58.674417114257814
2863.0	58.7869873046875
2864.0	58.620297241210935
2865.0	58.78407592773438
2866.0	58.7147705078125
2867.0	58.72781982421875
2868.0	58.75560302734375
2869.0	58.752618408203126
2870.0	58.554296875
2871.0	58.83601379394531
2872.0	58.73561096191406
2873.0	58.68932189941406
2874.0	58.64347839355469
2875.0	58.600930786132814
2876.0	58.64242858886719
2877.0	58.604583740234375
2878.0	58.63289184570313
2879.0	58.575164794921875
2880.0	58.615899658203126
2881.0	58.59505615234375
2882.0	58.533197021484376
2883.0	58.504583740234374
2884.0	58.43632507324219
2885.0	58.57267456054687
2886.0	58.44898986816406
2887.0	58.506430053710936
2888.0	58.55313720703125
2889.0	58.568719482421876
2890.0	58.47475891113281
2891.0	58.55624084472656
2892.0	58.492245483398435
2893.0	58.442572021484374
2894.0	58.53211975097656
2895.0	58.537774658203126
2896.0	58.470663452148436
2897.0	58.51426391601562
2898.0	58.547125244140624
2899.0	58.47706604003906
2900.0	58.59211120605469
2901.0	58.40116577148437
2902.0	58.532711791992185
2903.0	58.55234375
2904.0	58.578338623046875
2905.0	58.593118286132814
2906.0	58.53855590820312
2907.0	58.45542907714844
2908.0	58.59091796875
2909.0	58.58619995117188
2910.0	58.490838623046876
2911.0	58.560568237304686
2912.0	58.57292785644531
2913.0	58.58848571777344
2914.0	58.59862060546875
2915.0	58.54474792480469
2916.0	58.57710266113281
2917.0	58.653472900390625
2918.0	58.6757568359375
2919.0	58.55632019042969
2920.0	58.498129272460936
2921.0	58.6974609375
2922.0	58.57090454101562
2923.0	58.532354736328124
2924.0	58.52212219238281
2925.0	58.61342163085938
2926.0	58.59932250976563
2927.0	58.5596923828125
2928.0	58.50693359375
2929.0	58.62431030273437
2930.0	58.55517578125
2931.0	58.557376098632815
2932.0	58.69153747558594
2933.0	58.56364135742187
2934.0	58.563409423828126
2935.0	58.533834838867186
2936.0	58.567684936523435
2937.0	58.639776611328124
2938.0	58.58666076660156
2939.0	58.56683349609375
2940.0	58.56134948730469
2941.0	58.608697509765626
2942.0	58.57925109863281
2943.0	58.659201049804686
2944.0	58.71235656738281
2945.0	58.55653686523438
2946.0	58.69227600097656
2947.0	58.667962646484376
2948.0	58.70902099609375
2949.0	58.60252075195312
2950.0	58.741091918945315
2951.0	58.57908935546875
2952.0	58.71575012207031
2953.0	58.81429748535156
2954.0	58.604550170898435
2955.0	58.64015197753906
2956.0	58.628683471679686
2957.0	58.72195129394531
2958.0	58.65393981933594
2959.0	58.51827697753906
2960.0	58.453738403320315
2961.0	58.51089782714844
2962.0	58.64574279785156
2963.0	58.62721252441406
2964.0	58.567657470703125
2965.0	58.65013732910156
2966.0	58.726934814453124
2967.0	58.71336975097656
2968.0	58.692657470703125
2969.0	58.685638427734375
2970.0	58.73638916015625
2971.0	58.633297729492185
2972.0	58.814324951171876
2973.0	58.731808471679685
2974.0	58.635354614257814
2975.0	58.725198364257814
2976.0	58.789285278320314
2977.0	58.667599487304685
2978.0	58.57569885253906
2979.0	58.741598510742186
2980.0	58.67566833496094
2981.0	58.771923828125
2982.0	58.670135498046875
2983.0	58.73489990234375
2984.0	58.850320434570314
2985.0	58.734927368164065
2986.0	58.69779968261719
2987.0	58.714202880859375
2988.0	58.64265441894531
2989.0	58.660946655273435
2990.0	58.7243408203125
2991.0	58.699771118164065
2992.0	58.655880737304685
2993.0	58.78574829101562
2994.0	58.74275207519531
2995.0	58.717245483398436
2996.0	58.68680419921875
2997.0	58.67143859863281
2998.0	58.65776062011719
2999.0	58.721380615234374
3000.0	58.764312744140625
3001.0	58.719076538085936
3002.0	58.73197021484375
3003.0	58.68260498046875
3004.0	58.697607421875
3005.0	58.80575866699219
3006.0	58.75474548339844
3007.0	58.825094604492186
3008.0	58.77047119140625
3009.0	58.716790771484376
3010.0	58.921234130859375
3011.0	58.7236328125
3012.0	58.72447204589844
3013.0	58.716921997070315
3014.0	58.87808532714844
3015.0	58.90791320800781
3016.0	58.897491455078125
3017.0	58.90986328125
3018.0	58.850469970703124
3019.0	58.887213134765624
3020.0	58.888674926757815
3021.0	58.81766357421875
3022.0	58.85101318359375
3023.0	58.80283203125
3024.0	58.76255493164062
3025.0	58.92756652832031
3026.0	58.89430541992188
3027.0	59.034786987304685
3028.0	58.8153076171875
3029.0	58.95187683105469
3030.0	58.91932067871094
3031.0	58.9712646484375
3032.0	59.027322387695314
3033.0	58.978109741210936
3034.0	59.06584167480469
3035.0	58.8789794921875
3036.0	58.90009765625
3037.0	58.97479248046875
3038.0	58.9472900390625
3039.0	59.0218994140625
3040.0	58.996636962890626
3041.0	59.03266296386719
3042.0	59.10965270996094
3043.0	59.05809631347656
3044.0	59.05701904296875
3045.0	58.94049072265625
3046.0	59.105953979492185
3047.0	58.920046997070315
3048.0	59.04341430664063
3049.0	59.16033020019531
3050.0	59.032717895507815
3051.0	59.06216735839844
3052.0	59.0453369140625
3053.0	59.01413269042969
3054.0	59.043966674804686
3055.0	58.952700805664065
3056.0	59.073220825195314
3057.0	58.98916320800781
3058.0	58.8861083984375
3059.0	59.02339477539063
3060.0	59.075982666015626
3061.0	58.94047546386719
3062.0	59.07351989746094
3063.0	59.01483154296875
3064.0	59.02102355957031
3065.0	58.971414184570314
3066.0	58.871987915039064
3067.0	59.094259643554686
3068.0	59.089968872070315
3069.0	59.04897766113281
3070.0	59.05697326660156
3071.0	58.99836120605469
3072.0	59.03782958984375
3073.0	58.94971923828125
3074.0	58.99471435546875
3075.0	58.96513061523437
3076.0	58.98640747070313
3077.0	59.1712646484375
3078.0	58.87867736816406
3079.0	58.936441040039064
3080.0	58.977532958984376
3081.0	59.027783203125
3082.0	58.85638427734375
3083.0	59.027862548828125
3084.0	58.92911071777344
3085.0	59.024234008789065
3086.0	58.95692443847656
3087.0	59.075689697265624
3088.0	58.950079345703124
3089.0	58.977969360351565
3090.0	58.94396057128906
3091.0	59.037802124023436
3092.0	58.77799682617187
3093.0	58.952215576171874
3094.0	58.989471435546875
3095.0	58.949468994140624
3096.0	59.016213989257814
3097.0	58.99407958984375
3098.0	59.051083374023435
3099.0	58.94135437011719
3100.0	58.954400634765626
3101.0	59.118038940429685
3102.0	58.92356567382812
3103.0	58.97386169433594
3104.0	58.96302490234375
3105.0	59.07577209472656
3106.0	58.94792785644531
3107.0	59.00899047851563
3108.0	59.091793823242185
3109.0	58.9855224609375
3110.0	58.888571166992186
3111.0	59.03634033203125
3112.0	59.01234741210938
3113.0	58.975738525390625
3114.0	58.97034606933594
3115.0	59.09016723632813
3116.0	58.89852294921875
3117.0	59.04202880859375
3118.0	59.00828247070312
3119.0	59.00416564941406
3120.0	58.97086791992187
3121.0	59.04830322265625
3122.0	58.94504089355469
3123.0	58.991998291015626
3124.0	59.01307983398438
3125.0	58.9608642578125
3126.0	58.90043640136719
3127.0	58.96232604980469
3128.0	58.98652038574219
3129.0	59.02024841308594
3130.0	59.09773559570313
3131.0	59.0451904296875
3132.0	59.05238342285156
3133.0	59.037472534179685
3134.0	59.000021362304686
3135.0	59.08389892578125
3136.0	59.02971496582031
3137.0	59.03467712402344
3138.0	59.009909057617186
3139.0	58.9743896484375
3140.0	59.022116088867186
3141.0	59.04945068359375
3142.0	59.001898193359374
3143.0	59.09027099609375
3144.0	58.94035034179687
3145.0	59.04219970703125
3146.0	59.15266723632813
3147.0	59.10968017578125
3148.0	59.09165649414062
3149.0	59.09730224609375
3150.0	59.02018432617187
3151.0	59.051779174804686
3152.0	59.02139587402344
3153.0	59.004937744140626
3154.0	58.9886474609375
3155.0	58.98726806640625
3156.0	59.02344970703125
3157.0	59.100424194335936
3158.0	58.95414733886719
3159.0	58.964471435546876
3160.0	59.063052368164065
3161.0	59.107034301757814
3162.0	59.069921875
3163.0	58.96216735839844
3164.0	59.179360961914064
3165.0	59.04704895019531
3166.0	59.026083374023436
3167.0	58.987588500976564
3168.0	59.100714111328124
3169.0	58.996438598632814
3170.0	59.03685607910156
3171.0	59.09173583984375
3172.0	59.160580444335935
3173.0	59.063961791992185
3174.0	59.05411987304687
3175.0	59.0755859375
3176.0	59.18832092285156
3177.0	59.00645751953125
3178.0	59.02651672363281
3179.0	58.966372680664065
3180.0	59.07698974609375
3181.0	59.04659729003906
3182.0	58.9504638671875
3183.0	59.07874450683594
3184.0	59.101766967773436
3185.0	59.03257751464844
3186.0	59.116827392578124
3187.0	59.10139770507813
3188.0	59.0794189453125
3189.0	59.02786865234375
3190.0	59.01154479980469
3191.0	59.0103759765625
3192.0	59.02647705078125
3193.0	59.076995849609375
3194.0	59.135006713867185
3195.0	59.06141967773438
3196.0	59.08134460449219
3197.0	59.05006103515625
3198.0	58.969580078125
3199.0	59.04033203125
3200.0	59.08114318847656
3201.0	58.997189331054685
3202.0	59.070074462890624
3203.0	59.07364196777344
3204.0	59.01453857421875
3205.0	58.993841552734374
3206.0	59.12685546875
3207.0	59.055703735351564
3208.0	59.04026794433594
3209.0	59.09219970703125
3210.0	59.04364013671875
3211.0	59.05057983398437
3212.0	59.11819763183594
3213.0	58.9589599609375
3214.0	59.08927917480469
3215.0	59.14237060546875
3216.0	59.05172119140625
3217.0	59.12076110839844
3218.0	59.12221984863281
3219.0	59.09577331542969
3220.0	59.01993103027344
3221.0	59.064447021484376
3222.0	59.0357177734375
3223.0	59.008367919921874
3224.0	58.9930419921875
3225.0	58.963619995117185
3226.0	58.97880249023437
3227.0	59.00545654296875
3228.0	59.038787841796875
3229.0	59.0899169921875
3230.0	59.007241821289064
3231.0	58.95360412597656
3232.0	59.01838989257813
3233.0	59.02566833496094
3234.0	58.917782592773435
3235.0	59.13829345703125
3236.0	58.99496765136719
3237.0	59.052304077148435
3238.0	59.01587829589844
3239.0	58.90469055175781
3240.0	59.016595458984376
3241.0	58.9697509765625
3242.0	59.011959838867185
3243.0	58.96143493652344
3244.0	58.961474609375
3245.0	58.90318298339844
3246.0	58.94032287597656
3247.0	58.771368408203124
3248.0	58.948483276367185
3249.0	58.913031005859374
3250.0	58.87294006347656
3251.0	59.0228759765625
3252.0	58.798153686523435
3253.0	59.116879272460935
3254.0	59.00375671386719
3255.0	58.99620361328125
3256.0	58.96070251464844
3257.0	58.81559448242187
3258.0	59.04214782714844
3259.0	59.08094482421875
3260.0	58.97340698242188
3261.0	58.97066955566406
3262.0	58.988137817382814
3263.0	58.95857543945313
3264.0	58.999227905273436
3265.0	58.975836181640624
3266.0	58.90941467285156
3267.0	58.848001098632814
3268.0	58.84029846191406
3269.0	58.91024475097656
3270.0	58.802032470703125
3271.0	58.99772338867187
3272.0	58.83248596191406
3273.0	58.88703308105469
3274.0	58.82760009765625
3275.0	58.954925537109375
3276.0	58.92987060546875
3277.0	58.934268188476565
3278.0	58.89847412109375
3279.0	58.916229248046875
3280.0	58.89893798828125
3281.0	58.942770385742186
3282.0	58.80420837402344
3283.0	58.9551513671875
3284.0	58.856103515625
3285.0	58.84341735839844
3286.0	58.96778869628906
3287.0	58.871734619140625
3288.0	58.88711853027344
3289.0	59.04909973144531
3290.0	58.82933654785156
3291.0	58.83235168457031
3292.0	58.863827514648435
3293.0	58.90686950683594
3294.0	58.73562316894531
3295.0	58.887088012695315
3296.0	58.83877258300781
3297.0	58.74563903808594
3298.0	58.87698669433594
3299.0	58.818597412109376
3300.0	58.82789916992188
3301.0	58.829287719726565
3302.0	58.83293151855469
3303.0	58.75714111328125
3304.0	58.823977661132815
3305.0	58.855020141601564
3306.0	58.747607421875
3307.0	58.84852294921875
3308.0	58.99251098632813
3309.0	58.949395751953126
3310.0	58.744998168945315
3311.0	58.77102966308594
3312.0	58.727377319335936
3313.0	58.79541015625
3314.0	58.91929931640625
3315.0	58.79225158691406
3316.0	58.87185363769531
3317.0	58.8959716796875
3318.0	58.791510009765624
3319.0	58.83011474609375
3320.0	58.87126159667969
3321.0	58.74497680664062
3322.0	58.815451049804686
3323.0	58.71260375976563
3324.0	58.753228759765626
3325.0	58.68436889648437
3326.0	58.70227966308594
3327.0	58.77736206054688
3328.0	58.689578247070315
3329.0	58.77454528808594
3330.0	58.747100830078125
3331.0	58.69437255859375
3332.0	58.73583984375
3333.0	58.73778076171875
3334.0	58.72315673828125
3335.0	58.682708740234375
3336.0	58.69992370605469
3337.0	58.76579284667969
3338.0	58.7447998046875
3339.0	58.849969482421876
3340.0	58.78459167480469
3341.0	58.70472412109375
3342.0	58.8166748046875
3343.0	58.828253173828124
3344.0	58.67365417480469
3345.0	58.77879333496094
3346.0	58.779046630859376
3347.0	58.77167663574219
3348.0	58.80497741699219
3349.0	58.699826049804685
3350.0	58.66575927734375
3351.0	58.68228454589844
3352.0	58.734619140625
3353.0	58.861569213867185
3354.0	58.654913330078124
3355.0	58.827032470703124
3356.0	58.84088134765625
3357.0	58.77944641113281
3358.0	58.72588195800781
3359.0	58.784017944335936
3360.0	58.72434692382812
3361.0	58.812567138671874
3362.0	58.725259399414064
3363.0	58.709344482421876
3364.0	58.73989562988281
3365.0	58.715945434570315
3366.0	58.71934204101562
3367.0	58.76698608398438
3368.0	58.82182922363281
3369.0	58.710348510742186
3370.0	58.8288818359375
3371.0	58.86178283691406
3372.0	58.756927490234375
3373.0	58.810159301757814
3374.0	58.75788269042969
3375.0	58.888421630859376
3376.0	58.79066467285156
3377.0	58.796322631835935
3378.0	58.886129760742186
3379.0	58.806329345703126
3380.0	58.7715576171875
3381.0	58.76414489746094
3382.0	58.836325073242186
3383.0	58.782135009765625
3384.0	58.79511413574219
3385.0	58.836648559570314
3386.0	58.804849243164064
3387.0	58.849710083007814
3388.0	58.72403564453125
3389.0	58.86607971191406
3390.0	58.81043395996094
3391.0	58.78701171875
3392.0	58.824371337890625
3393.0	58.987240600585935
3394.0	58.86646423339844
3395.0	58.77977294921875
3396.0	58.916162109375
3397.0	58.78837280273437
3398.0	59.021786499023435
3399.0	58.81786193847656
3400.0	58.80413818359375
3401.0	58.868099975585935
3402.0	58.813995361328125
3403.0	58.84028625488281
3404.0	58.845306396484375
3405.0	58.75916442871094
3406.0	58.833493041992185
3407.0	58.85062255859375
3408.0	58.832147216796876
3409.0	58.8497802734375
3410.0	58.75596313476562
3411.0	58.921835327148436
3412.0	58.81155700683594
3413.0	58.857095336914064
3414.0	58.79835510253906
3415.0	58.94010925292969
3416.0	58.880776977539064
3417.0	58.87117309570313
3418.0	58.783270263671874
3419.0	58.902398681640626
3420.0	58.8206298828125
3421.0	58.84457702636719
3422.0	58.91523742675781
3423.0	58.941644287109376
3424.0	58.92373962402344
3425.0	58.931585693359374
3426.0	58.908084106445315
3427.0	58.908416748046875
3428.0	58.92485046386719
3429.0	59.017303466796875
3430.0	58.91746826171875
3431.0	58.87904357910156
3432.0	58.86231384277344
3433.0	58.956329345703125
3434.0	58.87944641113281
3435.0	58.879574584960935
3436.0	58.955319213867185
3437.0	58.991268920898435
3438.0	58.906103515625
3439.0	58.88631591796875
3440.0	58.935507202148436
3441.0	59.00643310546875
3442.0	58.937173461914064
3443.0	58.92257385253906
3444.0	58.90052185058594
3445.0	58.82640686035156
3446.0	58.851019287109374
3447.0	58.90343017578125
3448.0	59.04207153320313
3449.0	58.83486633300781
3450.0	58.89088439941406
3451.0	58.81679992675781
3452.0	58.88715515136719
3453.0	58.876220703125
3454.0	58.858001708984375
3455.0	58.77865295410156
3456.0	58.861419677734375
3457.0	58.83913879394531
3458.0	58.96300354003906
3459.0	58.85098876953125
3460.0	58.80361633300781
3461.0	58.800619506835936
3462.0	58.80342102050781
3463.0	58.97508850097656
3464.0	59.0520751953125
3465.0	58.873870849609375
3466.0	58.91622619628906
3467.0	58.87477111816406
3468.0	58.90572509765625
3469.0	58.85982971191406
3470.0	58.797845458984376
3471.0	58.89503784179688
3472.0	58.921014404296876
3473.0	58.83698425292969
3474.0	58.784732055664065
3475.0	58.856015014648435
3476.0	58.92231750488281
3477.0	58.930624389648436
3478.0	58.97834777832031
3479.0	58.86446533203125
3480.0	58.91183776855469
3481.0	58.94845886230469
3482.0	58.89615173339844
3483.0	58.84666137695312
3484.0	58.89835205078125
3485.0	58.84708862304687
3486.0	58.97773742675781
3487.0	58.8862548828125
3488.0	58.88524475097656
3489.0	58.8357421875
3490.0	58.86019592285156
3491.0	58.79072265625
3492.0	58.84932250976563
3493.0	58.86099853515625
3494.0	58.9943115234375
3495.0	58.88211669921875
3496.0	58.92512817382813
3497.0	58.87513122558594
3498.0	58.840692138671876
3499.0	58.91096496582031
3500.0	58.778359985351564
3501.0	58.788815307617185
3502.0	58.976193237304685
3503.0	58.82870788574219
3504.0	58.96610107421875
3505.0	58.84947204589844
3506.0	58.818109130859376
3507.0	58.88331298828125
3508.0	58.847311401367186
3509.0	58.920816040039064
3510.0	58.83804626464844
3511.0	58.75181884765625
3512.0	58.910546875
3513.0	58.765838623046875
3514.0	58.87380676269531
3515.0	58.86936950683594
3516.0	58.914633178710936
3517.0	58.91124572753906
3518.0	58.90732116699219
3519.0	58.99905700683594
3520.0	58.808840942382815
3521.0	58.919464111328125
3522.0	58.95024719238281
3523.0	58.96825256347656
3524.0	58.866921997070314
3525.0	59.042999267578125
3526.0	58.874298095703125
3527.0	58.986654663085936
3528.0	59.02534484863281
3529.0	58.83147277832031
3530.0	59.016415405273435
3531.0	58.984762573242186
3532.0	58.90304260253906
3533.0	58.8789794921875
3534.0	58.95030212402344
3535.0	58.920108032226565
3536.0	58.877706909179686
3537.0	58.83353881835937
3538.0	58.8773193359375
3539.0	58.85408935546875
3540.0	58.81770629882813
3541.0	58.897683715820314
3542.0	58.74928588867188
3543.0	58.881884765625
3544.0	58.91860656738281
3545.0	59.00047912597656
3546.0	58.8617919921875
3547.0	58.94652099609375
3548.0	58.949005126953125
3549.0	58.980517578125
3550.0	58.946441650390625
3551.0	58.98916320800781
3552.0	59.02488708496094
3553.0	59.07809753417969
3554.0	58.97012939453125
3555.0	58.97132873535156
3556.0	58.98837585449219
3557.0	58.937557983398435
3558.0	58.871847534179686
3559.0	58.98230895996094
3560.0	58.982485961914065
3561.0	58.86876525878906
3562.0	58.83817749023437
3563.0	58.90281677246094
3564.0	58.90107116699219
3565.0	58.896243286132815
3566.0	58.909671020507815
3567.0	58.91999816894531
3568.0	59.03355102539062
3569.0	58.92866516113281
3570.0	58.99396667480469
3571.0	58.864080810546874
3572.0	58.960873413085935
3573.0	58.981015014648435
3574.0	58.88468627929687
3575.0	58.9626708984375
3576.0	58.98458251953125
3577.0	58.88605651855469
3578.0	58.996273803710935
3579.0	59.002664184570314
3580.0	58.948019409179686
3581.0	58.902520751953126
3582.0	58.79078979492188
3583.0	58.919717407226564
3584.0	58.960906982421875
3585.0	59.012139892578126
3586.0	58.937460327148436
3587.0	58.81741027832031
3588.0	58.92012329101563
3589.0	58.941522216796876
3590.0	58.96365661621094
3591.0	58.99095153808594
3592.0	58.84436950683594
3593.0	59.06041259765625
3594.0	58.94202575683594
3595.0	58.94771728515625
3596.0	58.97678833007812
3597.0	58.88326416015625
3598.0	58.94459228515625
3599.0	59.085760498046874
3600.0	58.96874084472656