0.000000	32.349959
1.000000	32.487047
6.000000	32.558137
7.000000	32.729574
8.000000	32.934273
9.000000	32.864713
10.000000	32.952622
11.000000	32.939606
12.000000	33.253766
13.000000	33.268462
14.000000	33.151917
15.000000	33.067562
16.000000	33.106661
17.000000	33.125218
18.000000	32.990530
19.000000	33.138553
20.000000	33.073495
21.000000	32.892149
22.000000	32.633866
23.000000	32.943052
28.000000	32.726802
29.000000	32.958398
30.000000	33.029344
31.000000	33.037313
32.000000	33.141776
33.000000	33.193255
34.000000	33.060992
35.000000	33.154594
36.000000	32.788898
37.000000	32.986571
38.000000	33.118979
39.000000	33.157760
40.000000	33.212627
41.000000	32.838651
42.000000	32.937893
43.000000	33.087654
44.000000	32.988341
45.000000	32.898156
46.000000	32.930727
47.000000	32.915186
48.000000	32.871606
49.000000	32.823413
50.000000	32.984444
51.000000	33.064099
52.000000	32.942734
53.000000	32.855292
54.000000	32.880895
55.000000	33.108949
56.000000	32.922286
57.000000	33.016274
58.000000	33.004234
59.000000	32.894586
60.000000	32.903535
61.000000	32.958374
62.000000	32.825105
63.000000	32.880469
64.000000	32.932444
65.000000	32.924372
66.000000	32.855544
67.000000	32.893705
68.000000	33.014370
69.000000	32.958957
70.000000	32.865032
71.000000	32.869401
72.000000	32.972640
73.000000	33.013100
74.000000	33.071675
75.000000	32.931087
76.000000	32.835589
77.000000	33.113683
78.000000	32.991213
79.000000	33.007899
80.000000	32.952060
81.000000	33.022757
82.000000	32.950558
83.000000	32.931281
84.000000	32.852251
85.000000	32.953438
86.000000	32.957989
87.000000	32.887552
88.000000	32.956061
89.000000	32.933300
90.000000	33.104601
91.000000	33.077426
92.000000	32.941728
93.000000	32.932928
94.000000	32.839123
95.000000	32.965089
96.000000	32.732607
97.000000	32.769633
98.000000	32.978933
99.000000	33.003274
100.000000	32.782158
101.000000	33.025898
102.000000	32.851634
103.000000	33.008119
104.000000	32.705163
105.000000	32.948452
106.000000	32.886547
107.000000	32.828717
108.000000	32.955784
109.000000	32.850927
110.000000	32.734775
111.000000	32.963471
112.000000	32.832453
113.000000	32.913598
114.000000	32.763096
115.000000	32.792100
116.000000	32.865760
117.000000	32.826532
118.000000	32.708415
119.000000	32.839234
120.000000	32.804024
121.000000	32.784508
122.000000	32.770142
123.000000	32.760167
124.000000	32.561017
125.000000	32.646874
126.000000	32.792332
127.000000	32.629869
128.000000	32.849537
129.000000	32.567484
130.000000	32.671471
131.000000	32.657594
132.000000	32.599864
133.000000	32.764668
134.000000	32.825204
135.000000	32.696305
136.000000	32.827492
137.000000	32.754457
138.000000	32.620295
139.000000	32.678902
140.000000	32.530685
141.000000	32.624718
142.000000	32.799262
143.000000	32.610940
144.000000	32.472958
145.000000	32.579309
146.000000	32.604423
147.000000	32.736533
148.000000	32.584667
149.000000	32.671298
150.000000	32.610087
151.000000	32.781760
152.000000	32.534231
153.000000	32.603058
154.000000	32.776100
155.000000	32.691381
156.000000	32.670962
157.000000	32.560690
158.000000	32.604539
159.000000	32.673288
160.000000	32.559258
161.000000	32.547831
162.000000	32.736318
163.000000	32.789167
164.000000	32.634602
165.000000	32.549887
166.000000	32.521818
167.000000	32.523378
168.000000	32.579900
169.000000	32.605089
170.000000	32.652211
171.000000	32.656556
172.000000	32.673015
173.000000	32.507155
174.000000	32.399692
175.000000	32.687612
176.000000	32.464162
177.000000	32.518827
178.000000	32.572817
179.000000	32.611089
180.000000	32.394925
181.000000	32.423639
182.000000	32.479136
183.000000	32.484088
184.000000	32.477977
185.000000	32.482520
186.000000	32.696429
187.000000	32.521024
188.000000	32.501027
189.000000	32.645277
190.000000	32.456189
191.000000	32.641069
192.000000	32.500638
193.000000	32.351155
194.000000	32.365330
195.000000	32.520221
196.000000	32.543072
197.000000	32.488201
198.000000	32.531748
199.000000	32.542100
200.000000	32.455167
201.000000	32.515839
202.000000	32.363931
203.000000	32.558973
204.000000	32.571799
205.000000	32.589756
206.000000	32.393572
207.000000	32.452519
208.000000	32.563942
209.000000	32.413039
210.000000	32.538902
211.000000	32.551563
212.000000	32.427169
213.000000	32.445096
214.000000	32.641669
215.000000	32.504834
216.000000	32.586024
217.000000	32.582999
218.000000	32.588796
219.000000	32.521028
220.000000	32.279994
221.000000	32.370510
222.000000	32.437306
223.000000	32.558634
224.000000	32.575200
225.000000	32.557318
226.000000	32.478379
227.000000	32.536415
228.000000	32.609496
229.000000	32.552258
230.000000	32.576007
231.000000	32.616372
232.000000	32.545596
233.000000	32.520341
234.000000	32.412853
235.000000	32.585229
236.000000	32.619086
237.000000	32.564248
238.000000	32.453777
239.000000	32.362615
240.000000	32.321096
241.000000	32.358656
242.000000	32.484531
243.000000	32.555510
244.000000	32.670015
245.000000	32.531177
246.000000	32.553706
247.000000	32.538765
248.000000	32.480377
249.000000	32.610108
250.000000	32.541728
251.000000	32.569573
252.000000	32.459023
253.000000	32.512649
254.000000	32.488205
255.000000	32.611192
256.000000	32.544127
257.000000	32.579648
258.000000	32.361726
259.000000	32.482036
260.000000	32.246811
261.000000	32.228304
262.000000	32.295067
263.000000	32.472561
264.000000	32.458676
265.000000	32.360121
266.000000	32.474469
267.000000	32.410677
268.000000	32.269336
269.000000	32.325390
270.000000	32.512678
271.000000	32.513373
272.000000	32.529431
273.000000	32.376567
274.000000	32.507341
275.000000	32.432883
276.000000	32.432291
277.000000	32.427951
278.000000	32.252413
279.000000	32.389067
280.000000	32.276957
281.000000	32.255078
282.000000	32.378992
283.000000	32.653122
284.000000	32.498992
285.000000	32.288889
286.000000	32.429324
287.000000	32.371482
288.000000	32.329743
289.000000	32.227166
290.000000	32.271872
291.000000	32.370204
292.000000	32.171877
293.000000	32.223761
294.000000	32.274979
295.000000	32.517726
296.000000	32.385881
297.000000	32.324120
298.000000	32.167822
299.000000	32.251251
300.000000	32.333686
301.000000	32.079867
302.000000	32.325122
303.000000	32.321758
304.000000	32.420284
305.000000	32.288120
306.000000	32.306904
307.000000	32.435601
308.000000	32.375512
309.000000	32.381971
310.000000	32.282083
311.000000	32.309056
312.000000	32.244999
313.000000	32.392095
314.000000	32.268446
315.000000	32.196905
316.000000	32.256009
317.000000	32.234990
318.000000	32.094555
319.000000	32.233079
320.000000	32.141582
321.000000	32.125624
322.000000	32.285728
323.000000	32.454724
324.000000	32.190351
325.000000	32.238660
326.000000	32.367870
327.000000	32.269389
328.000000	32.378880
329.000000	32.345333
330.000000	32.351477
331.000000	32.206524
332.000000	32.271574
333.000000	32.287450
334.000000	32.381594
335.000000	32.365545
336.000000	32.212300
337.000000	32.367589
338.000000	32.196826
339.000000	32.239128
340.000000	32.290768
341.000000	32.222450
342.000000	32.282981
343.000000	32.193193
344.000000	32.373063
345.000000	32.291136
346.000000	32.285910
347.000000	32.130738
348.000000	32.311600
349.000000	32.265231
350.000000	32.212466
351.000000	32.265000
352.000000	32.275269
353.000000	32.200359
354.000000	32.301579
355.000000	32.328763
356.000000	32.422994
357.000000	32.156539
358.000000	32.155732
359.000000	32.202585
360.000000	32.186544
361.000000	32.171753
362.000000	32.175121
363.000000	32.290491
364.000000	32.206917
365.000000	32.260415
366.000000	32.359951
367.000000	32.230476
368.000000	32.280602
369.000000	32.315936
370.000000	32.212602
371.000000	32.178708
372.000000	32.276969
373.000000	32.125214
374.000000	32.346876
375.000000	32.329859
376.000000	32.252744
377.000000	32.224568
378.000000	32.401082
379.000000	32.082441
380.000000	32.100877
381.000000	32.247783
382.000000	32.282063
383.000000	32.133344
384.000000	32.258297
385.000000	32.166920
386.000000	32.451493
387.000000	32.103120
388.000000	32.166486
389.000000	32.199197
390.000000	32.287896
391.000000	32.372037
392.000000	32.277143
393.000000	32.354390
394.000000	32.194124
395.000000	32.339719
396.000000	32.068766
397.000000	32.217162
398.000000	32.208485
399.000000	32.083492
400.000000	32.082176
401.000000	32.134308
402.000000	32.029555
403.000000	32.239550
404.000000	32.159477
405.000000	32.272257
406.000000	32.050061
407.000000	32.211576
408.000000	32.069437
409.000000	32.236000
410.000000	32.163039
411.000000	31.954551
412.000000	32.187306
413.000000	31.956011
414.000000	32.154342
415.000000	32.101117
416.000000	31.942130
417.000000	31.987796
418.000000	32.066288
419.000000	32.022977
420.000000	32.133733
421.000000	32.146175
422.000000	32.340083
423.000000	32.260258
424.000000	32.298273
425.000000	32.241552
426.000000	32.324240
427.000000	32.204795
428.000000	32.196938
429.000000	32.398057
430.000000	32.245065
431.000000	32.164003
432.000000	32.280809
433.000000	32.294926
434.000000	32.199975
435.000000	32.207050
436.000000	32.123783
437.000000	32.224138
438.000000	31.917239
439.000000	32.187868
440.000000	31.979351
441.000000	32.139000
442.000000	32.403498
443.000000	32.118553
444.000000	32.288087
445.000000	32.123092
446.000000	32.156341
447.000000	32.157156
448.000000	32.173627
449.000000	32.124217
450.000000	32.357448
451.000000	32.148856
452.000000	32.221721
453.000000	32.020399
454.000000	32.078229
455.000000	32.080740
456.000000	32.143920
457.000000	32.256071
458.000000	31.986016
459.000000	32.128082
460.000000	32.087493
461.000000	32.230365
462.000000	32.242558
463.000000	32.285720
464.000000	32.186337
465.000000	32.153308
466.000000	32.170230
467.000000	32.126882
468.000000	32.194658
469.000000	32.329213
470.000000	32.246509
471.000000	32.255281
472.000000	32.191952
473.000000	32.168182
474.000000	32.106025
475.000000	32.236049
476.000000	32.114473
477.000000	32.146353
478.000000	32.343633
479.000000	32.182258
480.000000	32.180363
481.000000	32.224059
482.000000	32.406895
483.000000	32.289812
484.000000	32.267308
485.000000	32.314769
486.000000	32.257159
487.000000	32.291211
488.000000	32.364225
489.000000	32.212851
490.000000	32.250791
491.000000	32.328676
492.000000	32.300466
493.000000	32.138893
494.000000	32.246348
495.000000	32.096430
496.000000	32.195680
497.000000	32.169833
498.000000	32.149630
499.000000	32.228321
500.000000	32.299080
501.000000	32.255252
502.000000	32.329540
503.000000	32.226732
504.000000	32.228242
505.000000	32.303151
506.000000	32.234196
507.000000	32.251656
508.000000	32.213310
509.000000	32.261789
510.000000	32.337923
511.000000	32.187256
512.000000	32.206421
513.000000	32.305038
514.000000	32.130208
515.000000	32.243054
516.000000	32.132091
517.000000	32.075366
518.000000	31.921484
519.000000	32.243704
520.000000	32.104398
521.000000	32.132016
522.000000	32.341254
523.000000	32.211709
524.000000	32.276775
525.000000	32.148467
526.000000	32.282336
527.000000	32.192031
528.000000	32.110059
529.000000	32.177566
530.000000	32.199416
531.000000	32.234899
532.000000	32.253373
533.000000	32.109152
534.000000	32.011545
535.000000	32.107795
536.000000	31.971502
537.000000	31.991408
538.000000	32.107514
539.000000	32.162096
540.000000	32.135359
541.000000	32.124838
542.000000	32.013547
543.000000	32.151065
544.000000	32.119687
545.000000	32.129848
546.000000	32.022898
547.000000	32.090525
548.000000	32.082226
549.000000	32.073814
550.000000	32.119732
551.000000	32.066454
552.000000	32.139042
553.000000	31.908840
554.000000	32.012120
555.000000	31.938936
556.000000	32.157971
557.000000	31.924289
558.000000	31.818212
559.000000	32.047239
560.000000	31.875777
561.000000	31.958961
562.000000	31.895438
563.000000	32.006911
564.000000	31.790193
565.000000	32.093811
566.000000	32.011880
567.000000	32.129290
568.000000	31.989488
569.000000	31.951406
570.000000	32.128590
571.000000	31.940256
572.000000	31.981089
573.000000	31.994490
574.000000	31.959143
575.000000	31.847241
576.000000	32.042146
577.000000	31.960480
578.000000	32.110046
579.000000	32.008380
580.000000	31.873568
581.000000	31.917781
582.000000	32.080360
583.000000	31.985342
584.000000	31.965854
585.000000	31.995963
586.000000	31.989004
587.000000	32.037797
588.000000	32.039382
589.000000	32.019199
590.000000	31.994556
591.000000	31.972177
592.000000	31.846033
593.000000	31.943512
594.000000	31.807322
595.000000	32.001660
596.000000	31.984130
597.000000	31.956392
598.000000	31.859417
599.000000	32.001110
600.000000	31.949966
601.000000	31.941518
602.000000	31.975201
603.000000	31.934232
604.000000	31.841912
605.000000	31.884230
606.000000	32.027106
607.000000	31.813131
608.000000	31.851300
609.000000	31.941708
610.000000	31.955399
611.000000	31.941662
612.000000	31.896965
613.000000	32.002509
614.000000	31.903304
615.000000	31.989641
616.000000	31.719289
617.000000	31.856960
618.000000	31.933379
619.000000	31.966123
620.000000	31.939101
621.000000	31.923842
622.000000	31.933735
623.000000	31.860634
624.000000	32.091634
625.000000	31.766497
626.000000	31.964559
627.000000	31.993965
628.000000	31.928323
629.000000	31.797007
630.000000	32.039465
631.000000	31.756141
632.000000	31.991788
633.000000	31.968949
634.000000	31.754205
635.000000	31.978751
636.000000	32.121474
637.000000	31.993212
638.000000	32.011557
639.000000	31.970679
640.000000	31.882976
641.000000	31.968912
642.000000	31.972648
643.000000	31.906597
644.000000	31.938328
645.000000	32.004995
646.000000	31.850327
647.000000	31.822225
648.000000	31.835540
649.000000	31.761201
650.000000	31.933971
651.000000	31.923309
652.000000	31.669059
653.000000	31.798919
654.000000	31.915873
655.000000	31.768541
656.000000	31.827128
657.000000	31.848081
658.000000	32.014180
659.000000	31.804869
660.000000	31.682614
661.000000	31.916060
662.000000	31.992028
663.000000	32.031289
664.000000	31.781463
665.000000	31.862901
666.000000	31.841912
667.000000	31.809552
668.000000	31.917880
669.000000	31.841130
670.000000	31.791595
671.000000	31.888864
672.000000	31.909671
673.000000	31.757275
674.000000	32.005723
675.000000	31.731085
676.000000	31.860323
677.000000	31.865115
678.000000	31.846872
679.000000	31.953550
680.000000	31.912328
681.000000	31.961758
682.000000	31.755711
683.000000	31.970459
684.000000	32.003551
685.000000	31.929085
686.000000	31.699391
687.000000	31.970389
688.000000	31.903631
689.000000	31.721705
690.000000	32.055667
691.000000	31.843083
692.000000	31.944513
693.000000	31.752463
694.000000	31.891682
695.000000	31.912063
696.000000	31.919291
697.000000	31.902034
698.000000	31.908600
699.000000	31.898835
700.000000	31.956011
701.000000	31.968370
702.000000	31.827919
703.000000	31.793197
704.000000	31.824617
705.000000	31.938696
706.000000	32.048968
707.000000	31.886431
708.000000	31.943264
709.000000	31.747184
710.000000	32.015475
711.000000	31.882054
712.000000	31.739132
713.000000	32.062473
714.000000	31.753671
715.000000	31.808452
716.000000	31.868619
717.000000	31.988871
718.000000	31.886237
719.000000	31.916941
720.000000	31.928224
721.000000	31.908774
722.000000	31.965093
723.000000	31.897995
724.000000	32.150945
725.000000	31.836032
726.000000	32.159820
727.000000	32.002955
728.000000	31.885210
729.000000	31.811489
730.000000	31.957745
731.000000	31.939610
732.000000	31.901827
733.000000	31.926151
734.000000	31.932241
735.000000	31.917450
736.000000	31.827497
737.000000	31.867241
738.000000	31.889836
739.000000	31.991379
740.000000	32.117734
741.000000	31.917231
742.000000	31.915861
743.000000	31.764760
744.000000	31.817682
745.000000	31.915791
746.000000	32.077550
747.000000	32.051972
748.000000	31.966475
749.000000	32.025844
750.000000	31.989058
751.000000	32.019178
752.000000	32.066396
753.000000	32.049643
754.000000	31.979392
755.000000	31.977332
756.000000	31.975590
757.000000	31.997899
758.000000	32.007072
759.000000	31.904888
760.000000	31.776883
761.000000	31.970840
762.000000	32.044128
763.000000	31.964460
764.000000	31.968126
765.000000	32.029824
766.000000	31.968531
767.000000	31.994486
768.000000	31.878102
769.000000	32.116281
770.000000	32.096256
771.000000	31.878024
772.000000	31.992446
773.000000	32.001031
774.000000	32.188075
775.000000	32.079003
776.000000	32.059834
777.000000	31.984068
778.000000	31.940024
779.000000	32.120791
780.000000	32.135484
781.000000	31.914132
782.000000	31.928315
783.000000	32.008359
784.000000	31.893750
785.000000	32.009112
786.000000	32.087112
787.000000	31.976045
788.000000	32.009795
789.000000	31.896150
790.000000	31.979583
791.000000	32.062841
792.000000	31.901752
793.000000	32.067252
794.000000	32.050909
795.000000	32.048534
796.000000	32.006410
797.000000	32.052783
798.000000	32.238971
799.000000	32.071696
800.000000	31.977278
801.000000	32.111912
802.000000	32.057765
803.000000	32.034082
804.000000	32.089690
805.000000	32.033573
806.000000	32.068812
807.000000	32.129145
808.000000	31.997651
809.000000	32.096049
810.000000	32.101858
811.000000	32.030677
812.000000	31.974051
813.000000	32.009215
814.000000	32.221601
815.000000	31.901723
816.000000	32.076090
817.000000	32.004437
818.000000	32.170069
819.000000	32.134809
820.000000	31.980890
821.000000	31.856761
822.000000	32.086305
823.000000	32.239049
824.000000	32.078469
825.000000	32.050458
826.000000	32.149601
827.000000	32.189267
828.000000	32.068109
829.000000	32.124019
830.000000	32.042481
831.000000	32.283453
832.000000	32.069379
833.000000	32.199863
834.000000	31.972942
835.000000	32.054099
836.000000	31.816727
837.000000	32.026200
838.000000	32.015004
839.000000	32.031785
840.000000	32.092896
841.000000	32.119931
842.000000	32.097778
843.000000	32.056027
844.000000	32.073425
845.000000	32.108457
846.000000	31.926614
847.000000	32.118834
848.000000	32.027673
849.000000	32.024437
850.000000	32.262335
851.000000	31.957493
852.000000	32.008078
853.000000	32.104659
854.000000	32.156328
855.000000	32.176883
856.000000	31.896589
857.000000	32.133262
858.000000	32.137970
859.000000	32.128921
860.000000	32.005798
861.000000	32.012873
862.000000	32.097762
863.000000	32.023589
864.000000	32.012563
865.000000	32.151794
866.000000	31.965304
867.000000	32.037942
868.000000	32.036883
869.000000	31.974266
870.000000	32.110555
871.000000	32.143585
872.000000	32.022493
873.000000	32.135599
874.000000	32.205713
875.000000	32.102156
876.000000	31.782795
877.000000	32.053917
878.000000	31.895633
879.000000	32.061240
880.000000	32.219231
881.000000	31.932179
882.000000	32.044479
883.000000	32.149017
884.000000	32.029067
885.000000	32.149923
886.000000	31.909423
887.000000	32.131003
888.000000	32.027346
889.000000	32.045530
890.000000	31.977079
891.000000	32.018252
892.000000	32.169663
893.000000	32.071716
894.000000	32.038165
895.000000	32.050524
896.000000	32.071394
897.000000	32.043615
898.000000	32.163453
899.000000	32.042957
900.000000	31.879542
901.000000	32.097898
902.000000	32.098763
903.000000	32.076412
904.000000	32.091154
905.000000	31.998983
906.000000	32.074501
907.000000	32.055762
908.000000	31.982040
909.000000	31.962735
910.000000	32.038997
911.000000	31.927529
912.000000	32.074286
913.000000	32.010039
914.000000	32.193053
915.000000	32.165654
916.000000	32.079346
917.000000	32.091866
918.000000	32.176643
919.000000	32.131631
920.000000	31.963132
921.000000	32.026705
922.000000	31.989873
923.000000	32.216640
924.000000	32.139315
925.000000	32.038997
926.000000	32.064335
927.000000	32.112727
928.000000	32.116157
929.000000	32.095581
930.000000	31.974233
931.000000	32.154259
932.000000	32.034297
933.000000	32.083632
934.000000	31.962259
935.000000	32.200562
936.000000	32.038679
937.000000	32.102073
938.000000	31.958304
939.000000	32.072258
940.000000	31.938286
941.000000	31.830687
942.000000	32.098900
943.000000	32.084671
944.000000	32.037863
945.000000	32.110410
946.000000	32.167988
947.000000	32.018612
948.000000	32.047380
949.000000	32.117101
950.000000	32.072387
951.000000	32.131412
952.000000	32.138533
953.000000	31.950202
954.000000	32.041802
955.000000	32.144139
956.000000	32.049461
957.000000	32.058725
958.000000	32.118495
959.000000	32.046838
960.000000	31.985346
961.000000	32.035124
962.000000	31.936648
963.000000	32.095594
964.000000	32.051004
965.000000	31.979376
966.000000	32.007320
967.000000	32.100563
968.000000	31.925237
969.000000	32.020151
970.000000	32.057637
971.000000	32.178662
972.000000	32.095023
973.000000	32.148922
974.000000	32.111101
975.000000	32.089570
976.000000	32.125078
977.000000	32.065866
978.000000	32.124565
979.000000	32.124217
980.000000	32.100141
981.000000	32.149990
982.000000	32.137105
983.000000	32.130448
984.000000	32.034359
985.000000	32.306255
986.000000	32.223447
987.000000	32.158711
988.000000	32.077782
989.000000	32.264664
990.000000	32.280048
991.000000	32.203082
992.000000	32.222143
993.000000	32.147958
994.000000	32.265798
995.000000	32.233600
996.000000	32.085664
997.000000	32.096624
998.000000	32.112744
999.000000	32.077914
1000.000000	32.118797
1001.000000	32.277913
1002.000000	32.124221
1003.000000	32.256046
1004.000000	32.143887
1005.000000	32.059581
1006.000000	31.984544
1007.000000	31.996596
1008.000000	32.125769
1009.000000	32.330984
1010.000000	32.243087
1011.000000	32.420135
1012.000000	32.141768
1013.000000	32.196714
1014.000000	32.118044
1015.000000	32.184087
1016.000000	32.125202
1017.000000	32.149539
1018.000000	32.227245
1019.000000	32.113629
1020.000000	32.341489
1021.000000	32.164392
1022.000000	32.226364
1023.000000	32.111081
1024.000000	32.196541
1025.000000	32.060144
1026.000000	32.232640
1027.000000	32.151537
1028.000000	32.257291
1029.000000	32.017052
1030.000000	32.285530
1031.000000	31.982251
1032.000000	31.933735
1033.000000	32.059354
1034.000000	32.188274
1035.000000	32.169924
1036.000000	32.170073
1037.000000	32.111354
1038.000000	32.224663
1039.000000	32.103290
1040.000000	32.098258
1041.000000	32.301364
1042.000000	32.259344
1043.000000	32.026316
1044.000000	32.013407
1045.000000	32.243480
1046.000000	32.360013
1047.000000	32.318514
1048.000000	32.130390
1049.000000	32.120084
1050.000000	32.137834
1051.000000	32.134284
1052.000000	32.160449
1053.000000	32.391946
1054.000000	32.146258
1055.000000	32.248143
1056.000000	32.079098
1057.000000	32.160594
1058.000000	32.140974
1059.000000	32.246397
1060.000000	32.049792
1061.000000	32.153055
1062.000000	32.257668
1063.000000	32.245437
1064.000000	32.010908
1065.000000	32.150536
1066.000000	32.101784
1067.000000	32.276423
1068.000000	32.236658
1069.000000	32.169970
1070.000000	32.019708
1071.000000	32.289134
1072.000000	31.996248
1073.000000	32.243423
1074.000000	32.218217
1075.000000	32.199718
1076.000000	32.042820
1077.000000	32.132095
1078.000000	32.311753
1079.000000	32.258317
1080.000000	32.285617
1081.000000	32.334352
1082.000000	32.220215
1083.000000	32.099144
1084.000000	32.080926
1085.000000	32.209247
1086.000000	32.145517
1087.000000	32.211022
1088.000000	32.120729
1089.000000	32.196512
1090.000000	32.219636
1091.000000	32.272675
1092.000000	32.142468
1093.000000	32.179821
1094.000000	32.145658
1095.000000	32.163523
1096.000000	32.169548
1097.000000	32.051310
1098.000000	32.206802
1099.000000	32.179031
1100.000000	32.087414
1101.000000	32.141872
1102.000000	32.173689
1103.000000	32.227754
1104.000000	32.189511
1105.000000	32.144433
1106.000000	32.220670
1107.000000	32.172287
1108.000000	32.276916
1109.000000	32.202854
1110.000000	31.994192
1111.000000	32.207025
1112.000000	32.142265
1113.000000	32.132674
1114.000000	32.153026
1115.000000	32.157358
1116.000000	32.109061
1117.000000	32.000878
1118.000000	32.075705
1119.000000	32.148657
1120.000000	32.020846
1121.000000	32.033862
1122.000000	32.165451
1123.000000	32.057446
1124.000000	32.226231
1125.000000	32.166953
1126.000000	32.304641
1127.000000	32.275455
1128.000000	32.129426
1129.000000	32.231709
1130.000000	32.159390
1131.000000	32.252372
1132.000000	31.992074
1133.000000	32.248346
1134.000000	32.185361
1135.000000	32.194753
1136.000000	32.083802
1137.000000	32.040065
1138.000000	32.119045
1139.000000	32.258644
1140.000000	32.221059
1141.000000	32.178729
1142.000000	32.107717
1143.000000	32.121913
1144.000000	32.290954
1145.000000	32.185965
1146.000000	32.374734
1147.000000	32.086827
1148.000000	32.229343
1149.000000	32.287425
1150.000000	32.122790
1151.000000	32.167429
1152.000000	32.164417
1153.000000	32.169998
1154.000000	32.197898
1155.000000	32.356835
1156.000000	32.079702
1157.000000	32.216392
1158.000000	32.392898
1159.000000	32.225631
1160.000000	32.165472
1161.000000	32.193727
1162.000000	32.178969
1163.000000	32.206864
1164.000000	32.133332
1165.000000	32.373704
1166.000000	32.230356
1167.000000	32.217224
1168.000000	32.247399
1169.000000	32.196917
1170.000000	32.227650
1171.000000	32.276998
1172.000000	32.293627
1173.000000	32.180408
1174.000000	32.214568
1175.000000	32.316979
1176.000000	32.156527
1177.000000	32.282050
1178.000000	32.245375
1179.000000	32.183855
1180.000000	32.276055
1181.000000	32.304703
1182.000000	32.232090
1183.000000	32.149237
1184.000000	32.288347
1185.000000	32.165447
1186.000000	32.201878
1187.000000	32.188646
1188.000000	32.170491
1189.000000	32.241304
1190.000000	32.268823
1191.000000	32.138967
1192.000000	32.141082
1193.000000	32.344522
1194.000000	32.293135
1195.000000	32.455469
1196.000000	32.197012
1197.000000	32.082197
1198.000000	32.261516
1199.000000	32.338577
1200.000000	32.238611
1201.000000	32.213724
1202.000000	32.460314
1203.000000	32.317492
1204.000000	32.335896
1205.000000	32.152145
1206.000000	32.374101
1207.000000	32.281500
1208.000000	32.244163
1209.000000	32.231184
1210.000000	32.318861
1211.000000	32.266605
1212.000000	32.334377
1213.000000	32.254817
1214.000000	32.443950
1215.000000	32.219822
1216.000000	32.046445
1217.000000	32.282737
1218.000000	32.388727
1219.000000	32.219156
1220.000000	32.166974
1221.000000	32.270962
1222.000000	32.445113
1223.000000	32.394694
1224.000000	32.318282
1225.000000	32.100609
1226.000000	32.341485
1227.000000	32.287992
1228.000000	32.257490
1229.000000	32.305766
1230.000000	32.417317
1231.000000	32.379521
1232.000000	32.232177
1233.000000	32.281550
1234.000000	32.365193
1235.000000	32.324931
1236.000000	32.278409
1237.000000	32.291008
1238.000000	32.361560
1239.000000	32.217600
1240.000000	32.210906
1241.000000	32.261578
1242.000000	32.309465
1243.000000	32.535972
1244.000000	32.232173
1245.000000	32.346599
1246.000000	32.404677
1247.000000	32.314712
1248.000000	32.367978
1249.000000	32.234167
1250.000000	32.519294
1251.000000	32.388545
1252.000000	32.524259
1253.000000	32.335511
1254.000000	32.218962
1255.000000	32.550958
1256.000000	32.179887
1257.000000	32.399340
1258.000000	32.245363
1259.000000	32.290685
1260.000000	32.216119
1261.000000	32.171802
1262.000000	32.080856
1263.000000	32.400147
1264.000000	32.224423
1265.000000	32.297715
1266.000000	32.355131
1267.000000	32.372368
1268.000000	32.386572
1269.000000	32.426821
1270.000000	32.446863
1271.000000	32.394060
1272.000000	32.314612
1273.000000	32.493766
1274.000000	32.528686
1275.000000	32.376236
1276.000000	32.343823
1277.000000	32.315965
1278.000000	32.482516
1279.000000	32.514400
1280.000000	32.369120
1281.000000	32.357228
1282.000000	32.419299
1283.000000	32.420429
1284.000000	32.364233
1285.000000	32.462060
1286.000000	32.500816
1287.000000	32.336429
1288.000000	32.426602
1289.000000	32.521996
1290.000000	32.258268
1291.000000	32.377179
1292.000000	32.281281
1293.000000	32.405782
1294.000000	32.253042
1295.000000	32.261441
1296.000000	32.296109
1297.000000	32.360820
1298.000000	32.411037
1299.000000	32.543614
1300.000000	32.380700
1301.000000	32.344001
1302.000000	32.400805
1303.000000	32.301236
1304.000000	32.538997
1305.000000	32.435965
1306.000000	32.437707
1307.000000	32.463368
1308.000000	32.394123
1309.000000	32.304720
1310.000000	32.535356
1311.000000	32.225102
1312.000000	32.317360
1313.000000	32.446106
1314.000000	32.442055
1315.000000	32.398517
1316.000000	32.331766
1317.000000	32.412779
1318.000000	32.463045
1319.000000	32.488110
1320.000000	32.524400
1321.000000	32.448613
1322.000000	32.346959
1323.000000	32.447302
1324.000000	32.301103
1325.000000	32.300723
1326.000000	32.526274
1327.000000	32.336545
1328.000000	32.385417
1329.000000	32.383907
1330.000000	32.444116
1331.000000	32.473140
1332.000000	32.426370
1333.000000	32.391942
1334.000000	32.337257
1335.000000	32.645343
1336.000000	32.334762
1337.000000	32.585689
1338.000000	32.474659
1339.000000	32.405058
1340.000000	32.410002
1341.000000	32.486219
1342.000000	32.470153
1343.000000	32.444621
1344.000000	32.413349
1345.000000	32.411914
1346.000000	32.433760
1347.000000	32.493162
1348.000000	32.382695
1349.000000	32.460310
1350.000000	32.395360
1351.000000	32.489190
1352.000000	32.440624
1353.000000	32.414003
1354.000000	32.475416
1355.000000	32.390515
1356.000000	32.400105
1357.000000	32.416213
1358.000000	32.437852
1359.000000	32.502562
1360.000000	32.416072
1361.000000	32.374796
1362.000000	32.542675
1363.000000	32.521524
1364.000000	32.357853
1365.000000	32.614515
1366.000000	32.441009
1367.000000	32.514739
1368.000000	32.447947
1369.000000	32.356777
1370.000000	32.612607
1371.000000	32.401640
1372.000000	32.454989
1373.000000	32.404148
1374.000000	32.489082
1375.000000	32.359521
1376.000000	32.460020
1377.000000	32.450533
1378.000000	32.490721
1379.000000	32.484800
1380.000000	32.437773
1381.000000	32.405856
1382.000000	32.402522
1383.000000	32.462230
1384.000000	32.531529
1385.000000	32.567972
1386.000000	32.552659
1387.000000	32.402158
1388.000000	32.483538
1389.000000	32.318535
1390.000000	32.609810
1391.000000	32.613596
1392.000000	32.350265
1393.000000	32.451150
1394.000000	32.449772
1395.000000	32.630345
1396.000000	32.683305
1397.000000	32.516175
1398.000000	32.545464
1399.000000	32.556900
1400.000000	32.409899
1401.000000	32.394011
1402.000000	32.358755
1403.000000	32.518926
1404.000000	32.430235
1405.000000	32.597559
1406.000000	32.350654
1407.000000	32.539047
1408.000000	32.460761
1409.000000	32.381164
1410.000000	32.489910
1411.000000	32.445787
1412.000000	32.392952
1413.000000	32.566735
1414.000000	32.349239
1415.000000	32.521611
1416.000000	32.487965
1417.000000	32.488437
1418.000000	32.437508
1419.000000	32.655012
1420.000000	32.377850
1421.000000	32.387151
1422.000000	32.465594
1423.000000	32.615102
1424.000000	32.602892
1425.000000	32.539092
1426.000000	32.467989
1427.000000	32.478726
1428.000000	32.341237
1429.000000	32.575217
1430.000000	32.596988
1431.000000	32.484787
1432.000000	32.385351
1433.000000	32.527205
1434.000000	32.564811
1435.000000	32.532696
1436.000000	32.514801
1437.000000	32.291972
1438.000000	32.503323
1439.000000	32.600459
1440.000000	32.343765
1441.000000	32.560735
1442.000000	32.440343
1443.000000	32.645496
1444.000000	32.483046
1445.000000	32.678898
1446.000000	32.427773
1447.000000	32.646994
1448.000000	32.447484
1449.000000	32.515277
1450.000000	32.545571
1451.000000	32.460922
1452.000000	32.590066
1453.000000	32.516319
1454.000000	32.653846
1455.000000	32.564513
1456.000000	32.567575
1457.000000	32.605689
1458.000000	32.486815
1459.000000	32.575308
1460.000000	32.479781
1461.000000	32.729251
1462.000000	32.532878
1463.000000	32.595677
1464.000000	32.349872
1465.000000	32.612127
1466.000000	32.331166
1467.000000	32.546362
1468.000000	32.591630
1469.000000	32.489798
1470.000000	32.536370
1471.000000	32.579007
1472.000000	32.640225
1473.000000	32.552829
1474.000000	32.576565
1475.000000	32.473964
1476.000000	32.466864
1477.000000	32.640899
1478.000000	32.606215
1479.000000	32.731639
1480.000000	32.589143
1481.000000	32.662183
1482.000000	32.462151
1483.000000	32.714232
1484.000000	32.507238
1485.000000	32.501855
1486.000000	32.468262
1487.000000	32.649170
1488.000000	32.465937
1489.000000	32.508235
1490.000000	32.597365
1491.000000	32.628007
1492.000000	32.534015
1493.000000	32.624143
1494.000000	32.620489
1495.000000	32.508524
1496.000000	32.611180
1497.000000	32.626890
1498.000000	32.698262
1499.000000	32.608006
1500.000000	32.395062
1501.000000	32.665786
1502.000000	32.545472
1503.000000	32.653804
1504.000000	32.563011
1505.000000	32.694037
1506.000000	32.632571
1507.000000	32.558418
1508.000000	32.469065
1509.000000	32.554095
1510.000000	32.411794
1511.000000	32.567426
1512.000000	32.468188
1513.000000	32.580653
1514.000000	32.698328
1515.000000	32.730087
1516.000000	32.584423
1517.000000	32.570111
1518.000000	32.480418
1519.000000	32.766303
1520.000000	32.562899
1521.000000	32.635963
1522.000000	32.645389
1523.000000	32.744585
1524.000000	32.583525
1525.000000	32.655869
1526.000000	32.641065
1527.000000	32.590244
1528.000000	32.636183
1529.000000	32.442622
1530.000000	32.633133
1531.000000	32.708556
1532.000000	32.655550
1533.000000	32.557930
1534.000000	32.671393
1535.000000	32.795791
1536.000000	32.672038
1537.000000	32.723641
1538.000000	32.596467
1539.000000	32.660966
1540.000000	32.637838
1541.000000	32.689250
1542.000000	32.680719
1543.000000	32.687512
1544.000000	32.800230
1545.000000	32.672121
1546.000000	32.717129
1547.000000	32.613062
1548.000000	32.468093
1549.000000	32.510092
1550.000000	32.595399
1551.000000	32.658653
1552.000000	32.611006
1553.000000	32.636956
1554.000000	32.616327
1555.000000	32.697389
1556.000000	32.667714
1557.000000	32.652046
1558.000000	32.632827
1559.000000	32.684579
1560.000000	32.756369
1561.000000	32.640453
1562.000000	32.792654
1563.000000	32.566822
1564.000000	32.598167
1565.000000	32.621213
1566.000000	32.684749
1567.000000	32.719657
1568.000000	32.532489
1569.000000	32.479897
1570.000000	32.388802
1571.000000	32.497283
1572.000000	32.524214
1573.000000	32.521549
1574.000000	32.465598
1575.000000	32.459876
1576.000000	32.598651
1577.000000	32.621002
1578.000000	32.701054
1579.000000	32.672448
1580.000000	32.449726
1581.000000	32.778773
1582.000000	32.722466
1583.000000	32.582834
1584.000000	32.666544
1585.000000	32.629008
1586.000000	32.583843
1587.000000	32.592834
1588.000000	32.683665
1589.000000	32.723984
1590.000000	32.651864
1591.000000	32.710579
1592.000000	32.625570
1593.000000	32.810421
1594.000000	32.610770
1595.000000	32.712077
1596.000000	32.731821
1597.000000	32.661670
1598.000000	32.566404
1599.000000	32.554000
1600.000000	32.438671
1601.000000	32.544549
1602.000000	32.558418
1603.000000	32.599669
1604.000000	32.582929
1605.000000	32.627316
1606.000000	32.735996
1607.000000	32.643870
1608.000000	32.570963
1609.000000	32.534243
1610.000000	32.723310
1611.000000	32.784562
1612.000000	32.678551
1613.000000	32.657946
1614.000000	32.894044
1615.000000	32.601622
1616.000000	32.641669
1617.000000	32.552465
1618.000000	32.679970
1619.000000	32.688038
1620.000000	32.519369
1621.000000	32.616596
1622.000000	32.619542
1623.000000	32.654119
1624.000000	32.715565
1625.000000	32.505492
1626.000000	32.649989
1627.000000	32.927367
1628.000000	32.714208
1629.000000	32.806275
1630.000000	32.740733
1631.000000	32.688770
1632.000000	32.684769
1633.000000	32.788430
1634.000000	32.807740
1635.000000	32.726666
1636.000000	32.720898
1637.000000	32.700194
1638.000000	32.684794
1639.000000	32.567024
1640.000000	32.703574
1641.000000	32.628570
1642.000000	32.736190
1643.000000	32.702817
1644.000000	32.611763
1645.000000	32.704327
1646.000000	32.683412
1647.000000	32.879368
1648.000000	32.740220
1649.000000	32.665058
1650.000000	32.774234
1651.000000	32.759273
1652.000000	32.708494
1653.000000	32.611552
1654.000000	32.737857
1655.000000	32.603290
1656.000000	32.545898
1657.000000	32.738598
1658.000000	32.736509
1659.000000	32.768723
1660.000000	32.662261
1661.000000	32.657379
1662.000000	32.620497
1663.000000	32.736281
1664.000000	32.631685
1665.000000	32.848527
1666.000000	32.756811
1667.000000	32.777846
1668.000000	32.731779
1669.000000	32.709623
1670.000000	32.812684
1671.000000	32.611796
1672.000000	32.766737
1673.000000	32.710641
1674.000000	32.628445
1675.000000	32.759306
1676.000000	32.729769
1677.000000	32.618917
1678.000000	32.790540
1679.000000	32.822254
1680.000000	32.740034
1681.000000	32.682568
1682.000000	32.610923
1683.000000	32.503266
1684.000000	32.538256
1685.000000	32.882757
1686.000000	32.613364
1687.000000	32.797851
1688.000000	32.680553
1689.000000	32.771458
1690.000000	32.512691
1691.000000	32.650701
1692.000000	32.570181
1693.000000	32.786349
1694.000000	32.846736
1695.000000	32.714025
1696.000000	32.582623
1697.000000	32.579449
1698.000000	32.499360
1699.000000	32.457948
1700.000000	32.544057
1701.000000	32.702755
1702.000000	32.672034
1703.000000	32.818377
1704.000000	32.614175
1705.000000	32.685998
1706.000000	32.668703
1707.000000	32.729822
1708.000000	32.669345
1709.000000	32.749769
1710.000000	32.848701
1711.000000	32.913159
1712.000000	32.532571
1713.000000	32.740940
1714.000000	32.838572
1715.000000	32.757366
1716.000000	32.624838
1717.000000	32.489177
1718.000000	32.791062
1719.000000	32.597224
1720.000000	32.448609
1721.000000	32.633638
1722.000000	32.744064
1723.000000	32.794624
1724.000000	32.691158
1725.000000	32.605818
1726.000000	32.679482
1727.000000	32.655683
1728.000000	32.678435
1729.000000	32.805158
1730.000000	32.805410
1731.000000	32.876679
1732.000000	32.743182
1733.000000	32.793188
1734.000000	32.857563
1735.000000	32.841357
1736.000000	32.683954
1737.000000	32.791235
1738.000000	32.870973
1739.000000	32.779381
1740.000000	32.642902
1741.000000	32.714766
1742.000000	32.701741
1743.000000	32.836367
1744.000000	32.711680
1745.000000	32.670553
1746.000000	32.715792
1747.000000	32.811141
1748.000000	32.754246
1749.000000	32.755740
1750.000000	32.684376
1751.000000	32.694327
1752.000000	32.814562
1753.000000	32.904305
1754.000000	32.630196
1755.000000	32.800665
1756.000000	32.799916
1757.000000	32.787863
1758.000000	32.894288
1759.000000	32.643336
1760.000000	32.736707
1761.000000	32.697645
1762.000000	32.699623
1763.000000	32.831750
1764.000000	32.660855
1765.000000	32.823880
1766.000000	32.802771
1767.000000	32.698440
1768.000000	32.797938
1769.000000	32.637461
1770.000000	32.869467
1771.000000	32.681935
1772.000000	32.672030
1773.000000	32.612409
1774.000000	32.717253
1775.000000	32.700339
1776.000000	32.785066
1777.000000	32.894937
1778.000000	32.761089
1779.000000	32.810599
1780.000000	32.805717
1781.000000	32.691476
1782.000000	32.698977
1783.000000	32.629525
1784.000000	32.500858
1785.000000	32.685857
1786.000000	32.793374
1787.000000	32.603906
1788.000000	32.534859
1789.000000	32.573313
1790.000000	32.668691
1791.000000	32.655045
1792.000000	32.732607
1793.000000	32.700318
1794.000000	32.737171
1795.000000	32.857853
1796.000000	32.675121
1797.000000	32.706317
1798.000000	32.790089
1799.000000	32.714125
1800.000000	32.682518
1801.000000	32.846595
1802.000000	32.714464
1803.000000	32.592656
1804.000000	32.696938
1805.000000	32.676788
1806.000000	32.831559
1807.000000	32.835072
1808.000000	32.722060
1809.000000	32.796068
1810.000000	32.861755
1811.000000	32.763200
1812.000000	32.614850
1813.000000	32.719110
1814.000000	32.847265
1815.000000	32.825605
1816.000000	32.763332
1817.000000	32.760175
1818.000000	32.741163
1819.000000	32.746182
1820.000000	32.787987
1821.000000	32.835002
1822.000000	32.875082
1823.000000	32.615483
1824.000000	32.757974
1825.000000	32.900962
1826.000000	32.801823
1827.000000	32.856206
1828.000000	32.621565
1829.000000	32.682353
1830.000000	32.854303
1831.000000	32.696482
1832.000000	32.823739
1833.000000	32.795410
1834.000000	32.910267
1835.000000	32.857816
1836.000000	32.822655
1837.000000	32.805038
1838.000000	32.662907
1839.000000	32.762322
1840.000000	32.656634
1841.000000	32.810148
1842.000000	32.813797
1843.000000	32.951286
1844.000000	32.863741
1845.000000	32.776407
1846.000000	32.854158
1847.000000	32.781491
1848.000000	32.718924
1849.000000	32.797810
1850.000000	32.917714
1851.000000	32.731535
1852.000000	32.898678
1853.000000	32.821158
1854.000000	32.878119
1855.000000	32.720360
1856.000000	32.672986
1857.000000	32.789063
1858.000000	32.803697
1859.000000	32.826483
1860.000000	32.866898
1861.000000	32.854775
1862.000000	32.810760
1863.000000	32.870932
1864.000000	32.709073
1865.000000	32.746621
1866.000000	32.806590
1867.000000	32.869554
1868.000000	32.768529
1869.000000	32.766617
1870.000000	32.815146
1871.000000	32.811215
1872.000000	32.702383
1873.000000	32.766659
1874.000000	32.775720
1875.000000	32.786171
1876.000000	32.763187
1877.000000	32.683135
1878.000000	32.873824
1879.000000	32.867187
1880.000000	32.628748
1881.000000	32.823429
1882.000000	32.796966
1883.000000	32.774358
1884.000000	32.642306
1885.000000	32.757357
1886.000000	32.741933
1887.000000	32.761814
1888.000000	32.770875
1889.000000	32.949006
1890.000000	32.828167
1891.000000	32.940884
1892.000000	32.901181
1893.000000	32.825163
1894.000000	32.719570
1895.000000	32.986393
1896.000000	32.782344
1897.000000	32.946300
1898.000000	32.849524
1899.000000	32.839375
1900.000000	32.789104
1901.000000	32.707650
1902.000000	33.004974
1903.000000	32.755930
1904.000000	32.719392
1905.000000	32.921380
1906.000000	32.786941
1907.000000	32.795981
1908.000000	32.773804
1909.000000	32.875669
1910.000000	32.895508
1911.000000	32.807947
1912.000000	32.974220
1913.000000	32.802795
1914.000000	33.021959
1915.000000	33.004143
1916.000000	32.891781
1917.000000	32.883638
1918.000000	32.944050
1919.000000	32.807078
1920.000000	32.767325
1921.000000	32.693851
1922.000000	32.861440
1923.000000	32.777950
1924.000000	32.856211
1925.000000	32.855611
1926.000000	32.801765
1927.000000	32.835072
1928.000000	32.800007
1929.000000	32.891400
1930.000000	32.881358
1931.000000	32.874118
1932.000000	32.886137
1933.000000	32.994039
1934.000000	32.818659
1935.000000	32.873936
1936.000000	32.855122
1937.000000	32.895124
1938.000000	32.921062
1939.000000	32.997229
1940.000000	32.744064
1941.000000	32.997506
1942.000000	32.790048
1943.000000	32.992028
1944.000000	33.029336
1945.000000	32.943425
1946.000000	32.946300
1947.000000	32.790412
1948.000000	32.822991
1949.000000	32.988863
1950.000000	32.937707
1951.000000	32.817028
1952.000000	32.916117
1953.000000	32.916655
1954.000000	32.881698
1955.000000	32.796697
1956.000000	33.016865
1957.000000	32.836859
1958.000000	32.923312
1959.000000	32.899348
1960.000000	33.016613
1961.000000	32.916246
1962.000000	32.962457
1963.000000	32.932676
1964.000000	32.954460
1965.000000	32.883899
1966.000000	32.992404
1967.000000	33.046506
1968.000000	33.033928
1969.000000	32.782207
1970.000000	33.081952
1971.000000	32.952287
1972.000000	32.940628
1973.000000	32.892331
1974.000000	32.897230
1975.000000	32.812457
1976.000000	32.999008
1977.000000	33.012533
1978.000000	33.134457
1979.000000	32.972735
1980.000000	32.952680
1981.000000	32.902588
1982.000000	32.763655
1983.000000	33.112826
1984.000000	33.060876
1985.000000	33.184943
1986.000000	32.982888
1987.000000	32.988292
1988.000000	33.039634
1989.000000	33.049163
1990.000000	33.003261
1991.000000	33.119773
1992.000000	33.026059
1993.000000	32.942051
1994.000000	33.005665
1995.000000	33.189627
1996.000000	33.178108
1997.000000	33.117800
1998.000000	33.099483
1999.000000	33.002020
2000.000000	33.133870
2001.000000	33.117837
2002.000000	33.232400
2003.000000	33.074786
2004.000000	33.110104
2005.000000	33.158467
2006.000000	33.218986
2007.000000	33.266679
2008.000000	33.152054
2009.000000	33.288885
2010.000000	33.341932
2011.000000	33.295066
2012.000000	33.313524
2013.000000	33.102247
2014.000000	33.353856
2015.000000	33.144002
2016.000000	33.285641
2017.000000	33.278947
2018.000000	33.284884
2019.000000	33.314827
2020.000000	33.134192
2021.000000	33.370009
2022.000000	33.305675
2023.000000	33.298546
2024.000000	33.211398
2025.000000	33.275711
2026.000000	33.332060
2027.000000	33.322651
2028.000000	33.287979
2029.000000	33.114225
2030.000000	33.244891
2031.000000	33.281487
2032.000000	33.372462
2033.000000	33.190115
2034.000000	33.274876
2035.000000	33.432936
2036.000000	33.432059
2037.000000	33.417723
2038.000000	33.509865
2039.000000	33.518462
2040.000000	33.460293
2041.000000	33.428546
2042.000000	33.460318
2043.000000	33.619111
2044.000000	33.524391
2045.000000	33.532712
2046.000000	33.614932
2047.000000	33.603761
2048.000000	33.629008
2049.000000	33.659948
2050.000000	33.588655
2051.000000	33.614920
2052.000000	33.623149
2053.000000	33.553594
2054.000000	33.747175
2055.000000	33.713140
2056.000000	33.581923
2057.000000	33.632442
2058.000000	33.639244
2059.000000	33.694169
2060.000000	33.545335
2061.000000	33.613074
2062.000000	33.672472
2063.000000	33.815663
2064.000000	33.548211
2065.000000	33.469292
2066.000000	33.607584
2067.000000	33.814190
2068.000000	33.514788
2069.000000	33.661959
2070.000000	33.815671
2071.000000	33.599081
2072.000000	33.782236
2073.000000	33.763485
2074.000000	33.658860
2075.000000	33.685861
2076.000000	33.759430
2077.000000	33.770303
2078.000000	33.668145
2079.000000	33.795157
2080.000000	33.817367
2081.000000	33.606165
2082.000000	33.661723
2083.000000	33.868871
2084.000000	33.652720
2085.000000	33.677744
2086.000000	33.748346
2087.000000	33.849123
2088.000000	33.729524
2089.000000	33.874341
2090.000000	33.837103
2091.000000	33.890564
2092.000000	33.907321
2093.000000	33.735453
2094.000000	33.833967
2095.000000	33.763973
2096.000000	33.723624
2097.000000	33.659423
2098.000000	33.785658
2099.000000	33.988242
2100.000000	33.791417
2101.000000	33.946888
2102.000000	33.823594
2103.000000	33.903440
2104.000000	33.747382
2105.000000	33.908099
2106.000000	33.970811
2107.000000	33.864684
2108.000000	33.746083
2109.000000	34.038686
2110.000000	33.908843
2111.000000	34.068352
2112.000000	34.000981
2113.000000	33.966595
2114.000000	33.959131
2115.000000	33.960012
2116.000000	33.901334
2117.000000	34.000381
2118.000000	33.991846
2119.000000	34.118697
2120.000000	34.089093
2121.000000	34.021760
2122.000000	33.989723
2123.000000	34.075113
2124.000000	33.945862
2125.000000	33.981345
2126.000000	34.005628
2127.000000	34.182319
2128.000000	34.017151
2129.000000	34.196933
2130.000000	33.930665
2131.000000	34.320723
2132.000000	34.141040
2133.000000	34.216710
2134.000000	34.108449
2135.000000	34.167218
2136.000000	34.262293
2137.000000	34.029911
2138.000000	34.159576
2139.000000	34.158450
2140.000000	34.269819
2141.000000	34.257010
2142.000000	34.293051
2143.000000	34.113819
2144.000000	34.134217
2145.000000	33.972681
2146.000000	34.200665
2147.000000	34.225155
2148.000000	34.295583
2149.000000	34.238643
2150.000000	34.245425
2151.000000	34.264122
2152.000000	34.064533
2153.000000	34.255855
2154.000000	34.250679
2155.000000	34.398909
2156.000000	34.169179
2157.000000	34.287826
2158.000000	34.252102
2159.000000	34.128991
2160.000000	34.202022
2161.000000	34.221882
2162.000000	34.123219
2163.000000	34.276654
2164.000000	34.265045
2165.000000	34.158918
2166.000000	34.209478
2167.000000	34.276559
2168.000000	34.292828
2169.000000	34.254494
2170.000000	34.292770
2171.000000	34.259848
2172.000000	34.342424
2173.000000	34.254837
2174.000000	34.480343
2175.000000	34.331207
2176.000000	34.427239
2177.000000	34.324649
2178.000000	34.147134
2179.000000	34.387680
2180.000000	34.439390
2181.000000	34.473074
2182.000000	34.393621
2183.000000	34.370749
2184.000000	34.283895
2185.000000	34.320098
2186.000000	34.350513
2187.000000	34.459792
2188.000000	34.360021
2189.000000	34.395922
2190.000000	34.607472
2191.000000	34.587397
2192.000000	34.561269
2193.000000	34.630973
2194.000000	34.571530
2195.000000	34.577666
2196.000000	34.616484
2197.000000	34.836296
2198.000000	34.824645
2199.000000	34.726359
2200.000000	34.714435
2201.000000	34.728465
2202.000000	34.608428
2203.000000	34.616256
2204.000000	34.627042
2205.000000	34.624142
2206.000000	34.699718
2207.000000	35.013985
2208.000000	34.641263
2209.000000	34.797847
2210.000000	34.907974
2211.000000	34.766832
2212.000000	34.918525
2213.000000	34.911384
2214.000000	34.869889
2215.000000	34.985432
2216.000000	34.814032
2217.000000	34.669584
2218.000000	34.965225
2219.000000	34.998614
2220.000000	34.880886
2221.000000	34.744436
2222.000000	34.744191
2223.000000	34.752752
2224.000000	34.677512
2225.000000	34.705436
2226.000000	34.794462
2227.000000	34.881635
2228.000000	34.787565
2229.000000	34.751304
2230.000000	34.674537
2231.000000	34.810069
2232.000000	34.826643
2233.000000	34.800639
2234.000000	34.790589
2235.000000	34.696163
2236.000000	34.814421
2237.000000	34.630919
2238.000000	34.710252
2239.000000	34.781640
2240.000000	34.731204
2241.000000	34.772782
2242.000000	34.613124
2243.000000	34.652732
2244.000000	34.686291
2245.000000	34.835518
2246.000000	34.713669
2247.000000	34.760741
2248.000000	34.853384
2249.000000	34.917702
2250.000000	34.943085
2251.000000	34.828154
2252.000000	34.793357
2253.000000	34.799067
2254.000000	34.867344
2255.000000	34.823561
2256.000000	34.957897
2257.000000	34.934107
2258.000000	34.919270
2259.000000	35.012740
2260.000000	34.917532
2261.000000	34.981994
2262.000000	34.991779
2263.000000	34.970074
2264.000000	35.044143
2265.000000	34.990807
2266.000000	34.851998
2267.000000	35.052605
2268.000000	35.132301
2269.000000	35.175674
2270.000000	35.311955
2271.000000	35.141432
2272.000000	35.152455
2273.000000	35.205502
2274.000000	35.118858
2275.000000	35.222883
2276.000000	34.977542
2277.000000	35.093562
2278.000000	35.217029
2279.000000	35.111671
2280.000000	35.132574
2281.000000	35.133335
2282.000000	35.240091
2283.000000	35.042550
2284.000000	35.135466
2285.000000	35.267399
2286.000000	35.190135
2287.000000	35.439163
2288.000000	35.401900
2289.000000	35.239574
2290.000000	35.316204
2291.000000	35.545662
2292.000000	35.524751
2293.000000	35.390572
2294.000000	35.508610
2295.000000	35.479756
2296.000000	35.510576
2297.000000	35.536476
2298.000000	35.592122
2299.000000	35.595328
2300.000000	35.562642
2301.000000	35.487249
2302.000000	35.537238
2303.000000	35.520965
2304.000000	35.437106
2305.000000	35.475539
2306.000000	35.451906
2307.000000	35.631792
2308.000000	35.460251
2309.000000	35.639215
2310.000000	35.647986
2311.000000	35.751573
2312.000000	35.712345
2313.000000	35.802323
2314.000000	35.820884
2315.000000	35.848564
2316.000000	35.805108
2317.000000	36.025843
2318.000000	35.855672
2319.000000	35.892264
2320.000000	35.844981
2321.000000	35.830872
2322.000000	35.834078
2323.000000	35.699506
2324.000000	35.691608
2325.000000	35.765160
2326.000000	35.917515
2327.000000	35.861783
2328.000000	35.939845
2329.000000	35.716900
2330.000000	36.042534
2331.000000	35.864232
2332.000000	35.948943
2333.000000	35.957289
2334.000000	35.863616
2335.000000	35.935397
2336.000000	35.922426
2337.000000	35.916894
2338.000000	36.023919
2339.000000	35.833011
2340.000000	35.992673
2341.000000	35.829804
2342.000000	35.930139
2343.000000	35.880120
2344.000000	35.978204
2345.000000	36.074376
2346.000000	36.055459
2347.000000	36.088249
2348.000000	35.960338
2349.000000	36.123256
2350.000000	35.979855
2351.000000	36.171992
2352.000000	36.131155
2353.000000	36.173465
2354.000000	36.217943
2355.000000	36.181512
2356.000000	36.363363
2357.000000	36.256471
2358.000000	36.262682
2359.000000	36.364191
2360.000000	36.133799
2361.000000	36.196755
2362.000000	36.095407
2363.000000	36.199374
2364.000000	36.173125
2365.000000	36.286654
2366.000000	36.325067
2367.000000	36.425314
2368.000000	36.041640
2369.000000	36.254345
2370.000000	36.168653
2371.000000	36.368366
2372.000000	36.223123
2373.000000	36.170589
2374.000000	36.144970
2375.000000	36.028561
2376.000000	36.070656
2377.000000	36.109445
2378.000000	36.123798
2379.000000	35.948108
2380.000000	35.913167
2381.000000	36.044114
2382.000000	35.978258
2383.000000	35.869483
2384.000000	35.827264
2385.000000	36.017080
2386.000000	35.979962
2387.000000	35.991796
2388.000000	36.028855
2389.000000	36.004105
2390.000000	35.932791
2391.000000	36.015297
2392.000000	36.019984
2393.000000	36.094567
2394.000000	35.909886
2395.000000	36.052803
2396.000000	36.008656
2397.000000	35.992722
2398.000000	35.978551
2399.000000	35.904751
2400.000000	35.893104
2401.000000	35.704198
2402.000000	34.803258
2403.000000	33.870774
2404.000000	33.984026
2405.000000	34.556738
2406.000000	34.693275
2407.000000	35.139802
2408.000000	35.069076
2409.000000	35.185476
2410.000000	35.252094
2411.000000	35.313143
2412.000000	35.729160
2413.000000	36.054565
2414.000000	36.004059
2415.000000	36.375184
2416.000000	36.148408
2417.000000	36.214401
2418.000000	36.010360
2419.000000	35.991183
2420.000000	35.884378
2421.000000	35.890514
2422.000000	35.835109
2423.000000	35.743024
2424.000000	35.866343
2425.000000	35.979664
2426.000000	35.950313
2427.000000	35.820462
2428.000000	35.902939
2429.000000	35.758126
2430.000000	35.790841
2431.000000	35.795972
2432.000000	35.759144
2433.000000	35.908586
2434.000000	35.941107
2435.000000	35.846251
2436.000000	35.712568
2437.000000	35.628830
2438.000000	35.820991
2439.000000	35.873691
2440.000000	35.693830
2441.000000	35.764055
2442.000000	35.834029
2443.000000	35.935919
2444.000000	35.871539
2445.000000	35.891325
2446.000000	36.037738
2447.000000	35.846201
2448.000000	36.029538
2449.000000	35.987033
2450.000000	35.997853
2451.000000	36.008453
2452.000000	35.790519
2453.000000	35.905566
2454.000000	35.805141
2455.000000	36.010245
2456.000000	35.816403
2457.000000	35.879111
2458.000000	35.977091
2459.000000	35.907473
2460.000000	35.842109
2461.000000	35.989019
2462.000000	35.849908
2463.000000	35.938066
2464.000000	35.841712
2465.000000	35.759897
2466.000000	35.882053
2467.000000	35.853388
2468.000000	36.092626
2469.000000	36.183813
2470.000000	36.054574
2471.000000	36.045380
2472.000000	35.940375
2473.000000	36.068612
2474.000000	36.067901
2475.000000	36.010629
2476.000000	35.966772
2477.000000	35.921557
2478.000000	35.798057
2479.000000	35.661065
2480.000000	35.814334
2481.000000	35.763340
2482.000000	35.905860
2483.000000	35.735540
2484.000000	35.731655
2485.000000	35.636244
2486.000000	35.813796
2487.000000	35.987811
2488.000000	35.918156
2489.000000	36.294122
2490.000000	36.465233
2491.000000	36.211542
2492.000000	36.206192
2493.000000	36.015284
2494.000000	36.003091
2495.000000	36.113620
2496.000000	36.061206
2497.000000	35.994895
2498.000000	36.175294
2499.000000	35.981708
2500.000000	35.948716
2501.000000	35.979784
2502.000000	36.109913
2503.000000	36.191090
2504.000000	36.141668
2505.000000	36.169331
2506.000000	36.173510
2507.000000	36.018321
2508.000000	35.598121
2509.000000	35.783580
2510.000000	35.934574
2511.000000	36.421355
2512.000000	36.359917
2513.000000	36.055827
2514.000000	36.046481
2515.000000	36.050130
2516.000000	36.046183
2517.000000	36.074794
2518.000000	36.148888
2519.000000	36.296427
2520.000000	36.216445
2521.000000	36.013191
2522.000000	35.989863
2523.000000	35.908839
2524.000000	35.787858
2525.000000	36.175343
2526.000000	36.196002
2527.000000	36.092945
2528.000000	35.924408
2529.000000	35.818174
2530.000000	36.022012
2531.000000	35.895173
2532.000000	35.849292
2533.000000	35.901383
2534.000000	35.826863
2535.000000	35.853078
2536.000000	35.703135
2537.000000	35.744125
2538.000000	35.726040
2539.000000	35.695274
2540.000000	35.818604
2541.000000	35.726582
2542.000000	35.620021
2543.000000	35.705394
2544.000000	35.838514
2545.000000	35.783568
2546.000000	35.750377
2547.000000	35.782045
2548.000000	35.816850
2549.000000	35.808198
2550.000000	35.983947
2551.000000	35.940917
2552.000000	35.977865
2553.000000	35.880182
2554.000000	35.891635
2555.000000	35.762338
2556.000000	35.988862
2557.000000	36.076651
2558.000000	36.138950
2559.000000	36.245945
2560.000000	36.181752
2561.000000	36.144101
2562.000000	36.239536
2563.000000	36.092825
2564.000000	36.130745
2565.000000	36.329614
2566.000000	36.213011
2567.000000	36.232105
2568.000000	36.295744
2569.000000	36.315608
2570.000000	36.151296
2571.000000	36.285864
2572.000000	36.270158
2573.000000	36.273249
2574.000000	36.173316
2575.000000	36.314289
2576.000000	36.350715
2577.000000	36.343582
2578.000000	36.392115
2579.000000	36.446320
2580.000000	36.305434
2581.000000	36.378126
2582.000000	36.347095
2583.000000	36.227583
2584.000000	36.416108
2585.000000	36.285756
2586.000000	36.353363
2587.000000	36.386455
2588.000000	36.393095
2589.000000	36.225320
2590.000000	36.148098
2591.000000	36.282645
2592.000000	36.322237
2593.000000	36.318815
2594.000000	36.173920
2595.000000	36.311574
2596.000000	36.260207
2597.000000	36.339428
2598.000000	36.322373
2599.000000	36.348187
2600.000000	36.267733
2601.000000	36.268569
2602.000000	36.319969
2603.000000	36.260087
2604.000000	36.297072
2605.000000	36.363740
2606.000000	36.180610
2607.000000	36.366884
2608.000000	36.357827
2609.000000	36.217947
2610.000000	36.283274
2611.000000	36.281433
2612.000000	36.391287
2613.000000	36.210653
2614.000000	36.344236
2615.000000	36.383732
2616.000000	36.325286
2617.000000	36.424731
2618.000000	36.160014
2619.000000	36.255445
2620.000000	36.313747
2621.000000	36.189146
2622.000000	36.200433
2623.000000	36.101245
2624.000000	36.152277
2625.000000	36.119926
2626.000000	36.288992
2627.000000	36.323031
2628.000000	36.172563
2629.000000	36.271610
2630.000000	36.339875
2631.000000	36.265205
2632.000000	36.135702
2633.000000	36.229747
2634.000000	36.274196
2635.000000	36.344964
2636.000000	36.193925
2637.000000	36.232743
2638.000000	36.229962
2639.000000	36.131957
2640.000000	36.157523
2641.000000	36.040937
2642.000000	36.268507
2643.000000	36.079589
2644.000000	35.991282
2645.000000	36.065054
2646.000000	36.239561
2647.000000	36.119814
2648.000000	36.088162
2649.000000	36.099379
2650.000000	36.104832
2651.000000	36.149649
2652.000000	36.018615
2653.000000	36.113848
2654.000000	36.105084
2655.000000	36.087827
2656.000000	36.029480
2657.000000	35.870232
2658.000000	36.127646
2659.000000	35.979412
2660.000000	36.031453
2661.000000	35.989975
2662.000000	35.986289
2663.000000	36.140841
2664.000000	35.958861
2665.000000	36.060925
2666.000000	36.016091
2667.000000	36.059055
2668.000000	35.851352
2669.000000	35.963152
2670.000000	36.064524
2671.000000	36.074219
2672.000000	35.813983
2673.000000	35.946941
2674.000000	35.887444
2675.000000	35.983467
2676.000000	35.992631
2677.000000	35.919046
2678.000000	35.920122
2679.000000	35.922695
2680.000000	36.000162
2681.000000	35.974766
2682.000000	35.946883
2683.000000	35.818480
2684.000000	35.833507
2685.000000	36.170676
2686.000000	35.856512
2687.000000	36.053763
2688.000000	35.964492
2689.000000	35.819469
2690.000000	35.812501
2691.000000	35.779852
2692.000000	35.983401
2693.000000	35.995350
2694.000000	35.922344
2695.000000	35.925612
2696.000000	35.899364
2697.000000	35.885731
2698.000000	36.096735
2699.000000	35.971654
2700.000000	35.843313
2701.000000	35.919807
2702.000000	35.850297
2703.000000	36.112921
2704.000000	35.786816
2705.000000	35.972387
2706.000000	35.899012
2707.000000	36.004357
2708.000000	35.941318
2709.000000	36.044735
2710.000000	36.021801
2711.000000	36.023894
2712.000000	36.195878
2713.000000	36.106284
2714.000000	36.146033
2715.000000	35.858121
2716.000000	35.829978
2717.000000	35.902976
2718.000000	35.828815
2719.000000	35.675074
2720.000000	35.810503
2721.000000	36.041743
2722.000000	36.203697
2723.000000	36.151929
2724.000000	36.036791
2725.000000	36.300188
2726.000000	36.200387
2727.000000	35.571666
2728.000000	35.651458
2729.000000	36.088791
2730.000000	36.112668
2731.000000	35.727716
2732.000000	35.929084
2733.000000	36.083023
2734.000000	36.143046
2735.000000	36.006033
2736.000000	36.028255
2737.000000	36.102341
2738.000000	36.035157
2739.000000	35.983343
2740.000000	35.857691
2741.000000	35.946233
2742.000000	36.261908
2743.000000	36.427333
2744.000000	36.469271
2745.000000	36.118093
2746.000000	36.272860
2747.000000	36.227869
2748.000000	36.169604
2749.000000	36.300473
2750.000000	36.206945
2751.000000	36.251510
2752.000000	36.167776
2753.000000	35.814487
2754.000000	36.007543
2755.000000	36.186063
2756.000000	36.328774
2757.000000	36.228576
2758.000000	36.226114
2759.000000	36.389008
2760.000000	36.227401
2761.000000	36.352978
2762.000000	36.296770
2763.000000	36.532666
2764.000000	36.413845
2765.000000	36.309315
2766.000000	36.222287
2767.000000	36.325919
2768.000000	36.396393
2769.000000	36.285082
2770.000000	36.185588
2771.000000	36.324268
2772.000000	36.233810
2773.000000	36.438546
2774.000000	36.433676
2775.000000	36.362308
2776.000000	36.403344
2777.000000	36.281027
2778.000000	36.428694
2779.000000	36.369611
2780.000000	36.379450
2781.000000	36.461505
2782.000000	36.452746
2783.000000	36.465042
2784.000000	36.386190
2785.000000	36.502421
2786.000000	36.434400
2787.000000	36.485320
2788.000000	36.411826
2789.000000	36.561132
2790.000000	36.503625
2791.000000	36.614671
2792.000000	36.642603
2793.000000	36.625027
2794.000000	36.750703
2795.000000	36.607993
2796.000000	36.562501
2797.000000	36.545732
2798.000000	36.762822
2799.000000	36.653853
2800.000000	36.516016
2801.000000	36.449684
2802.000000	36.534916
2803.000000	36.574860
2804.000000	36.539898
2805.000000	36.290465
2806.000000	35.944831
2807.000000	35.943523
2808.000000	36.139335
2809.000000	36.327392
2810.000000	36.391279
2811.000000	36.294917
2812.000000	36.419807
2813.000000	36.267162
2814.000000	36.125259
2815.000000	36.234137
2816.000000	36.464835
2817.000000	36.320838
2818.000000	36.403137
2819.000000	36.114874
2820.000000	36.129479
2821.000000	36.165442
2822.000000	36.109660
2823.000000	35.993575
2824.000000	36.184375
2825.000000	36.303246
2826.000000	36.273199
2827.000000	36.554851
2828.000000	36.488312
2829.000000	36.590785
2830.000000	36.439758
2831.000000	36.441802
2832.000000	36.500931
2833.000000	36.631755
2834.000000	36.541876
2835.000000	36.184044
2836.000000	36.179083
2837.000000	36.324334
2838.000000	36.384779
2839.000000	36.328592
2840.000000	36.182762
2841.000000	36.346834
2842.000000	36.346652
2843.000000	36.421785
2844.000000	36.157895
2845.000000	36.334248
2846.000000	36.335133
2847.000000	36.377116
2848.000000	36.284333
2849.000000	36.336739
2850.000000	36.335233
2851.000000	36.297689
2852.000000	36.644457
2853.000000	36.486317
2854.000000	36.527920
2855.000000	36.387580
2856.000000	36.335621
2857.000000	36.395491
2858.000000	36.420544
2859.000000	36.353247
2860.000000	36.342440
2861.000000	36.385946
2862.000000	36.407026
2863.000000	36.402587
2864.000000	36.319419
2865.000000	36.289513
2866.000000	36.328853
2867.000000	36.218497
2868.000000	36.408437
2869.000000	36.323432
2870.000000	36.444595
2871.000000	36.357037
2872.000000	36.353053
2873.000000	36.410618
2874.000000	36.351207
2875.000000	36.344194
2876.000000	36.279343
2877.000000	36.446825
2878.000000	36.393563
2879.000000	36.448277
2880.000000	36.385991
2881.000000	36.325468
2882.000000	36.240699
2883.000000	36.339080
2884.000000	36.203859
2885.000000	36.304052
2886.000000	36.158561
2887.000000	36.175571
2888.000000	36.062327
2889.000000	36.248349
2890.000000	36.276133
2891.000000	36.181115
2892.000000	36.161243
2893.000000	36.104381
2894.000000	36.167850
2895.000000	36.168835
2896.000000	36.412103
2897.000000	36.248031
2898.000000	36.237277
2899.000000	36.303246
2900.000000	36.247170
2901.000000	36.308467
2902.000000	36.443532
2903.000000	36.172526
2904.000000	36.202928
2905.000000	36.329411
2906.000000	36.381208
2907.000000	36.329167
2908.000000	36.561177
2909.000000	36.268383
2910.000000	36.215059
2911.000000	36.232511
2912.000000	36.344418
2913.000000	36.386020
2914.000000	36.483483
2915.000000	36.153448
2916.000000	36.136219
2917.000000	36.264299
2918.000000	36.272934
2919.000000	36.212295
2920.000000	36.224633
2921.000000	36.251068
2922.000000	36.109921
2923.000000	36.079283
2924.000000	35.800345
2925.000000	36.043340
2926.000000	35.999582
2927.000000	35.990645
2928.000000	35.899153
2929.000000	35.827624
2930.000000	35.749777
2931.000000	35.810387
2932.000000	35.910014
2933.000000	35.908818
2934.000000	35.884589
2935.000000	35.692770
2936.000000	35.769848
2937.000000	35.826639
2938.000000	35.980318
2939.000000	35.994981
2940.000000	35.976168
2941.000000	35.953482
2942.000000	36.014105
2943.000000	35.967318
2944.000000	36.017436
2945.000000	35.917391
2946.000000	35.865374
2947.000000	36.036787
2948.000000	35.816031
2949.000000	36.009972
2950.000000	35.982399
2951.000000	35.983988
2952.000000	35.707434
2953.000000	36.042033
2954.000000	35.787809
2955.000000	35.982730
2956.000000	36.077082
2957.000000	36.020721
2958.000000	35.912331
2959.000000	36.051694
2960.000000	35.853111
2961.000000	35.996392
2962.000000	35.924350
2963.000000	36.020315
2964.000000	36.114419
2965.000000	35.897668
2966.000000	35.879901
2967.000000	35.767365
2968.000000	36.030659
2969.000000	35.870964
2970.000000	36.007170
2971.000000	35.831786
2972.000000	35.904978
2973.000000	35.886840
2974.000000	36.044069
2975.000000	35.879231
2976.000000	35.998080
2977.000000	35.904242
2978.000000	35.941786
2979.000000	36.132818
2980.000000	35.841021
2981.000000	35.930043
2982.000000	36.000037
2983.000000	35.841542
2984.000000	35.933163
2985.000000	35.818244
2986.000000	35.763567
2987.000000	35.826743
2988.000000	36.124315
2989.000000	36.136715
2990.000000	36.187118
2991.000000	36.026389
2992.000000	36.195969
2993.000000	36.132148
2994.000000	36.162496
2995.000000	36.133290
2996.000000	36.155429
2997.000000	36.118407
2998.000000	36.091708
2999.000000	36.086097
3000.000000	36.169170
3001.000000	36.188931
3002.000000	36.219821
3003.000000	36.153199
3004.000000	35.961786
3005.000000	36.113111
3006.000000	36.036323
3007.000000	36.042008
3008.000000	36.004460
3009.000000	36.041201
3010.000000	36.037238
3011.000000	36.156786
3012.000000	35.956718
3013.000000	36.143398
3014.000000	36.212394
3015.000000	36.227856
3016.000000	36.113148
3017.000000	36.078873
3018.000000	35.988792
3019.000000	36.234969
3020.000000	36.114141
3021.000000	36.095221
3022.000000	36.039869
3023.000000	36.210193
3024.000000	36.100624
3025.000000	36.123749
3026.000000	36.061926
3027.000000	36.057776
3028.000000	36.020307
3029.000000	36.314835
3030.000000	36.047792
3031.000000	36.094538
3032.000000	36.125912
3033.000000	36.144337
3034.000000	36.193155
3035.000000	36.364145
3036.000000	36.237050
3037.000000	36.171384
3038.000000	36.087835
3039.000000	36.264233
3040.000000	36.302037
3041.000000	36.348704
3042.000000	36.246082
3043.000000	36.260468
3044.000000	36.257423
3045.000000	36.280580
3046.000000	36.223913
3047.000000	36.159054
3048.000000	36.090243
3049.000000	36.385230
3050.000000	36.240078
3051.000000	36.029724
3052.000000	36.146708
3053.000000	36.141461
3054.000000	36.253397
3055.000000	36.041210
3056.000000	36.218791
3057.000000	35.919067
3058.000000	35.901615
3059.000000	36.051322
3060.000000	35.722378
3061.000000	36.027908
3062.000000	36.072965
3063.000000	36.048078
3064.000000	36.058893
3065.000000	35.902380
3066.000000	35.933291
3067.000000	35.759566
3068.000000	35.939655
3069.000000	35.760092
3070.000000	36.026720
3071.000000	35.932360
3072.000000	36.252226
3073.000000	36.055223
3074.000000	36.055261
3075.000000	36.098137
3076.000000	36.079138
3077.000000	36.053014
3078.000000	35.958902
3079.000000	35.932063
3080.000000	36.154105
3081.000000	36.008403
3082.000000	36.176191
3083.000000	36.116045
3084.000000	36.235386
3085.000000	36.244439
3086.000000	36.095638
3087.000000	36.195000
3088.000000	36.174867
3089.000000	35.993980
3090.000000	36.286497
3091.000000	36.193610
3092.000000	36.166059
3093.000000	35.971940
3094.000000	36.335609
3095.000000	36.354451
3096.000000	36.299183
3097.000000	36.332829
3098.000000	36.303481
3099.000000	36.337748
3100.000000	36.209457
3101.000000	36.280345
3102.000000	36.276815
3103.000000	36.367344
3104.000000	36.319299
3105.000000	36.341331
3106.000000	36.414627
3107.000000	36.296588
3108.000000	36.186125
3109.000000	36.132545
3110.000000	36.221000
3111.000000	36.339229
3112.000000	36.492445
3113.000000	36.245184
3114.000000	36.455650
3115.000000	36.424491
3116.000000	36.371481
3117.000000	36.281296
3118.000000	36.276915
3119.000000	36.306084
3120.000000	36.314462
3121.000000	36.240840
3122.000000	36.286969
3123.000000	36.446771
3124.000000	36.541619
3125.000000	36.474488
3126.000000	36.536220
3127.000000	36.423787
3128.000000	36.417643
3129.000000	36.349031
3130.000000	36.441914
3131.000000	36.293043
3132.000000	36.478953
3133.000000	36.459544
3134.000000	36.458646
3135.000000	36.476871
3136.000000	36.336077
3137.000000	36.429919
3138.000000	36.470293
3139.000000	36.473946
3140.000000	36.503629
3141.000000	36.198335
3142.000000	36.361675
3143.000000	36.381597
3144.000000	36.366392
3145.000000	36.450276
3146.000000	36.259144
3147.000000	36.212146
3148.000000	36.365713
3149.000000	36.461054
3150.000000	36.602498
3151.000000	36.510642
3152.000000	36.445335
3153.000000	36.631246
3154.000000	36.640600
3155.000000	36.545877
3156.000000	36.556887
3157.000000	36.455038
3158.000000	36.463023
3159.000000	36.418566
3160.000000	36.473636
3161.000000	36.490008
3162.000000	36.358597
3163.000000	36.376210
3164.000000	36.438455
3165.000000	36.241518
3166.000000	36.649943
3167.000000	36.467078
3168.000000	36.452899
3169.000000	36.476702
3170.000000	36.438455
3171.000000	36.357778
3172.000000	36.670204
3173.000000	36.417105
3174.000000	36.562493
3175.000000	36.401453
3176.000000	36.503256
3177.000000	36.483235
3178.000000	36.444173
3179.000000	36.457781
3180.000000	36.397622
3181.000000	36.461331
3182.000000	36.710640
3183.000000	36.403005
3184.000000	36.540399
3185.000000	36.568372
3186.000000	36.517315
3187.000000	36.536691
3188.000000	36.503260
3189.000000	36.429460
3190.000000	36.435832
3191.000000	36.410291
3192.000000	36.505184
3193.000000	36.472337
3194.000000	36.341567
3195.000000	36.434206
3196.000000	36.273166
3197.000000	36.428897
3198.000000	36.288173
3199.000000	36.412922
3200.000000	36.517738
3201.000000	36.378565
3202.000000	36.482561
3203.000000	36.399413
3204.000000	36.402430
3205.000000	36.273725
3206.000000	36.580623
3207.000000	36.485953
3208.000000	36.363591
3209.000000	36.588137
3210.000000	36.363670
3211.000000	36.604443
3212.000000	36.511746
3213.000000	36.422285
3214.000000	36.387411
3215.000000	36.448033
3216.000000	36.343483
3217.000000	36.404560
3218.000000	36.512706
3219.000000	36.329717
3220.000000	36.398876
3221.000000	36.364977
3222.000000	36.373980
3223.000000	36.453073
3224.000000	36.518917
3225.000000	36.364667
3226.000000	36.370724
3227.000000	36.319899
3228.000000	36.402372
3229.000000	36.400837
3230.000000	36.305124
3231.000000	36.487335
3232.000000	36.404548
3233.000000	36.447313
3234.000000	36.538255
3235.000000	36.466197
3236.000000	36.263774
3237.000000	36.377824
3238.000000	36.252218
3239.000000	36.315848
3240.000000	36.262255
3241.000000	36.253434
3242.000000	36.330884
3243.000000	36.206403
3244.000000	36.335568
3245.000000	36.138073
3246.000000	36.359892
3247.000000	36.154333
3248.000000	36.167879
3249.000000	36.161946
3250.000000	36.142057
3251.000000	36.389136
3252.000000	36.674896
3253.000000	36.492908
3254.000000	36.705865
3255.000000	36.568136
3256.000000	36.612283
3257.000000	36.663924
3258.000000	36.578716
3259.000000	36.674888
3260.000000	36.702572
3261.000000	36.540866
3262.000000	36.484244
3263.000000	36.491870
3264.000000	36.561694
3265.000000	36.588261
3266.000000	36.623777
3267.000000	36.567267
3268.000000	36.690441
3269.000000	36.640745
3270.000000	36.590557
3271.000000	36.665715
3272.000000	36.432828
3273.000000	36.550995
3274.000000	36.583114
3275.000000	36.535996
3276.000000	36.572067
3277.000000	36.470458
3278.000000	36.361559
3279.000000	36.643166
3280.000000	36.666265
3281.000000	36.851555
3282.000000	36.551462
3283.000000	36.548880
3284.000000	36.144424
3285.000000	36.355999
3286.000000	36.442865
3287.000000	36.795107
3288.000000	36.705807
3289.000000	36.407742
3290.000000	36.272835
3291.000000	36.417188
3292.000000	36.314533
3293.000000	36.200272
3294.000000	36.049336
3295.000000	36.245470
3296.000000	36.170846
3297.000000	36.161400
3298.000000	36.220206
3299.000000	36.347670
3300.000000	36.346325
3301.000000	36.104369
3302.000000	36.316010
3303.000000	36.388805
3304.000000	36.311769
3305.000000	36.475564
3306.000000	36.478766
3307.000000	36.308198
3308.000000	36.201327
3309.000000	36.201620
3310.000000	36.169857
3311.000000	36.200201
3312.000000	35.996367
3313.000000	36.130733
3314.000000	35.796332
3315.000000	36.101079
3316.000000	36.094099
3317.000000	36.238953
3318.000000	36.222664
3319.000000	36.314255
3320.000000	36.189493
3321.000000	36.304834
3322.000000	36.184884
3323.000000	36.328865
3324.000000	36.292670
3325.000000	36.274018
3326.000000	36.081017
3327.000000	36.114059
3328.000000	35.981750
3329.000000	36.025930
3330.000000	36.206449
3331.000000	36.187636
3332.000000	36.000902
3333.000000	36.150961
3334.000000	36.296373
3335.000000	36.184524
3336.000000	36.283224
3337.000000	36.254419
3338.000000	36.385702
3339.000000	36.205990
3340.000000	36.072373
3341.000000	36.149219
3342.000000	36.371477
3343.000000	36.131229
3344.000000	36.114758
3345.000000	36.231286
3346.000000	36.142086
3347.000000	36.284304
3348.000000	36.172679
3349.000000	36.340814
3350.000000	36.058674
3351.000000	36.189059
3352.000000	36.338671
3353.000000	36.218328
3354.000000	36.260733
3355.000000	36.343491
3356.000000	36.182153
3357.000000	36.113624
3358.000000	36.208762
3359.000000	36.212548
3360.000000	36.265872
3361.000000	36.324442
3362.000000	36.165864
3363.000000	36.195141
3364.000000	36.279885
3365.000000	36.127067
3366.000000	36.154453
3367.000000	36.210462
3368.000000	36.062696
3369.000000	36.261544
3370.000000	36.233413
3371.000000	36.199680
3372.000000	36.214426
3373.000000	36.328083
3374.000000	36.381721
3375.000000	36.410862
3376.000000	36.772483
3377.000000	36.873645
3378.000000	36.760509
3379.000000	36.393170
3380.000000	36.172008
3381.000000	36.257907
3382.000000	36.166195
3383.000000	36.072154
3384.000000	35.999988
3385.000000	36.164371
3386.000000	35.953015
3387.000000	36.262011
3388.000000	36.211228
3389.000000	36.176626
3390.000000	36.257841
3391.000000	36.253405
3392.000000	36.163766
3393.000000	36.169398
3394.000000	36.217471
3395.000000	36.181210
3396.000000	36.066519
3397.000000	36.172612
3398.000000	36.081219
3399.000000	36.237224
3400.000000	36.216706
3401.000000	36.204856
3402.000000	36.055116
3403.000000	36.161503
3404.000000	36.017978
3405.000000	35.994303
3406.000000	36.005789
3407.000000	36.099681
3408.000000	36.032955
3409.000000	36.051272
3410.000000	35.993388
3411.000000	36.119305
3412.000000	36.074339
3413.000000	36.240343
3414.000000	36.014088
3415.000000	36.254460
3416.000000	36.333706
3417.000000	36.282827
3418.000000	36.362842
3419.000000	36.494290
3420.000000	36.294950
3421.000000	36.284304
3422.000000	36.288773
3423.000000	36.293634
3424.000000	36.136389
3425.000000	36.260460
3426.000000	36.099590
3427.000000	36.057718
3428.000000	36.098957
3429.000000	36.110612
3430.000000	35.969014
3431.000000	36.228601
3432.000000	35.905492
3433.000000	36.105655
3434.000000	36.175422
3435.000000	36.216035
3436.000000	36.168748
3437.000000	36.119615
3438.000000	36.005031
3439.000000	35.947384
3440.000000	35.580487
3441.000000	35.621945
3442.000000	35.834091
3443.000000	36.083056
3444.000000	36.884419
3445.000000	37.097579
3446.000000	36.729329
3447.000000	36.463636
3448.000000	36.225767
3449.000000	36.434735
3450.000000	36.398193
3451.000000	36.351327
3452.000000	36.244646
3453.000000	36.359404
3454.000000	36.203966
3455.000000	36.339531
3456.000000	36.298525
3457.000000	36.351133
3458.000000	36.267092
3459.000000	36.425794
3460.000000	36.370968
3461.000000	36.232031
3462.000000	36.341124
3463.000000	36.415326
3464.000000	36.381436
3465.000000	36.357501
3466.000000	36.251457
3467.000000	36.409343
3468.000000	36.342560
3469.000000	36.474459
3470.000000	36.304036
3471.000000	36.322332
3472.000000	36.450152
3473.000000	36.401581
3474.000000	36.363686
3475.000000	36.493471
3476.000000	36.672869
3477.000000	36.335125
3478.000000	36.464575
3479.000000	36.424371
3480.000000	36.300842
3481.000000	36.567185
3482.000000	36.460950
3483.000000	36.730438
3484.000000	36.613190
3485.000000	36.711393
3486.000000	36.512433
3487.000000	36.072468
3488.000000	35.745503
3489.000000	35.672931
3490.000000	36.018797
3491.000000	36.279343
3492.000000	36.266827
3493.000000	36.210168
3494.000000	36.050474
3495.000000	36.231286
3496.000000	36.227351
3497.000000	36.307110
3498.000000	35.959958
3499.000000	36.028359
3500.000000	36.313453
3501.000000	36.117637
3502.000000	36.330226
3503.000000	36.232176
3504.000000	36.445112
3505.000000	36.356106
3506.000000	36.347368
3507.000000	36.257638
3508.000000	36.330768
3509.000000	36.341397
3510.000000	36.456978
3511.000000	36.544337
3512.000000	36.238572
3513.000000	36.363305
3514.000000	36.406195
3515.000000	36.445985
3516.000000	36.386968
3517.000000	36.444400
3518.000000	36.259003
3519.000000	36.519012
3520.000000	36.279451
3521.000000	36.280307
3522.000000	36.470909
3523.000000	36.580619
3524.000000	36.483897
3525.000000	36.514399
3526.000000	36.479668
3527.000000	36.641838
3528.000000	36.377919
3529.000000	36.515503
3530.000000	36.539244
3531.000000	36.472751
3532.000000	36.513985
3533.000000	36.386227
3534.000000	36.216284
3535.000000	36.250873
3536.000000	35.944624
3537.000000	36.074140
3538.000000	35.941628
3539.000000	36.139004
3540.000000	35.972999
3541.000000	35.973115
3542.000000	36.182762
3543.000000	36.073010
3544.000000	36.097351
3545.000000	36.217732
3546.000000	36.286509
3547.000000	36.384775
3548.000000	36.054408
3549.000000	36.227918
3550.000000	36.308686
3551.000000	36.209962
3552.000000	36.203006
3553.000000	36.180085
3554.000000	36.425252
3555.000000	36.348125
3556.000000	36.276319
3557.000000	36.488804
3558.000000	36.456060
3559.000000	36.419257
3560.000000	36.316581
3561.000000	36.482072
3562.000000	36.482110
3563.000000	36.526000
3564.000000	36.433978
3565.000000	36.312749
3566.000000	36.530605
3567.000000	36.487232
3568.000000	36.518044
3569.000000	36.579804
3570.000000	36.455150
3571.000000	36.366748
3572.000000	36.429220
3573.000000	36.411830
3574.000000	36.294189
3575.000000	35.937917
3576.000000	36.068480
3577.000000	35.867220
3578.000000	35.777308
3579.000000	35.859375
3580.000000	35.926547
3581.000000	35.989570
3582.000000	36.051814
3583.000000	35.904403
3584.000000	36.077458
3585.000000	35.991808
3586.000000	36.118250
3587.000000	36.238374
3588.000000	36.195654
3589.000000	36.203333
3590.000000	36.467061
3591.000000	36.273431
3592.000000	36.638743
3593.000000	36.732383
3594.000000	36.973859
3595.000000	36.756388
3596.000000	36.845655
3597.000000	36.233429
3598.000000	35.116819
