0.000000	31.686305
1.000000	32.194880
2.000000	31.992641
3.000000	31.732165
4.000000	31.559336
5.000000	31.828018
6.000000	32.398201
7.000000	32.998254
8.000000	32.900448
9.000000	32.809866
10.000000	32.622931
11.000000	32.574771
12.000000	32.694309
13.000000	32.726055
14.000000	32.497540
15.000000	32.679624
16.000000	32.538493
17.000000	32.662295
18.000000	32.494573
19.000000	32.706478
20.000000	32.541124
21.000000	32.570083
22.000000	32.642411
23.000000	32.645937
24.000000	32.521939
25.000000	32.571932
26.000000	32.715801
27.000000	32.686188
28.000000	32.806348
29.000000	32.524958
30.000000	32.313280
36.000000	32.413968
37.000000	32.530017
38.000000	32.600272
39.000000	32.471348
40.000000	32.470785
41.000000	32.599709
42.000000	32.604796
43.000000	32.619270
44.000000	32.577957
45.000000	32.549693
46.000000	32.450721
47.000000	32.521281
48.000000	32.516593
49.000000	32.577993
50.000000	32.569425
51.000000	32.437633
52.000000	32.468705
53.000000	32.548882
54.000000	32.545101
55.000000	32.465670
56.000000	32.508931
57.000000	32.381663
58.000000	32.481114
59.000000	32.412763
60.000000	32.567416
61.000000	32.486093
62.000000	32.428949
63.000000	32.407049
64.000000	32.561787
65.000000	32.559319
66.000000	32.570555
67.000000	32.550387
68.000000	32.499916
69.000000	32.555083
70.000000	32.484891
71.000000	32.444417
72.000000	32.510860
73.000000	32.474522
74.000000	32.496729
75.000000	32.407029
76.000000	32.568602
77.000000	32.424525
78.000000	32.449723
79.000000	32.428234
80.000000	32.564494
81.000000	32.537467
82.000000	32.566738
83.000000	32.470749
84.000000	32.575326
85.000000	32.556959
86.000000	32.516701
87.000000	32.642695
88.000000	32.507973
89.000000	32.419115
90.000000	32.589113
91.000000	32.561016
92.000000	32.588438
93.000000	32.378038
94.000000	32.480739
95.000000	32.565687
96.000000	32.649894
97.000000	32.475835
98.000000	32.599677
99.000000	32.454998
100.000000	32.541052
101.000000	32.501265
102.000000	32.488289
103.000000	32.651143
104.000000	32.566610
105.000000	32.364686
106.000000	32.462540
107.000000	32.321557
108.000000	32.621797
109.000000	32.375762
110.000000	32.453656
111.000000	32.436699
112.000000	32.355659
113.000000	32.360223
114.000000	32.500782
115.000000	32.480774
116.000000	32.331962
117.000000	32.208739
118.000000	32.455529
119.000000	32.192405
120.000000	32.316127
121.000000	32.396928
122.000000	32.436982
123.000000	32.166265
124.000000	32.224287
125.000000	32.225061
126.000000	32.137880
127.000000	32.249576
128.000000	32.309180
129.000000	32.296906
130.000000	32.165195
131.000000	32.206902
132.000000	32.210815
133.000000	32.124409
134.000000	32.208831
135.000000	32.204084
136.000000	32.093697
137.000000	32.224099
138.000000	32.259083
139.000000	32.016366
140.000000	32.092140
141.000000	31.953621
142.000000	31.978204
143.000000	31.988848
144.000000	32.070384
145.000000	32.140244
146.000000	32.115968
147.000000	32.239187
148.000000	32.111712
149.000000	32.219843
150.000000	32.007786
151.000000	32.147734
152.000000	32.054509
153.000000	32.089469
154.000000	32.200123
155.000000	32.128513
156.000000	32.129480
157.000000	32.175619
158.000000	32.178251
159.000000	32.087948
160.000000	32.150721
161.000000	32.259866
162.000000	32.119123
163.000000	32.151060
164.000000	32.239543
165.000000	32.259434
166.000000	32.209597
167.000000	32.210751
168.000000	32.315436
169.000000	32.315053
170.000000	32.235382
171.000000	32.387042
172.000000	32.247548
173.000000	32.565943
174.000000	32.627738
175.000000	32.642982
176.000000	32.508308
177.000000	32.481709
178.000000	32.619749
179.000000	32.436284
180.000000	32.644176
181.000000	32.680382
182.000000	32.663996
183.000000	32.619757
184.000000	32.701120
185.000000	32.904509
186.000000	33.015950
187.000000	32.776008
188.000000	32.948329
189.000000	33.182753
190.000000	33.106752
191.000000	33.058967
192.000000	33.289546
193.000000	33.300722
194.000000	33.234690
195.000000	33.398316
196.000000	33.334121
197.000000	33.415245
198.000000	33.558779
199.000000	33.583023
200.000000	33.539829
201.000000	33.535457
202.000000	33.669960
203.000000	33.629346
204.000000	33.703131
205.000000	33.696292
206.000000	33.689836
207.000000	33.564572
208.000000	33.715716
209.000000	33.675745
210.000000	33.675019
211.000000	33.725323
212.000000	33.689632
213.000000	33.598307
214.000000	33.511697
215.000000	33.726465
216.000000	33.642226
217.000000	33.837003
218.000000	33.758299
219.000000	33.681052
220.000000	33.677266
221.000000	33.752637
222.000000	33.690167
223.000000	33.625389
224.000000	33.765493
225.000000	33.717808
226.000000	33.705870
227.000000	33.727115
228.000000	33.771566
229.000000	33.580850
230.000000	33.642290
231.000000	33.693469
232.000000	33.600551
233.000000	33.651090
234.000000	33.566952
235.000000	33.504051
236.000000	33.608444
237.000000	33.553085
238.000000	33.658960
239.000000	33.589642
240.000000	33.515805
241.000000	33.570042
242.000000	33.512871
243.000000	33.485089
244.000000	33.598977
245.000000	33.658660
246.000000	33.656173
247.000000	33.452317
248.000000	33.563442
249.000000	33.509888
250.000000	33.498880
251.000000	33.365428
252.000000	33.564277
253.000000	33.532658
254.000000	33.531253
255.000000	33.426141
256.000000	33.454972
257.000000	33.531301
258.000000	33.486299
259.000000	33.402065
260.000000	33.402488
261.000000	33.384848
262.000000	33.538272
263.000000	33.599772
264.000000	33.437265
265.000000	33.477028
266.000000	33.517267
267.000000	33.390139
268.000000	33.466052
269.000000	33.287330
270.000000	33.617248
271.000000	33.380923
272.000000	33.500126
273.000000	33.384082
274.000000	33.430357
275.000000	33.424300
276.000000	33.353350
277.000000	33.243798
278.000000	33.450952
279.000000	33.372247
280.000000	33.296865
281.000000	33.481644
282.000000	33.338521
283.000000	33.211113
284.000000	33.323927
285.000000	33.446667
286.000000	33.330787
287.000000	33.210423
288.000000	33.205364
289.000000	33.261342
290.000000	33.385998
291.000000	33.181787
292.000000	33.314900
293.000000	33.275280
294.000000	33.264927
295.000000	33.404125
296.000000	33.295903
297.000000	33.227631
298.000000	33.282986
299.000000	33.193302
300.000000	33.437895
301.000000	33.240084
302.000000	33.231496
303.000000	32.955803
304.000000	32.802260
305.000000	32.942276
306.000000	33.058843
307.000000	33.103789
308.000000	33.162518
309.000000	32.930254
310.000000	33.025644
311.000000	33.151011
312.000000	33.200109
313.000000	33.197087
314.000000	32.946620
315.000000	33.005720
316.000000	32.960982
317.000000	32.895342
318.000000	32.953440
319.000000	32.964476
320.000000	32.842139
321.000000	32.817029
322.000000	32.867784
323.000000	32.924293
324.000000	32.841512
325.000000	32.917066
326.000000	32.929527
327.000000	32.950078
328.000000	32.947646
329.000000	32.864654
330.000000	33.148635
331.000000	32.835850
332.000000	33.091847
333.000000	32.999619
334.000000	33.058556
335.000000	32.909212
336.000000	33.125649
337.000000	33.172017
338.000000	33.334424
339.000000	33.203695
340.000000	33.261122
341.000000	33.171019
342.000000	33.210311
343.000000	33.295092
344.000000	32.903251
345.000000	33.246788
346.000000	33.045168
347.000000	33.119728
348.000000	33.172707
349.000000	33.254678
350.000000	33.343420
351.000000	33.190295
352.000000	32.995144
353.000000	32.919993
354.000000	33.070746
355.000000	33.179938
356.000000	33.181268
357.000000	33.254207
358.000000	33.326032
359.000000	33.276450
360.000000	33.415165
361.000000	33.172644
362.000000	33.219742
363.000000	33.174321
364.000000	33.337734
365.000000	33.193354
366.000000	33.067340
367.000000	33.097261
368.000000	33.273799
369.000000	33.209540
370.000000	33.166191
371.000000	33.175127
372.000000	33.187568
373.000000	33.235090
374.000000	33.157495
375.000000	33.146032
376.000000	33.144319
377.000000	33.178996
378.000000	33.133263
379.000000	33.154844
380.000000	33.125773
381.000000	33.211057
382.000000	33.039734
383.000000	33.111503
384.000000	33.150764
385.000000	33.359710
386.000000	33.139680
387.000000	33.144798
388.000000	33.208642
389.000000	33.198728
390.000000	33.227040
391.000000	33.010675
392.000000	33.079597
393.000000	33.221934
394.000000	33.203052
395.000000	33.014724
396.000000	33.098371
397.000000	33.017802
398.000000	33.050566
399.000000	32.989845
400.000000	32.972130
401.000000	33.054607
402.000000	33.081051
403.000000	33.027888
404.000000	33.106600
405.000000	33.090242
406.000000	33.217741
407.000000	33.169449
408.000000	32.995391
409.000000	32.892355
410.000000	32.883467
411.000000	32.692943
412.000000	33.028227
413.000000	33.077857
414.000000	33.006806
415.000000	32.858733
416.000000	32.951160
417.000000	33.003963
418.000000	33.054132
419.000000	32.981568
420.000000	32.868778
421.000000	32.924489
422.000000	33.062644
423.000000	32.930066
424.000000	32.918384
425.000000	32.932147
426.000000	33.043304
427.000000	33.066949
428.000000	32.875458
429.000000	33.041978
430.000000	32.929819
431.000000	32.915984
432.000000	32.828588
433.000000	32.910590
434.000000	32.824942
435.000000	32.920176
436.000000	32.978618
437.000000	32.791667
438.000000	32.755333
439.000000	32.813667
440.000000	32.856445
441.000000	32.904409
442.000000	32.812517
443.000000	32.628337
444.000000	32.792677
445.000000	32.659828
446.000000	32.913740
447.000000	32.781266
448.000000	32.690424
449.000000	32.641118
450.000000	32.806799
451.000000	32.547006
452.000000	32.726458
453.000000	32.525920
454.000000	32.651279
455.000000	32.614187
456.000000	32.495723
457.000000	32.497608
458.000000	32.469994
459.000000	32.458655
460.000000	32.416176
461.000000	32.391386
462.000000	32.370280
463.000000	32.287950
464.000000	32.370584
465.000000	32.359803
466.000000	32.415729
467.000000	32.336558
468.000000	32.532468
469.000000	32.288865
470.000000	32.439881
471.000000	32.347266
472.000000	32.464392
473.000000	32.665322
474.000000	32.468090
475.000000	32.514956
476.000000	32.353020
477.000000	32.450586
478.000000	32.439725
479.000000	32.409748
480.000000	32.442329
481.000000	32.405580
482.000000	32.565711
483.000000	32.307766
484.000000	32.331467
485.000000	32.532859
486.000000	32.573425
487.000000	32.341624
488.000000	32.336614
489.000000	32.280835
490.000000	32.494677
491.000000	32.418740
492.000000	32.310789
493.000000	32.417266
494.000000	32.391573
495.000000	32.274982
496.000000	32.454574
497.000000	32.334961
498.000000	32.604225
499.000000	32.489423
500.000000	32.591684
501.000000	32.442680
502.000000	32.565783
503.000000	32.467547
504.000000	32.537431
505.000000	32.548982
506.000000	32.503110
507.000000	32.408650
508.000000	32.347901
509.000000	32.565915
510.000000	32.592638
511.000000	32.291324
512.000000	32.367537
513.000000	32.472114
514.000000	32.491100
515.000000	32.540442
516.000000	32.399635
517.000000	32.368543
518.000000	32.270930
519.000000	32.355503
520.000000	32.414040
521.000000	32.348460
522.000000	32.452877
523.000000	32.475780
524.000000	32.251505
525.000000	32.388463
526.000000	32.288398
527.000000	32.317169
528.000000	32.271744
529.000000	32.427951
530.000000	32.340275
531.000000	32.263555
532.000000	32.296946
533.000000	32.283427
534.000000	32.160347
535.000000	32.143909
536.000000	32.234232
537.000000	32.167570
538.000000	32.181313
539.000000	32.217767
540.000000	32.090203
541.000000	32.131017
542.000000	32.000060
543.000000	32.046587
544.000000	32.123395
545.000000	32.003366
546.000000	32.048603
547.000000	32.132889
548.000000	32.112063
549.000000	32.107136
550.000000	32.061999
551.000000	32.092599
552.000000	32.019133
553.000000	32.106853
554.000000	32.161342
555.000000	32.149375
556.000000	31.955286
557.000000	31.974503
558.000000	31.970602
559.000000	31.889270
560.000000	31.895395
561.000000	31.925955
562.000000	31.903780
563.000000	31.908966
564.000000	31.947081
565.000000	31.775949
566.000000	32.037316
567.000000	31.828206
568.000000	31.710660
569.000000	31.925732
570.000000	31.807048
571.000000	31.736665
572.000000	31.768459
573.000000	31.770555
574.000000	31.903017
575.000000	31.895028
576.000000	31.853867
577.000000	31.858203
578.000000	31.908799
579.000000	31.876849
580.000000	31.868049
581.000000	31.839273
582.000000	31.961910
583.000000	31.756948
584.000000	31.746119
585.000000	31.955932
586.000000	31.805108
587.000000	31.734553
588.000000	31.861637
589.000000	31.917467
590.000000	31.920561
591.000000	31.804197
592.000000	31.814998
593.000000	31.940696
594.000000	31.881197
595.000000	31.744263
596.000000	31.720882
597.000000	31.837844
598.000000	31.800289
599.000000	31.738258
600.000000	31.868911
601.000000	31.785607
602.000000	31.849431
603.000000	31.857540
604.000000	31.705158
605.000000	31.766095
606.000000	31.806338
607.000000	31.859716
608.000000	31.705474
609.000000	31.734880
610.000000	31.723748
611.000000	31.700842
612.000000	31.765532
613.000000	31.730995
614.000000	31.742115
615.000000	31.744894
616.000000	31.760904
617.000000	31.715140
618.000000	31.675389
619.000000	31.636104
620.000000	31.624462
621.000000	31.757519
622.000000	31.689643
623.000000	31.628881
624.000000	31.722283
625.000000	31.576896
626.000000	31.607237
627.000000	31.704467
628.000000	31.582043
629.000000	31.584846
630.000000	31.684524
631.000000	31.521565
632.000000	31.522100
633.000000	31.570879
634.000000	31.549758
635.000000	31.860475
636.000000	31.710325
637.000000	31.621623
638.000000	31.727661
639.000000	31.680511
640.000000	31.550217
641.000000	31.647499
642.000000	31.656699
643.000000	31.576198
644.000000	31.521122
645.000000	31.614755
646.000000	31.546164
647.000000	31.497761
648.000000	31.522268
649.000000	31.498827
650.000000	31.473014
651.000000	31.596548
652.000000	31.574976
653.000000	31.664756
654.000000	31.652103
655.000000	31.444861
656.000000	31.586910
657.000000	31.477474
658.000000	31.616776
659.000000	31.437587
660.000000	31.531763
661.000000	31.632104
662.000000	31.699876
663.000000	31.586631
664.000000	31.652267
665.000000	31.772763
666.000000	31.631489
667.000000	31.508773
668.000000	31.653836
669.000000	31.554377
670.000000	31.566998
671.000000	31.672785
672.000000	31.486130
673.000000	31.681957
674.000000	31.767992
675.000000	31.586507
676.000000	31.621279
677.000000	31.559756
678.000000	31.664361
679.000000	31.493497
680.000000	31.685642
681.000000	31.557192
682.000000	31.671731
683.000000	31.666816
684.000000	31.589489
685.000000	31.632698
686.000000	31.813389
687.000000	31.777151
688.000000	31.586004
689.000000	31.790590
690.000000	31.596940
691.000000	31.613138
692.000000	31.617223
693.000000	31.514794
694.000000	31.532190
695.000000	31.456879
696.000000	31.693551
697.000000	31.680547
698.000000	31.578741
699.000000	31.562243
700.000000	31.682935
701.000000	31.580202
702.000000	31.486421
703.000000	31.613142
704.000000	31.737335
705.000000	31.509787
706.000000	31.601372
707.000000	31.537009
708.000000	31.555424
709.000000	31.615610
710.000000	31.627057
711.000000	31.558051
712.000000	31.644377
713.000000	31.567665
714.000000	31.490738
715.000000	31.580725
716.000000	31.475957
717.000000	31.468342
718.000000	31.569043
719.000000	31.527650
720.000000	31.232749
721.000000	31.477773
722.000000	31.482656
723.000000	31.491884
724.000000	31.452208
725.000000	31.345750
726.000000	31.388368
727.000000	31.416936
728.000000	31.474950
729.000000	31.357513
730.000000	31.435351
731.000000	31.357034
732.000000	31.454324
733.000000	31.196143
734.000000	31.579683
735.000000	31.239796
736.000000	31.471325
737.000000	31.281252
738.000000	31.433873
739.000000	31.405841
740.000000	31.283855
741.000000	31.355668
742.000000	31.346485
743.000000	31.173640
744.000000	31.350482
745.000000	31.371447
746.000000	31.363837
747.000000	31.280282
748.000000	31.347176
749.000000	31.396562
750.000000	31.412640
751.000000	31.295446
752.000000	31.246392
753.000000	31.353951
754.000000	31.553136
755.000000	31.149944
756.000000	31.260977
757.000000	31.293230
758.000000	31.412672
759.000000	31.311928
760.000000	31.359984
761.000000	31.312603
762.000000	31.420861
763.000000	31.342516
764.000000	31.173581
765.000000	31.244100
766.000000	31.283827
767.000000	31.328953
768.000000	31.262167
769.000000	31.352602
770.000000	31.339378
771.000000	31.331353
772.000000	31.175665
773.000000	31.246452
774.000000	31.383781
775.000000	31.268284
776.000000	31.283416
777.000000	31.176579
778.000000	31.202352
779.000000	31.224827
780.000000	31.342009
781.000000	31.205359
782.000000	31.311094
783.000000	31.292308
784.000000	31.309980
785.000000	31.317570
786.000000	31.352586
787.000000	31.197293
788.000000	31.235300
789.000000	31.327192
790.000000	31.236590
791.000000	31.156068
792.000000	31.315178
793.000000	31.423740
794.000000	31.198283
795.000000	31.257978
796.000000	31.261360
797.000000	31.284702
798.000000	31.361006
799.000000	31.164098
800.000000	31.210062
801.000000	31.218191
802.000000	31.306606
803.000000	31.322537
804.000000	31.361298
805.000000	31.166282
806.000000	31.229283
807.000000	31.415491
808.000000	31.341614
809.000000	31.264531
810.000000	31.503303
811.000000	31.396765
812.000000	31.252928
813.000000	31.441232
814.000000	31.434069
815.000000	31.294352
816.000000	31.383202
817.000000	31.464354
818.000000	31.461519
819.000000	31.439870
820.000000	31.638560
821.000000	31.477055
822.000000	31.648222
823.000000	31.473054
824.000000	31.368652
825.000000	31.547630
826.000000	31.502612
827.000000	31.529567
828.000000	31.561816
829.000000	31.600685
830.000000	31.613146
831.000000	31.579312
832.000000	31.580095
833.000000	31.595850
834.000000	31.667555
835.000000	31.688932
836.000000	31.601120
837.000000	31.760158
838.000000	31.663051
839.000000	31.669927
840.000000	31.744075
841.000000	31.791572
842.000000	31.806150
843.000000	31.837764
844.000000	31.774587
845.000000	31.888671
846.000000	31.774831
847.000000	31.801658
848.000000	31.815505
849.000000	31.840423
850.000000	31.828293
851.000000	31.953589
852.000000	31.770994
853.000000	31.920980
854.000000	31.996347
855.000000	31.947336
856.000000	31.870233
857.000000	31.932643
858.000000	31.890688
859.000000	31.921503
860.000000	32.018359
861.000000	32.059995
862.000000	31.949596
863.000000	31.964996
864.000000	32.057467
865.000000	32.086614
866.000000	32.118839
867.000000	31.980603
868.000000	32.170425
869.000000	31.982260
870.000000	31.936608
871.000000	32.042275
872.000000	31.986010
873.000000	32.110710
874.000000	32.125008
875.000000	32.227305
876.000000	32.134918
877.000000	32.118951
878.000000	32.346687
879.000000	32.160411
880.000000	32.135453
881.000000	32.383831
882.000000	32.256396
883.000000	32.012174
884.000000	32.173008
885.000000	32.165921
886.000000	32.205477
887.000000	32.343297
888.000000	32.335995
889.000000	32.099942
890.000000	32.268254
891.000000	32.313276
892.000000	32.138659
893.000000	32.173615
894.000000	32.342080
895.000000	32.337352
896.000000	32.287647
897.000000	32.346835
898.000000	32.262397
899.000000	32.212704
900.000000	32.271848
901.000000	32.299414
902.000000	32.278368
903.000000	32.347753
904.000000	32.257770
905.000000	32.213965
906.000000	32.281462
907.000000	32.235658
908.000000	32.346927
909.000000	32.275605
910.000000	32.426845
911.000000	32.300631
912.000000	32.260217
913.000000	32.296287
914.000000	32.327953
915.000000	32.327730
916.000000	32.204167
917.000000	32.190508
918.000000	32.315604
919.000000	32.180998
920.000000	32.136367
921.000000	32.291815
922.000000	32.279981
923.000000	32.049797
924.000000	32.120308
925.000000	32.245987
926.000000	32.272519
927.000000	32.359795
928.000000	32.245588
929.000000	32.228299
930.000000	32.147127
931.000000	32.191063
932.000000	32.110818
933.000000	32.067649
934.000000	32.114755
935.000000	32.215622
936.000000	32.124102
937.000000	31.963770
938.000000	32.233430
939.000000	32.188572
940.000000	32.098101
941.000000	32.214005
942.000000	32.361297
943.000000	32.061480
944.000000	32.335727
945.000000	32.214860
946.000000	32.295920
947.000000	32.131827
948.000000	32.236037
949.000000	32.322539
950.000000	32.247145
951.000000	32.251768
952.000000	32.220849
953.000000	32.227313
954.000000	32.546666
955.000000	32.224179
956.000000	32.333575
957.000000	32.356745
958.000000	32.334725
959.000000	32.292326
960.000000	32.404114
961.000000	32.472885
962.000000	32.338071
963.000000	32.437569
964.000000	32.355120
965.000000	32.355036
966.000000	32.325222
967.000000	32.283602
968.000000	32.540485
969.000000	32.509586
970.000000	32.403176
971.000000	32.341069
972.000000	32.435262
973.000000	32.497859
974.000000	32.395163
975.000000	32.458858
976.000000	32.399607
977.000000	32.570279
978.000000	32.509019
979.000000	32.423503
980.000000	32.480084
981.000000	32.293504
982.000000	32.413238
983.000000	32.315572
984.000000	32.402421
985.000000	32.449284
986.000000	32.603287
987.000000	32.468181
988.000000	32.334897
989.000000	32.537906
990.000000	32.473955
991.000000	32.378908
992.000000	32.227876
993.000000	32.378258
994.000000	32.454670
995.000000	32.413801
996.000000	32.471723
997.000000	32.486197
998.000000	32.437513
999.000000	32.434914
1000.000000	32.344495
1001.000000	32.744721
1002.000000	32.612023
1003.000000	32.564462
1004.000000	32.407680
1005.000000	32.438136
1006.000000	32.548886
1007.000000	32.364535
1008.000000	32.473420
1009.000000	32.507753
1010.000000	32.502451
1011.000000	32.400194
1012.000000	32.452298
1013.000000	32.471679
1014.000000	32.395706
1015.000000	32.547680
1016.000000	32.456978
1017.000000	32.600252
1018.000000	32.562685
1019.000000	32.502112
1020.000000	32.597853
1021.000000	32.562262
1022.000000	32.606573
1023.000000	32.541803
1024.000000	32.556221
1025.000000	32.625187
1026.000000	32.602792
1027.000000	32.456127
1028.000000	32.468928
1029.000000	32.524215
1030.000000	32.526192
1031.000000	32.608717
1032.000000	32.663186
1033.000000	32.586230
1034.000000	32.514673
1035.000000	32.475975
1036.000000	32.552839
1037.000000	32.507322
1038.000000	32.675343
1039.000000	32.468988
1040.000000	32.506500
1041.000000	32.635332
1042.000000	32.582377
1043.000000	32.528212
1044.000000	32.575997
1045.000000	32.633152
1046.000000	32.700501
1047.000000	32.472753
1048.000000	32.544047
1049.000000	32.390060
1050.000000	32.395239
1051.000000	32.478942
1052.000000	32.467103
1053.000000	32.609571
1054.000000	32.531406
1055.000000	32.655959
1056.000000	32.422804
1057.000000	32.544382
1058.000000	32.686914
1059.000000	32.494869
1060.000000	32.566219
1061.000000	32.593277
1062.000000	32.518865
1063.000000	32.481006
1064.000000	32.459234
1065.000000	32.610350
1066.000000	32.487901
1067.000000	32.523608
1068.000000	32.574459
1069.000000	32.639197
1070.000000	32.487630
1071.000000	32.460132
1072.000000	32.280153
1073.000000	32.493387
1074.000000	32.333739
1075.000000	32.369769
1076.000000	32.484635
1077.000000	32.547497
1078.000000	32.382845
1079.000000	32.339624
1080.000000	32.367142
1081.000000	32.428035
1082.000000	32.436292
1083.000000	32.417426
1084.000000	32.385976
1085.000000	32.502499
1086.000000	32.468469
1087.000000	32.564310
1088.000000	32.428450
1089.000000	32.394855
1090.000000	32.479764
1091.000000	32.567197
1092.000000	32.533562
1093.000000	32.566690
1094.000000	32.382015
1095.000000	32.425304
1096.000000	32.474282
1097.000000	32.437965
1098.000000	32.507374
1099.000000	32.671287
1100.000000	32.543201
1101.000000	32.398900
1102.000000	32.670169
1103.000000	32.578137
1104.000000	32.537080
1105.000000	32.425859
1106.000000	32.475384
1107.000000	32.549577
1108.000000	32.510816
1109.000000	32.569588
1110.000000	32.585384
1111.000000	32.531506
1112.000000	32.524774
1113.000000	32.553198
1114.000000	32.613903
1115.000000	32.524519
1116.000000	32.510221
1117.000000	32.717538
1118.000000	32.392176
1119.000000	32.507985
1120.000000	32.591373
1121.000000	32.421706
1122.000000	32.595521
1123.000000	32.635839
1124.000000	32.620823
1125.000000	32.611528
1126.000000	32.603015
1127.000000	32.526559
1128.000000	32.445950
1129.000000	32.608278
1130.000000	32.632661
1131.000000	32.552927
1132.000000	32.670053
1133.000000	32.647079
1134.000000	32.693566
1135.000000	32.524311
1136.000000	32.764101
1137.000000	32.531618
1138.000000	32.584445
1139.000000	32.552268
1140.000000	32.580488
1141.000000	32.692272
1142.000000	32.745946
1143.000000	32.696077
1144.000000	32.508172
1145.000000	32.696553
1146.000000	32.686878
1147.000000	32.684131
1148.000000	32.700070
1149.000000	32.641733
1150.000000	32.892084
1151.000000	32.637876
1152.000000	32.605958
1153.000000	32.791847
1154.000000	32.561743
1155.000000	32.782049
1156.000000	32.758084
1157.000000	32.637161
1158.000000	32.834281
1159.000000	32.660538
1160.000000	32.784931
1161.000000	32.878812
1162.000000	32.678873
1163.000000	32.754427
1164.000000	32.858828
1165.000000	32.758987
1166.000000	32.715853
1167.000000	32.864774
1168.000000	32.810716
1169.000000	32.793751
1170.000000	32.754595
1171.000000	32.821497
1172.000000	32.778607
1173.000000	32.883663
1174.000000	33.053816
1175.000000	32.893557
1176.000000	32.801461
1177.000000	33.027584
1178.000000	33.017746
1179.000000	32.947598
1180.000000	32.831319
1181.000000	32.957600
1182.000000	32.845313
1183.000000	33.003788
1184.000000	32.953943
1185.000000	32.837799
1186.000000	33.141636
1187.000000	32.917777
1188.000000	33.045360
1189.000000	32.975368
1190.000000	32.855654
1191.000000	33.028886
1192.000000	32.880425
1193.000000	32.912379
1194.000000	33.058037
1195.000000	32.967354
1196.000000	32.891010
1197.000000	32.858178
1198.000000	33.070047
1199.000000	32.935425
1200.000000	33.008803
1201.000000	32.821145
1202.000000	32.960072
1203.000000	32.906996
1204.000000	32.939753
1205.000000	32.923786
1206.000000	33.001640
1207.000000	32.981640
1208.000000	32.840933
1209.000000	32.845796
1210.000000	33.039766
1211.000000	32.823577
1212.000000	32.866666
1213.000000	32.982910
1214.000000	32.969155
1215.000000	32.930222
1216.000000	33.039223
1217.000000	33.053218
1218.000000	32.986623
1219.000000	32.862857
1220.000000	32.968500
1221.000000	33.128492
1222.000000	33.008922
1223.000000	33.067507
1224.000000	33.017104
1225.000000	33.072866
1226.000000	33.045887
1227.000000	33.090282
1228.000000	33.061231
1229.000000	32.916886
1230.000000	32.991678
1231.000000	32.879115
1232.000000	32.849733
1233.000000	33.170631
1234.000000	33.079430
1235.000000	32.996817
1236.000000	32.935980
1237.000000	32.984862
1238.000000	33.030599
1239.000000	32.908685
1240.000000	32.933552
1241.000000	32.955548
1242.000000	33.072590
1243.000000	32.837819
1244.000000	32.827098
1245.000000	32.994361
1246.000000	32.981001
1247.000000	32.959932
1248.000000	32.965637
1249.000000	32.865368
1250.000000	32.998374
1251.000000	32.947590
1252.000000	32.829238
1253.000000	32.873306
1254.000000	32.852995
1255.000000	33.004339
1256.000000	32.875777
1257.000000	32.988767
1258.000000	32.931584
1259.000000	32.823146
1260.000000	32.720892
1261.000000	32.906050
1262.000000	32.870499
1263.000000	32.951611
1264.000000	32.905723
1265.000000	32.921474
1266.000000	32.799433
1267.000000	32.866534
1268.000000	32.764820
1269.000000	32.820339
1270.000000	32.835794
1271.000000	32.761055
1272.000000	32.708495
1273.000000	32.631883
1274.000000	32.909576
1275.000000	32.642675
1276.000000	32.867692
1277.000000	32.921789
1278.000000	32.738133
1279.000000	32.769611
1280.000000	32.728343
1281.000000	32.787363
1282.000000	32.965374
1283.000000	32.745922
1284.000000	32.858573
1285.000000	32.840063
1286.000000	32.803897
1287.000000	32.807227
1288.000000	32.882709
1289.000000	32.843564
1290.000000	32.917266
1291.000000	32.733413
1292.000000	32.830820
1293.000000	32.806392
1294.000000	32.834609
1295.000000	32.862027
1296.000000	32.716632
1297.000000	32.834864
1298.000000	32.848260
1299.000000	32.687809
1300.000000	32.845545
1301.000000	32.832449
1302.000000	32.731928
1303.000000	32.772662
1304.000000	32.795684
1305.000000	32.744485
1306.000000	32.673830
1307.000000	32.778727
1308.000000	32.738049
1309.000000	32.783246
1310.000000	32.833630
1311.000000	32.737266
1312.000000	32.759665
1313.000000	32.672081
1314.000000	32.518134
1315.000000	32.689218
1316.000000	32.680194
1317.000000	32.739562
1318.000000	32.938858
1319.000000	32.670348
1320.000000	32.799636
1321.000000	32.625546
1322.000000	32.655687
1323.000000	32.766908
1324.000000	32.692041
1325.000000	32.652194
1326.000000	32.796362
1327.000000	32.692225
1328.000000	32.871150
1329.000000	32.806783
1330.000000	32.760839
1331.000000	32.668739
1332.000000	32.848615
1333.000000	32.803346
1334.000000	32.759334
1335.000000	32.632697
1336.000000	32.703081
1337.000000	32.691242
1338.000000	32.781777
1339.000000	32.794977
1340.000000	32.700306
1341.000000	32.831926
1342.000000	32.682522
1343.000000	32.759070
1344.000000	32.745216
1345.000000	32.808337
1346.000000	32.815931
1347.000000	32.765347
1348.000000	32.814018
1349.000000	32.616834
1350.000000	32.802264
1351.000000	32.752906
1352.000000	32.852704
1353.000000	32.756236
1354.000000	32.720617
1355.000000	32.796346
1356.000000	32.722282
1357.000000	32.757677
1358.000000	32.824455
1359.000000	32.786844
1360.000000	32.985585
1361.000000	32.828596
1362.000000	32.672401
1363.000000	32.515950
1364.000000	32.674517
1365.000000	32.740716
1366.000000	32.787459
1367.000000	32.614171
1368.000000	32.641313
1369.000000	32.723903
1370.000000	32.751093
1371.000000	32.704167
1372.000000	32.641006
1373.000000	32.689138
1374.000000	32.610737
1375.000000	32.735406
1376.000000	32.763610
1377.000000	32.572691
1378.000000	32.635177
1379.000000	32.765036
1380.000000	32.760879
1381.000000	32.892750
1382.000000	32.769771
1383.000000	32.866091
1384.000000	32.579450
1390.000000	33.035394
1391.000000	32.942508
1392.000000	32.772286
1393.000000	33.043172
1394.000000	32.812705
1395.000000	32.798538
1396.000000	32.885899
1397.000000	32.975220
1398.000000	32.870643
1399.000000	32.781190
1400.000000	32.793831
1401.000000	32.884821
1402.000000	32.961585
1403.000000	32.809459
1404.000000	32.778878
1405.000000	32.882968
1406.000000	32.819736
1407.000000	32.835387
1408.000000	32.858848
1409.000000	32.816769
1410.000000	32.992353
1411.000000	32.871421
1412.000000	33.010040
1413.000000	32.802308
1414.000000	32.916048
1415.000000	32.915756
1416.000000	32.743938
1417.000000	32.782719
1418.000000	32.898396
1419.000000	32.788633
1420.000000	32.721934
1421.000000	32.938982
1422.000000	32.874823
1423.000000	32.917066
1424.000000	32.950884
1425.000000	32.739973
1426.000000	33.017255
1427.000000	32.799589
1428.000000	32.781358
1429.000000	32.807087
1430.000000	32.839480
1431.000000	32.809954
1432.000000	32.842287
1433.000000	32.784129
1434.000000	32.860062
1435.000000	32.677943
1436.000000	32.657975
1437.000000	32.460587
1438.000000	32.629846
1439.000000	32.676753
1440.000000	32.634334
1441.000000	32.887500
1442.000000	32.839084
1443.000000	32.876792
1444.000000	32.854381
1445.000000	32.834137
1446.000000	32.865544
1447.000000	32.748821
1448.000000	32.777229
1449.000000	32.817192
1450.000000	32.824599
1451.000000	32.729089
1452.000000	32.899614
1453.000000	32.716432
1454.000000	32.847561
1455.000000	32.601227
1456.000000	32.651998
1457.000000	32.790777
1458.000000	32.738819
1459.000000	32.709601
1460.000000	32.673012
1461.000000	32.749312
1462.000000	32.780795
1463.000000	32.712184
1464.000000	32.704402
1465.000000	32.725943
1466.000000	32.810489
1467.000000	32.696537
1468.000000	32.855471
1469.000000	32.623047
1470.000000	32.718596
1471.000000	32.627850
1472.000000	32.724597
1473.000000	32.716919
1474.000000	32.672552
1475.000000	32.749456
1476.000000	32.889460
1477.000000	32.622029
1478.000000	32.757629
1479.000000	32.761243
1480.000000	32.719091
1481.000000	32.636211
1482.000000	32.705005
1483.000000	32.621925
1484.000000	32.700457
1485.000000	32.747032
1486.000000	32.535646
1487.000000	32.546075
1488.000000	32.618507
1489.000000	32.495424
1490.000000	32.642839
1491.000000	32.631304
1492.000000	32.591041
1493.000000	32.658282
1494.000000	32.564202
1495.000000	32.529354
1496.000000	32.636291
1497.000000	32.524886
1498.000000	32.620312
1499.000000	32.501325
1500.000000	32.685229
1501.000000	32.556077
1502.000000	32.633827
1503.000000	32.608893
1504.000000	32.448453
1505.000000	32.501792
1506.000000	32.494853
1507.000000	32.530619
1508.000000	32.430203
1509.000000	32.653847
1510.000000	32.572783
1511.000000	32.472442
1512.000000	32.555263
1513.000000	32.637512
1514.000000	32.625930
1515.000000	32.621322
1516.000000	32.521336
1517.000000	32.652293
1518.000000	32.667937
1519.000000	32.609539
1520.000000	32.595836
1521.000000	32.623362
1522.000000	32.556452
1523.000000	32.553234
1524.000000	32.589009
1525.000000	32.604565
1526.000000	32.608146
1527.000000	32.642719
1528.000000	32.558952
1529.000000	32.557063
1530.000000	32.445750
1531.000000	32.519480
1532.000000	32.535626
1533.000000	32.633915
1534.000000	32.619210
1535.000000	32.505893
1536.000000	32.680434
1537.000000	32.640287
1538.000000	32.573956
1539.000000	32.630585
1540.000000	32.480691
1541.000000	32.610270
1542.000000	32.658794
1543.000000	32.541076
1544.000000	32.433086
1545.000000	32.591464
1546.000000	32.575526
1547.000000	32.596755
1548.000000	32.561699
1549.000000	32.507430
1550.000000	32.613384
1551.000000	32.581586
1552.000000	32.436531
1553.000000	32.545995
1554.000000	32.436447
1555.000000	32.582157
1556.000000	32.444493
1557.000000	32.579558
1558.000000	32.538589
1559.000000	32.588957
1560.000000	32.437234
1561.000000	32.557443
1562.000000	32.459441
1563.000000	32.448741
1564.000000	32.485825
1565.000000	32.476039
1566.000000	32.426054
1567.000000	32.482671
1568.000000	32.430830
1569.000000	32.429125
1570.000000	32.250778
1571.000000	32.495336
1572.000000	32.388219
1573.000000	32.417905
1574.000000	32.517727
1575.000000	32.283479
1576.000000	32.361879
1577.000000	32.380190
1578.000000	32.204323
1579.000000	32.288797
1580.000000	32.433824
1581.000000	32.257235
1582.000000	32.373051
1583.000000	32.374700
1584.000000	32.320599
1585.000000	32.360662
1586.000000	32.348212
1587.000000	32.307335
1588.000000	32.362411
1589.000000	32.301514
1590.000000	32.305962
1591.000000	32.349989
1592.000000	32.255721
1593.000000	32.361971
1594.000000	32.343956
1595.000000	32.417606
1596.000000	32.186056
1597.000000	32.416009
1598.000000	32.376257
1599.000000	32.373071
1600.000000	32.391493
1601.000000	32.363353
1602.000000	32.388651
1603.000000	32.123586
1604.000000	32.386347
1605.000000	32.327750
1606.000000	32.348165
1607.000000	32.291895
1608.000000	32.551082
1609.000000	32.421091
1610.000000	32.210400
1611.000000	32.372093
1612.000000	32.350349
1613.000000	32.297717
1614.000000	32.170401
1615.000000	32.381767
1616.000000	32.414875
1617.000000	32.265172
1618.000000	32.495528
1619.000000	32.276771
1620.000000	32.334577
1621.000000	32.225105
1622.000000	32.468110
1623.000000	32.248482
1624.000000	32.311887
1625.000000	32.431289
1626.000000	32.250702
1627.000000	32.227401
1628.000000	32.352505
1629.000000	32.331507
1630.000000	32.249321
1631.000000	32.345673
1632.000000	32.409273
1633.000000	32.456627
1634.000000	32.213103
1635.000000	32.182012
1636.000000	32.325554
1637.000000	32.225177
1638.000000	32.222749
1639.000000	32.303494
1640.000000	32.349662
1641.000000	32.260756
1642.000000	32.193112
1643.000000	32.292897
1644.000000	32.374820
1645.000000	32.128821
1646.000000	32.175835
1647.000000	32.230587
1648.000000	32.291939
1649.000000	32.280284
1650.000000	32.188137
1651.000000	32.266737
1652.000000	32.221655
1653.000000	32.323130
1654.000000	32.305690
1655.000000	32.175112
1656.000000	32.027697
1657.000000	32.122868
1658.000000	32.258241
1659.000000	32.138399
1660.000000	32.217255
1661.000000	32.181956
1662.000000	32.217838
1663.000000	32.091409
1664.000000	32.119642
1665.000000	32.164644
1666.000000	32.263327
1667.000000	32.185426
1668.000000	32.143075
1669.000000	32.143802
1670.000000	32.254264
1671.000000	32.178442
1672.000000	32.189977
1673.000000	32.002767
1674.000000	32.186272
1675.000000	32.030864
1676.000000	32.119190
1677.000000	32.159058
1678.000000	32.243460
1679.000000	32.000092
1680.000000	32.203089
1681.000000	32.063005
1682.000000	32.201860
1683.000000	32.138787
1684.000000	32.185697
1685.000000	32.222937
1686.000000	32.034908
1687.000000	32.151148
1688.000000	32.020978
1689.000000	32.028233
1690.000000	32.173827
1691.000000	31.967032
1692.000000	32.151831
1693.000000	32.035938
1694.000000	32.108330
1695.000000	32.188376
1696.000000	31.982201
1697.000000	32.206619
1698.000000	32.170261
1699.000000	32.141773
1700.000000	32.092016
1701.000000	32.063967
1702.000000	32.138264
1703.000000	32.042658
1704.000000	32.040011
1705.000000	32.143630
1706.000000	32.057431
1707.000000	32.187594
1708.000000	32.082545
1709.000000	32.141598
1710.000000	32.089293
1711.000000	32.055778
1712.000000	32.128949
1713.000000	32.159281
1714.000000	31.970957
1715.000000	32.232891
1716.000000	32.131480
1717.000000	32.048651
1718.000000	31.980955
1719.000000	32.301849
1720.000000	32.077171
1721.000000	32.093489
1722.000000	32.253306
1723.000000	32.157093
1724.000000	32.191379
1725.000000	32.200829
1726.000000	32.272650
1727.000000	32.141753
1728.000000	32.141506
1729.000000	32.184639
1730.000000	32.113697
1731.000000	32.310262
1732.000000	32.042231
1733.000000	32.119238
1734.000000	32.305590
1735.000000	32.154482
1736.000000	32.158223
1737.000000	32.275561
1738.000000	32.235730
1739.000000	32.146053
1740.000000	32.086814
1741.000000	32.328900
1742.000000	32.089145
1743.000000	32.103727
1744.000000	32.313967
1745.000000	32.154658
1746.000000	32.197827
1747.000000	32.229290
1748.000000	32.125124
1749.000000	32.279717
1750.000000	32.281311
1751.000000	32.169946
1752.000000	32.169642
1753.000000	32.205321
1754.000000	32.344914
1755.000000	32.117837
1756.000000	32.170756
1757.000000	32.204307
1758.000000	32.240146
1759.000000	32.173427
1760.000000	32.113529
1761.000000	32.083571
1762.000000	32.223668
1763.000000	32.204758
1764.000000	32.168473
1765.000000	32.137230
1766.000000	32.215998
1767.000000	32.196326
1768.000000	32.073486
1769.000000	32.149156
1770.000000	32.167618
1771.000000	32.208727
1772.000000	32.247229
1773.000000	32.071298
1774.000000	32.103343
1775.000000	32.116731
1776.000000	32.193802
1777.000000	32.139214
1778.000000	32.159349
1779.000000	32.066463
1780.000000	32.329830
1781.000000	32.165789
1782.000000	32.167690
1783.000000	32.090084
1784.000000	32.363720
1785.000000	32.152374
1786.000000	31.976351
1787.000000	32.004791
1788.000000	32.198602
1789.000000	32.111536
1790.000000	32.273437
1791.000000	32.026747
1792.000000	32.272926
1793.000000	32.229234
1794.000000	32.134347
1795.000000	32.105104
1796.000000	32.261303
1797.000000	32.155820
1798.000000	32.323350
1799.000000	32.099918
1800.000000	32.163953
1801.000000	32.136810
1802.000000	32.089561
1803.000000	31.985243
1804.000000	32.014953
1805.000000	32.329039
1806.000000	32.083723
1807.000000	32.245284
1808.000000	32.080721
1809.000000	32.161350
1810.000000	32.199847
1811.000000	32.274231
1812.000000	32.173136
1813.000000	32.267971
1814.000000	32.257346
1815.000000	32.184627
1816.000000	32.221871
1817.000000	32.275633
1818.000000	32.191950
1819.000000	32.067169
1820.000000	32.194968
1821.000000	32.254779
1822.000000	32.190604
1823.000000	32.412823
1824.000000	32.267636
1825.000000	32.167706
1826.000000	32.163478
1827.000000	32.325718
1828.000000	32.116036
1829.000000	32.242238
1830.000000	32.232651
1831.000000	32.388443
1832.000000	32.089357
1833.000000	32.048236
1834.000000	32.189865
1835.000000	32.133832
1836.000000	32.231861
1837.000000	32.168560
1838.000000	32.234173
1839.000000	32.115541
1840.000000	32.112638
1841.000000	32.232264
1842.000000	32.234895
1843.000000	32.143243
1844.000000	32.207461
1845.000000	32.149395
1846.000000	32.082565
1847.000000	32.180399
1848.000000	31.999046
1849.000000	32.210668
1850.000000	32.030804
1851.000000	32.059264
1852.000000	32.046671
1853.000000	32.228040
1854.000000	32.171998
1855.000000	32.137202
1856.000000	31.975074
1857.000000	32.179904
1858.000000	32.149248
1859.000000	32.097159
1860.000000	32.138491
1861.000000	31.978252
1862.000000	32.022627
1863.000000	32.182599
1864.000000	32.077782
1865.000000	32.083120
1866.000000	31.992645
1867.000000	31.994825
1868.000000	32.048356
1869.000000	32.086127
1870.000000	31.979521
1871.000000	31.869311
1872.000000	31.986840
1873.000000	31.942800
1874.000000	32.006480
1875.000000	31.917063
1876.000000	32.058150
1877.000000	32.018558
1878.000000	31.934935
1879.000000	31.986537
1880.000000	32.019712
1881.000000	32.053546
1882.000000	32.114679
1883.000000	32.136307
1884.000000	31.962001
1885.000000	32.030345
1886.000000	31.875795
1887.000000	32.023298
1888.000000	32.126214
1889.000000	32.095514
1890.000000	31.883297
1891.000000	32.103747
1892.000000	32.069980
1893.000000	32.073781
1894.000000	32.025414
1895.000000	31.907154
1896.000000	31.834782
1897.000000	32.172449
1898.000000	32.139122
1899.000000	32.141837
1900.000000	32.071190
1901.000000	32.151004
1902.000000	31.988589
1903.000000	32.134626
1904.000000	32.112950
1905.000000	32.050656
1906.000000	32.123666
1907.000000	31.961514
1908.000000	32.056880
1909.000000	32.010197
1910.000000	32.066475
1911.000000	32.072867
1912.000000	32.040574
1913.000000	32.116124
1914.000000	31.915850
1915.000000	32.030744
1916.000000	32.241910
1917.000000	32.108083
1918.000000	32.050276
1919.000000	31.965563
1920.000000	31.948099
1921.000000	32.259770
1922.000000	32.146517
1923.000000	32.116316
1924.000000	32.082613
1925.000000	32.136663
1926.000000	32.176578
1927.000000	31.990861
1928.000000	32.055211
1929.000000	32.027350
1930.000000	32.055994
1931.000000	31.912396
1932.000000	32.201121
1933.000000	32.172258
1934.000000	32.042846
1935.000000	32.075279
1936.000000	32.070204
1937.000000	31.988808
1938.000000	32.045329
1939.000000	31.966996
1940.000000	32.016897
1941.000000	31.958771
1942.000000	32.127739
1943.000000	32.021661
1944.000000	32.119226
1945.000000	32.173268
1946.000000	32.133093
1947.000000	31.941810
1948.000000	31.909877
1949.000000	32.157540
1950.000000	31.993264
1951.000000	31.899903
1952.000000	32.152254
1953.000000	32.006899
1954.000000	32.129939
1955.000000	31.951413
1956.000000	32.209605
1957.000000	32.081455
1958.000000	32.097115
1959.000000	31.915806
1960.000000	31.956004
1961.000000	32.052808
1962.000000	32.025122
1963.000000	31.942721
1964.000000	32.061400
1965.000000	32.108055
1966.000000	32.152773
1967.000000	31.936911
1968.000000	32.067860
1969.000000	31.955549
1970.000000	31.866057
1971.000000	31.947624
1972.000000	32.071182
1973.000000	31.866112
1974.000000	32.029742
1975.000000	31.951880
1976.000000	31.963726
1977.000000	32.030389
1978.000000	32.074967
1979.000000	31.858654
1980.000000	31.821358
1981.000000	32.041788
1982.000000	32.023721
1983.000000	31.853731
1984.000000	31.924474
1985.000000	32.048555
1986.000000	31.899044
1987.000000	31.912208
1988.000000	31.892440
1989.000000	31.881137
1990.000000	31.833608
1991.000000	31.891334
1992.000000	31.865294
1993.000000	31.998323
1994.000000	31.990086
1995.000000	31.985335
1996.000000	31.916896
1997.000000	31.906515
1998.000000	31.894680
1999.000000	31.909761
2000.000000	31.856969
2001.000000	32.049677
2002.000000	32.031990
2003.000000	31.856246
2004.000000	31.749789
2005.000000	31.961047
2006.000000	31.956388
2007.000000	31.860962
2008.000000	32.030377
2009.000000	31.945412
2010.000000	31.943807
2011.000000	31.907014
2012.000000	31.996131
2013.000000	31.792411
2014.000000	31.789971
2015.000000	31.832254
2016.000000	31.983410
2017.000000	31.908954
2018.000000	31.956687
2019.000000	31.964844
2020.000000	31.978539
2021.000000	32.008880
2022.000000	31.800991
2023.000000	32.001956
2024.000000	31.770032
2025.000000	32.009595
2026.000000	31.947432
2027.000000	31.949712
2028.000000	31.939211
2029.000000	31.899747
2030.000000	31.944174
2031.000000	31.882359
2032.000000	31.951237
2033.000000	31.778716
2034.000000	31.884842
2035.000000	31.787200
2036.000000	31.839497
2037.000000	31.748164
2038.000000	31.932918
2039.000000	31.798979
2040.000000	31.799286
2041.000000	31.716262
2042.000000	31.931078
2043.000000	31.816495
2044.000000	31.692146
2045.000000	31.787376
2046.000000	31.682803
2047.000000	31.717955
2048.000000	32.028520
2049.000000	31.995536
2050.000000	32.013515
2051.000000	31.935650
2052.000000	31.953118
2053.000000	32.102325
2054.000000	32.050700
2055.000000	32.012134
2056.000000	31.987148
2057.000000	32.143442
2058.000000	32.014869
2059.000000	32.110973
2060.000000	32.008820
2061.000000	31.966749
2062.000000	32.045042
2063.000000	31.881772
2064.000000	32.050907
2065.000000	32.015923
2066.000000	32.047214
2067.000000	32.026739
2068.000000	32.112830
2069.000000	32.002096
2070.000000	32.014422
2071.000000	32.048535
2072.000000	32.112698
2073.000000	32.090830
2074.000000	32.114583
2075.000000	32.075510
2076.000000	31.977477
2077.000000	31.785903
2078.000000	31.662680
2079.000000	31.622940
2080.000000	31.661167
2081.000000	31.745389
2082.000000	31.853515
2083.000000	31.806877
2084.000000	32.106414
2085.000000	31.960161
2086.000000	31.903233
2087.000000	31.945428
2088.000000	31.834227
2089.000000	31.933006
2090.000000	31.990529
2091.000000	31.993372
2092.000000	31.891490
2093.000000	31.974431
2094.000000	32.046048
2095.000000	31.854062
2096.000000	31.961646
2097.000000	32.072727
2098.000000	31.998064
2099.000000	31.954595
2100.000000	31.940369
2101.000000	31.972351
2102.000000	31.904151
2103.000000	31.934308
2104.000000	31.948031
2105.000000	31.948043
2106.000000	31.995061
2107.000000	32.002511
2108.000000	31.940034
2109.000000	31.960895
2110.000000	32.018866
2111.000000	32.043401
2112.000000	31.922162
2113.000000	31.982057
2114.000000	31.983766
2115.000000	32.099642
2116.000000	31.889266
2117.000000	31.943343
2118.000000	32.108099
2119.000000	31.894716
2120.000000	31.966154
2121.000000	32.041245
2122.000000	31.956855
2123.000000	32.044347
2124.000000	32.191239
2125.000000	32.002448
2126.000000	32.060322
2127.000000	32.012385
2128.000000	32.087908
2129.000000	31.942461
2130.000000	31.987140
2131.000000	32.070531
2132.000000	32.236293
2133.000000	32.136315
2134.000000	32.118160
2135.000000	32.034409
2136.000000	32.073881
2137.000000	32.004596
2138.000000	32.156147
2139.000000	31.969041
2140.000000	31.989004
2141.000000	31.947696
2142.000000	32.130055
2143.000000	32.026092
2144.000000	32.101742
2145.000000	31.952355
2146.000000	32.003558
2147.000000	32.046902
2148.000000	32.082358
2149.000000	32.284636
2150.000000	32.040614
2151.000000	31.929585
2152.000000	32.003613
2153.000000	32.185290
2154.000000	31.953637
2155.000000	31.975453
2156.000000	32.195811
2157.000000	31.898897
2158.000000	32.204846
2159.000000	32.046675
2160.000000	32.065113
2161.000000	32.180778
2162.000000	31.976962
2163.000000	32.067928
2164.000000	32.106218
2165.000000	31.954515
2166.000000	32.043804
2167.000000	32.026603
2168.000000	32.129747
2169.000000	32.030676
2170.000000	32.073510
2171.000000	31.957162
2172.000000	32.125922
2173.000000	32.020431
2174.000000	32.115853
2175.000000	31.975732
2176.000000	31.951029
2177.000000	32.118963
2178.000000	32.079132
2179.000000	32.160108
2180.000000	31.942573
2181.000000	32.017616
2182.000000	32.136770
2183.000000	32.076856
2184.000000	32.057335
2185.000000	32.062286
2186.000000	32.149080
2187.000000	31.992909
2188.000000	32.105292
2189.000000	32.096161
2190.000000	32.115425
2191.000000	32.154610
2192.000000	32.045265
2193.000000	31.980651
2194.000000	32.179600
2195.000000	32.077802
2196.000000	32.116911
2197.000000	31.969184
2198.000000	32.148741
2199.000000	31.952335
2200.000000	32.008285
2201.000000	32.177640
2202.000000	32.133704
2203.000000	32.104441
2204.000000	32.098632
2205.000000	32.127915
2206.000000	32.198677
2207.000000	32.027446
2208.000000	31.888392
2209.000000	32.164612
2210.000000	32.255865
2211.000000	32.162308
2212.000000	32.123798
2213.000000	32.104042
2214.000000	32.120931
2215.000000	32.062195
2216.000000	32.101575
2217.000000	32.041800
2218.000000	32.117498
2219.000000	32.040494
2220.000000	32.124676
2221.000000	32.220605
2222.000000	32.113337
2223.000000	32.020598
2224.000000	32.122429
2225.000000	32.155508
2226.000000	32.158678
2227.000000	32.100976
2228.000000	32.014909
2229.000000	32.063907
2230.000000	32.177843
2231.000000	32.214960
2232.000000	31.915957
2233.000000	31.994586
2234.000000	32.217431
2235.000000	32.185725
2236.000000	32.209570
2237.000000	32.083152
2238.000000	32.102134
2239.000000	32.117430
2240.000000	32.009990
2241.000000	32.159046
2242.000000	31.999497
2243.000000	32.018818
2244.000000	32.058573
2245.000000	32.016119
2246.000000	32.152625
2247.000000	31.960863
2248.000000	32.177141
2249.000000	32.143251
2250.000000	32.105731
2251.000000	32.021169
2252.000000	32.039947
2253.000000	32.023936
2254.000000	32.204810
2255.000000	32.058090
2256.000000	32.195044
2257.000000	32.123159
2258.000000	31.945683
2259.000000	32.148768
2260.000000	31.913019
2261.000000	32.218857
2262.000000	32.066207
2263.000000	31.995951
2264.000000	32.077814
2265.000000	32.059372
2266.000000	32.128386
2267.000000	32.062226
2268.000000	32.007371
2269.000000	32.062881
2270.000000	32.154043
2271.000000	32.023777
2272.000000	32.125826
2273.000000	32.044367
2274.000000	32.162923
2275.000000	32.135489
2276.000000	32.104318
2277.000000	32.106777
2278.000000	32.016785
2279.000000	32.055722
2280.000000	32.054533
2281.000000	32.131935
2282.000000	32.033718
2283.000000	32.174753
2284.000000	32.089433
2285.000000	31.887737
2286.000000	32.085560
2287.000000	32.067301
2288.000000	32.119610
2289.000000	31.927844
2290.000000	32.049629
2291.000000	32.078948
2292.000000	31.997932
2293.000000	32.118739
2294.000000	31.942753
2295.000000	32.135916
2296.000000	32.048424
2297.000000	32.177336
2298.000000	32.058948
2299.000000	32.164312
2300.000000	32.149819
2301.000000	32.121195
2302.000000	31.976507
2303.000000	32.116527
2304.000000	32.117406
2305.000000	32.077423
2306.000000	32.071070
2307.000000	32.124457
2308.000000	31.938720
2309.000000	32.020323
2310.000000	31.962512
2311.000000	32.032149
2312.000000	32.044762
2313.000000	32.070843
2314.000000	31.956675
2315.000000	31.953932
2316.000000	31.968673
2317.000000	32.045697
2318.000000	31.937338
2319.000000	32.145970
2320.000000	31.962520
2321.000000	32.055107
2322.000000	31.940529
2323.000000	32.106909
2324.000000	31.992534
2325.000000	32.171216
2326.000000	31.992071
2327.000000	32.053319
2328.000000	32.035463
2329.000000	32.046815
2330.000000	32.150837
2331.000000	32.069298
2332.000000	32.063424
2333.000000	31.983271
2334.000000	31.987391
2335.000000	31.940784
2336.000000	32.077291
2337.000000	31.932052
2338.000000	32.007977
2339.000000	31.898789
2340.000000	31.889709
2341.000000	32.128366
2342.000000	32.128557
2343.000000	31.767604
2344.000000	32.206906
2345.000000	32.096404
2346.000000	31.993300
2347.000000	32.081344
2348.000000	32.038817
2349.000000	32.073151
2350.000000	31.987259
2351.000000	31.983023
2352.000000	31.812702
2353.000000	31.905564
2354.000000	32.045908
2355.000000	31.925037
2356.000000	31.861673
2357.000000	31.927201
2358.000000	32.025074
2359.000000	31.918808
2360.000000	31.891602
2361.000000	31.903640
2362.000000	31.895415
2363.000000	32.110722
2364.000000	31.868879
2365.000000	32.019508
2366.000000	31.964888
2367.000000	32.024144
2368.000000	31.915953
2369.000000	32.013020
2370.000000	31.919507
2371.000000	31.960113
2372.000000	31.979865
2373.000000	31.886144
2374.000000	31.971620
2375.000000	31.808410
2376.000000	32.063939
2377.000000	32.068303
2378.000000	31.900138
2379.000000	31.739759
2380.000000	32.042135
2381.000000	31.813676
2382.000000	31.779766
2383.000000	31.897128
2384.000000	31.851252
2385.000000	31.980508
2386.000000	31.889813
2387.000000	31.917343
2388.000000	31.879185
2389.000000	31.783284
2390.000000	31.942397
2391.000000	31.898429
2392.000000	31.819749
2393.000000	31.886739
2394.000000	31.896844
2395.000000	31.727074
2396.000000	31.936037
2397.000000	31.789157
2398.000000	31.938532
2399.000000	31.813508
2400.000000	31.865402
2401.000000	31.718805
2402.000000	31.725477
2403.000000	31.876689
2404.000000	31.781072
2405.000000	31.819865
2406.000000	31.864827
2407.000000	31.603432
2408.000000	31.817912
2409.000000	31.831991
2410.000000	31.827978
2411.000000	31.654806
2412.000000	31.840335
2413.000000	31.580067
2414.000000	31.732640
2415.000000	31.811217
2416.000000	31.733838
2417.000000	31.727054
2418.000000	31.848317
2419.000000	31.664053
2420.000000	31.718314
2421.000000	31.696726
2422.000000	31.625036
2423.000000	31.569170
2424.000000	31.539796
2425.000000	31.719612
2426.000000	31.655637
2427.000000	31.618524
2428.000000	31.651832
2429.000000	31.659046
2430.000000	31.732808
2431.000000	31.857500
2432.000000	31.584706
2433.000000	31.686528
2434.000000	31.613102
2435.000000	31.793557
2436.000000	31.555384
2437.000000	31.557372
2438.000000	31.533543
2439.000000	31.661566
2440.000000	31.585329
2441.000000	31.681797
2442.000000	31.499298
2443.000000	31.570181
2444.000000	31.663862
2445.000000	31.486218
2446.000000	31.690757
2447.000000	31.505199
2448.000000	31.704344
2449.000000	31.580985
2450.000000	31.617123
2451.000000	31.591633
2452.000000	31.503538
2453.000000	31.457650
2454.000000	31.490857
2455.000000	31.520919
2456.000000	31.433654
2457.000000	31.577535
2458.000000	31.691459
2459.000000	31.513161
2460.000000	31.441591
2461.000000	31.332199
2462.000000	31.345938
2463.000000	31.441763
2464.000000	31.568236
2465.000000	31.570069
2466.000000	31.516043
2467.000000	31.526101
2468.000000	31.478388
2469.000000	31.409462
2470.000000	31.370285
2471.000000	31.416481
2472.000000	31.489715
2473.000000	31.526289
2474.000000	31.572732
2475.000000	31.459826
2476.000000	31.616776
2477.000000	31.518423
2478.000000	31.484118
2479.000000	31.426148
2480.000000	31.421065
2481.000000	31.444614
2482.000000	31.449693
2483.000000	31.396534
2484.000000	31.414529
2485.000000	31.460002
2486.000000	31.443540
2487.000000	31.486849
2488.000000	31.382643
2489.000000	31.455406
2490.000000	31.406935
2491.000000	31.461076
2492.000000	31.408252
2493.000000	31.384919
2494.000000	31.346237
2495.000000	31.478895
2496.000000	31.443468
2497.000000	31.374019
2498.000000	31.335341
2499.000000	31.260059
2500.000000	31.420354
2501.000000	31.464733
2502.000000	31.542323
2503.000000	31.333780
2504.000000	31.179717
2505.000000	31.462916
2506.000000	31.498464
2507.000000	31.312822
2508.000000	31.423161
2509.000000	31.463044
2510.000000	31.167288
2511.000000	31.241668
2512.000000	31.412800
2513.000000	31.433306
2514.000000	31.487344
2515.000000	31.435578
2516.000000	31.401433
2517.000000	31.525634
2518.000000	31.351476
2519.000000	31.327320
2520.000000	31.349292
2521.000000	31.276513
2522.000000	31.458832
2523.000000	31.290823
2524.000000	31.340236
2525.000000	31.335433
2526.000000	31.343051
2527.000000	31.268360
2528.000000	31.220850
2529.000000	31.298365
2530.000000	31.377077
2531.000000	31.289349
2532.000000	31.363370
2533.000000	31.330422
2534.000000	31.490179
2535.000000	31.362667
2536.000000	31.475406
2537.000000	31.369495
2538.000000	31.461543
2539.000000	31.440829
2540.000000	31.465468
2541.000000	31.340133
2542.000000	31.370393
2543.000000	31.380056
2544.000000	31.434261
2545.000000	31.506665
2546.000000	31.419352
2547.000000	31.535548
2548.000000	31.373272
2549.000000	31.407697
2550.000000	31.399025
2551.000000	31.383857
2552.000000	31.299503
2553.000000	31.442625
2554.000000	31.440517
2555.000000	31.513444
2556.000000	31.353708
2557.000000	31.253491
2558.000000	31.416154
2559.000000	31.349867
2560.000000	31.420757
2561.000000	31.358048
2562.000000	31.415363
2563.000000	31.558450
2564.000000	31.166913
2565.000000	31.495836
2566.000000	31.449505
2567.000000	31.536147
2568.000000	31.409506
2569.000000	31.581169
2570.000000	31.419472
2571.000000	31.453182
2572.000000	31.452863
2573.000000	31.402547
2574.000000	31.550057
2575.000000	31.458600
2576.000000	31.485431
2577.000000	31.353221
2578.000000	31.350941
2579.000000	31.446490
2580.000000	31.436425
2581.000000	31.468706
2582.000000	31.445432
2583.000000	31.495158
2584.000000	31.477841
2585.000000	31.457003
2586.000000	31.314823
2587.000000	31.380064
2588.000000	31.429330
2589.000000	31.452607
2590.000000	31.560199
2591.000000	31.278633
2592.000000	31.453358
2593.000000	31.607013
2594.000000	31.388488
2595.000000	31.374773
2596.000000	31.666597
2597.000000	31.628590
2598.000000	31.420434
2599.000000	31.568524
2600.000000	31.603640
2601.000000	31.577032
2602.000000	31.514454
2603.000000	31.476895
2604.000000	31.456564
2605.000000	31.435407
2606.000000	31.609920
2607.000000	31.584738
2608.000000	31.605364
2609.000000	31.456205
2610.000000	31.497473
2611.000000	31.483191
2612.000000	31.622186
2613.000000	31.626314
2614.000000	31.565717
2615.000000	31.568879
2616.000000	31.461144
2617.000000	31.507263
2618.000000	31.482824
2619.000000	31.481802
2620.000000	31.503830
2621.000000	31.573918
2622.000000	31.385893
2623.000000	31.481411
2624.000000	31.597267
2625.000000	31.593518
2626.000000	31.525750
2627.000000	31.607516
2628.000000	31.568108
2629.000000	31.542339
2630.000000	31.533488
2631.000000	31.340999
2632.000000	31.418497
2633.000000	31.571039
2634.000000	31.547466
2635.000000	31.567258
2636.000000	31.461227
2637.000000	31.547127
2638.000000	31.507790
2639.000000	31.559544
2640.000000	31.382994
2641.000000	31.574768
2642.000000	31.558087
2643.000000	31.655577
2644.000000	31.525215
2645.000000	31.614727
2646.000000	31.676235
2647.000000	31.505938
2648.000000	31.525937
2649.000000	31.585864
2650.000000	31.539485
2651.000000	31.507914
2652.000000	31.514127
2653.000000	31.495533
2654.000000	31.500687
2655.000000	31.363274
2656.000000	31.514410
2657.000000	31.518491
2658.000000	31.494016
2659.000000	31.323479
2660.000000	31.381868
2661.000000	31.501418
2662.000000	31.372346
2663.000000	31.449457
2664.000000	31.410117
2665.000000	31.418657
2666.000000	31.497589
2667.000000	31.424750
2668.000000	31.421348
2669.000000	31.435982
2670.000000	31.404427
2671.000000	31.434093
2672.000000	31.467991
2673.000000	31.567641
2674.000000	31.491368
2675.000000	31.490798
2676.000000	31.472052
2677.000000	31.658891
2678.000000	31.553679
2679.000000	31.414537
2680.000000	31.599108
2681.000000	31.512809
2682.000000	31.497202
2683.000000	31.358954
2684.000000	31.502660
2685.000000	31.398921
2686.000000	31.519282
2687.000000	31.427437
2688.000000	31.590623
2689.000000	31.638224
2690.000000	31.537428
2691.000000	31.490059
2692.000000	31.543984
2693.000000	31.501670
2694.000000	31.444115
2695.000000	31.444514
2696.000000	31.356131
2697.000000	31.563796
2698.000000	31.525662
2699.000000	31.383933
2700.000000	31.512741
2701.000000	31.569893
2702.000000	31.367726
2703.000000	31.498819
2704.000000	31.544523
2705.000000	31.454188
2706.000000	31.523434
2707.000000	31.442673
2708.000000	31.622373
2709.000000	31.493309
2710.000000	31.443081
2711.000000	31.471756
2712.000000	31.434720
2713.000000	31.533008
2714.000000	31.488785
2715.000000	31.512893
2716.000000	31.471708
2717.000000	31.598589
2718.000000	31.407833
2719.000000	31.585225
2720.000000	31.483155
2721.000000	31.331708
2722.000000	31.423704
2723.000000	31.524029
2724.000000	31.453134
2725.000000	31.480608
2726.000000	31.441392
2727.000000	31.269665
2728.000000	31.413974
2729.000000	31.438014
2730.000000	31.632547
2731.000000	31.390792
2732.000000	31.408548
2733.000000	31.456676
2734.000000	31.431458
2735.000000	31.444929
2736.000000	31.602933
2737.000000	31.514227
2738.000000	31.354714
2739.000000	31.419819
2740.000000	31.519469
2741.000000	31.324269
2742.000000	31.400231
2743.000000	31.417839
2744.000000	31.415271
2745.000000	31.419512
2746.000000	31.445376
2747.000000	31.351108
2748.000000	31.446698
2749.000000	31.362631
2750.000000	31.314687
2751.000000	31.471648
2752.000000	31.422183
2753.000000	31.443484
2754.000000	31.507507
2755.000000	31.369104
2756.000000	31.425054
2757.000000	31.458029
2758.000000	31.487484
2759.000000	31.420813
2760.000000	31.284893
2761.000000	31.439775
2762.000000	31.435091
2763.000000	31.316931
2764.000000	31.429086
2765.000000	31.498607
2766.000000	31.349551
2767.000000	31.398286
2768.000000	31.464022
2769.000000	31.388193
2770.000000	31.455773
2771.000000	31.330354
2772.000000	31.253004
2773.000000	31.517780
2774.000000	31.445165
2775.000000	31.301040
2776.000000	31.319750
2777.000000	31.432316
2778.000000	31.217720
2779.000000	31.414373
2780.000000	31.383853
2781.000000	31.549598
2782.000000	31.358575
2783.000000	31.363737
2784.000000	31.535137
2785.000000	31.523889
2786.000000	31.526333
2787.000000	31.396118
2788.000000	31.484042
2789.000000	31.483567
2790.000000	31.419420
2791.000000	31.457598
2792.000000	31.461259
2793.000000	31.529423
2794.000000	31.441671
2795.000000	31.484733
2796.000000	31.393076
2797.000000	31.369367
2798.000000	31.476452
2799.000000	31.342780
2800.000000	31.565058
2801.000000	31.442134
2802.000000	31.576046
2803.000000	31.505826
2804.000000	31.384839
2805.000000	31.458676
2806.000000	31.411047
2807.000000	31.376622
2808.000000	31.591062
2809.000000	31.323882
2810.000000	31.528760
2811.000000	31.517704
2812.000000	31.251638
2813.000000	31.501270
2814.000000	31.385019
2815.000000	31.463136
2816.000000	31.450220
2817.000000	31.586056
2818.000000	31.611653
2819.000000	31.452591
2820.000000	31.288682
2821.000000	31.563293
2822.000000	31.558186
2823.000000	31.405274
2824.000000	31.449784
2825.000000	31.389123
2826.000000	31.295354
2827.000000	31.399951
2828.000000	31.440302
2829.000000	31.528473
2830.000000	31.490203
2831.000000	31.410572
2832.000000	31.377564
2833.000000	31.581452
2834.000000	31.392098
2835.000000	31.446139
2836.000000	31.518994
2837.000000	31.521505
2838.000000	31.518168
2839.000000	31.227782
2840.000000	31.437722
2841.000000	31.386652
2842.000000	31.409809
2843.000000	31.524556
2844.000000	31.458385
2845.000000	31.311688
2846.000000	31.327484
2847.000000	31.315138
2848.000000	31.547362
2849.000000	31.549079
2850.000000	31.419703
2851.000000	31.384943
2852.000000	31.499294
2853.000000	31.298481
2854.000000	31.500188
2855.000000	31.288084
2856.000000	31.465615
2857.000000	31.452723
2858.000000	31.377812
2859.000000	31.350306
2860.000000	31.556541
2861.000000	31.454348
2862.000000	31.525382
2863.000000	31.461942
2864.000000	31.490714
2865.000000	31.276161
2866.000000	31.276788
2867.000000	31.378343
2868.000000	31.383829
2869.000000	31.375823
2870.000000	31.378215
2871.000000	31.422806
2872.000000	31.370365
2873.000000	31.453450
2874.000000	31.400993
2875.000000	31.475801
2876.000000	31.338368
2877.000000	31.490937
2878.000000	31.533683
2879.000000	31.408412
2880.000000	31.369283
2881.000000	31.478224
2882.000000	31.501330
2883.000000	31.347275
2884.000000	31.364704
2885.000000	31.196622
2886.000000	31.409594
2887.000000	31.446542
2888.000000	31.436916
2889.000000	31.360711
2890.000000	31.294144
2891.000000	31.445804
2892.000000	31.464190
2893.000000	31.358647
2894.000000	31.349615
2895.000000	31.346932
2896.000000	31.363282
2897.000000	31.528788
2898.000000	31.377205
2899.000000	31.478568
2900.000000	31.413674
2901.000000	31.320608
2902.000000	31.546532
2903.000000	31.343718
2904.000000	31.210270
2905.000000	31.343415
2906.000000	31.417523
2907.000000	31.407781
2908.000000	31.403764
2909.000000	31.445895
2910.000000	31.303675
2911.000000	31.352821
2912.000000	31.388476
2913.000000	31.387913
2914.000000	31.464505
2915.000000	31.238023
2916.000000	31.519645
2917.000000	31.357581
2918.000000	31.470111
2919.000000	31.366273
2920.000000	31.400103
2921.000000	31.550497
2922.000000	31.583804
2923.000000	31.418553
2924.000000	31.257803
2925.000000	31.448095
2926.000000	31.272632
2927.000000	31.266427
2928.000000	31.338168
2929.000000	31.503969
2930.000000	31.591685
2931.000000	31.364021
2932.000000	31.523494
2933.000000	31.464561
2934.000000	31.381269
2935.000000	31.341055
2936.000000	31.459303
2937.000000	31.321858
2938.000000	31.401481
2939.000000	31.523222
2940.000000	31.363234
2941.000000	31.461567
2942.000000	31.461986
2943.000000	31.344241
2944.000000	31.379133
2945.000000	31.383905
2946.000000	31.454240
2947.000000	31.409190
2948.000000	31.510258
2949.000000	31.511759
2950.000000	31.491560
2951.000000	31.376498
2952.000000	31.476687
2953.000000	31.457550
2954.000000	31.590527
2955.000000	31.388704
2956.000000	31.543086
2957.000000	31.745429
2958.000000	31.599663
2959.000000	31.550780
2960.000000	31.578030
2961.000000	31.561648
2962.000000	31.479690
2963.000000	31.542611
2964.000000	31.515125
2965.000000	31.444682
2966.000000	31.388400
2967.000000	31.419611
2968.000000	31.460074
2969.000000	31.588906
2970.000000	31.686205
2971.000000	31.623543
2972.000000	31.552257
2973.000000	31.597686
2974.000000	31.667243
2975.000000	31.582167
2976.000000	31.542519
2977.000000	31.662245
2978.000000	31.509535
2979.000000	31.536139
2980.000000	31.490857
2981.000000	31.483535
2982.000000	31.625995
2983.000000	31.440114
2984.000000	31.481451
2985.000000	31.530461
2986.000000	31.385150
2987.000000	31.382946
2988.000000	31.496140
2989.000000	31.460968
2990.000000	31.533927
2991.000000	31.456161
2992.000000	31.385434
2993.000000	31.472535
2994.000000	31.419891
2995.000000	31.452507
2996.000000	31.504053
2997.000000	31.518699
2998.000000	31.461032
2999.000000	31.387877
3000.000000	31.479446
3001.000000	31.395943
3002.000000	31.402447
3003.000000	31.224392
3004.000000	31.394713
3005.000000	31.360344
3006.000000	31.333529
3007.000000	31.326869
3008.000000	31.359337
3009.000000	31.318021
3010.000000	31.475589
3011.000000	31.386544
3012.000000	31.514546
3013.000000	31.368968
3014.000000	31.419001
3015.000000	31.491321
3016.000000	31.293574
3017.000000	31.361170
3018.000000	31.421524
3019.000000	31.393088
3020.000000	31.319203
3021.000000	31.369950
3022.000000	31.379277
3023.000000	31.317039
3024.000000	31.296836
3025.000000	31.314016
3026.000000	31.402055
3027.000000	31.314599
3028.000000	31.333121
3029.000000	31.377448
3030.000000	31.493984
3031.000000	31.353999
3032.000000	31.484976
3033.000000	31.509324
3034.000000	31.456049
3035.000000	31.340472
3036.000000	31.395120
3037.000000	31.279244
3038.000000	31.506792
3039.000000	31.461235
3040.000000	31.270512
3041.000000	31.320345
3042.000000	31.218758
3043.000000	31.133198
3044.000000	31.362009
3045.000000	31.198675
3046.000000	31.288151
3047.000000	31.482612
3048.000000	31.338655
3049.000000	31.331588
3050.000000	31.309385
3051.000000	31.356335
3052.000000	31.508809
3053.000000	31.385917
3054.000000	31.506429
3055.000000	31.496375
3056.000000	31.525662
3057.000000	31.267840
3058.000000	31.414141
3059.000000	31.382471
3060.000000	31.538351
3061.000000	31.347196
3062.000000	31.450922
3063.000000	31.389223
3064.000000	31.377009
3065.000000	31.335665
3066.000000	31.350577
3067.000000	31.371875
3068.000000	31.396773
3069.000000	31.534422
3070.000000	31.647268
3071.000000	31.543166
3072.000000	31.477933
3073.000000	31.337198
3074.000000	31.613226
3075.000000	31.486709
3076.000000	31.576781
3077.000000	31.575934
3078.000000	31.492271
3079.000000	31.422430
3080.000000	31.587868
3081.000000	31.469025
3082.000000	31.507523
3083.000000	31.385027
3084.000000	31.344748
3085.000000	31.422163
3086.000000	31.422318
3087.000000	31.275083
3088.000000	31.524520
3089.000000	31.440673
3090.000000	31.586395
3091.000000	31.398310
3092.000000	31.371040
3093.000000	31.601531
3094.000000	31.353396
3095.000000	31.370074
3096.000000	31.495565
3097.000000	31.511076
3098.000000	31.362456
3099.000000	31.467680
3100.000000	31.410057
3101.000000	31.328202
3102.000000	31.563960
3103.000000	31.378562
3104.000000	31.493860
3105.000000	31.536270
3106.000000	31.451545
3107.000000	31.493269
3108.000000	31.642133
3109.000000	31.702775
3110.000000	31.540519
3111.000000	31.446203
3112.000000	31.457562
3113.000000	31.399424
3114.000000	31.518303
3115.000000	31.537516
3116.000000	31.643363
3117.000000	31.365091
3118.000000	31.353979
3119.000000	31.392677
3120.000000	31.292755
3121.000000	31.391068
3122.000000	31.275307
3123.000000	31.259176
3124.000000	31.487723
3125.000000	31.390333
3126.000000	31.519373
3127.000000	31.457223
3128.000000	31.530796
3129.000000	31.519585
3130.000000	31.550189
3131.000000	31.472730
3132.000000	31.521485
3133.000000	31.485535
3134.000000	31.589481
3135.000000	31.526492
3136.000000	31.210677
3137.000000	31.439132
3138.000000	31.448551
3139.000000	31.521162
3140.000000	31.459027
3141.000000	31.546612
3142.000000	31.457518
3143.000000	31.439894
3144.000000	31.332578
3145.000000	31.404028
3146.000000	31.632096
3147.000000	31.469700
3148.000000	31.650893
3149.000000	31.581440
3150.000000	31.453506
3151.000000	31.398027
3152.000000	31.596724
3153.000000	31.488031
3154.000000	31.515684
3155.000000	31.576445
3156.000000	31.514554
3157.000000	31.529179
3158.000000	31.662253
3159.000000	31.510066
3160.000000	31.513157
3161.000000	31.592061
3162.000000	31.407681
3163.000000	31.485942
3164.000000	31.576397
3165.000000	31.514981
3166.000000	31.688792
3167.000000	31.491380
3168.000000	31.583201
3169.000000	31.515888
3170.000000	31.533520
3171.000000	31.658084
3172.000000	31.642768
3173.000000	31.699764
3174.000000	31.650342
3175.000000	31.636144
3176.000000	31.540662
3177.000000	31.472036
3178.000000	31.676071
3179.000000	31.410975
3180.000000	31.414744
3181.000000	31.578026
3182.000000	31.432568
3183.000000	31.640412
3184.000000	31.510486
3185.000000	31.611262
3186.000000	31.392804
3187.000000	31.573439
3188.000000	31.613274
3189.000000	31.544052
3190.000000	31.446003
3191.000000	31.463747
3192.000000	31.551846
3193.000000	31.607984
3194.000000	31.598177
3195.000000	31.482413
3196.000000	31.588922
3197.000000	31.581540
3198.000000	31.622421
3199.000000	31.529794
3200.000000	31.388592
3201.000000	31.468374
3202.000000	31.604909
3203.000000	31.573083
3204.000000	31.593354
3205.000000	31.585944
3206.000000	31.473002
3207.000000	31.496439
3208.000000	31.640676
3209.000000	31.705717
3210.000000	31.678511
3211.000000	31.593442
3212.000000	31.676423
3213.000000	31.697037
3214.000000	31.757411
3215.000000	31.633453
3216.000000	31.702140
3217.000000	31.699676
3218.000000	31.775079
3219.000000	31.533372
3220.000000	31.727162
3221.000000	31.599184
3222.000000	31.826257
3223.000000	31.789049
3224.000000	31.775338
3225.000000	31.876450
3226.000000	31.735890
3227.000000	31.876174
3228.000000	31.842392
3229.000000	31.930814
3230.000000	31.842987
3231.000000	31.995696
3232.000000	31.710972
3233.000000	31.603200
3234.000000	31.849223
3235.000000	31.947129
3236.000000	31.851216
3237.000000	31.618313
3238.000000	31.670573
3239.000000	31.564543
3240.000000	31.645535
3241.000000	31.714629
3242.000000	31.744123
3243.000000	32.001996
3244.000000	31.810099
3245.000000	31.860850
3246.000000	31.933326
3247.000000	31.938309
3248.000000	31.980084
3249.000000	31.860219
3250.000000	31.911573
3251.000000	31.899440
3252.000000	31.869890
3253.000000	31.752855
3254.000000	31.901803
3255.000000	31.942697
3256.000000	31.861992
3257.000000	31.897411
3258.000000	31.862555
3259.000000	31.931373
3260.000000	31.888144
3261.000000	31.995788
3262.000000	31.903085
3263.000000	31.861046
3264.000000	31.795972
3265.000000	31.991188
3266.000000	31.886016
3267.000000	31.873882
3268.000000	32.069693
3269.000000	31.870524
3270.000000	31.824556
3271.000000	32.106174
3272.000000	31.962724
3273.000000	31.977908
3274.000000	32.047729
3275.000000	31.410648
3276.000000	30.543850
3277.000000	30.179810
3278.000000	30.661595
3279.000000	31.064056
3280.000000	31.278757
3281.000000	31.533084
3282.000000	31.752664
3283.000000	31.830537
3284.000000	31.889725
3285.000000	31.803507
3286.000000	31.935294
3287.000000	31.970889
3288.000000	31.936787
3289.000000	31.987583
3290.000000	32.039747
3291.000000	32.018371
3292.000000	32.069473
3293.000000	32.119458
3294.000000	32.081200
3295.000000	31.999357
3296.000000	31.752340
3297.000000	31.771789
3298.000000	31.566767
3299.000000	31.716633
3300.000000	31.610084
3301.000000	31.773218
3302.000000	31.842480
3303.000000	31.847986
3304.000000	31.569135
3305.000000	31.663790
3306.000000	31.664876
3307.000000	31.771186
3308.000000	31.679601
3309.000000	31.749733
3310.000000	31.870564
3311.000000	31.824824
3312.000000	31.784781
3313.000000	31.891742
3314.000000	31.678595
3315.000000	31.706691
3316.000000	31.811085
3317.000000	31.878434
3318.000000	31.740194
3319.000000	31.764606
3320.000000	31.708400
3321.000000	31.756261
3322.000000	31.747589
3323.000000	32.173352
3324.000000	31.958775
3325.000000	32.057272
3326.000000	32.174513
3327.000000	32.142492
3328.000000	32.026715
3329.000000	32.133508
3330.000000	32.054301
3331.000000	32.240150
3332.000000	32.046407
3333.000000	32.213474
3334.000000	32.291883
3335.000000	32.258205
3336.000000	32.219196
3337.000000	32.207609
3338.000000	32.254711
3339.000000	32.110235
3340.000000	32.201660
3341.000000	32.096827
3342.000000	32.300116
3343.000000	32.367042
3344.000000	32.242453
3345.000000	32.380509
3346.000000	32.389769
3347.000000	32.247357
3348.000000	32.418352
3349.000000	32.534720
3350.000000	32.529454
3351.000000	32.456966
3352.000000	32.512505
3353.000000	32.455213
3354.000000	32.446513
3355.000000	32.341668
3356.000000	32.481493
3357.000000	32.402988
3358.000000	32.340518
3359.000000	32.412315
3360.000000	32.519919
3361.000000	32.418316
3362.000000	32.483985
3363.000000	32.304149
3364.000000	32.274487
3365.000000	32.460284
3366.000000	32.363940
3367.000000	32.356901
3368.000000	32.253421
3369.000000	32.419111
3370.000000	32.465578
3371.000000	32.447020
3372.000000	32.181760
3373.000000	32.354860
3374.000000	32.411521
3375.000000	32.391781
3376.000000	32.411613
3377.000000	32.746266
3378.000000	32.656649
3379.000000	32.628533
3380.000000	32.628078
3381.000000	32.563440
3382.000000	32.610506
3383.000000	32.450813
3384.000000	32.648081
3385.000000	32.588031
3386.000000	32.626792
3387.000000	32.719423
3388.000000	32.644895
3389.000000	32.597410
3390.000000	32.783470
3391.000000	32.790158
3392.000000	32.677068
3393.000000	32.792729
3394.000000	32.687186
3395.000000	32.703867
3396.000000	32.688344
3397.000000	32.657719
3398.000000	32.817013
3399.000000	32.576703
3400.000000	32.634422
3401.000000	32.567313
3402.000000	32.712184
3403.000000	32.666655
3404.000000	32.570351
3405.000000	32.734236
3406.000000	32.790980
3407.000000	32.533830
3408.000000	32.747140
3409.000000	32.680737
3410.000000	32.805845
3411.000000	32.528927
3412.000000	32.732499
3413.000000	32.827538
3414.000000	32.601897
3415.000000	32.718584
3416.000000	32.644540
3417.000000	32.677903
3418.000000	32.595781
3419.000000	32.720633
3420.000000	32.690432
3421.000000	32.812617
3422.000000	32.685776
3423.000000	32.729181
3424.000000	32.685309
3425.000000	32.629152
3426.000000	32.822607
3427.000000	32.752714
3428.000000	32.771300
3429.000000	32.775281
3430.000000	32.725775
3431.000000	32.669274
3432.000000	32.710379
3433.000000	32.872016
3434.000000	32.781458
3435.000000	32.746521
3436.000000	32.750654
3437.000000	32.834720
3438.000000	32.639605
3439.000000	32.809882
3440.000000	32.790701
3441.000000	32.738732
3442.000000	32.820674
3443.000000	32.769539
3444.000000	32.863428
3445.000000	32.747623
3446.000000	32.921678
3447.000000	32.756519
3448.000000	32.727712
3449.000000	32.656094
3450.000000	32.630262
3451.000000	32.787614
3452.000000	32.833227
3453.000000	32.736987
3454.000000	32.742788
3455.000000	32.699423
3456.000000	32.780571
3457.000000	32.671466
3458.000000	32.811579
3459.000000	32.812106
3460.000000	32.645039
3461.000000	32.899354
3462.000000	32.822071
3463.000000	32.696121
3464.000000	32.714919
3465.000000	32.783833
3466.000000	32.848863
3467.000000	32.810425
3468.000000	32.751317
3469.000000	32.793695
3470.000000	32.758500
3471.000000	32.933316
3472.000000	32.911245
3473.000000	32.871753
3474.000000	32.710942
3475.000000	32.890666
3476.000000	32.843991
3477.000000	32.738340
3478.000000	32.813571
3479.000000	32.751704
3480.000000	32.839847
3481.000000	32.727312
3482.000000	32.739466
3483.000000	32.633711
3484.000000	32.515188
3485.000000	32.668041
3486.000000	32.512716
3487.000000	32.696405
3488.000000	32.711378
3489.000000	32.660399
3490.000000	32.723140
3491.000000	32.612989
3492.000000	32.671546
3493.000000	32.710994
3494.000000	32.802240
3495.000000	32.539855
3496.000000	32.649199
3497.000000	32.750754
3498.000000	32.769020
3499.000000	32.701124
3500.000000	32.444065
3501.000000	32.029358
3502.000000	32.469487
3503.000000	32.702957
3504.000000	32.814681
3505.000000	32.899227
3506.000000	32.721751
3507.000000	32.403703
3508.000000	32.304360
3509.000000	32.318399
3510.000000	32.473719
3511.000000	32.310433
3512.000000	32.363445
3513.000000	32.407704
3514.000000	32.245133
3515.000000	32.572763
3516.000000	32.412699
3517.000000	32.320731
3518.000000	31.998191
3519.000000	32.212213
3520.000000	32.526363
3521.000000	32.587911
3522.000000	32.659376
3523.000000	32.549529
3524.000000	32.634135
3525.000000	32.786720
3526.000000	32.806001
3527.000000	32.643198
3528.000000	32.675627
3529.000000	32.674433
3530.000000	32.796981
3531.000000	32.649926
3532.000000	32.838370
3533.000000	32.573118
3534.000000	32.760109
3535.000000	32.556233
3536.000000	32.506887
3537.000000	32.600173
3538.000000	32.508089
3539.000000	32.421107
3540.000000	32.418995
3541.000000	32.506911
3542.000000	32.545337
3543.000000	32.456906
3544.000000	32.654761
3545.000000	32.496055
3546.000000	32.529853
3547.000000	32.469535
3548.000000	32.606725
3549.000000	32.775193
3550.000000	32.821896
3551.000000	32.680143
3552.000000	32.570886
3553.000000	32.835208
3554.000000	32.753125
3555.000000	32.735110
3556.000000	32.677867
3557.000000	32.596930
3558.000000	32.540893
3559.000000	32.649447
3560.000000	32.513487
3561.000000	32.607184
3562.000000	32.715462
3563.000000	32.696317
3564.000000	32.861072
3565.000000	32.742425
3566.000000	32.858014
3567.000000	32.496330
3568.000000	32.611180
3569.000000	32.571393
3570.000000	32.699707
3571.000000	32.780048
3572.000000	32.753736
3573.000000	32.836769
3574.000000	32.881922
3575.000000	32.778874
3576.000000	32.609288
3577.000000	32.607415
3578.000000	32.743950
3579.000000	32.632346
3580.000000	32.389908
3581.000000	32.607172
3582.000000	32.504459
3583.000000	32.230368
3584.000000	32.384339
3585.000000	32.445734
3586.000000	32.575893
3587.000000	32.225832
3588.000000	32.400689
3589.000000	32.459865
3590.000000	32.633807
3591.000000	32.703324
3592.000000	32.490744
3593.000000	32.984523
3594.000000	32.679009
3595.000000	32.695934
3596.000000	32.530779
3597.000000	32.460639
3598.000000	32.530348
3599.000000	32.625307
3600.000000	32.713530
3601.000000	32.573956
3602.000000	32.646440
3603.000000	32.514253
3604.000000	32.716780
3605.000000	32.735873
3606.000000	32.614371
